0.02,1356
0.02,1468
0.02,1253
0.02,1142
0.02,1000
0.02,1206
0.02,704
0.02,1001
0.02,1041
0.02,1288
0.02,316
0.02,1211
0.02,1222
0.02,1497
0.02,792
0.02,460
0.02,1341
0.02,147
0.02,983
0.02,1453
0.02,1138
0.02,841
0.02,953
0.02,1145
0.02,1219
0.02,1142
0.02,404
0.02,1237
0.02,1261
0.02,1428
0.02,1478
0.02,1320
0.02,1031
0.02,570
0.02,894
0.02,336
0.02,1192
0.02,532
0.02,407
0.02,708
0.02,1128
0.02,1005
0.02,1383
0.02,417
0.02,1479
0.02,513
0.02,1316
0.02,965
0.02,1316
0.02,1046
0.02,1032
0.02,1062
0.02,1293
0.02,1279
0.02,1359
0.02,277
0.02,504
0.02,1112
0.02,1302
0.02,750
0.02,1050
0.02,653
0.02,671
0.02,1055
0.02,439
0.02,741
0.02,1478
0.02,1440
0.02,83
0.02,690
0.02,1223
0.02,1482
0.02,657
0.02,384
0.02,673
0.02,975
0.02,1165
0.02,49
0.02,982
0.02,602
0.02,1111
0.02,1172
0.02,1499
0.02,1522
0.02,206
0.02,1210
0.02,1324
0.02,803
0.02,1332
0.02,1486
0.02,852
0.02,696
0.02,1426
0.02,1256
0.02,239
0.02,1108
0.02,1222
0.02,1125
0.02,4
0.02,1056
0.02,697
0.02,1207
0.02,35
0.02,289
0.02,1325
0.02,490
0.02,473
0.02,854
0.02,1173
0.02,1409
0.02,662
0.02,1388
0.02,1106
0.02,1269
0.02,1096
0.02,1149
0.02,1098
0.02,1273
0.02,918
0.02,1122
0.02,1251
0.02,1181
0.02,1154
0.02,1267
0.02,1008
0.02,967
0.02,1390
0.02,1102
0.02,407
0.02,1155
0.02,953
0.02,859
0.02,1404
0.02,505
0.02,726
0.02,1124
0.02,1135
0.02,1458
0.02,1396
0.02,248
0.02,1380
0.02,826
0.02,1019
0.02,954
0.02,846
0.02,1331
0.02,1430
0.02,1415
0.02,548
0.02,963
0.02,293
0.02,264
0.02,1431
0.02,791
0.02,1312
0.02,1317
0.02,1089
0.02,1091
0.02,1476
0.02,1274
0.02,1250
0.02,1187
0.02,848
0.02,552
0.02,1393
0.02,697
0.02,667
0.02,859
0.02,1279
0.02,1262
0.02,1185
0.02,1024
0.02,897
0.02,1306
0.02,1135
0.02,794
0.02,1145
0.02,1019
0.02,323
0.02,451
0.02,778
0.02,793
0.02,1245
0.02,1331
0.02,905
0.02,1417
0.02,1347
0.02,1130
0.02,1377
0.02,471
0.02,194
0.02,1042
0.02,1174
0.02,1331
0.02,1190
0.02,1451
0.02,911
0.02,1380
0.02,1291
0.02,1237
0.02,1298
0.02,1083
0.02,346
0.02,1234
0.02,1243
0.02,1390
0.02,1217
0.02,819
0.02,670
0.02,1063
0.02,868
0.02,991
0.02,658
0.02,1068
0.02,1068
0.02,1453
0.02,623
0.02,979
0.02,409
0.02,519
0.02,1307
0.02,1341
0.02,272
0.02,1209
0.02,989
0.02,233
0.02,431
0.02,990
0.02,1473
0.02,1425
0.02,645
0.02,269
0.02,1109
0.02,1199
0.02,269
0.02,771
0.02,1343
0.02,969
0.02,1105
0.02,356
0.02,1412
0.02,1257
0.02,1396
0.02,1251
0.02,331
0.02,488
0.02,1286
0.02,1188
0.02,1371
0.02,1429
0.02,1403
0.02,17
0.02,514
0.02,929
0.02,1056
0.02,1379
0.02,1449
0.02,468
0.02,723
0.02,1374
0.02,923
0.02,522
0.02,1364
0.02,1128
0.02,1335
0.02,825
0.02,1156
0.02,1029
0.02,944
0.02,361
0.02,663
0.02,1332
0.02,917
0.02,1320
0.02,1170
0.02,762
0.02,794
0.02,331
0.02,1314
0.02,1408
0.02,513
0.02,1299
0.02,1447
0.02,1276
0.02,905
0.02,1109
0.02,1114
0.02,1306
0.02,939
0.02,1284
0.02,1398
0.02,942
0.02,690
0.02,398
0.02,1503
0.02,578
0.02,1400
0.02,1502
0.02,1342
0.02,408
0.02,1297
0.02,1248
0.02,1424
0.02,952
0.02,240
0.02,1087
0.02,1346
0.02,1003
0.02,414
0.02,1041
0.02,1094
0.02,1374
0.02,1351
0.02,1176
0.02,1427
0.02,1183
0.02,1402
0.02,345
0.02,1288
0.02,34
0.02,973
0.02,1428
0.02,1155
0.02,610
0.02,1298
0.02,1354
0.02,1407
0.02,137
0.02,1306
0.02,781
0.02,258
0.02,1219
0.02,607
0.02,150
0.02,1458
0.02,1455
0.02,1419
0.02,1354
0.02,797
0.02,1282
0.02,840
0.02,1392
0.02,1285
0.02,731
0.02,1221
0.02,1324
0.02,1050
0.02,1013
0.02,827
0.02,1463
0.02,1386
0.02,1141
0.02,1265
0.02,977
0.02,681
0.02,245
0.02,977
0.02,1421
0.02,684
0.02,1235
0.02,213
0.02,1262
0.02,1041
0.02,1484
0.02,1342
0.02,717
0.02,1249
0.02,1409
0.02,1287
0.02,1331
0.02,901
0.02,511
0.02,1381
0.02,765
0.02,1367
0.02,1404
0.02,508
0.02,64
0.02,999
0.02,435
0.02,1208
0.02,1388
0.02,1214
0.02,1324
0.02,348
0.02,1362
0.02,387
0.02,620
0.02,1043
0.02,1391
0.02,1033
0.02,789
0.02,1117
0.02,1090
0.02,879
0.02,680
0.02,708
0.02,854
0.02,1434
0.02,876
0.02,886
0.02,1098
0.02,1185
0.02,1114
0.02,1245
0.02,1049
0.02,1247
0.02,1293
0.02,609
0.02,1356
0.02,1183
0.02,992
0.02,1246
0.02,1280
0.02,762
0.02,968
0.02,767
0.02,1337
0.02,1168
0.02,1178
0.02,1293
0.02,1084
0.02,1174
0.02,667
0.02,843
0.02,1019
0.02,1177
0.02,1457
0.02,1402
0.02,1312
0.02,1324
0.02,1378
0.02,264
0.02,1337
0.02,719
0.02,1289
0.02,1033
0.02,1453
0.02,931
0.02,1443
0.02,762
0.02,90
0.02,816
0.02,714
0.02,1098
0.02,830
0.02,1440
0.02,88
0.02,574
0.02,1151
0.02,958
0.02,1287
0.02,1392
0.02,479
0.02,877
0.02,1251
0.02,695
0.02,1269
0.02,656
0.02,1202
0.02,1498
0.02,302
0.02,1303
0.02,1203
0.02,775
0.02,673
0.02,104
0.02,225
0.02,548
0.02,805
0.02,1079
0.02,922
0.02,699
0.02,1145
0.02,927
0.02,525
0.02,686
0.02,1091
0.02,1330
0.02,1456
0.02,1490
0.02,1267
0.02,1208
0.02,1255
0.02,1401
0.02,1277
0.02,1107
0.02,1477
0.02,1256
0.02,937
0.02,1217
0.02,637
0.02,1303
0.02,587
0.02,1271
0.02,1322
0.02,947
0.02,444
0.02,1160
0.02,1147
0.02,1466
0.02,1365
0.02,23
0.02,620
0.02,675
0.02,17
0.02,876
0.02,1223
0.02,389
0.02,1106
0.02,712
0.02,1035
0.02,1447
0.02,426
0.02,1105
0.02,1257
0.02,1499
0.02,994
0.02,1073
0.02,957
0.02,961
0.02,1298
0.02,1464
0.02,579
0.02,615
0.02,582
0.02,920
0.02,696
0.02,1465
0.02,507
0.02,1394
0.02,1116
0.02,1524
0.02,1342
0.02,787
0.02,460
0.02,294
0.02,426
0.02,457
0.02,1298
0.02,1375
0.02,1059
0.02,1294
0.02,964
0.02,443
0.02,1308
0.02,1311
0.02,866
0.02,618
0.02,506
0.02,1319
0.02,1187
0.02,1262
0.02,1020
0.02,1370
0.02,479
0.02,1343
0.02,1309
0.02,289
0.02,848
0.02,1084
0.02,1275
0.02,536
0.02,799
0.02,1330
0.02,683
0.02,1258
0.02,1455
0.02,1407
0.02,50
0.02,1394
0.02,303
0.02,668
0.02,64
0.02,1218
0.02,1020
0.02,535
0.02,1374
0.02,485
0.02,58
0.02,784
0.02,675
0.02,775
0.02,1262
0.02,1177
0.02,248
0.02,1386
0.02,1213
0.02,1123
0.02,738
0.02,1006
0.02,1180
0.02,1266
0.02,271
0.02,1186
0.02,918
0.02,1253
0.02,1145
0.02,577
0.02,1057
0.02,899
0.02,715
0.02,781
0.02,1390
0.02,1161
0.02,1160
0.02,1384
0.02,1344
0.02,1486
0.02,637
0.02,1089
0.02,835
0.02,1320
0.02,1178
0.02,930
0.02,884
0.02,1049
0.02,1240
0.02,1204
0.02,1106
0.02,1441
0.02,1206
0.02,1161
0.02,1032
0.02,1102
0.02,1340
0.02,1217
0.02,1500
0.02,864
0.02,1410
0.02,1475
0.02,941
0.02,1438
0.02,1441
0.02,1280
0.02,1281
0.02,378
0.02,867
0.02,951
0.02,1224
0.02,684
0.02,1492
0.02,1130
0.02,548
0.02,494
0.02,1406
0.02,926
0.02,1448
0.02,934
0.02,1310
0.02,853
0.02,389
0.02,76
0.02,1482
0.02,1071
0.02,876
0.02,1404
0.02,1423
0.02,964
0.02,1045
0.02,1035
0.02,962
0.02,685
0.02,331
0.02,53
0.02,1283
0.02,1104
0.02,177
0.02,849
0.02,1103
0.02,1247
0.02,1251
0.02,1290
0.02,833
0.02,813
0.02,322
0.02,831
0.02,1500
0.02,883
0.02,1055
0.02,1384
0.02,1491
0.02,460
0.02,1342
0.02,1287
0.02,937
0.02,1326
0.02,213
0.02,1361
0.02,1154
0.02,789
0.02,677
0.02,1258
0.02,1062
0.02,1113
0.02,1258
0.02,214
0.02,1157
0.02,200
0.02,845
0.02,1140
0.02,1352
0.02,1281
0.02,1401
0.02,1370
0.02,1160
0.02,1340
0.02,1332
0.02,1416
0.02,1275
0.02,396
0.02,1283
0.02,186
0.02,994
0.02,880
0.02,1259
0.02,967
0.02,1185
0.02,148
0.02,1216
0.02,316
0.02,1155
0.02,1099
0.02,1046
0.02,1090
0.02,1387
0.02,852
0.02,894
0.02,1355
0.02,1285
0.02,1081
0.02,424
0.02,1072
0.02,1313
0.02,33
0.02,1313
0.02,1332
0.02,917
0.02,771
0.02,102
0.02,618
0.02,1398
0.02,449
0.02,1146
0.02,145
0.02,1497
0.02,975
0.02,694
0.02,1307
0.02,1155
0.02,843
0.02,1213
0.02,227
0.02,484
0.02,827
0.02,615
0.02,1519
0.02,1111
0.02,1299
0.02,1326
0.02,848
0.02,1376
0.02,1361
0.02,837
0.02,1053
0.02,1016
0.02,573
0.02,939
0.02,715
0.02,1285
0.02,1351
0.02,38
0.02,595
0.02,715
0.02,992
0.02,1381
0.02,883
0.02,1398
0.02,67
0.02,1131
0.02,945
0.02,1180
0.02,73
0.02,561
0.02,1235
0.02,141
0.02,454
0.02,919
0.02,1102
0.02,517
0.02,1103
0.02,1120
0.02,1320
0.02,1147
0.02,700
0.02,1400
0.02,758
0.02,1238
0.02,1243
0.02,1138
0.02,709
0.02,1231
0.02,1370
0.02,984
0.02,1315
0.02,417
0.02,1173
0.02,1361
0.02,876
0.02,1089
0.02,1182
0.02,1083
0.02,1067
0.02,1335
0.02,720
0.02,1190
0.02,1180
0.02,1020
0.02,1410
0.02,1170
0.02,1346
0.02,1153
0.02,1166
0.02,967
0.02,1113
0.02,902
0.02,207
0.02,547
0.02,1330
0.02,1324
0.02,1319
0.02,1008
0.02,635
0.02,1165
0.02,75
0.02,1280
0.02,1146
0.02,1464
0.02,1455
0.02,1133
0.02,42
0.02,1202
0.02,1265
0.02,1472
0.02,468
0.02,914
0.02,1438
0.02,825
0.02,1103
0.02,335
0.02,1163
0.02,1211
0.02,26
0.02,862
0.02,676
0.02,1134
0.02,1145
0.02,1317
0.02,362
0.02,456
0.02,394
0.02,1427
0.02,155
0.02,986
0.02,1376
0.02,1294
0.02,1095
0.02,599
0.02,757
0.02,525
0.02,550
0.02,868
0.02,1467
0.02,1214
0.02,297
0.02,846
0.02,1226
0.02,1365
0.02,1522
0.02,1356
0.02,1220
0.02,881
0.02,986
0.02,1118
0.02,940
0.02,1044
0.02,1472
0.02,365
0.02,634
0.02,1510
0.02,1073
0.02,1216
0.02,1455
0.02,544
0.02,1043
0.02,1190
0.02,1291
0.02,891
0.02,1373
0.02,1505
0.02,1344
0.02,1139
0.02,1114
0.02,1357
0.02,625
0.02,484
0.02,1286
0.02,1354
0.02,1086
0.02,1276
0.02,920
0.02,802
0.02,466
0.02,620
0.02,583
0.02,1361
0.02,1225
0.02,1106
0.02,984
0.02,493
0.02,81
0.02,1370
0.02,1126
0.02,1164
0.02,410
0.02,48
0.02,1070
0.02,1157
0.02,1233
0.02,1027
0.02,542
0.02,1167
0.02,1396
0.02,1171
0.02,1396
0.02,1312
0.02,624
0.02,1408
0.02,508
0.02,99
0.02,932
0.02,870
0.02,1365
0.02,268
0.02,1388
0.02,938
0.02,142
0.02,1058
0.02,883
0.02,1336
0.02,1323
0.02,798
0.02,1344
0.02,756
0.02,1265
0.02,1126
0.02,1084
0.02,1153
0.02,1398
0.02,1441
0.02,1161
0.02,283
0.02,1220
0.02,1092
0.02,932
0.02,1189
0.02,866
0.02,459
0.02,979
0.02,1088
0.02,1226
0.02,1265
0.02,1305
0.02,1000
0.02,1145
0.02,375
0.02,387
0.02,835
0.02,1274
0.02,1166
0.02,1430
0.02,1273
0.02,710
0.02,1307
0.02,922
0.02,1491
0.02,778
0.02,1367
0.02,1415
0.02,1348
0.02,873
0.02,1102
0.02,1031
0.02,711
0.02,775
0.02,1322
0.02,765
0.02,820
0.02,819
0.02,988
