0.02,5
0.02,1532
0.02,1439
0.02,1382
0.02,1133
0.02,1516
0.02,599
0.02,1443
0.02,1567
0.02,1549
0.02,1381
0.02,1483
0.02,1476
0.02,1506
0.02,1411
0.02,1196
0.02,1464
0.02,1500
0.02,607
0.02,1148
0.02,1061
0.02,1484
0.02,1517
0.02,1500
0.02,784
0.02,1352
0.02,1501
0.02,1535
0.02,1575
0.02,1516
0.02,1500
0.02,1460
0.02,1513
0.02,1379
0.02,1194
0.02,1143
0.02,1440
0.02,1534
0.02,1530
0.02,1572
0.02,1518
0.02,1083
0.02,1531
0.02,1531
0.02,1471
0.02,1405
0.02,955
0.02,1334
0.02,1319
0.02,1512
0.02,1470
0.02,1335
0.02,1119
0.02,934
0.02,1477
0.02,1440
0.02,1453
0.02,1204
0.02,966
0.02,1486
0.02,1004
0.02,968
0.02,1229
0.02,961
0.02,1556
0.02,1285
0.02,1379
0.02,1294
0.02,1433
0.02,1363
0.02,1179
0.02,1454
0.02,244
0.02,1566
0.02,654
0.02,1499
0.02,1210
0.02,1537
0.02,1288
0.02,1334
0.02,1465
0.02,1443
0.02,1540
0.02,1475
0.02,235
0.02,1536
0.02,1549
0.02,1039
0.02,39
0.02,1407
0.02,1499
0.02,1205
0.02,1312
0.02,1233
0.02,1498
0.02,1199
0.02,1403
0.02,1451
0.02,1431
0.02,1519
0.02,825
0.02,1468
0.02,1208
0.02,625
0.02,1516
0.02,1447
0.02,1193
0.02,1476
0.02,1547
0.02,1509
0.02,1430
0.02,1392
0.02,1553
0.02,1396
0.02,1512
0.02,1348
0.02,1457
0.02,1400
0.02,1500
0.02,1163
0.02,1187
0.02,1447
0.02,1431
0.02,1530
0.02,1447
0.02,1582
0.02,933
0.02,1498
0.02,1539
0.02,1540
0.02,1326
0.02,1407
0.02,998
0.02,1477
0.02,1581
0.02,1258
0.02,1426
0.02,53
0.02,1485
0.02,1505
0.02,1522
0.02,1506
0.02,1483
0.02,1494
0.02,950
0.02,1521
0.02,1153
0.02,827
0.02,1539
0.02,1516
0.02,1439
0.02,1585
0.02,320
0.02,1254
0.02,1421
0.02,1531
0.02,1473
0.02,1447
0.02,1534
0.02,1474
0.02,1284
0.02,1558
0.02,1529
0.02,1441
0.02,1517
0.02,1399
0.02,1520
0.02,923
0.02,1360
0.02,1457
0.02,1502
0.02,1533
0.02,886
0.02,1428
0.02,1475
0.02,1308
0.02,1224
0.02,1384
0.02,1460
0.02,1253
0.02,1136
0.02,1317
0.02,1251
0.02,709
0.02,1115
0.02,1430
0.02,1566
0.02,1275
0.02,1460
0.02,1546
0.02,1505
0.02,1472
0.02,1126
0.02,1441
0.02,1513
0.02,1187
0.02,1423
0.02,1500
0.02,1537
0.02,1241
0.02,1473
0.02,1356
0.02,300
0.02,1356
0.02,1493
0.02,674
0.02,826
0.02,1450
0.02,313
0.02,1498
0.02,1460
0.02,1430
0.02,1343
0.02,1558
0.02,1500
0.02,1379
0.02,1379
0.02,1537
0.02,1284
0.02,1509
0.02,808
0.02,1528
0.02,1433
0.02,1572
0.02,1543
0.02,1429
0.02,1443
0.02,1261
0.02,1523
0.02,1523
0.02,1464
0.02,1603
0.02,1350
0.02,1483
0.02,502
0.02,1488
0.02,1541
0.02,1468
0.02,1258
0.02,1535
0.02,1073
0.02,1566
0.02,1542
0.02,1281
0.02,1475
0.02,1547
0.02,1325
0.02,1245
0.02,1516
0.02,1396
0.02,1528
0.02,1456
0.02,1480
0.02,1377
0.02,1080
0.02,1541
0.02,1496
0.02,1279
0.02,1511
0.02,1420
0.02,664
0.02,795
0.02,1498
0.02,1558
0.02,1486
0.02,1423
0.02,1465
0.02,1420
0.02,1170
0.02,1411
0.02,1193
0.02,527
0.02,1258
0.02,1570
0.02,1411
0.02,617
0.02,1039
0.02,1547
0.02,1363
0.02,1378
0.02,1577
0.02,1341
0.02,1545
0.02,1091
0.02,1222
0.02,1513
0.02,1412
0.02,1397
0.02,1447
0.02,1435
0.02,1034
0.02,1360
0.02,1475
0.02,1487
0.02,1504
0.02,1575
0.02,1505
0.02,1420
0.02,1521
0.02,1574
0.02,1457
0.02,646
0.02,1520
0.02,1500
0.02,1464
0.02,1391
0.02,1326
0.02,1187
0.02,1530
0.02,1054
0.02,1505
0.02,1400
0.02,1534
0.02,1229
0.02,1403
0.02,1123
0.02,1556
0.02,1266
0.02,1524
0.02,1416
0.02,1454
0.02,1490
0.02,1352
0.02,1545
0.02,1326
0.02,1455
0.02,1104
0.02,777
0.02,1381
0.02,1567
0.02,372
0.02,1209
0.02,1440
0.02,967
0.02,1151
0.02,1485
0.02,1307
0.02,1546
0.02,906
0.02,1517
0.02,1480
0.02,1486
0.02,1509
0.02,1456
0.02,1482
0.02,1404
0.02,1186
0.02,1535
0.02,1292
0.02,1439
0.02,1507
0.02,1403
0.02,1412
0.02,1317
0.02,1541
0.02,1545
0.02,1510
0.02,1479
0.02,1241
0.02,1520
0.02,1339
0.02,1448
0.02,1389
0.02,1305
0.02,1467
0.02,1503
0.02,1496
0.02,424
0.02,1308
0.02,1370
0.02,61
0.02,1501
0.02,202
0.02,1200
0.02,1233
0.02,729
0.02,1374
0.02,1313
0.02,721
0.02,1006
0.02,1509
0.02,1511
0.02,1516
0.02,1434
0.02,1409
0.02,1561
0.02,1505
0.02,1530
0.02,1510
0.02,1580
0.02,1576
0.02,1493
0.02,1322
0.02,1454
0.02,1527
0.02,1487
0.02,1417
0.02,1472
0.02,1492
0.02,1502
0.02,1556
0.02,634
0.02,1522
0.02,1407
0.02,561
0.02,1299
0.02,1508
0.02,1310
0.02,1486
0.02,1070
0.02,1441
0.02,1206
0.02,1559
0.02,1520
0.02,1405
0.02,1161
0.02,1400
0.02,1545
0.02,1491
0.02,1559
0.02,1339
0.02,1232
0.02,1422
0.02,1521
0.02,1438
0.02,1525
0.02,1506
0.02,1289
0.02,1461
0.02,1430
0.02,1517
0.02,1554
0.02,1211
0.02,1244
0.02,1566
0.02,1389
0.02,1404
0.02,1329
0.02,857
0.02,1345
0.02,1526
0.02,1545
0.02,1548
0.02,1452
0.02,1482
0.02,959
0.02,1551
0.02,1408
0.02,1446
0.02,1056
0.02,1324
0.02,1380
0.02,1118
0.02,1473
0.02,1145
0.02,1594
0.02,1534
0.02,932
0.02,657
0.02,1489
0.02,1326
0.02,1526
0.02,1440
0.02,1192
0.02,1410
0.02,1122
0.02,1239
0.02,1285
0.02,1508
0.02,1459
0.02,1278
0.02,934
0.02,1240
0.02,1252
0.02,1490
0.02,1323
0.02,779
0.02,989
0.02,1581
0.02,1203
0.02,1300
0.02,1382
0.02,1456
0.02,1514
0.02,1370
0.02,1486
0.02,1560
0.02,518
0.02,931
0.02,1173
0.02,313
0.02,1523
0.02,1217
0.02,1467
0.02,1427
0.02,1015
0.02,1468
0.02,1537
0.02,1526
0.02,1531
0.02,1412
0.02,1331
0.02,1444
0.02,1427
0.02,1509
0.02,1276
0.02,1516
0.02,1367
0.02,1111
0.02,1517
0.02,318
0.02,1496
0.02,1559
0.02,1455
0.02,1530
0.02,1363
0.02,1504
0.02,1347
0.02,1558
0.02,1531
0.02,891
0.02,1491
0.02,1492
0.02,1557
0.02,1443
0.02,1339
0.02,1006
0.02,1138
0.02,1487
0.02,1374
0.02,1375
0.02,1495
0.02,945
0.02,1529
0.02,1410
0.02,1373
0.02,1494
0.02,1314
0.02,1195
0.02,1547
0.02,1373
0.02,1305
0.02,1269
0.02,1104
0.02,1557
0.02,710
0.02,1534
0.02,1114
0.02,1109
0.02,191
0.02,1482
0.02,1499
0.02,1524
0.02,1111
0.02,1306
0.02,1428
0.02,1525
0.02,1533
0.02,475
0.02,683
0.02,1213
0.02,1353
0.02,1499
0.02,1007
0.02,1429
0.02,1455
0.02,1505
0.02,1374
0.02,1419
0.02,1401
0.02,1284
0.02,1282
0.02,1323
0.02,1527
0.02,1562
0.02,1231
0.02,1358
0.02,1432
0.02,1394
0.02,1426
0.02,1327
0.02,849
0.02,1400
0.02,1533
0.02,1469
0.02,1489
0.02,1519
0.02,989
0.02,1514
0.02,675
0.02,1467
0.02,1464
0.02,982
0.02,1072
0.02,1529
0.02,1492
0.02,1208
0.02,1408
0.02,1295
0.02,1463
0.02,1419
0.02,1361
0.02,1158
0.02,1363
0.02,1535
0.02,1324
0.02,1400
0.02,1381
0.02,1519
0.02,1137
0.02,1517
0.02,266
0.02,996
0.02,1277
0.02,1486
0.02,1590
0.02,1520
0.02,1522
0.02,1503
0.02,1221
0.02,952
0.02,1079
0.02,1421
0.02,1314
0.02,1480
0.02,1253
0.02,1472
0.02,1505
0.02,1481
0.02,1557
0.02,1430
0.02,1280
0.02,1510
0.02,1517
0.02,1059
0.02,1243
0.02,1149
0.02,1500
0.02,1312
0.02,1418
0.02,93
0.02,1325
0.02,1446
0.02,222
0.02,1382
0.02,1573
0.02,1492
0.02,1479
0.02,1492
0.02,1483
0.02,1357
0.02,969
0.02,1435
0.02,563
0.02,830
0.02,1547
0.02,1134
0.02,1459
0.02,1466
0.02,1360
0.02,1482
0.02,1488
0.02,1517
0.02,186
0.02,1340
0.02,1556
0.02,1527
0.02,1437
0.02,1340
0.02,1482
0.02,1431
0.02,1189
0.02,1508
0.02,1319
0.02,1492
0.02,571
0.02,1488
0.02,1165
0.02,1483
0.02,1217
0.02,657
0.02,1364
0.02,899
0.02,1502
0.02,1151
0.02,1494
0.02,1456
0.02,1434
0.02,1542
0.02,1493
0.02,1193
0.02,1442
0.02,833
0.02,1415
0.02,1024
0.02,709
0.02,1391
0.02,1500
0.02,1311
0.02,1509
0.02,1428
0.02,1206
0.02,1500
0.02,1401
0.02,572
0.02,1546
0.02,1242
0.02,1017
0.02,997
0.02,1436
0.02,205
0.02,1315
0.02,1111
0.02,1160
0.02,1067
0.02,1516
0.02,1523
0.02,1426
0.02,1471
0.02,1539
0.02,1450
0.02,1400
0.02,1505
0.02,1367
0.02,1261
0.02,1400
0.02,1073
0.02,1412
0.02,1283
0.02,1510
0.02,1501
0.02,1510
0.02,1313
0.02,1479
0.02,1443
0.02,1141
0.02,1396
0.02,1438
0.02,1563
0.02,1493
0.02,1517
0.02,1148
0.02,1455
0.02,573
0.02,1500
0.02,1179
0.02,1482
0.02,1521
0.02,1459
0.02,1343
0.02,1487
0.02,1483
0.02,876
0.02,1525
0.02,1526
0.02,1367
0.02,1538
0.02,1513
0.02,1445
0.02,1245
0.02,1535
0.02,1507
0.02,1564
0.02,1438
0.02,1477
0.02,1543
0.02,1444
0.02,1495
0.02,1357
0.02,1386
0.02,1442
0.02,882
0.02,1334
0.02,920
0.02,1491
0.02,1489
0.02,1567
0.02,1401
0.02,1007
0.02,610
0.02,1510
0.02,1572
0.02,1499
0.02,1245
0.02,1586
0.02,1348
0.02,1248
0.02,1525
0.02,1400
0.02,1414
0.02,1479
0.02,1526
0.02,1522
0.02,1181
0.02,1533
0.02,1484
0.02,813
0.02,1381
0.02,1366
0.02,1476
0.02,855
0.02,1470
0.02,1522
0.02,1430
0.02,1425
0.02,1536
0.02,1528
0.02,915
0.02,1044
0.02,1496
0.02,1501
0.02,1359
0.02,1562
0.02,1495
0.02,1538
0.02,1477
0.02,1403
0.02,1465
0.02,1577
0.02,1351
0.02,1475
0.02,1253
0.02,1468
0.02,1410
0.02,639
0.02,1531
0.02,1534
0.02,1397
0.02,1077
0.02,734
0.02,1454
0.02,1463
0.02,1379
0.02,1372
0.02,1369
0.02,1067
0.02,1219
0.02,1360
0.02,1476
0.02,1448
0.02,1241
0.02,1214
0.02,1453
0.02,1205
0.02,1482
0.02,1532
0.02,1286
0.02,676
0.02,1467
0.02,1537
0.02,1551
0.02,1224
0.02,1512
0.02,1413
0.02,1495
0.02,1451
0.02,1502
0.02,573
0.02,1541
0.02,1509
0.02,1002
0.02,1469
0.02,1459
0.02,1211
0.02,1141
0.02,1223
0.02,1534
0.02,1482
0.02,280
0.02,1422
0.02,1278
0.02,1502
0.02,1055
0.02,1377
0.02,1137
0.02,1545
0.02,1586
0.02,1551
0.02,1298
0.02,1497
0.02,1478
0.02,1538
0.02,1016
0.02,1469
0.02,1391
0.02,1463
0.02,1513
0.02,1228
0.02,1143
0.02,1497
0.02,1222
0.02,1518
0.02,1536
0.02,340
0.02,1357
0.02,1495
0.02,1519
0.02,1480
0.02,1431
0.02,1010
0.02,1350
0.02,1485
0.02,1381
0.02,1220
0.02,1520
0.02,113
0.02,1496
0.02,1455
0.02,1497
0.02,1427
0.02,1452
0.02,935
0.02,1551
0.02,1501
0.02,1536
0.02,916
0.02,670
0.02,1547
0.02,1404
0.02,1421
0.02,1471
0.02,1442
0.02,1499
0.02,1489
0.02,1525
0.02,1525
0.02,1529
0.02,1465
0.02,1431
0.02,1400
0.02,1505
0.02,1477
0.02,1531
0.02,1457
0.02,1273
0.02,858
0.02,1565
0.02,811
0.02,729
0.02,1247
0.02,1342
0.02,1405
0.02,1499
0.02,1493
0.02,1558
0.02,1429
0.02,1418
0.02,1445
0.02,1589
0.02,1590
0.02,1266
0.02,1476
0.02,1350
0.02,1430
0.02,1386
0.02,1567
0.02,955
0.02,1544
0.02,1469
0.02,999
0.02,1531
0.02,1493
0.02,97
0.02,1134
0.02,1083
0.02,1581
0.02,1420
0.02,1402
0.02,1530
0.02,979
0.02,1247
0.02,1459
0.02,1380
0.02,1512
0.02,680
0.02,1408
0.02,1511
0.02,1429
0.02,1550
0.02,1355
0.02,1339
0.02,1525
0.02,1537
0.02,1398
0.02,1415
0.02,1531
0.02,1451
0.02,1449
0.02,1422
0.02,1502
0.02,1463
0.02,1480
0.02,1467
0.02,1471
0.02,1361
0.02,1514
0.02,1523
0.02,1570
0.02,1410
0.02,1435
