0.02,1377
0.02,373
0.02,1168
0.02,503
0.02,71
0.02,1121
0.02,988
0.02,240
0.02,1089
0.02,428
0.02,1252
0.02,9
0.02,1185
0.02,69
0.02,1111
0.02,1442
0.02,78
0.02,1400
0.02,369
0.02,1448
0.02,1255
0.02,928
0.02,31
0.02,1314
0.02,1365
0.02,1414
0.02,1108
0.02,1248
0.02,282
0.02,775
0.02,58
0.02,1125
0.02,136
0.02,320
0.02,533
0.02,1502
0.02,1380
0.02,1438
0.02,1118
0.02,238
0.02,1309
0.02,588
0.02,1412
0.02,915
0.02,214
0.02,1345
0.02,1511
0.02,489
0.02,851
0.02,1450
0.02,445
0.02,1408
0.02,700
0.02,1315
0.02,1219
0.02,35
0.02,1332
0.02,1417
0.02,454
0.02,1441
0.02,880
0.02,362
0.02,1256
0.02,1451
0.02,611
0.02,1465
0.02,1452
0.02,1263
0.02,1209
0.02,1250
0.02,1460
0.02,1431
0.02,74
0.02,507
0.02,1468
0.02,1416
0.02,617
0.02,356
0.02,1090
0.02,8
0.02,785
0.02,1125
0.02,1090
0.02,1392
0.02,887
0.02,785
0.02,999
0.02,1085
0.02,1228
0.02,268
0.02,452
0.02,1502
0.02,3
0.02,1278
0.02,1260
0.02,15
0.02,3
0.02,1
0.02,14
0.02,22
0.02,713
0.02,191
0.02,1255
0.02,1135
0.02,110
0.02,1391
0.02,921
0.02,1304
0.02,1343
0.02,1321
0.02,1335
0.02,1451
0.02,1130
0.02,1376
0.02,1363
0.02,341
0.02,41
0.02,1309
0.02,920
0.02,1527
0.02,228
0.02,1397
0.02,703
0.02,1497
0.02,554
0.02,1325
0.02,1531
0.02,1
0.02,5
0.02,3
0.02,1392
0.02,1189
0.02,124
0.02,1526
0.02,1238
0.02,1449
0.02,20
0.02,267
0.02,156
0.02,3
0.02,1185
0.02,3
0.02,138
0.02,494
0.02,1038
0.02,7
0.02,666
0.02,426
0.02,1410
0.02,1018
0.02,687
0.02,491
0.02,221
0.02,433
0.02,734
0.02,20
0.02,1478
0.02,1540
0.02,720
0.02,1199
0.02,983
0.02,1464
0.02,882
0.02,834
0.02,1157
0.02,34
0.02,1544
0.02,911
0.02,1543
0.02,1281
0.02,707
0.02,1221
0.02,1111
0.02,16
0.02,1190
0.02,15
0.02,1115
0.02,1027
0.02,1049
0.02,908
0.02,889
0.02,97
0.02,739
0.02,898
0.02,940
0.02,1093
0.02,1182
0.02,1361
0.02,1425
0.02,26
0.02,1219
0.02,1421
0.02,374
0.02,13
0.02,1063
0.02,1356
0.02,637
0.02,1045
0.02,10
0.02,1299
0.02,1032
0.02,4
0.02,699
0.02,1401
0.02,798
0.02,1482
0.02,1110
0.02,575
0.02,12
0.02,748
0.02,1193
0.02,1258
0.02,945
0.02,827
0.02,442
0.02,612
0.02,1289
0.02,1433
0.02,622
0.02,1154
0.02,203
0.02,1025
0.02,1033
0.02,1536
0.02,1185
0.02,1339
0.02,1113
0.02,738
0.02,75
0.02,1437
0.02,1018
0.02,1210
0.02,1061
0.02,369
0.02,1266
0.02,1373
0.02,98
0.02,1294
0.02,58
0.02,1167
0.02,1450
0.02,1103
0.02,1229
0.02,1281
0.02,1534
0.02,127
0.02,479
0.02,27
0.02,1321
0.02,279
0.02,101
0.02,1143
0.02,32
0.02,1354
0.02,353
0.02,456
0.02,778
0.02,129
0.02,32
0.02,1015
0.02,1223
0.02,1377
0.02,1098
0.02,323
0.02,981
0.02,1316
0.02,83
0.02,17
0.02,1439
0.02,1560
0.02,1330
0.02,701
0.02,725
0.02,547
0.02,324
0.02,1321
0.02,61
0.02,694
0.02,1278
0.02,833
0.02,1076
0.02,181
0.02,215
0.02,767
0.02,1424
0.02,1190
0.02,28
0.02,31
0.02,20
0.02,1103
0.02,27
0.02,1430
0.02,1370
0.02,1055
0.02,1266
0.02,321
0.02,1
0.02,1250
0.02,1084
0.02,925
0.02,183
0.02,916
0.02,1026
0.02,653
0.02,1314
0.02,1057
0.02,83
0.02,894
0.02,1400
0.02,1307
0.02,333
0.02,1267
0.02,1381
0.02,1103
0.02,1049
0.02,1109
0.02,698
0.02,1416
0.02,943
0.02,1294
0.02,178
0.02,820
0.02,1470
0.02,1497
0.02,1501
0.02,414
0.02,916
0.02,235
0.02,1438
0.02,843
0.02,948
0.02,121
0.02,1266
0.02,1374
0.02,1514
0.02,1522
0.02,1225
0.02,1310
0.02,541
0.02,640
0.02,833
0.02,3
0.02,808
0.02,1185
0.02,361
0.02,1034
0.02,1453
0.02,1323
0.02,588
0.02,1547
0.02,1279
0.02,22
0.02,1121
0.02,513
0.02,399
0.02,1419
0.02,1338
0.02,412
0.02,740
0.02,1275
0.02,1433
0.02,179
0.02,326
0.02,213
0.02,840
0.02,1326
0.02,1516
0.02,1326
0.02,369
0.02,483
0.02,1452
0.02,757
0.02,1179
0.02,206
0.02,184
0.02,1064
0.02,813
0.02,1351
0.02,1357
0.02,1194
0.02,1051
0.02,1193
0.02,91
0.02,70
0.02,1210
0.02,1382
0.02,1536
0.02,1098
0.02,244
0.02,1242
0.02,880
0.02,400
0.02,1165
0.02,37
0.02,1380
0.02,1314
0.02,465
0.02,247
0.02,1401
0.02,1437
0.02,1357
0.02,345
0.02,972
0.02,1321
0.02,1476
0.02,1309
0.02,494
0.02,323
0.02,949
0.02,2
0.02,616
0.02,26
0.02,1256
0.02,445
0.02,1225
0.02,1502
0.02,810
0.02,1251
0.02,1179
0.02,1394
0.02,79
0.02,933
0.02,1541
0.02,9
0.02,1447
0.02,1085
0.02,1484
0.02,1431
0.02,1354
0.02,1187
0.02,1320
0.02,392
0.02,880
0.02,625
0.02,816
0.02,1129
0.02,1368
0.02,1585
0.02,1117
0.02,1429
0.02,1272
0.02,205
0.02,1189
0.02,1409
0.02,103
0.02,1020
0.02,1261
0.02,1125
0.02,1388
0.02,1517
0.02,1273
0.02,466
0.02,1331
0.02,658
0.02,1221
0.02,572
0.02,45
0.02,1266
0.02,478
0.02,962
0.02,5
0.02,918
0.02,1190
0.02,1
0.02,1474
0.02,1332
0.02,24
0.02,1439
0.02,248
0.02,257
0.02,1369
0.02,278
0.02,1310
0.02,1507
0.02,1506
0.02,1408
0.02,1131
0.02,53
0.02,103
0.02,148
0.02,1219
0.02,221
0.02,1315
0.02,1006
0.02,808
0.02,1396
0.02,2
0.02,107
0.02,833
0.02,754
0.02,1356
0.02,1476
0.02,6
0.02,5
0.02,277
0.02,1267
0.02,1113
0.02,1017
0.02,569
0.02,905
0.02,1105
0.02,19
0.02,873
0.02,1367
0.02,1124
0.02,1191
0.02,1356
0.02,1361
0.02,1152
0.02,1541
0.02,286
0.02,171
0.02,362
0.02,1429
0.02,26
0.02,1496
0.02,72
0.02,513
0.02,14
0.02,596
0.02,926
0.02,1349
0.02,7
0.02,365
0.02,1387
0.02,16
0.02,1363
0.02,42
0.02,1524
0.02,1070
0.02,1438
0.02,471
0.02,1245
0.02,1501
0.02,844
0.02,1423
0.02,1249
0.02,214
0.02,1306
0.02,20
0.02,1294
0.02,576
0.02,723
0.02,1210
0.02,1262
0.02,12
0.02,36
0.02,883
0.02,1342
0.02,781
0.02,758
0.02,145
0.02,1392
0.02,551
0.02,1490
0.02,582
0.02,239
0.02,263
0.02,110
0.02,9
0.02,1490
0.02,959
0.02,1067
0.02,1041
0.02,1353
0.02,1426
0.02,216
0.02,1342
0.02,170
0.02,1126
0.02,1315
0.02,1
0.02,116
0.02,388
0.02,1266
0.02,747
0.02,197
0.02,1188
0.02,1376
0.02,1420
0.02,1300
0.02,1540
0.02,1453
0.02,1282
0.02,1297
0.02,1410
0.02,1204
0.02,1410
0.02,713
0.02,1287
0.02,1281
0.02,1128
0.02,1301
0.02,1292
0.02,1281
0.02,684
0.02,81
0.02,602
0.02,15
0.02,643
0.02,1455
0.02,1265
0.02,107
0.02,1163
0.02,8
0.02,738
0.02,1024
0.02,1445
0.02,782
0.02,25
0.02,1419
0.02,4
0.02,708
0.02,12
0.02,121
0.02,1
0.02,1439
0.02,774
0.02,1088
0.02,438
0.02,1429
0.02,876
0.02,1402
0.02,1495
0.02,1086
0.02,1115
0.02,880
0.02,1338
0.02,1110
0.02,1185
0.02,1160
0.02,35
0.02,95
0.02,316
0.02,652
0.02,116
0.02,1312
0.02,1469
0.02,1010
0.02,1195
0.02,1092
0.02,954
0.02,12
0.02,1262
0.02,1295
0.02,65
0.02,213
0.02,79
0.02,375
0.02,744
0.02,1254
0.02,1372
0.02,1
0.02,1378
0.02,1464
0.02,677
0.02,1130
0.02,1525
0.02,876
0.02,1408
0.02,512
0.02,377
0.02,57
0.02,1111
0.02,1462
0.02,1523
0.02,1284
0.02,1265
0.02,150
0.02,1000
0.02,911
0.02,1252
0.02,1058
0.02,1226
0.02,877
0.02,1374
0.02,1313
0.02,1177
0.02,354
0.02,933
0.02,483
0.02,291
0.02,1438
0.02,1380
0.02,21
0.02,218
0.02,437
0.02,105
0.02,858
0.02,892
0.02,702
0.02,1197
0.02,1248
0.02,1318
0.02,1060
0.02,880
0.02,929
0.02,1
0.02,809
0.02,698
0.02,787
0.02,3
0.02,56
0.02,1016
0.02,1258
0.02,977
0.02,20
0.02,1375
0.02,1222
0.02,519
0.02,68
0.02,215
0.02,987
0.02,2
0.02,1019
0.02,2
0.02,436
0.02,921
0.02,813
0.02,1533
0.02,1316
0.02,1368
0.02,974
0.02,499
0.02,61
0.02,1422
0.02,1109
0.02,794
0.02,908
0.02,324
0.02,1269
0.02,1495
0.02,2
0.02,100
0.02,1241
0.02,427
0.02,517
0.02,1361
0.02,1476
0.02,1445
0.02,771
0.02,1343
0.02,606
0.02,58
0.02,1184
0.02,1340
0.02,1006
0.02,1245
0.02,1477
0.02,458
0.02,1346
0.02,618
0.02,902
0.02,1194
0.02,866
0.02,802
0.02,1347
0.02,5
0.02,1281
0.02,403
0.02,1342
0.02,1243
0.02,533
0.02,1176
0.02,327
0.02,1468
0.02,197
0.02,1427
0.02,1473
0.02,57
0.02,108
0.02,1145
0.02,1045
0.02,372
0.02,473
0.02,473
0.02,352
0.02,3
0.02,1463
0.02,1205
0.02,84
0.02,1521
0.02,1271
0.02,1275
0.02,1321
0.02,1177
0.02,1281
0.02,1415
0.02,114
0.02,1274
0.02,1067
0.02,1454
0.02,1315
0.02,1174
0.02,331
0.02,1182
0.02,1227
0.02,499
0.02,1394
0.02,1437
0.02,1079
0.02,625
0.02,163
0.02,152
0.02,34
0.02,1457
0.02,177
0.02,70
0.02,305
0.02,229
0.02,1491
0.02,1108
0.02,923
0.02,978
0.02,1
0.02,859
0.02,1413
0.02,1113
0.02,983
0.02,457
0.02,771
0.02,316
0.02,37
0.02,1
0.02,1501
0.02,907
0.02,1188
0.02,1324
0.02,1228
0.02,804
0.02,661
0.02,1420
0.02,1316
0.02,1102
0.02,987
0.02,1285
0.02,451
0.02,1455
0.02,218
0.02,663
0.02,159
0.02,785
0.02,44
0.02,167
0.02,842
0.02,151
0.02,1472
0.02,3
0.02,1496
0.02,173
0.02,759
0.02,247
0.02,288
0.02,1352
0.02,1
0.02,1095
0.02,1497
0.02,1088
0.02,1426
0.02,947
0.02,936
0.02,1534
0.02,1311
0.02,1214
0.02,1449
0.02,1193
0.02,762
0.02,1380
0.02,1127
0.02,1323
0.02,1426
0.02,32
0.02,158
0.02,1356
0.02,1400
0.02,1243
0.02,901
0.02,1526
0.02,1348
0.02,1157
0.02,1234
0.02,1481
0.02,1445
0.02,46
0.02,165
0.02,12
0.02,16
0.02,1485
0.02,36
0.02,1273
0.02,1295
0.02,91
0.02,251
0.02,990
0.02,730
0.02,1108
0.02,864
0.02,1317
0.02,1527
0.02,1357
0.02,1204
0.02,903
0.02,840
0.02,870
0.02,1360
0.02,1411
0.02,1382
0.02,1
0.02,421
0.02,85
0.02,985
0.02,1283
0.02,140
0.02,1360
0.02,27
0.02,1152
0.02,1449
0.02,1145
0.02,735
0.02,859
0.02,21
0.02,1046
0.02,557
0.02,445
0.02,399
0.02,1164
0.02,1539
0.02,1041
0.02,1386
0.02,63
0.02,204
0.02,476
0.02,528
0.02,1561
0.02,41
0.02,1514
0.02,3
0.02,581
0.02,125
0.02,124
0.02,1398
0.02,1284
0.02,212
0.02,791
0.02,271
0.02,731
0.02,1309
0.02,649
0.02,1042
0.02,1302
0.02,721
0.02,805
0.02,1293
0.02,334
0.02,1487
0.02,1067
0.02,1380
0.02,1344
0.02,757
0.02,1456
0.02,1256
0.02,1266
0.02,1367
0.02,263
0.02,1328
0.02,931
0.02,1200
0.02,11
0.02,1127
0.02,1312
0.02,1441
0.02,1
0.02,948
0.02,1163
0.02,1460
0.02,2
0.02,942
0.02,960
0.02,1473
0.02,1065
0.02,1399
0.02,389
0.02,1
0.02,1402
0.02,505
0.02,637
0.02,1001
0.02,98
0.02,1
0.02,1371
0.02,20
0.02,1206
0.02,764
0.02,1342
0.02,114
0.02,1310
0.02,1130
0.02,1321
0.02,119
0.02,1301
