0.04,1112
0.04,1564
0.04,1290
0.04,1519
0.04,1545
0.04,1539
0.04,1579
0.04,1467
0.04,1515
0.04,1560
0.04,1528
0.04,1556
0.04,1553
0.04,1604
0.04,1488
0.04,1475
0.04,1509
0.04,1428
0.04,1534
0.04,1432
0.04,1315
0.04,1502
0.04,1566
0.04,1523
0.04,1562
0.04,1544
0.04,1574
0.04,1339
0.04,1581
0.04,1554
0.04,1371
0.04,1468
0.04,1529
0.04,1429
0.04,1570
0.04,1544
0.04,1333
0.04,1531
0.04,1478
0.04,1602
0.04,1520
0.04,1578
0.04,1492
0.04,1544
0.04,1573
0.04,1499
0.04,1512
0.04,1317
0.04,1370
0.04,1547
0.04,1441
0.04,1584
0.04,1586
0.04,1521
0.04,1559
0.04,1584
0.04,1605
0.04,1474
0.04,1392
0.04,1595
0.04,1487
0.04,1515
0.04,937
0.04,1031
0.04,1556
0.04,1532
0.04,1478
0.04,1538
0.04,1476
0.04,1516
0.04,1505
0.04,1506
0.04,1527
0.04,1590
0.04,1345
0.04,1582
0.04,1512
0.04,1491
0.04,1412
0.04,1576
0.04,931
0.04,1519
0.04,1526
0.04,1568
0.04,1403
0.04,1465
0.04,1506
0.04,1564
0.04,1376
0.04,1541
0.04,1081
0.04,1462
0.04,1513
0.04,1575
0.04,1503
0.04,1501
0.04,1635
0.04,1576
0.04,1443
0.04,1564
0.04,1414
0.04,1506
0.04,1583
0.04,969
0.04,1167
0.04,1493
0.04,1580
0.04,1536
0.04,1522
0.04,1586
0.04,1530
0.04,1523
0.04,1393
0.04,1517
0.04,1539
0.04,1506
0.04,1430
0.04,1550
0.04,1075
0.04,732
0.04,1573
0.04,1573
0.04,1363
0.04,1547
0.04,1549
0.04,945
0.04,1620
0.04,1376
0.04,1599
0.04,1516
0.04,1403
0.04,1450
0.04,1544
0.04,1124
0.04,1554
0.04,1556
0.04,1509
0.04,1474
0.04,1532
0.04,1202
0.04,1449
0.04,1503
0.04,976
0.04,1515
0.04,1609
0.04,1570
0.04,1579
0.04,1489
0.04,1354
0.04,1529
0.04,1621
0.04,1544
0.04,1472
0.04,1545
0.04,1554
0.04,1531
0.04,1560
0.04,1511
0.04,1490
0.04,1561
0.04,1571
0.04,1542
0.04,1527
0.04,1537
0.04,1576
0.04,1495
0.04,314
0.04,1527
0.04,1383
0.04,1513
0.04,1446
0.04,796
0.04,1607
0.04,1505
0.04,1555
0.04,1507
0.04,1393
0.04,1484
0.04,1401
0.04,1567
0.04,1567
0.04,1547
0.04,1356
0.04,1458
0.04,1479
0.04,1468
0.04,1570
0.04,1493
0.04,1425
0.04,1577
0.04,1596
0.04,1222
0.04,1602
0.04,1543
0.04,1303
0.04,1553
0.04,1543
0.04,1160
0.04,1606
0.04,1171
0.04,1514
0.04,1565
0.04,1369
0.04,1506
0.04,1524
0.04,1553
0.04,1566
0.04,1356
0.04,1544
0.04,1559
0.04,1585
0.04,1464
0.04,1588
0.04,1344
0.04,944
0.04,1500
0.04,1023
0.04,1594
0.04,1573
0.04,1557
0.04,1557
0.04,1545
0.04,1519
0.04,1388
0.04,1536
0.04,1415
0.04,1576
0.04,1563
0.04,1535
0.04,1472
0.04,1510
0.04,1458
0.04,1284
0.04,1527
0.04,1250
0.04,1111
0.04,897
0.04,1602
0.04,1531
0.04,1514
0.04,1065
0.04,1547
0.04,1523
0.04,1465
0.04,1567
0.04,1504
0.04,1296
0.04,1570
0.04,1504
0.04,1436
0.04,1456
0.04,675
0.04,1467
0.04,1512
0.04,1295
0.04,1537
0.04,1464
0.04,1514
0.04,1488
0.04,1556
0.04,1519
0.04,1559
0.04,1537
0.04,1513
0.04,1467
0.04,1378
0.04,1268
0.04,1444
0.04,1538
0.04,1161
0.04,1425
0.04,1300
0.04,1538
0.04,1425
0.04,1590
0.04,1546
0.04,1568
0.04,1601
0.04,1054
0.04,1596
0.04,1542
0.04,1610
0.04,1566
0.04,1548
0.04,1503
0.04,1508
0.04,1208
0.04,1511
0.04,1468
0.04,1502
0.04,1465
0.04,1623
0.04,1211
0.04,1406
0.04,1507
0.04,1570
0.04,862
0.04,1545
0.04,1514
0.04,1535
0.04,1479
0.04,1497
0.04,1348
0.04,1513
0.04,1326
0.04,1406
0.04,1518
0.04,1540
0.04,1493
0.04,1540
0.04,1477
0.04,1555
0.04,1445
0.04,1537
0.04,1568
0.04,1496
0.04,1376
0.04,1333
0.04,1474
0.04,1310
0.04,1056
0.04,1526
0.04,1350
0.04,1524
0.04,1586
0.04,1624
0.04,1521
0.04,1492
0.04,1497
0.04,1534
0.04,1541
0.04,1574
0.04,1497
0.04,1491
0.04,1523
0.04,1388
0.04,1570
0.04,1575
0.04,1453
0.04,1608
0.04,1376
0.04,1597
0.04,1580
0.04,812
0.04,1504
0.04,1513
0.04,1422
0.04,1493
0.04,1344
0.04,1566
0.04,1574
0.04,474
0.04,1620
0.04,1509
0.04,1284
0.04,1548
0.04,1587
0.04,1429
0.04,1573
0.04,1541
0.04,1196
0.04,773
0.04,1458
0.04,896
0.04,1592
0.04,1480
0.04,1450
0.04,1554
0.04,1545
0.04,1374
0.04,872
0.04,1565
0.04,1561
0.04,1498
0.04,1537
0.04,1549
0.04,1579
0.04,1513
0.04,1571
0.04,1124
0.04,1453
0.04,1471
0.04,1409
0.04,1358
0.04,1393
0.04,1559
0.04,1233
0.04,1208
0.04,1503
0.04,1529
0.04,1575
0.04,1640
0.04,1386
0.04,1554
0.04,1542
0.04,1533
0.04,358
0.04,1452
0.04,1525
0.04,1535
0.04,791
0.04,1417
0.04,1592
0.04,1513
0.04,1220
0.04,1549
0.04,1450
0.04,1163
0.04,1562
0.04,1600
0.04,1548
0.04,1527
0.04,1547
0.04,1558
0.04,63
0.04,1516
0.04,1583
0.04,1524
0.04,1512
0.04,1535
0.04,1543
0.04,1473
0.04,1528
0.04,1547
0.04,1114
0.04,1505
0.04,1512
0.04,1578
0.04,1496
0.04,1310
0.04,1586
0.04,1605
0.04,1528
0.04,1292
0.04,1626
0.04,1557
0.04,1476
0.04,1455
0.04,1540
0.04,1525
0.04,1551
0.04,1594
0.04,1609
0.04,461
0.04,1529
0.04,1308
0.04,1577
0.04,1521
0.04,421
0.04,1590
0.04,1539
0.04,1444
0.04,1423
0.04,1372
0.04,1551
0.04,1541
0.04,1545
0.04,1425
0.04,1437
0.04,1555
0.04,1572
0.04,809
0.04,1477
0.04,1563
0.04,1433
0.04,1525
0.04,1443
0.04,1574
0.04,1524
0.04,1477
0.04,1545
0.04,1509
0.04,1536
0.04,1373
0.04,1462
0.04,1321
0.04,1071
0.04,1403
0.04,1413
0.04,1279
0.04,1421
0.04,1564
0.04,1547
0.04,809
0.04,1513
0.04,1546
0.04,1530
0.04,1535
0.04,1514
0.04,1587
0.04,1206
0.04,1578
0.04,1534
0.04,1423
0.04,1587
0.04,1570
0.04,1540
0.04,1600
0.04,1556
0.04,1522
0.04,1576
0.04,1320
0.04,1495
0.04,1047
0.04,1539
0.04,1560
0.04,1575
0.04,1402
0.04,120
0.04,1457
0.04,1511
0.04,1484
0.04,1581
0.04,1474
0.04,1515
0.04,938
0.04,1070
0.04,1538
0.04,1479
0.04,497
0.04,1536
0.04,1557
0.04,1117
0.04,329
0.04,1454
0.04,1576
0.04,1575
0.04,1592
0.04,1208
0.04,1610
0.04,1363
0.04,1540
0.04,1571
0.04,1508
0.04,1499
0.04,1525
0.04,764
0.04,1371
0.04,1560
0.04,1492
0.04,779
0.04,1488
0.04,1581
0.04,1351
0.04,1488
0.04,1353
0.04,1572
0.04,1611
0.04,1541
0.04,1566
0.04,1551
0.04,1510
0.04,1409
0.04,1361
0.04,1549
0.04,783
0.04,1555
0.04,1477
0.04,1643
0.04,1349
0.04,1305
0.04,1557
0.04,1398
0.04,1474
0.04,1577
0.04,1545
0.04,1498
0.04,730
0.04,1575
0.04,1589
0.04,1519
0.04,1553
0.04,1551
0.04,1560
0.04,1486
0.04,1582
0.04,1571
0.04,1470
0.04,1544
0.04,1493
0.04,1519
0.04,1536
0.04,1254
0.04,1408
0.04,1543
0.04,1324
0.04,1568
0.04,1566
0.04,1521
0.04,1477
0.04,1489
0.04,1464
0.04,1541
0.04,1409
0.04,1588
0.04,1273
0.04,1464
0.04,1539
0.04,1281
0.04,1460
0.04,1604
0.04,1591
0.04,1508
0.04,1562
0.04,1551
0.04,1407
0.04,1611
0.04,1143
0.04,1564
0.04,1475
0.04,1603
0.04,1446
0.04,1559
0.04,1417
0.04,1500
0.04,1455
0.04,1468
0.04,1549
0.04,1394
0.04,1514
0.04,1527
0.04,1571
0.04,1516
0.04,1593
0.04,1481
0.04,1518
0.04,1484
0.04,1521
0.04,1504
0.04,1475
0.04,1381
0.04,1395
0.04,1570
0.04,1539
0.04,1404
0.04,1440
0.04,979
0.04,1498
0.04,1509
0.04,1554
0.04,1574
0.04,1552
0.04,1609
0.04,329
0.04,1546
0.04,1568
0.04,1587
0.04,1504
0.04,1475
0.04,1494
0.04,1457
0.04,1573
0.04,1433
0.04,1501
0.04,1510
0.04,1410
0.04,733
0.04,1541
0.04,1467
0.04,1194
0.04,1512
0.04,1547
0.04,1570
0.04,1475
0.04,1544
0.04,1567
0.04,1307
0.04,1552
0.04,1529
0.04,1543
0.04,1321
0.04,1519
0.04,748
0.04,1539
0.04,1034
0.04,1553
0.04,1542
0.04,139
0.04,1492
0.04,1423
0.04,1532
0.04,1564
0.04,1465
0.04,1628
0.04,1378
0.04,1585
0.04,1547
0.04,1549
0.04,1573
0.04,1455
0.04,1499
0.04,1538
0.04,1586
0.04,1592
0.04,1555
0.04,1482
0.04,1561
0.04,1574
0.04,1576
0.04,1524
0.04,1491
0.04,1549
0.04,1493
0.04,1492
0.04,1600
0.04,1447
0.04,1455
0.04,1501
0.04,1317
0.04,1451
0.04,1576
0.04,1499
0.04,1229
0.04,1510
0.04,1332
0.04,1563
0.04,1575
0.04,1448
0.04,1597
0.04,1553
0.04,1535
0.04,1612
0.04,1488
0.04,1498
0.04,1484
0.04,1595
0.04,947
0.04,1183
0.04,1456
0.04,1524
0.04,1541
0.04,1024
0.04,1463
0.04,1525
0.04,1438
0.04,1400
0.04,1513
0.04,1519
0.04,1360
0.04,1545
0.04,1488
0.04,1571
0.04,1513
0.04,1542
0.04,1506
0.04,1556
0.04,1490
0.04,1509
0.04,1550
0.04,1493
0.04,1526
0.04,1487
0.04,1500
0.04,1510
0.04,1512
0.04,1567
0.04,1561
0.04,1483
0.04,1308
0.04,474
0.04,1588
0.04,1522
0.04,1561
0.04,1151
0.04,451
0.04,1496
0.04,1512
0.04,1554
0.04,1339
0.04,1316
0.04,1281
0.04,1535
0.04,1536
0.04,1542
0.04,1590
0.04,935
0.04,1422
0.04,1546
0.04,1596
0.04,1420
0.04,1564
0.04,1308
0.04,1546
0.04,1515
0.04,1368
0.04,1547
0.04,1524
0.04,1565
0.04,1527
0.04,1536
0.04,1571
0.04,1251
0.04,1208
0.04,1589
0.04,1501
0.04,1523
0.04,1554
0.04,1567
0.04,1577
0.04,1542
0.04,1541
0.04,1549
0.04,1553
0.04,960
0.04,1582
0.04,1468
0.04,1538
0.04,1446
0.04,1541
0.04,1531
0.04,1504
0.04,1212
0.04,1490
0.04,1543
0.04,1431
0.04,1594
0.04,1546
0.04,1485
0.04,1601
0.04,1562
0.04,1473
0.04,1604
0.04,1575
0.04,1367
0.04,1574
0.04,1581
0.04,1545
0.04,1495
0.04,1510
0.04,1564
0.04,1487
0.04,1452
0.04,1603
0.04,1568
0.04,1543
0.04,1526
0.04,1577
0.04,1337
0.04,1530
0.04,1534
0.04,1418
0.04,1544
0.04,1552
0.04,1509
0.04,1563
0.04,1154
0.04,1455
0.04,1581
0.04,1534
0.04,1543
0.04,1591
0.04,1598
0.04,1536
0.04,1553
0.04,1486
0.04,1163
0.04,1599
0.04,1533
0.04,1526
0.04,962
0.04,1578
0.04,1508
0.04,1553
0.04,1519
0.04,1553
0.04,1447
0.04,1366
0.04,1555
0.04,1494
0.04,1454
0.04,1494
0.04,1561
0.04,1442
0.04,1634
0.04,1030
0.04,1604
0.04,1549
0.04,1587
0.04,1608
0.04,1565
0.04,1498
0.04,1497
0.04,1537
0.04,1538
0.04,1498
0.04,1497
0.04,1261
0.04,1569
0.04,1543
0.04,1579
0.04,1555
0.04,1492
0.04,1627
0.04,1377
0.04,1562
0.04,1570
0.04,1608
0.04,1408
0.04,1581
0.04,1541
0.04,1562
0.04,1024
0.04,1534
0.04,1262
0.04,1410
0.04,1473
0.04,1488
0.04,1491
0.04,962
0.04,1521
0.04,1561
0.04,1326
0.04,1496
0.04,1298
0.04,1514
0.04,1549
0.04,1451
0.04,1599
0.04,1420
0.04,1573
0.04,1542
0.04,1446
0.04,1528
0.04,1576
0.04,678
0.04,1523
0.04,1581
0.04,1602
0.04,1597
0.04,1509
0.04,1548
0.04,1575
0.04,1200
0.04,1198
0.04,1528
0.04,1537
0.04,1585
0.04,1429
0.04,1254
0.04,1506
0.04,1556
0.04,1588
0.04,1546
0.04,1577
0.04,1446
0.04,1567
0.04,1344
0.04,1523
0.04,1474
0.04,1555
0.04,1550
0.04,1547
0.04,1551
0.04,1553
0.04,1488
0.04,1588
0.04,1583
0.04,1593
0.04,1347
0.04,1485
0.04,1556
0.04,1546
0.04,1553
0.04,1470
0.04,1546
0.04,1597
0.04,1542
0.04,1500
0.04,1548
0.04,1278
0.04,1467
0.04,1584
0.04,1544
0.04,918
0.04,1134
0.04,1403
0.04,1571
0.04,1486
0.04,1553
0.04,1390
0.04,1340
0.04,1523
0.04,1472
0.04,1417
0.04,1484
0.04,1505
0.04,1561
0.04,1592
0.04,1573
0.04,1527
0.04,1396
0.04,1461
0.04,1528
0.04,1523
0.04,1570
0.04,1536
0.04,1535
0.04,1508
0.04,1504
0.04,1279
