0.02,109
0.02,39
0.02,156
0.02,45
0.02,481
0.02,119
0.02,1096
0.02,270
0.02,1183
0.02,3
0.02,130
0.02,249
0.02,1169
0.02,58
0.02,310
0.02,1246
0.02,1028
0.02,458
0.02,1302
0.02,44
0.02,945
0.02,1070
0.02,961
0.02,205
0.02,482
0.02,26
0.02,746
0.02,15
0.02,656
0.02,364
0.02,1205
0.02,1001
0.02,77
0.02,1167
0.02,801
0.02,161
0.02,1124
0.02,459
0.02,1098
0.02,549
0.02,149
0.02,842
0.02,1208
0.02,564
0.02,463
0.02,1165
0.02,651
0.02,137
0.02,933
0.02,989
0.02,825
0.02,287
0.02,994
0.02,148
0.02,257
0.02,1033
0.02,30
0.02,847
0.02,970
0.02,552
0.02,835
0.02,804
0.02,856
0.02,462
0.02,1176
0.02,53
0.02,350
0.02,1258
0.02,715
0.02,390
0.02,622
0.02,3
0.02,196
0.02,1182
0.02,955
0.02,1027
0.02,612
0.02,494
0.02,408
0.02,311
0.02,143
0.02,3
0.02,843
0.02,741
0.02,2
0.02,3
0.02,1
0.02,9
0.02,13
0.02,481
0.02,92
0.02,641
0.02,872
0.02,67
0.02,1113
0.02,887
0.02,953
0.02,1036
0.02,1213
0.02,992
0.02,1104
0.02,1129
0.02,316
0.02,8
0.02,746
0.02,568
0.02,1175
0.02,524
0.02,1259
0.02,927
0.02,3
0.02,4
0.02,743
0.02,34
0.02,797
0.02,1011
0.02,1191
0.02,8
0.02,108
0.02,3
0.02,3
0.02,74
0.02,8
0.02,86
0.02,1194
0.02,792
0.02,217
0.02,197
0.02,286
0.02,441
0.02,1233
0.02,1322
0.02,423
0.02,1158
0.02,1171
0.02,1215
0.02,667
0.02,929
0.02,6
0.02,430
0.02,644
0.02,1178
0.02,227
0.02,806
0.02,16
0.02,518
0.02,18
0.02,492
0.02,737
0.02,590
0.02,676
0.02,487
0.02,723
0.02,931
0.02,1282
0.02,1136
0.02,9
0.02,1052
0.02,722
0.02,1085
0.02,289
0.02,11
0.02,624
0.02,970
0.02,596
0.02,807
0.02,9
0.02,988
0.02,338
0.02,13
0.02,407
0.02,1158
0.02,1165
0.02,653
0.02,409
0.02,1
0.02,986
0.02,583
0.02,183
0.02,1096
0.02,396
0.02,474
0.02,402
0.02,316
0.02,1114
0.02,249
0.02,691
0.02,840
0.02,571
0.02,564
0.02,705
0.02,786
0.02,457
0.02,1
0.02,1148
0.02,1189
0.02,506
0.02,788
0.02,808
0.02,473
0.02,881
0.02,908
0.02,117
0.02,626
0.02,46
0.02,1016
0.02,974
0.02,51
0.02,278
0.02,54
0.02,946
0.02,151
0.02,877
0.02,3
0.02,1079
0.02,1217
0.02,291
0.02,598
0.02,106
0.02,24
0.02,525
0.02,1007
0.02,842
0.02,835
0.02,289
0.02,618
0.02,1102
0.02,4
0.02,34
0.02,961
0.02,1345
0.02,341
0.02,40
0.02,1282
0.02,904
0.02,45
0.02,619
0.02,130
0.02,228
0.02,640
0.02,125
0.02,146
0.02,584
0.02,1145
0.02,23
0.02,17
0.02,677
0.02,8
0.02,1075
0.02,870
0.02,700
0.02,1035
0.02,207
0.02,40
0.02,959
0.02,681
0.02,544
0.02,148
0.02,36
0.02,915
0.02,156
0.02,519
0.02,329
0.02,936
0.02,327
0.02,957
0.02,984
0.02,814
0.02,828
0.02,869
0.02,98
0.02,1041
0.02,1026
0.02,152
0.02,564
0.02,1136
0.02,1091
0.02,274
0.02,590
0.02,989
0.02,978
0.02,84
0.02,849
0.02,777
0.02,1258
0.02,1229
0.02,905
0.02,517
0.02,244
0.02,576
0.02,3
0.02,588
0.02,757
0.02,1243
0.02,1231
0.02,1317
0.02,844
0.02,4
0.02,676
0.02,377
0.02,294
0.02,477
0.02,1072
0.02,304
0.02,292
0.02,999
0.02,961
0.02,73
0.02,301
0.02,786
0.02,531
0.02,762
0.02,1087
0.02,1043
0.02,962
0.02,487
0.02,979
0.02,156
0.02,140
0.02,1170
0.02,158
0.02,508
0.02,994
0.02,1144
0.02,341
0.02,803
0.02,948
0.02,45
0.02,241
0.02,1149
0.02,1197
0.02,1070
0.02,783
0.02,1167
0.02,28
0.02,874
0.02,1120
0.02,910
0.02,348
0.02,128
0.02,1162
0.02,1108
0.02,933
0.02,161
0.02,1098
0.02,984
0.02,147
0.02,1273
0.02,179
0.02,530
0.02,1253
0.02,2
0.02,214
0.02,24
0.02,952
0.02,296
0.02,885
0.02,1193
0.02,505
0.02,1002
0.02,869
0.02,1221
0.02,6
0.02,138
0.02,1112
0.02,587
0.02,81
0.02,652
0.02,997
0.02,182
0.02,270
0.02,748
0.02,1132
0.02,1335
0.02,788
0.02,1007
0.02,971
0.02,267
0.02,926
0.02,1102
0.02,7
0.02,334
0.02,415
0.02,941
0.02,136
0.02,1286
0.02,1008
0.02,5
0.02,1268
0.02,365
0.02,1214
0.02,349
0.02,33
0.02,899
0.02,444
0.02,1275
0.02,5
0.02,698
0.02,1
0.02,1225
0.02,1199
0.02,16
0.02,1159
0.02,329
0.02,16
0.02,1008
0.02,93
0.02,941
0.02,1292
0.02,876
0.02,766
0.02,71
0.02,52
0.02,972
0.02,90
0.02,1128
0.02,207
0.02,554
0.02,1165
0.02,839
0.02,2
0.02,13
0.02,263
0.02,6
0.02,1
0.02,153
0.02,564
0.02,92
0.02,132
0.02,583
0.02,4
0.02,745
0.02,771
0.02,935
0.02,1171
0.02,688
0.02,1190
0.02,775
0.02,1316
0.02,1005
0.02,59
0.02,1129
0.02,201
0.02,326
0.02,654
0.02,1243
0.02,85
0.02,450
0.02,15
0.02,463
0.02,718
0.02,1257
0.02,5
0.02,196
0.02,1228
0.02,20
0.02,801
0.02,433
0.02,1310
0.02,910
0.02,1274
0.02,35
0.02,930
0.02,859
0.02,433
0.02,918
0.02,19
0.02,158
0.02,876
0.02,312
0.02,897
0.02,1057
0.02,653
0.02,465
0.02,2
0.02,57
0.02,354
0.02,198
0.02,346
0.02,135
0.02,1147
0.02,468
0.02,1169
0.02,266
0.02,92
0.02,53
0.02,100
0.02,1
0.02,710
0.02,886
0.02,784
0.02,1158
0.02,927
0.02,1222
0.02,26
0.02,212
0.02,87
0.02,1117
0.02,843
0.02,1
0.02,59
0.02,1207
0.02,514
0.02,90
0.02,976
0.02,1084
0.02,1168
0.02,848
0.02,1132
0.02,600
0.02,1224
0.02,928
0.02,764
0.02,1034
0.02,758
0.02,884
0.02,1015
0.02,507
0.02,38
0.02,456
0.02,1
0.02,333
0.02,819
0.02,997
0.02,136
0.02,662
0.02,8
0.02,459
0.02,819
0.02,508
0.02,580
0.02,21
0.02,4
0.02,8
0.02,68
0.02,1
0.02,1170
0.02,549
0.02,428
0.02,915
0.02,513
0.02,783
0.02,1253
0.02,870
0.02,483
0.02,894
0.02,46
0.02,43
0.02,248
0.02,712
0.02,7
0.02,1032
0.02,39
0.02,257
0.02,301
0.02,478
0.02,16
0.02,258
0.02,934
0.02,36
0.02,6
0.02,48
0.02,147
0.02,571
0.02,875
0.02,1119
0.02,1
0.02,1257
0.02,324
0.02,393
0.02,1026
0.02,131
0.02,1106
0.02,388
0.02,704
0.02,5
0.02,897
0.02,1187
0.02,547
0.02,19
0.02,4
0.02,953
0.02,1132
0.02,1161
0.02,478
0.02,848
0.02,1104
0.02,551
0.02,1088
0.02,858
0.02,818
0.02,342
0.02,597
0.02,64
0.02,76
0.02,272
0.02,960
0.02,1141
0.02,34
0.02,121
0.02,254
0.02,200
0.02,471
0.02,654
0.02,813
0.02,899
0.02,1313
0.02,1198
0.02,479
0.02,8
0.02,604
0.02,3
0.02,53
0.02,315
0.02,180
0.02,1034
0.02,1150
0.02,61
0.02,88
0.02,661
0.02,2
0.02,1039
0.02,2
0.02,16
0.02,174
0.02,846
0.02,318
0.02,207
0.02,311
0.02,14
0.02,1076
0.02,829
0.02,725
0.02,101
0.02,904
0.02,1133
0.02,3
0.02,67
0.02,561
0.02,545
0.02,1233
0.02,1055
0.02,579
0.02,841
0.02,43
0.02,969
0.02,956
0.02,904
0.02,1125
0.02,380
0.02,433
0.02,716
0.02,967
0.02,959
0.02,776
0.02,430
0.02,1173
0.02,5
0.02,244
0.02,769
0.02,774
0.02,374
0.02,774
0.02,1153
0.02,1140
0.02,239
0.02,86
0.02,1072
0.02,1011
0.02,215
0.02,163
0.02,243
0.02,4
0.02,1189
0.02,1020
0.02,668
0.02,1252
0.02,887
0.02,745
0.02,1262
0.02,986
0.02,1162
0.02,1302
0.02,316
0.02,25
0.02,759
0.02,1343
0.02,867
0.02,698
0.02,757
0.02,381
0.02,786
0.02,358
0.02,972
0.02,45
0.02,171
0.02,107
0.02,215
0.02,18
0.02,1054
0.02,153
0.02,962
0.02,138
0.02,1156
0.02,502
0.02,580
0.02,457
0.02,1
0.02,837
0.02,1235
0.02,737
0.02,264
0.02,488
0.02,687
0.02,1108
0.02,330
0.02,59
0.02,1
0.02,226
0.02,1075
0.02,895
0.02,1029
0.02,885
0.02,787
0.02,533
0.02,168
0.02,1045
0.02,681
0.02,835
0.02,959
0.02,184
0.02,1084
0.02,165
0.02,372
0.02,15
0.02,815
0.02,35
0.02,112
0.02,647
0.02,99
0.02,3
0.02,1286
0.02,119
0.02,424
0.02,230
0.02,1203
0.02,1
0.02,1115
0.02,1272
0.02,277
0.02,555
0.02,1270
0.02,939
0.02,1044
0.02,825
0.02,167
0.02,515
0.02,359
0.02,754
0.02,990
0.02,1052
0.02,26
0.02,243
0.02,1144
0.02,150
0.02,787
0.02,918
0.02,1253
0.02,1158
0.02,1311
0.02,972
0.02,124
0.02,16
0.02,11
0.02,1055
0.02,45
0.02,982
0.02,218
0.02,124
0.02,29
0.02,438
0.02,769
0.02,676
0.02,946
0.02,1238
0.02,760
0.02,503
0.02,668
0.02,379
0.02,1156
0.02,1159
0.02,1
0.02,313
0.02,58
0.02,652
0.02,1104
0.02,125
0.02,1050
0.02,9
0.02,1026
0.02,1123
0.02,48
0.02,391
0.02,21
0.02,662
0.02,203
0.02,866
0.02,1352
0.02,496
0.02,18
0.02,136
0.02,338
0.02,150
0.02,1276
0.02,11
0.02,3
0.02,388
0.02,104
0.02,48
0.02,1007
0.02,903
0.02,427
0.02,778
0.02,140
0.02,1140
0.02,578
0.02,1114
0.02,524
0.02,707
0.02,981
0.02,305
0.02,906
0.02,313
0.02,1226
0.02,850
0.02,1023
0.02,1251
0.02,898
0.02,1029
0.02,150
0.02,444
0.02,1136
0.02,10
0.02,184
0.02,1230
0.02,1
0.02,536
0.02,791
0.02,979
0.02,2
0.02,604
0.02,249
0.02,750
0.02,1140
0.02,175
0.02,1
0.02,1126
0.02,317
0.02,352
0.02,781
0.02,44
0.02,1
0.02,1106
0.02,33
0.02,701
0.02,546
0.02,84
0.02,281
0.02,1227
0.02,890
0.02,23
0.02,935
0.02,628
0.02,951
0.02,370
0.02,286
0.02,849
0.02,757
0.02,671
0.02,870
0.02,752
0.02,1022
0.02,926
0.02,1272
0.02,1160
0.02,1022
0.02,246
0.02,64
0.02,1133
0.02,799
0.02,364
0.02,1153
0.02,135
0.02,964
0.02,508
0.02,587
0.02,1209
0.02,11
0.02,585
0.02,419
0.02,941
0.02,507
0.02,120
0.02,36
0.02,90
0.02,760
0.02,184
0.02,775
0.02,845
0.02,902
0.02,33
0.02,1172
0.02,6
0.02,139
0.02,1225
0.02,189
0.02,235
0.02,1143
0.02,549
0.02,70
0.02,444
0.02,1240
0.02,637
0.02,883
0.02,738
0.02,854
0.02,1
0.02,260
0.02,831
0.02,904
0.02,811
0.02,1147
0.02,1222
0.02,1149
0.02,1175
0.02,473
0.02,1017
0.02,887
0.02,603
0.02,1232
0.02,937
0.02,43
0.02,803
0.02,1036
0.02,1079
0.02,87
0.02,876
0.02,549
0.02,513
0.02,7
0.02,1287
0.02,13
0.02,1067
0.02,1048
0.02,1057
0.02,56
0.02,1202
0.02,744
0.02,1008
0.02,612
0.02,1219
0.02,248
0.02,745
0.02,1136
0.02,1090
0.02,918
0.02,216
0.02,1096
0.02,1296
0.02,1
0.02,966
0.02,699
0.02,954
0.02,922
0.02,89
0.02,212
0.02,83
0.02,3
0.02,324
0.02,1256
0.02,210
0.02,819
0.02,653
0.02,101
0.02,1255
0.02,343
0.02,1220
0.02,811
0.02,521
0.02,870
0.02,1057
0.02,1
0.02,951
0.02,887
0.02,308
0.02,1095
0.02,6
0.02,554
0.02,82
0.02,23
