0.02,1225
0.02,1406
0.02,542
0.02,1323
0.02,792
0.02,568
0.02,1236
0.02,1215
0.02,389
0.02,1368
0.02,442
0.02,1493
0.02,16
0.02,9
0.02,1287
0.02,1114
0.02,1055
0.02,1575
0.02,115
0.02,1516
0.02,611
0.02,1366
0.02,1377
0.02,1051
0.02,1375
0.02,109
0.02,1496
0.02,1500
0.02,1514
0.02,1537
0.02,1281
0.02,1381
0.02,480
0.02,866
0.02,330
0.02,1332
0.02,1600
0.02,155
0.02,322
0.02,717
0.02,1575
0.02,1500
0.02,109
0.02,418
0.02,1569
0.02,1274
0.02,1246
0.02,1447
0.02,784
0.02,1370
0.02,1509
0.02,1150
0.02,650
0.02,202
0.02,1486
0.02,1481
0.02,723
0.02,1095
0.02,1604
0.02,1477
0.02,751
0.02,1514
0.02,713
0.02,1520
0.02,1403
0.02,53
0.02,1458
0.02,1530
0.02,675
0.02,1560
0.02,574
0.02,407
0.02,1401
0.02,1580
0.02,1618
0.02,4
0.02,1453
0.02,1595
0.02,1540
0.02,1533
0.02,1439
0.02,1356
0.02,1344
0.02,1568
0.02,1458
0.02,76
0.02,784
0.02,1616
0.02,1560
0.02,279
0.02,441
0.02,1181
0.02,8
0.02,598
0.02,1584
0.02,1430
0.02,1519
0.02,830
0.02,823
0.02,120
0.02,1117
0.02,975
0.02,1427
0.02,347
0.02,525
0.02,1628
0.02,3
0.02,1358
0.02,1440
0.02,9
0.02,3
0.02,1
0.02,19
0.02,45
0.02,1200
0.02,299
0.02,1327
0.02,1419
0.02,287
0.02,1555
0.02,1003
0.02,1507
0.02,1459
0.02,1464
0.02,1511
0.02,1562
0.02,1106
0.02,1513
0.02,1640
0.02,490
0.02,36
0.02,1452
0.02,1094
0.02,1655
0.02,757
0.02,1611
0.02,1012
0.02,1544
0.02,724
0.02,1610
0.02,1638
0.02,1
0.02,88
0.02,3
0.02,1556
0.02,1399
0.02,150
0.02,1644
0.02,984
0.02,1364
0.02,1557
0.02,19
0.02,335
0.02,202
0.02,3
0.02,1200
0.02,1304
0.02,3
0.02,190
0.02,603
0.02,1267
0.02,2
0.02,500
0.02,480
0.02,1509
0.02,1179
0.02,867
0.02,640
0.02,309
0.02,489
0.02,935
0.02,1271
0.02,1602
0.02,1601
0.02,812
0.02,1561
0.02,1501
0.02,1424
0.02,891
0.02,1276
0.02,1556
0.02,38
0.02,1658
0.02,1078
0.02,1631
0.02,1408
0.02,855
0.02,1331
0.02,394
0.02,618
0.02,15
0.02,1091
0.02,15
0.02,1315
0.02,1186
0.02,1171
0.02,1084
0.02,935
0.02,153
0.02,874
0.02,1197
0.02,1169
0.02,1273
0.02,1491
0.02,1637
0.02,1519
0.02,17
0.02,1327
0.02,1527
0.02,750
0.02,23
0.02,1155
0.02,1460
0.02,1052
0.02,1348
0.02,10
0.02,1405
0.02,1139
0.02,24
0.02,1231
0.02,1509
0.02,946
0.02,1594
0.02,1272
0.02,13
0.02,1120
0.02,1348
0.02,874
0.02,1599
0.02,21
0.02,1436
0.02,1102
0.02,1187
0.02,571
0.02,1033
0.02,1420
0.02,1388
0.02,1406
0.02,1547
0.02,681
0.02,1567
0.02,1177
0.02,133
0.02,261
0.02,1139
0.02,1143
0.02,1632
0.02,1303
0.02,1570
0.02,1196
0.02,1093
0.02,76
0.02,81
0.02,1442
0.02,1296
0.02,1345
0.02,1173
0.02,1522
0.02,551
0.02,1051
0.02,1440
0.02,108
0.02,1444
0.02,68
0.02,1324
0.02,1569
0.02,748
0.02,1494
0.02,1389
0.02,278
0.02,1642
0.02,128
0.02,863
0.02,29
0.02,1468
0.02,342
0.02,92
0.02,1331
0.02,45
0.02,1508
0.02,1177
0.02,838
0.02,964
0.02,146
0.02,99
0.02,1098
0.02,1333
0.02,1509
0.02,1253
0.02,654
0.02,1131
0.02,1504
0.02,94
0.02,18
0.02,1650
0.02,1230
0.02,1669
0.02,1515
0.02,999
0.02,852
0.02,982
0.02,803
0.02,1538
0.02,45
0.02,1483
0.02,1143
0.02,1314
0.02,297
0.02,61
0.02,843
0.02,1483
0.02,1245
0.02,27
0.02,17
0.02,1231
0.02,21
0.02,1366
0.02,1529
0.02,1480
0.02,1376
0.02,951
0.02,1
0.02,1422
0.02,1188
0.02,1172
0.02,217
0.02,1502
0.02,1062
0.02,1257
0.02,1354
0.02,1205
0.02,1291
0.02,800
0.02,1623
0.02,1580
0.02,493
0.02,1371
0.02,1539
0.02,1484
0.02,1277
0.02,1537
0.02,1255
0.02,829
0.02,1546
0.02,1352
0.02,948
0.02,417
0.02,782
0.02,1557
0.02,1613
0.02,1517
0.02,706
0.02,996
0.02,241
0.02,561
0.02,1617
0.02,921
0.02,715
0.02,188
0.02,1381
0.02,1491
0.02,1434
0.02,1509
0.02,1437
0.02,1573
0.02,1599
0.02,1410
0.02,1402
0.02,946
0.02,816
0.02,1042
0.02,4
0.02,1408
0.02,1455
0.02,1180
0.02,1615
0.02,1502
0.02,749
0.02,1640
0.02,1127
0.02,1257
0.02,1315
0.02,387
0.02,1387
0.02,1555
0.02,1483
0.02,478
0.02,589
0.02,1415
0.02,1557
0.02,568
0.02,556
0.02,485
0.02,1071
0.02,1419
0.02,1550
0.02,1510
0.02,398
0.02,1493
0.02,1573
0.02,1094
0.02,1069
0.02,90
0.02,223
0.02,1272
0.02,1040
0.02,1478
0.02,1376
0.02,1415
0.02,1053
0.02,1470
0.02,1301
0.02,120
0.02,115
0.02,1334
0.02,1522
0.02,1571
0.02,1127
0.02,1464
0.02,293
0.02,1030
0.02,1363
0.02,1062
0.02,530
0.02,1455
0.02,279
0.02,1511
0.02,1615
0.02,1560
0.02,525
0.02,251
0.02,1512
0.02,1555
0.02,1464
0.02,361
0.02,1176
0.02,1368
0.02,354
0.02,1610
0.02,1048
0.02,692
0.02,379
0.02,1045
0.02,2
0.02,727
0.02,25
0.02,1441
0.02,566
0.02,1253
0.02,1543
0.02,1034
0.02,1391
0.02,1222
0.02,1526
0.02,742
0.02,88
0.02,1093
0.02,1625
0.02,11
0.02,1543
0.02,1489
0.02,1588
0.02,1541
0.02,1271
0.02,1430
0.02,1294
0.02,1404
0.02,473
0.02,1058
0.02,771
0.02,1014
0.02,1083
0.02,1467
0.02,1550
0.02,1239
0.02,1322
0.02,1150
0.02,1504
0.02,311
0.02,1418
0.02,1521
0.02,1330
0.02,113
0.02,1411
0.02,1438
0.02,1417
0.02,1591
0.02,1460
0.02,1564
0.02,1631
0.02,1472
0.02,552
0.02,1431
0.02,831
0.02,1322
0.02,1515
0.02,536
0.02,45
0.02,1308
0.02,1622
0.02,5
0.02,1067
0.02,1407
0.02,1433
0.02,1
0.02,1596
0.02,1427
0.02,28
0.02,1590
0.02,584
0.02,1482
0.02,315
0.02,1127
0.02,1602
0.02,1623
0.02,1553
0.02,1420
0.02,338
0.02,120
0.02,184
0.02,1328
0.02,256
0.02,1506
0.02,1114
0.02,769
0.02,1510
0.02,2
0.02,1312
0.02,44
0.02,1020
0.02,948
0.02,1482
0.02,1593
0.02,6
0.02,5
0.02,425
0.02,1391
0.02,1416
0.02,1173
0.02,560
0.02,974
0.02,1348
0.02,23
0.02,1229
0.02,1242
0.02,1511
0.02,1258
0.02,1617
0.02,1470
0.02,1415
0.02,1524
0.02,1357
0.02,1262
0.02,57
0.02,42
0.02,538
0.02,1524
0.02,27
0.02,1613
0.02,78
0.02,642
0.02,1277
0.02,13
0.02,1055
0.02,1048
0.02,248
0.02,1623
0.02,7
0.02,564
0.02,1519
0.02,18
0.02,20
0.02,1429
0.02,640
0.02,1644
0.02,1181
0.02,1571
0.02,665
0.02,1450
0.02,1608
0.02,1049
0.02,849
0.02,1428
0.02,1296
0.02,202
0.02,1477
0.02,18
0.02,1379
0.02,1592
0.02,701
0.02,1371
0.02,1452
0.02,1454
0.02,1104
0.02,1587
0.02,9
0.02,48
0.02,944
0.02,1491
0.02,1425
0.02,809
0.02,193
0.02,1512
0.02,741
0.02,1575
0.02,802
0.02,279
0.02,203
0.02,116
0.02,11
0.02,1606
0.02,1129
0.02,1188
0.02,940
0.02,1384
0.02,1552
0.02,905
0.02,1485
0.02,155
0.02,1275
0.02,1442
0.02,1
0.02,142
0.02,763
0.02,1424
0.02,840
0.02,201
0.02,1439
0.02,1560
0.02,1405
0.02,1649
0.02,1588
0.02,1426
0.02,1486
0.02,1342
0.02,1547
0.02,135
0.02,1453
0.02,1348
0.02,1430
0.02,1293
0.02,1531
0.02,1371
0.02,1412
0.02,1165
0.02,133
0.02,684
0.02,3
0.02,810
0.02,1513
0.02,1410
0.02,5
0.02,1388
0.02,8
0.02,1378
0.02,1127
0.02,1555
0.02,901
0.02,30
0.02,1546
0.02,4
0.02,788
0.02,12
0.02,177
0.02,1
0.02,1566
0.02,878
0.02,1413
0.02,653
0.02,1340
0.02,1235
0.02,942
0.02,1370
0.02,1602
0.02,1506
0.02,1212
0.02,965
0.02,1487
0.02,856
0.02,1294
0.02,1354
0.02,42
0.02,32
0.02,321
0.02,773
0.02,133
0.02,1443
0.02,1590
0.02,1168
0.02,1332
0.02,1348
0.02,1254
0.02,12
0.02,1078
0.02,1455
0.02,90
0.02,1608
0.02,1315
0.02,86
0.02,395
0.02,798
0.02,1433
0.02,1511
0.02,1
0.02,1494
0.02,1568
0.02,728
0.02,1483
0.02,1608
0.02,1097
0.02,1004
0.02,1008
0.02,1252
0.02,441
0.02,45
0.02,1256
0.02,1551
0.02,1484
0.02,1394
0.02,1371
0.02,131
0.02,2
0.02,1325
0.02,1590
0.02,1376
0.02,1526
0.02,1357
0.02,1074
0.02,1476
0.02,1472
0.02,1315
0.02,482
0.02,1220
0.02,336
0.02,273
0.02,1550
0.02,1308
0.02,25
0.02,269
0.02,648
0.02,1541
0.02,670
0.02,826
0.02,930
0.02,1381
0.02,1417
0.02,1588
0.02,1503
0.02,1053
0.02,1377
0.02,12
0.02,912
0.02,833
0.02,1116
0.02,3
0.02,63
0.02,1239
0.02,1394
0.02,1521
0.02,23
0.02,1520
0.02,1546
0.02,215
0.02,96
0.02,229
0.02,1091
0.02,1307
0.02,2
0.02,1361
0.02,2
0.02,410
0.02,609
0.02,1003
0.02,1635
0.02,1436
0.02,1506
0.02,1103
0.02,472
0.02,60
0.02,1548
0.02,1147
0.02,1606
0.02,1107
0.02,443
0.02,1381
0.02,1637
0.02,2
0.02,136
0.02,1405
0.02,594
0.02,232
0.02,1651
0.02,1557
0.02,1590
0.02,1241
0.02,936
0.02,1473
0.02,745
0.02,98
0.02,1526
0.02,1509
0.02,1195
0.02,1604
0.02,386
0.02,1493
0.02,1037
0.02,1175
0.02,901
0.02,1447
0.02,1075
0.02,883
0.02,1511
0.02,1398
0.02,7
0.02,1409
0.02,466
0.02,1246
0.02,1422
0.02,607
0.02,1352
0.02,353
0.02,1473
0.02,1431
0.02,283
0.02,1569
0.02,1571
0.02,71
0.02,165
0.02,740
0.02,1358
0.02,8
0.02,973
0.02,1221
0.02,436
0.02,1422
0.02,606
0.02,1382
0.02,3
0.02,1585
0.02,1398
0.02,132
0.02,72
0.02,1565
0.02,1383
0.02,1076
0.02,1331
0.02,1496
0.02,1514
0.02,1407
0.02,1489
0.02,1567
0.02,38
0.02,1441
0.02,1525
0.02,1100
0.02,1555
0.02,1427
0.02,1306
0.02,377
0.02,820
0.02,1443
0.02,581
0.02,1512
0.02,1539
0.02,1606
0.02,835
0.02,317
0.02,162
0.02,804
0.02,15
0.02,1589
0.02,225
0.02,753
0.02,1471
0.02,1425
0.02,547
0.02,1600
0.02,1217
0.02,1358
0.02,1013
0.02,1
0.02,920
0.02,1370
0.02,695
0.02,1255
0.02,771
0.02,739
0.02,852
0.02,427
0.02,36
0.02,1
0.02,1613
0.02,1203
0.02,1383
0.02,372
0.02,1292
0.02,1445
0.02,1019
0.02,894
0.02,1357
0.02,1436
0.02,1241
0.02,1341
0.02,1175
0.02,592
0.02,1591
0.02,1356
0.02,287
0.02,977
0.02,156
0.02,3
0.02,1339
0.02,1392
0.02,68
0.02,1334
0.02,1474
0.02,301
0.02,1614
0.02,3
0.02,1611
0.02,713
0.02,908
0.02,78
0.02,165
0.02,1471
0.02,1
0.02,1489
0.02,1526
0.02,225
0.02,1538
0.02,3
0.02,1133
0.02,1010
0.02,1634
0.02,1503
0.02,1318
0.02,1570
0.02,1337
0.02,324
0.02,939
0.02,1530
0.02,1179
0.02,1488
0.02,1553
0.02,19
0.02,168
0.02,1480
0.02,477
0.02,1488
0.02,1380
0.02,1234
0.02,1596
0.02,1501
0.02,1327
0.02,1346
0.02,1571
0.02,1607
0.02,2
0.02,22
0.02,14
0.02,19
0.02,1633
0.02,881
0.02,1403
0.02,1277
0.02,83
0.02,1105
0.02,1118
0.02,738
0.02,1211
0.02,1334
0.02,1511
0.02,1597
0.02,1532
0.02,1357
0.02,969
0.02,962
0.02,1038
0.02,1519
0.02,1525
0.02,1498
0.02,1
0.02,819
0.02,117
0.02,1190
0.02,1323
0.02,1321
0.02,188
0.02,1490
0.02,61
0.02,1252
0.02,1513
0.02,1241
0.02,1222
0.02,889
0.02,6
0.02,1170
0.02,348
0.02,448
0.02,437
