0.02,1229
0.02,707
0.02,1021
0.02,838
0.02,937
0.02,515
0.02,861
0.02,927
0.02,1144
0.02,348
0.02,979
0.02,1057
0.02,1398
0.02,671
0.02,291
0.02,1130
0.02,138
0.02,762
0.02,1313
0.02,89
0.02,998
0.02,613
0.02,994
0.02,1042
0.02,1013
0.02,334
0.02,1123
0.02,1101
0.02,1287
0.02,973
0.02,1209
0.02,856
0.02,442
0.02,730
0.02,1029
0.02,430
0.02,203
0.02,624
0.02,1034
0.02,873
0.02,838
0.02,358
0.02,115
0.02,425
0.02,1152
0.02,330
0.02,1098
0.02,895
0.02,887
0.02,788
0.02,1078
0.02,1181
0.02,179
0.02,414
0.02,772
0.02,1191
0.02,97
0.02,330
0.02,480
0.02,224
0.02,532
0.02,513
0.02,1308
0.02,76
0.02,554
0.02,1099
0.02,1362
0.02,583
0.02,349
0.02,598
0.02,827
0.02,1058
0.02,826
0.02,467
0.02,880
0.02,1033
0.02,1300
0.02,27
0.02,1055
0.02,584
0.02,1165
0.02,1178
0.02,747
0.02,611
0.02,1313
0.02,1075
0.02,95
0.02,872
0.02,1079
0.02,658
0.02,914
0.02,599
0.02,1092
0.02,34
0.02,228
0.02,1137
0.02,354
0.02,425
0.02,79
0.02,976
0.02,575
0.02,1230
0.02,950
0.02,1015
0.02,956
0.02,480
0.02,961
0.02,483
0.02,747
0.02,979
0.02,1118
0.02,1068
0.02,1007
0.02,1008
0.02,675
0.02,810
0.02,339
0.02,1003
0.02,805
0.02,742
0.02,1172
0.02,555
0.02,869
0.02,846
0.02,743
0.02,1204
0.02,4
0.02,1245
0.02,712
0.02,805
0.02,781
0.02,706
0.02,1137
0.02,1303
0.02,723
0.02,527
0.02,627
0.02,569
0.02,232
0.02,850
0.02,898
0.02,1163
0.02,1177
0.02,821
0.02,529
0.02,1316
0.02,1340
0.02,1140
0.02,1003
0.02,27
0.02,690
0.02,1222
0.02,1030
0.02,555
0.02,579
0.02,705
0.02,1048
0.02,1022
0.02,1076
0.02,99
0.02,776
0.02,1097
0.02,955
0.02,654
0.02,926
0.02,842
0.02,267
0.02,417
0.02,694
0.02,603
0.02,1155
0.02,1128
0.02,813
0.02,1163
0.02,738
0.02,964
0.02,1324
0.02,357
0.02,41
0.02,824
0.02,1057
0.02,1185
0.02,1013
0.02,1252
0.02,678
0.02,901
0.02,1113
0.02,836
0.02,1214
0.02,98
0.02,157
0.02,1075
0.02,545
0.02,883
0.02,777
0.02,305
0.02,566
0.02,887
0.02,1024
0.02,455
0.02,645
0.02,243
0.02,1100
0.02,1177
0.02,184
0.02,969
0.02,62
0.02,355
0.02,889
0.02,1351
0.02,1263
0.02,527
0.02,222
0.02,1043
0.02,1032
0.02,233
0.02,663
0.02,1253
0.02,808
0.02,987
0.02,260
0.02,1306
0.02,1123
0.02,1239
0.02,829
0.02,277
0.02,422
0.02,1054
0.02,912
0.02,906
0.02,1265
0.02,1284
0.02,8
0.02,439
0.02,789
0.02,1179
0.02,200
0.02,382
0.02,568
0.02,928
0.02,1270
0.02,798
0.02,619
0.02,1203
0.02,970
0.02,1183
0.02,726
0.02,1014
0.02,892
0.02,79
0.02,322
0.02,478
0.02,1110
0.02,651
0.02,1144
0.02,1031
0.02,634
0.02,712
0.02,762
0.02,1144
0.02,1218
0.02,412
0.02,1147
0.02,1290
0.02,1107
0.02,392
0.02,854
0.02,773
0.02,1125
0.02,670
0.02,798
0.02,573
0.02,85
0.02,1345
0.02,477
0.02,1289
0.02,1315
0.02,1183
0.02,364
0.02,944
0.02,727
0.02,1189
0.02,600
0.02,227
0.02,1059
0.02,1211
0.02,297
0.02,593
0.02,906
0.02,1074
0.02,1165
0.02,982
0.02,1168
0.02,990
0.02,418
0.02,304
0.02,850
0.02,824
0.02,1027
0.02,876
0.02,171
0.02,1150
0.02,1241
0.02,1247
0.02,54
0.02,894
0.02,656
0.02,1260
0.02,1056
0.02,501
0.02,58
0.02,1273
0.02,1321
0.02,1005
0.02,1212
0.02,1182
0.02,1127
0.02,654
0.02,1236
0.02,1142
0.02,636
0.02,767
0.02,850
0.02,678
0.02,1346
0.02,1272
0.02,936
0.02,1112
0.02,753
0.02,594
0.02,217
0.02,819
0.02,233
0.02,72
0.02,1024
0.02,71
0.02,1108
0.02,794
0.02,1333
0.02,1201
0.02,817
0.02,1145
0.02,1253
0.02,875
0.02,1202
0.02,737
0.02,370
0.02,1205
0.02,619
0.02,1209
0.02,1247
0.02,159
0.02,58
0.02,873
0.02,349
0.02,1011
0.02,1257
0.02,1012
0.02,1210
0.02,1161
0.02,285
0.02,1004
0.02,327
0.02,467
0.02,894
0.02,1184
0.02,908
0.02,599
0.02,963
0.02,914
0.02,821
0.02,493
0.02,521
0.02,480
0.02,1294
0.02,655
0.02,745
0.02,930
0.02,107
0.02,1131
0.02,957
0.02,1081
0.02,1045
0.02,414
0.02,1058
0.02,1057
0.02,1077
0.02,670
0.02,795
0.02,486
0.02,1170
0.02,645
0.02,1017
0.02,1161
0.02,910
0.02,563
0.02,673
0.02,343
0.02,1039
0.02,989
0.02,1285
0.02,1076
0.02,1164
0.02,1158
0.02,213
0.02,1103
0.02,659
0.02,1002
0.02,885
0.02,1039
0.02,683
0.02,1315
0.02,656
0.02,52
0.02,670
0.02,471
0.02,931
0.02,749
0.02,1047
0.02,19
0.02,186
0.02,955
0.02,1137
0.02,1252
0.02,386
0.02,692
0.02,1030
0.02,603
0.02,768
0.02,570
0.02,962
0.02,155
0.02,993
0.02,883
0.02,694
0.02,400
0.02,85
0.02,192
0.02,313
0.02,612
0.02,939
0.02,871
0.02,801
0.02,607
0.02,994
0.02,717
0.02,472
0.02,587
0.02,855
0.02,1123
0.02,683
0.02,1345
0.02,1049
0.02,1056
0.02,102
0.02,1231
0.02,1147
0.02,932
0.02,1245
0.02,553
0.02,802
0.02,1079
0.02,1178
0.02,1141
0.02,960
0.02,1180
0.02,320
0.02,878
0.02,1006
0.02,1345
0.02,1078
0.02,21
0.02,477
0.02,553
0.02,9
0.02,745
0.02,951
0.02,344
0.02,864
0.02,706
0.02,654
0.02,231
0.02,903
0.02,1078
0.02,1053
0.02,559
0.02,876
0.02,865
0.02,738
0.02,1135
0.02,521
0.02,526
0.02,484
0.02,667
0.02,918
0.02,1314
0.02,388
0.02,1274
0.02,896
0.02,1290
0.02,1219
0.02,622
0.02,369
0.02,196
0.02,330
0.02,393
0.02,1143
0.02,1218
0.02,1141
0.02,812
0.02,184
0.02,1071
0.02,1076
0.02,710
0.02,419
0.02,1019
0.02,1056
0.02,1026
0.02,910
0.02,1178
0.02,336
0.02,1111
0.02,1153
0.02,238
0.02,619
0.02,950
0.02,1158
0.02,1255
0.02,640
0.02,1167
0.02,554
0.02,946
0.02,1326
0.02,1283
0.02,47
0.02,1218
0.02,274
0.02,577
0.02,66
0.02,1084
0.02,866
0.02,597
0.02,1196
0.02,387
0.02,47
0.02,657
0.02,284
0.02,684
0.02,1106
0.02,952
0.02,213
0.02,1216
0.02,1067
0.02,821
0.02,506
0.02,713
0.02,597
0.02,1135
0.02,209
0.02,813
0.02,671
0.02,1110
0.02,522
0.02,735
0.02,895
0.02,188
0.02,561
0.02,626
0.02,1288
0.02,957
0.02,637
0.02,1195
0.02,272
0.02,90
0.02,923
0.02,603
0.02,1211
0.02,1039
0.02,757
0.02,741
0.02,911
0.02,1010
0.02,1039
0.02,922
0.02,1104
0.02,993
0.02,1042
0.02,909
0.02,871
0.02,956
0.02,305
0.02,692
0.02,740
0.02,1321
0.02,584
0.02,1145
0.02,1195
0.02,1117
0.02,269
0.02,695
0.02,807
0.02,995
0.02,828
0.02,1268
0.02,968
0.02,411
0.02,395
0.02,953
0.02,779
0.02,1170
0.02,803
0.02,1154
0.02,695
0.02,49
0.02,884
0.02,670
0.02,1245
0.02,1214
0.02,915
0.02,300
0.02,549
0.02,453
0.02,493
0.02,279
0.02,30
0.02,1119
0.02,950
0.02,143
0.02,708
0.02,956
0.02,1114
0.02,469
0.02,406
0.02,595
0.02,701
0.02,237
0.02,431
0.02,1310
0.02,781
0.02,18
0.02,721
0.02,260
0.02,1145
0.02,1366
0.02,325
0.02,1221
0.02,1152
0.02,737
0.02,1176
0.02,150
0.02,1205
0.02,1006
0.02,681
0.02,578
0.02,1131
0.02,838
0.02,776
0.02,1105
0.02,64
0.02,998
0.02,164
0.02,636
0.02,852
0.02,1208
0.02,1082
0.02,1243
0.02,967
0.02,986
0.02,1197
0.02,579
0.02,1233
0.02,1155
0.02,95
0.02,1141
0.02,183
0.02,840
0.02,766
0.02,1021
0.02,228
0.02,143
0.02,858
0.02,265
0.02,1037
0.02,977
0.02,847
0.02,952
0.02,1242
0.02,362
0.02,728
0.02,1004
0.02,435
0.02,664
0.02,914
0.02,369
0.02,883
0.02,38
0.02,1153
0.02,1191
0.02,733
0.02,620
0.02,57
0.02,481
0.02,384
0.02,1169
0.02,124
0.02,1330
0.02,821
0.02,584
0.02,1166
0.02,886
0.02,636
0.02,1036
0.02,144
0.02,398
0.02,301
0.02,515
0.02,1357
0.02,962
0.02,378
0.02,467
0.02,1004
0.02,1194
0.02,785
0.02,693
0.02,878
0.02,773
0.02,371
0.02,807
0.02,518
0.02,1130
0.02,1265
0.02,28
0.02,496
0.02,586
0.02,890
0.02,1104
0.02,739
0.02,1119
0.02,1248
0.02,68
0.02,819
0.02,899
0.02,996
0.02,477
0.02,1116
0.02,92
0.02,737
0.02,1
0.02,356
0.02,994
0.02,900
0.02,1193
0.02,1034
0.02,632
0.02,784
0.02,585
0.02,970
0.02,1110
0.02,973
0.02,551
0.02,1023
0.02,1218
0.02,433
0.02,1171
0.02,148
0.02,1076
0.02,1176
0.02,722
0.02,905
0.02,990
0.02,885
0.02,622
0.02,478
0.02,1032
0.02,908
0.02,1335
0.02,1345
0.02,227
0.02,1179
0.02,983
0.02,467
0.02,818
0.02,932
0.02,942
0.02,762
0.02,151
0.02,393
0.02,1183
0.02,1114
0.02,1127
0.02,842
0.02,951
0.02,1140
0.02,1039
0.02,1348
0.02,1314
0.02,938
0.02,73
0.02,942
0.02,1121
0.02,1328
0.02,393
0.02,94
0.02,1328
0.02,959
0.02,962
0.02,265
0.02,882
0.02,1043
0.02,26
0.02,500
0.02,904
0.02,443
0.02,1159
0.02,330
0.02,381
0.02,301
0.02,1134
0.02,140
0.02,805
0.02,1255
0.02,1122
0.02,1048
0.02,491
0.02,628
0.02,34
0.02,404
0.02,1097
0.02,698
0.02,680
0.02,486
0.02,695
0.02,823
0.02,1243
0.02,1362
0.02,1219
0.02,1101
0.02,791
0.02,888
0.02,906
0.02,938
0.02,108
0.02,1315
0.02,334
0.02,490
0.02,1337
0.02,915
0.02,1112
0.02,1304
0.02,79
0.02,1029
0.02,652
0.02,1219
0.02,756
0.02,235
0.02,979
0.02,930
0.02,1165
0.02,548
0.02,324
0.02,1231
0.02,912
0.02,905
0.02,714
0.02,668
0.02,401
0.02,463
0.02,184
0.02,1242
0.02,1035
0.02,959
0.02,884
0.02,127
0.02,66
0.02,1259
0.02,142
0.02,918
0.02,960
0.02,354
0.02,25
0.02,998
0.02,667
0.02,709
0.02,903
0.02,1276
0.02,1223
0.02,1102
0.02,501
0.02,1280
0.02,1032
0.02,321
0.02,90
0.02,755
0.02,312
0.02,1127
0.02,229
0.02,1222
0.02,798
0.02,102
0.02,890
0.02,779
0.02,1174
0.02,329
0.02,693
0.02,1196
0.02,623
0.02,1110
0.02,249
0.02,874
0.02,982
0.02,1240
0.02,1295
0.02,1046
0.02,223
0.02,1079
0.02,932
0.02,741
0.02,1047
0.02,619
0.02,235
0.02,845
0.02,944
0.02,1117
0.02,1033
0.02,1162
0.02,762
0.02,979
0.02,193
0.02,284
0.02,259
0.02,1133
0.02,860
0.02,608
0.02,1111
0.02,1368
0.02,606
0.02,1153
0.02,1196
0.02,748
0.02,706
0.02,893
0.02,602
0.02,593
0.02,1125
0.02,464
0.02,700
0.02,890
0.02,31
0.02,974
0.02,1025
0.02,831
0.02,1113
0.02,1034
0.02,1163
0.02,981
0.02,15
0.02,492
0.02,602
0.02,555
0.02,1244
0.02,888
0.02,755
0.02,1002
0.02,833
0.02,903
0.02,265
0.02,259
0.02,996
0.02,597
0.02,414
0.02,957
0.02,929
0.02,87
0.02,1077
0.02,1161
0.02,1007
0.02,14
0.02,802
0.02,878
0.02,1185
0.02,1060
0.02,14
0.02,152
0.02,216
0.02,252
0.02,1299
0.02,501
0.02,1203
0.02,877
0.02,617
0.02,1158
0.02,399
0.02,1150
0.02,826
0.02,834
0.02,13
0.02,1028
0.02,975
0.02,855
0.02,1019
