7.0585
37.9319
37.2081
7.18585
7.25912
36.5377
47.6464
33.0714
48.3645
7.03785
7.25333
40.2924
50.6574
49.138
40.7799
38.4325
27.9059
31.6622
47.3993
34.7714
7.35293
50.1794
41.4275
22.144
7.05556
45.9157
7.11028
34.2534
37.7849
47.9289
7.0375
52.5742
7.34187
7.29526
7.31851
7.04657
38.8758
30.5409
45.0713
7.14289
54.03
7.24492
44.5386
7.45613
33.9564
7.62771
39.9068
50.9977
33.8459
41.7148
41.4994
7.28654
59.7473
48.4531
36.8309
8.37637
7.06553
7.08501
7.20431
42.2748
7.21318
7.01478
35.4392
55.7137
7.47363
7.0987
7.10587
44.7914
43.9725
7.31016
39.1197
41.2211
7.12563
39.1461
32.465
49.6305
7.05305
44.0365
45.7757
33.3947
31.2807
55.6576
7.02394
7.10869
53.9607
7.19272
7.01276
7.32987
7.09585
54.7171
39.1893
35.9331
43.6491
32.0087
8.03626
31.8947
7.14256
31.8413
43.6944
50.9145
33.2707
39.6451
7.03319
43.6218
7.08893
39.1025
39.7661
7.00571
7.00934
7.04089
41.1091
39.2391
7.01709
43.5109
36.3644
7.49336
36.5187
34.0406
42.1412
47.6417
7.31711
44.0431
32.6476
51.459
46.1119
35.2349
39.5455
41.6306
24.5323
37.8815
7.0747
7.15949
43.3769
47.2064
7.29732
43.7521
52.9738
26.204
7.14576
7.3704
41.4792
56.6635
50.071
42.2203
36.1653
41.2082
35.6113
48.705
37.3308
7.01089
35.0436
51.4417
52.7028
7.1825
50.3649
42.0715
7.10349
54.5701
44.0268
7.4648
52.0551
44.2166
13.1145
39.0367
43.1896
37.2803
7.01751
7.08887
46.783
7.1302
36.9001
41.4091
7.1743
7.27221
53.7988
7.21286
36.0481
39.6371
7.28376
44.5332
7.09288
39.4353
39.1959
7.23381
7.12142
59.5766
28.4688
39.1222
7.25845
7.23143
7.05144
44.2372
38.2356
7.05664
7.01878
39.572
36.418
39.864
51.3959
9.00566
7.40926
32.956
37.8582
38.1795
33.1599
7.19723
39.6757
33.5774
26.3487
7.19662
34.8653
40.707
41.237
7.18521
43.9484
46.2929
30.9886
7.01909
44.7794
40.5874
47.5259
45.5441
49.3162
63.9555
22.9883
7.45144
47.708
7.10794
40.3197
47.6275
42.1246
7.0264
52.3749
54.3881
7.37881
29.9454
49.4038
7.28016
31.4026
39.4245
7.02247
32.8214
36.7406
72.4076
7.11891
7.29377
32.0586
7.01912
34.2483
35.7085
48.8039
7.33471
7.10447
7.26187
7.13851
7.05296
7.00083
7.33026
44.7306
46.1077
7.07798
7.17813
33.6553
7.57673
60.0565
31.1651
7.02079
47.2439
22.2364
47.8657
46.2379
39.5923
37.3737
40.2044
29.7023
32.792
31.7188
38.2271
8.21096
7.00725
53.8375
50.4369
7.43741
7.33628
7.1858
7.07521
31.7559
7.11976
7.22581
25.4119
7.24257
7.15754
7.22974
46.8627
40.4443
7.10871
40.371
45.3178
50.394
53.2261
7.05467
27.6095
7.02688
41.7367
34.2341
7.90308
7.45029
35.6876
45.5
56.5203
39.2635
49.4381
40.5602
7.5447
7.12316
44.5545
38.8347
23.5057
38.4608
7.6411
7.10225
37.3829
51.5433
36.4115
80.0566
7.2029
49.5979
31.4432
42.6201
32.6336
39.7993
7.12203
52.0026
31.114
7.03182
52.8893
7.04441
36.0547
50.1841
37.8976
32.4914
7.36158
39.2336
42.1108
42.4168
38.6574
26.236
7.04478
7.04469
55.0013
44.1261
60.8688
46.0467
7.10181
56.9143
51.1169
7.0731
33.9098
62.6319
7.3564
37.3945
7.02466
51.3241
38.5369
42.6602
41.3062
38.1167
7.0886
7.51913
45.5093
34.035
39.927
41.8971
7.06177
7.04335
39.7351
46.4991
48.0022
45.0628
54.5662
59.7472
50.0942
33.4382
7.01735
55.4447
42.8752
37.65
50.6557
7.10931
7.06248
54.4211
31.9442
7.00807
7.02517
36.5062
60.0845
7.03826
7.04365
41.0299
48.1053
7.67275
35.7818
7.37881
7.25603
38.3563
41.2148
7.04838
40.6338
39.449
38.32
56.4344
7.04661
45.024
33.39
38.5219
7.1855
41.6935
56.5847
7.15202
48.6471
35.3493
7.06303
7.051
8.65082
7.02699
35.824
33.0665
7.02369
7.05561
7.43101
7.26739
36.7582
40.4166
29.466
40.8608
7.176
41.0941
7.00367
39.4209
39.7286
36.4534
7.1218
7.01798
48.8695
25.8911
38.215
7.02725
50.8728
26.868
8.59751
41.8196
7.00798
7.21117
45.0787
47.8486
34.7034
42.0317
49.9861
28.9719
47.4063
56.3543
7.33278
32.9158
44.377
7.00019
38.8045
54.2663
7.72462
31.7515
36.9674
39.844
44.641
7.1066
49.1574
7.11091
7.3105
46.6728
7.22073
7.0166
7.05382
55.8942
48.3824
7.01584
28.4642
7.14319
7.18721
36.4455
7.14281
7.21587
39.1601
7.00916
34.4806
8.50877
36.4106
37.758
57.3883
7.48741
7.19517
52.5848
7.43689
7.14778
7.04328
41.0661
7.07091
7.08677
39.3115
31.7287
44.3293
43.9414
39.0475
48.9388
33.6667
7.0384
7.05137
7.19712
36.7633
7.03396
46.9896
37.3037
42.4167
7.02317
7.22192
56.9176
36.7723
7.04343
45.1508
44.3704
51
44.2398
48.1169
7.1351
7.158
36.4255
34.132
43.5004
7.02512
60.043
31.0542
44.4892
47.0841
47.0146
46.8255
55.611
7.21317
39.6876
7.09295
7.77885
48.4525
7.37405
44.1019
7.30257
7.16499
28.7259
34.0978
7.09446
7.0012
43.3987
29.5523
9.26423
7.1091
35.6233
32.7059
7.27473
7.09453
50.9664
7.04586
7.1181
30.7964
26.9734
44.198
7.16875
7.18285
7.5831
53.1736
50.6598
7.01121
32.0492
7.22646
7.33688
7.56343
36.2624
33.5422
7.26033
29.7678
36.1021
7.09767
44.9646
35.4656
7.03362
7.14698
29.4776
48.1625
7.11407
46.0229
7.59455
38.4218
25.6328
36.3517
7.00455
7.26492
7.1239
38.5435
53.6907
32.6991
45.2736
7.17058
7.17434
38.1113
7.29017
7.22377
55.2505
48.801
47.6246
31.7557
29.8662
41.6684
7.07788
48.4122
49.3002
32.1977
7.16992
7.02712
47.8422
28.1495
38.303
59.7308
30.7511
7.26533
43.8411
28.9093
49.1808
34.2868
32.8015
7.018
7.00336
7.02883
7.25541
50.8516
7.13902
66.8278
38.7933
46.5807
47.335
48.2539
39.2686
40.434
42.5688
35.2821
7.20083
7.00152
25.0583
7.32682
7.02227
40.5482
7.15095
24.3827
52.9003
40.8648
42.6115
27.53
48.6344
7.1703
38.4862
46.7214
7.07266
37.4404
7.06292
47.9333
42.8048
53.9737
7.04098
7.11699
7.00533
47.2172
40.0195
42.9583
7.0229
7.00476
45.8489
39.5285
50.9922
7.61027
52.7117
31.1176
52.586
47.1163
7.08604
35.6539
35.9246
28.0201
33.7881
47.7586
46.4376
7.09298
42.9971
7.04336
39.7139
61.5889
51.8778
39.3493
40.0386
7.42814
43.4751
41.3206
40.6509
7.36681
35.2536
50.6994
7.27664
59.9244
7.29252
36.4478
38.6271
41.8335
56.3438
41.288
29.0292
33.0248
39.229
7.01407
28.2571
42.8119
41.7223
7.06116
34.1713
7.14821
41.4094
38.4524
45.2163
42.3109
47.4696
35.7706
51.8921
7.20761
7.03836
7.056
7.20238
41.0292
31.2842
7.37667
47.6276
42.3038
8.22734
45.4129
39.6211
7.30879
34.6287
39.9391
42.058
42.557
7.09591
7.82225
39.5716
7.24155
7.07315
37.5746
33.6415
26.1303
37.9442
36.6707
41.9603
33.7305
7.07282
7.11166
39.3898
47.7601
47.1995
40.216
45.9868
7.10008
7.30559
39.4844
38.3375
7.15047
7.16747
35.486
42.0892
36.1244
39.8826
27.4808
35.1011
46.0451
39.1764
39.1699
34.1362
47.823
33.5597
7.16444
25.9725
36.9656
35.3058
7.20506
32.5978
40.6224
7.13537
42.778
40.7719
45.3234
7.13919
42.0577
7.17981
37.4201
7.03373
7.07598
7.06325
55.2152
7.10344
7.14114
41.9221
7.00464
37.8188
7.05217
48.3239
45.6426
35.5035
40.8268
43.1775
38.6355
37.371
7.24169
45.7455
7.38249
35.4166
7.05601
7.20367
7.06455
43.9579
7.07655
32.5449
8.06658
51.9546
36.5764
46.623
36.7294
7.07548
49.4166
37.9609
31.7447
20.2647
49.8768
41.5551
7.09938
7.03164
42.5776
44.8039
44.5459
28.6215
7.06926
39.297
7.74097
7.21051
36.7946
41.7616
34.981
30.9993
33.1361
18.6478
43.3977
35.1093
7.08765
7.00306
7.10258
7.02932
7.57996
48.2943
46.1193
45.5359
40.9509
35.7749
45.9267
49.5283
7.52567
37.0426
39.6209
32.9786
39.0608
7.18787
7.08372
7.13466
7.11632
37.6419
7.22075
36.8872
62.4144
7.1194
34.8
7.06968
47.4276
7.12493
40.5565
29.5483
38.1671
33.9075
43.1904
39.0732
35.3467
26.8733
7.02509
44.1757
40.5579
7.28284
7.31616
30.3483
44.7602
36.8904
40.5457
40.2429
7.12741
40.1552
37.1221
33.4278
7.00074
7.05183
7.02809
37.0112
7.72616
7.06859
48.5728
39.7527
27.3997
49.366
7.06566
30.4654
35.4364
36.3403
43.3304
32.9544
46.7837
7.02058
7.5101
7.67924
59.2599
7.0704
7.15993
7.03312
38.0058
66.404
30.2585
46.0198
41.4552
37.659
39.1476
31.3171
40.4346
7.39278
42.436
40.4802
35.9913
24.9671
61.8713
45.6455
36.3413
7.00486
35.6858
35.4623
7.18894
40.1524
50.3502
38.5411
48.7338
48.2623
7.58657
7.20895
7.18346
41.0532
49.5003
7.16671
7.18525
41.616
7.24897
34.3341
38.1852
7.32867
40.6235
55.0499
26.0866
29.3063
7.13128
22.4962
7.26013
42.0802
38.3139
37.2297
40.2339
43.2159
43.2041
7.36952
30.5508
44.9487
32.6218
36.5383
55.1415
41.8565
42.1106
7.08196
44.3648
8.11867
42.3793
30.7551
36.308
7.13121
50.6233
44.8894
7.0202
7.12346
40.6731
7.34993
28.3759
7.62963
47.5571
46.1213
7.14274
7.05245
32.1295
7.08607
7.061
36.8852
7.1619
43.2198
7.394
7.02046
35.9603
34.9419
40.4003
38.9864
7.46612
7.3685
7.04683
39.4068
7.21753
7.44871
43.2643
49.0477
46.6427
7.12612
42.8041
31.9879
7.00862
43.5468
7.14306
7.36696