1920,12
1918,13
1979,2
1994,4
1894,5
2019,9
1954,7
1894,2
1970,1
1914,15
1959,1
1981,4
2062,1
2079,2
1928,11
1906,10
1997,8
1933,5
1878,17
1898,1
1962,45
1922,9
1949,11
1966,13
1993,1
1948,9
2000,2
1841,1
1907,35
1944,6
1982,6
1972,4
1909,13
1987,16
1936,25
1945,1
1944,7
1939,5
2043,4
1836,1
1942,15
1979,17
1896,7
1884,18
1948,7
1943,13
1970,9
1958,19
1891,9
1896,9
1910,1
1898,6
1890,6
1920,8
1902,6
1973,28
1970,6
1891,6
1872,25
1923,2
1989,1
1923,18
1978,6
2044,4
1963,7
1955,1
1909,35
1981,3
1955,5
1894,10
1864,1
1869,13
1974,10
2066,16
1933,8
1966,12
1938,8
1867,16
1912,2
1969,5
2012,9
1979,7
2037,6
2026,14
1945,8
1919,13
2088,14
1978,8
1998,8
1893,2
1960,7
1902,12
1990,6
1960,1
1978,14
1857,11
1964,7
1936,4
1902,17
1922,7
1907,1
1971,17
2047,15
1879,1
1909,19
1918,10
1895,6
2072,9
1958,9
1895,19
1972,6
1919,11
2036,1
1945,10
1938,2
1889,1
1956,2
2005,5
1982,3
1967,5
1993,5
2006,5
1923,1
1926,2
1988,7
1894,19
2017,7
1897,5
2020,9
1909,10
1990,2
1915,8
1992,23
1960,12
1904,10
1909,16
1920,8
1904,3
1981,10
1990,8
1982,6
1969,8
1928,2
1901,10
1990,4
2001,8
1929,1
1893,3
1864,14
2000,4
2000,1
1916,4
1983,6
1950,6
1899,2
1960,2
1849,13
2019,9
1983,17
1956,21
2006,8
1930,25
1836,26
1862,14
1937,7
1903,3
1932,10
1882,8
2003,4
1975,12
1946,10
1982,2
1945,14
2045,6
1911,2
1869,5
1889,13
1864,4
1962,18
1895,15
1928,25
1879,20
1950,18
2026,7
1905,7
1964,8
1896,1
1954,5
1976,1
1916,2
1816,1
1909,14
2015,1
1941,8
1915,7
1981,2
1933,6
1921,1
1963,2
1949,11
1881,17
1971,10
1943,10
1922,7
1961,3
1877,36
2017,13
1948,2
1971,5
1995,1
1826,35
1924,30
1956,13
1922,11
1952,1
1940,9
1991,5
1869,21
1988,2
2031,2
1973,12
1951,9
1925,7
1880,1
1907,7
1921,4
1867,13
1931,14
1859,2
1878,13
1948,22
1970,19
1938,1
1985,2
1966,8
1964,22
1941,2
1900,2
1989,1
1936,1
1940,1
1971,3
1967,15
1876,17
1993,5
1839,27
1881,12
1956,4
1937,4
1967,5
1916,3
1921,9
2007,1
1905,7
1962,12
1896,12
1890,6
1905,7
1913,26
1964,4
1872,5
1910,37
1823,13
1967,5
1990,2
1856,4
1914,7
1937,16
1951,1
1893,18
1950,2
1894,20
1925,6
1972,1
1939,7
1996,10
1991,23
1973,6
1876,3
1795,53
2030,12
1928,10
1959,12
1982,13
1852,11
1840,2
1987,7
1995,1
1945,4
1882,1
1958,2
1939,6
1940,3
1949,2
1891,8
1940,5
1993,4
1960,3
1959,1
1910,5
1939,10
1935,6
1945,16
1870,7
1908,8
1885,11
1885,36
1917,9
1944,2
1861,7
1851,5
1889,6
1897,20
1950,5
1959,22
1886,17
1989,37
1917,21
1984,34
1995,3
1928,39
1955,3
1934,19
1884,4
1904,25
1930,14
1882,10
1964,3
1871,3
1957,8
2053,5
1875,2
2011,4
1868,32
1918,6
1873,10
1858,2
1961,6
1936,9
1893,9
1882,13
1901,4
1870,8
1846,2
1833,11
2027,6
1915,1
1880,11
1894,1
1934,3
1954,6
1907,20
2031,12
1864,5
1905,3
1974,11
1895,8
2022,1
1902,21
1948,1
1934,22
1992,45
1946,5
1883,7
1947,4
1857,10
1926,2
1973,9
1927,2
1980,1
1947,5
1939,28
1960,15
1984,31
1868,16
1870,4
1971,3
1927,5
2017,26
1865,13
1972,17
1920,8
1898,3
1955,4
1983,1
1970,8
1981,3
1969,3
1929,2
2008,10
1923,16
2000,11
1920,2
1935,16
1921,11
1970,6
1867,26
1922,3
1905,20
1806,7
1951,4
1894,6
1955,1
1924,18
1989,3
1808,4
2016,3
1894,2
1819,2
1901,2
1842,4
1942,7
1954,1
1937,12
1956,8
1815,28
1893,15
1963,3
1897,10
1951,14
1967,4
1961,6
1904,12
1889,11
1841,6
1903,10
1880,9
1926,2
2011,2
1887,3
1967,4
1961,5
1915,16
1946,9
1958,1
1901,18
1975,16
1931,8
1893,24
1830,15
1958,1
1874,4
1895,5
1922,20
1931,11
1966,3
1938,19
1830,8
2045,10
1928,13
2016,4
2008,8
1886,21
1919,5
1985,2
2043,1
1925,24
1971,9
1958,12
1934,1
1925,23
1947,35
1953,6
1881,19
1951,16
1873,4
1961,10
2015,6
1925,3
1944,1
1881,23
1866,32
1973,3
1928,4
1907,38
1905,7
1903,7
1892,32
1860,11
1927,2
1916,11
2019,5
1886,3
1843,31
2020,1
1939,17
1890,7
1907,11
1979,7
1943,1
1868,1
1961,9
1972,4
1917,8
2006,12
1883,9
1947,9
1936,13
1907,7
1929,4
1953,9
1855,4
1916,5
1925,1
1843,3
1959,8
1963,3
1867,4
1768,6
1969,2
1946,16
1924,5
1940,21
1937,26
1991,2
1905,9
1990,17
1918,8
1895,1
1870,8
1935,7
1957,16
1974,25
1908,10
1975,2
1915,12
1890,19
1879,7
1920,6
1986,11
1879,29
1975,2
1894,1
1945,1
1931,10
2015,16
1894,22
1909,7
1951,1
1919,9
1913,4
1939,2
1872,5
1984,4
1916,15
2007,11
1995,2
1910,5
1886,28
1849,7
1934,1
1956,16
1892,11
1962,3
1931,1
1914,6
1944,22
1889,28
1903,2
1956,13
1936,4
2033,8
1956,8
1954,6
1934,7
1941,3
1989,4
1858,2
2023,14
1918,11
1903,21
1939,4
1898,11
1855,6
1950,27
1915,2
1986,12
1896,19
1820,10
1976,4
1958,2
1926,7
1924,1
1908,2
1957,6
1991,15
1953,3
1902,3
1944,5
1987,4
1956,9
1814,11
1903,1
1861,9
1915,19
1856,2
1919,3
1918,11
1956,5
1903,1
1850,14
1900,3
1931,5
1905,1
1942,4
1964,3
1903,12
1951,2
1986,5
1939,10
1929,4
1830,18
1960,10
1942,7
1993,11
1991,11
1892,10
1909,24
1937,3
1981,2
1963,5
1848,2
2050,2
1943,16
1971,16
1932,9
1851,4
1967,5
1954,10
1985,1
2001,2
1887,20
1936,4
2016,6
1906,3
1862,18
2033,6
1964,11
1870,24
1820,21
1941,8
1960,12
1870,29
1972,20
1909,8
1929,4
2057,2
1880,4
1956,3
1922,4
1933,9
2059,9
1986,1
1926,17
1926,9
1936,8
1949,2
1891,27
1946,3
1928,24
1985,3
1921,5
1952,25
2000,12
1860,3
1888,50
1910,10
1950,16
1942,4
2003,4
2011,9
2067,3
1976,10
1942,1
1871,10
1880,5
1901,7
1857,19
1938,12
1929,22
1987,4
1982,8
1979,7
1947,20
1920,16
1994,7
1997,24
1952,14
2035,2
1940,11
1898,5
1953,10
1950,3
1898,3
2025,4
2001,1
1870,18
1980,5
1900,5
1949,3
1928,12
1882,13
1911,13
1910,24
1944,13
1895,4
1939,12
1910,10
1930,28
1956,1
1947,11
1916,13
2018,3
1922,4
1919,14
1930,5
1890,17
2069,3
1994,12
1949,6
2009,1
1890,1
1969,13
1961,2
1908,2
1912,7
2053,8
1883,18
1899,14
1957,13
1992,3
1960,9
1967,14
1864,9
2050,11
1897,9
1913,9
1917,10
1829,19
1962,5
1931,2
1872,8
1835,3
1910,28
2011,3
1848,23
1999,1
1997,7
1924,20
1874,26
1870,13
2038,13
1984,1
1886,5
1883,12
1907,9
1842,2
1888,1
1896,4
1868,6
1958,3
1889,1
1947,16
2020,3
1964,6
2029,1
1901,7
2049,25
1910,22
1950,4
1985,1
1912,10
1923,3
1881,2
1897,2
1955,12
2043,7
1852,24
1881,4
1923,16
1931,1
1927,15
1942,3
2014,1
1934,4
1845,8
1957,7
1870,4
1945,3
1993,3
2002,31
1840,21
1932,6
1954,29
1996,8
1861,6
1936,2
1984,17
1900,9
1989,8
1973,6
1952,4
1921,24
1962,5
1926,3
1921,21
1963,1
2035,4
1928,2
1980,2
1844,3
1974,4
1941,1
1925,18
1838,2
2007,9
1911,44
1906,8
1933,26
1981,4
1983,7
1883,4
1853,2
1910,2
1942,5
1911,7
1832,21
1976,7
2042,8
1974,3
1916,4
1929,22
1944,7
1951,6
1949,3
1949,4
1911,14
1961,1
1967,14
1991,6
1954,3
1931,2
1913,13
1945,12
1942,5
1977,3
2011,3
1927,14
2012,1
1937,10
1894,27
1934,41
1885,21
1994,6
1947,23
1899,15
1907,15
1990,13
1892,2
1927,10
1890,14
1875,5
1949,24
1885,5
1956,4
1953,3
1959,2
1937,12
1929,3
1896,3
1925,4
1999,6
1970,31
1959,9
1857,19
2004,11
1943,17
1908,8
1961,3
1989,15
1975,9
1987,5
2028,17
1911,3
1989,9
1945,11
1989,1
1945,10
1921,9
1916,7
1970,9
1892,1
1963,10
1999,3
1892,25
1845,9
1861,14
1853,8
1904,4
1968,3
1961,5
1800,3
1938,15
1901,3
1951,1
1871,1
1979,1
1983,22
1946,4
1923,2
1877,4
1970,22
1996,6
2005,4
1943,1
1896,12
1876,8
1863,2
1986,2
1967,1
1849,13
1896,3
1954,10
1974,12
1918,11
1863,5
2010,5
1930,1
2016,7
1948,6
2034,1
2011,26
1889,13
1965,3
2021,2
1950,1
2029,7
1989,1
1963,4
1952,3
1980,10
1923,20
1970,5
1883,12
1943,15
1931,9
1887,2
1924,2
1922,9
1945,4
1964,29
1971,8
1891,39
1942,7
1946,6
1964,8
1883,3
1953,8
2007,4
1990,21
1967,3
1945,3
2022,5
1895,7
2008,7
1875,10
1904,1
1945,19
1974,2
1920,5
1926,11
1994,6
1987,1
1934,13
1960,3
2015,10
1919,7
1875,27
1930,8
1947,6
1872,27
1966,12
1943,4
1951,4
2000,7
1955,17
1915,8
1928,14
1939,11
1924,17
1961,3
1913,27
1962,1
1954,11
1926,37
1961,3
1941,19
1907,2
1951,21
2011,6
