0,777
0,914
0,259
0,223
0,110
0,432
0,58
0,636
0,279
0,479
0,650
0,804
0,327
0,442
0,503
0,35
0,755
0,797
0,569
0,803
0,523
0,408
0,348
0,38
0,764
0,895
0,852
0,607
0,925
0,530
0,655
0,520
0,291
0,196
0,67
0,171
0,828
0,884
0,811
0,458
0,379
0,745
0,540
0,218
0,281
0,694
0,854
0,755
0,715
0,368
0,720
0,375
0,277
0,80
0,571
0,811
0,621
0,48
0,263
0,110
0,329
0,885
0,748
0,821
0,310
0,590
0,672
0,654
0,254
0,403
0,812
0,279
0,576
0,629
0,493
0,280
0,811
0,714
0,758
0,327
0,143
0,532
0,976
0,500
0,66
0,15
0,53
0,816
0,599
0,535
0,28
0,510
0,727
0,420
0,510
0,809
0,371
0,852
0,715
0,325
0,424
0,900
0,555
0,568
0,752
0,881
0,857
0,424
0,629
0,415
0,292
0,662
0,547
0,881
0,904
0,814
0,745
0,842
0,745
0,112
0,29
0,122
0,874
0,675
0,331
0,741
0,420
0,698
0,252
0,901
0,604
0,428
0,884
0,315
0,399
0,891
0,754
0,55
0,571
0,253
0,572
0,491
0,462
0,699
0,736
0,604
0,238
0,733
0,61
0,917
0,923
0,68
0,167
0,610
0,720
0,670
0,612
0,845
0,544
0,757
0,817
0,366
0,214
0,322
0,516
0,564
0,111
0,564
0,832
0,905
0,725
0,533
0,539
0,650
0,351
0,755
0,493
0,308
0,829
0,630
0,360
0,272
0,618
0,597
0,556
0,208
0,655
0,545
0,646
0,800
0,394
0,916
0,563
0,261
0,577
0,73
0,674
0,600
0,388
0,105
0,604
0,641
0,828
0,580
0,830
0,61
0,768
0,583
0,643
0,691
0,310
0,712
0,761
0,829
0,781
0,472
0,771
0,455
0,549
0,418
0,189
0,724
0,340
0,474
0,112
0,873
0,376
0,699
0,223
0,752
0,257
0,864
0,574
0,866
0,826
0,201
0,564
0,746
0,547
0,168
0,425
0,529
0,397
0,253
0,894
0,482
0,322
0,48
0,471
0,657
0,529
0,520
0,864
0,299
0,799
0,626
0,390
0,661
0,627
0,463
0,634
0,547
0,86
0,328
0,901
0,91
0,177
0,531
0,364
0,119
0,636
0,529
0,396
0,362
0,582
0,105
0,243
0,742
0,372
0,330
0,749
0,452
0,662
0,804
0,564
0,407
0,310
0,789
0,563
0,509
0,335
0,1
0,736
0,593
0,675
0,303
0,431
0,780
0,847
0,696
0,411
0,807
0,427
0,263
0,275
0,710
0,351
0,823
0,826
0,908
0,810
0,261
0,487
0,928
0,710
0,743
0,718
0,795
0,486
0,687
0,599
0,730
0,551
0,531
0,816
0,7
0,508
0,614
0,396
0,683
0,561
0,776
0,808
0,808
0,550
0,191
0,547
0,813
0,834
0,392
0,435
0,96
0,7
0,562
0,798
0,773
0,700
0,794
0,682
0,821
0,494
0,306
0,843
0,122
0,666
0,471
0,766
0,226
0,682
0,872
0,723
0,561
0,669
0,721
0,247
0,357
0,194
0,622
0,832
0,594
0,212
0,550
0,535
0,404
0,432
0,439
0,529
0,809
0,369
0,244
0,76
0,692
0,684
0,721
0,194
0,340
0,527
0,609
0,649
0,804
0,574
0,246
0,190
0,320
0,442
0,662
0,524
0,9
0,494
0,741
0,405
0,835
0,772
0,934
0,646
0,469
0,356
0,709
0,425
0,657
0,287
0,242
0,874
0,814
0,791
0,161
0,604
0,388
0,730
0,516
0,237
0,666
0,808
0,470
0,338
0,803
0,882
0,493
0,451
0,245
0,592
0,599
0,253
0,842
0,542
0,743
0,396
0,558
0,948
0,169
0,143
0,406
0,486
0,276
0,145
0,434
0,427
0,832
0,681
0,836
0,502
0,748
0,897
0,700
0,16
0,349
0,808
0,776
0,786
0,466
0,676
0,699
0,231
0,584
0,597
0,465
0,519
0,558
0,728
0,304
0,686
0,196
0,202
0,327
0,743
0,677
0,662
0,711
0,388
0,755
0,509
0,83
0,196
0,255
0,638
0,603
0,757
0,580
0,636
0,760
0,789
0,646
0,798
0,859
0,365
0,517
0,835
0,70
0,473
0,550
0,636
0,200
0,473
0,283
0,727
0,368
0,904
0,508
0,637
0,865
0,873
0,219
0,646
0,90
0,880
0,668
0,757
0,398
0,187
0,118
0,354
0,342
0,568
0,440
0,470
0,721
0,474
0,775
0,384
0,876
0,126
0,402
0,662
0,238
0,823
0,511
0,728
0,435
0,748
0,747
0,167
0,455
0,582
0,745
0,337
0,513
0,908
0,702
0,192
0,441
0,772
0,664
0,576
0,435
0,562
0,419
0,144
0,205
0,293
0,593
0,25
0,202
0,129
0,667
0,125
0,80
0,706
0,617
0,651
0,381
0,105
0,744
0,805
0,531
0,648
0,190
0,334
0,504
0,363
0,654
0,207
0,365
0,666
0,556
0,819
0,678
0,92
0,515
0,650
0,300
0,363
0,65
0,205
0,517
0,697
0,328
0,767
0,255
0,159
0,706
0,554
0,812
0,385
0,807
0,437
0,381
0,362
0,817
0,446
0,885
0,768
0,527
0,837
0,114
0,640
0,880
0,753
0,464
0,648
0,672
0,766
0,621
0,694
0,780
0,526
0,516
0,130
0,703
0,387
0,783
0,554
0,61
0,74
0,191
0,54
0,935
0,622
0,224
0,746
0,143
0,86
0,424
0,69
0,248
0,453
0,551
0,332
0,930
0,71
0,558
0,583
0,400
0,820
0,663
0,808
0,458
0,424
0,650
0,4
0,709
0,518
0,810
0,753
0,28
0,472
0,812
0,309
0,521
0,273
0,433
0,647
0,415
0,696
0,345
0,254
0,294
0,149
0,539
0,295
0,705
0,739
0,97
0,782
0,580
0,769
0,754
0,458
0,342
0,786
0,624
0,703
0,837
0,624
0,633
0,142
0,274
0,710
0,628
0,394
0,647
0,810
0,94
0,84
0,817
0,294
0,881
0,175
0,397
0,492
0,622
0,482
0,270
0,824
0,829
0,179
0,740
0,472
0,833
0,595
0,660
0,709
0,300
0,560
0,599
0,325
0,38
0,845
0,308
0,819
0,530
0,749
0,44
0,343
0,731
0,402
0,466
0,142
0,252
0,773
0,736
0,927
0,213
0,800
0,791
0,535
0,504
0,820
0,341
0,437
0,564
0,97
0,739
0,676
0,694
0,517
0,569
0,470
0,307
0,611
0,696
0,753
0,886
0,840
0,725
0,472
0,279
0,374
0,812
0,132
0,187
0,381
0,402
0,130
0,658
0,425
0,680
0,703
0,618
0,254
0,601
0,680
0,687
0,278
0,666
0,501
0,821
0,767
0,223
0,666
0,450
0,232
0,887
0,374
0,327
0,841
0,766
0,814
0,401
0,598
0,422
0,316
0,626
0,665
0,287
0,362
0,311
0,813
0,536
0,797
0,234
0,799
0,662
0,166
0,510
0,652
0,610
0,333
0,673
0,20
0,496
0,183
0,209
0,603
0,476
0,763
0,369
0,377
0,736
0,778
0,801
0,566
0,778
0,651
0,746
0,539
0,218
0,46
0,527
0,339
0,465
0,665
0,697
0,137
0,177
0,178
0,743
0,379
0,912
0,38
0,834
0,653
0,967
0,805
0,888
0,434
0,727
0,701
0,142
0,281
0,277
0,499
0,792
0,775
0,721
0,375
0,169
0,621
0,718
0,885
0,456
0,376
0,713
0,370
0,467
0,486
0,356
0,427
0,513
0,189
0,391
0,710
0,239
0,411
0,145
0,722
0,452
0,503
0,842
0,382
0,232
0,742
0,551
0,327
0,471
0,823
0,830
0,460
0,797
0,763
0,568
0,595
0,125
0,246
0,778
0,251
0,521
0,693
0,634
0,572
0,601
0,409
0,333
0,208
0,822
0,199
0,812
0,535
0,452
0,268
0,324
0,775
0,848
0,564
0,676
0,716
0,423
0,611
0,567
0,789
0,548
0,47
0,666
0,721
0,92
0,664
0,609
0,965
0,722
0,706
0,688
0,185
0,581
0,294
0,539
0,570
0,861
0,107
0,500
0,868
0,512
0,437
0,90
0,585
0,743
0,726
0,843
0,866
0,276
0,277
0,817
0,702
0,364
0,409
0,420
0,854
0,843
0,504
0,213
0,762
0,20
0,771
0,497
0,710
0,361
0,276
0,880
0,786
0,688
0,486
0,521
0,185
0,619
0,469
0,904
0,895
0,641
0,916
0,702
0,526
0,391
0,406
0,429
0,220
0,645
0,683
0,476
0,719
0,451
0,646
0,355
