15,1
9,5
12,1
13,2
14,1
10,1
13,1
9,1
11,2
11,1
21,1
4,1
12,1
13,1
17,2
14,3
8,2
10,2
13,1
17,2
8,2
10,1
16,2
15,1
14,2
10,2
10,2
17,2
17,1
19,1
10,2
10,1
3,1
12,2
11,2
13,1
13,1
5,1
11,1
7,2
13,1
7,1
10,1
17,1
5,1
16,2
10,1
17,1
6,1
11,2
9,1
12,1
15,1
12,2
13,1
13,2
15,1
12,1
13,1
7,1
4,1
13,1
15,1
13,1
9,1
10,5
14,2
11,2
10,3
6,1
16,1
10,2
8,1
7,1
10,3
13,2
12,1
15,1
13,1
19,1
14,2
11,2
7,2
13,1
11,1
10,2
8,3
12,1
10,1
8,2
7,4
12,1
10,2
9,1
10,2
13,1
11,1
11,1
12,1
12,1
15,1
11,1
13,1
8,2
14,1
8,1
7,3
16,3
6,2
12,1
8,1
10,2
16,1
9,1
15,2
9,3
12,1
5,1
8,1
16,1
16,1
9,1
10,1
5,2
13,1
9,1
9,3
3,1
10,1
10,1
10,2
9,1
14,1
10,1
11,1
14,1
13,1
9,2
18,1
7,1
10,2
10,1
9,1
10,1
12,1
14,1
13,1
8,1
14,1
12,1
8,1
9,1
14,1
17,3
8,1
8,2
14,1
12,1
12,2
10,1
16,1
14,2
14,1
15,2
11,1
7,1
11,1
9,1
6,1
13,3
11,1
13,1
12,1
12,1
7,1
8,1
8,2
11,1
5,1
9,2
10,1
14,1
13,1
13,1
8,1
9,2
18,1
10,1
10,1
20,2
13,2
8,1
18,1
15,1
13,2
14,2
10,1
19,1
8,1
13,1
6,1
11,1
10,1
13,1
10,1
8,1
11,1
11,2
10,3
10,4
7,3
8,1
10,1
15,2
8,2
10,2
9,1
9,3
7,2
6,1
13,2
8,3
9,1
11,1
5,2
14,2
7,1
8,1
9,1
4,1
11,2
8,1
12,4
11,1
14,1
11,2
11,1
13,3
11,1
11,2
13,1
9,1
10,1
15,1
11,1
12,3
12,1
14,2
8,1
9,1
9,1
10,1
7,1
12,1
10,1
16,1
8,1
8,1
16,2
11,1
9,1
9,1
15,2
7,2
7,2
9,1
10,2
16,1
9,1
6,1
8,5
12,1
9,1
12,1
11,1
12,1
7,1
10,1
17,2
5,1
12,1
9,1
13,1
10,1
16,1
10,1
7,1
16,2
11,1
11,1
12,2
8,1
9,1
12,1
12,1
8,1
9,4
12,1
10,1
13,1
9,2
11,1
14,1
14,1
8,1
12,1
8,1
17,1
11,1
8,2
10,1
8,2
13,1
8,1
12,5
13,2
14,1
14,1
7,1
9,2
11,4
10,1
8,1
14,3
9,1
12,3
9,1
9,1
12,1
18,2
15,1
7,1
11,1
15,1
11,1
7,1
12,1
8,1
9,2
11,1
12,1
11,1
15,1
16,1
11,3
13,2
9,1
9,1
14,1
18,3
7,1
18,2
18,1
12,1
9,2
8,3
10,1
13,1
12,1
13,4
8,1
10,2
14,3
10,1
14,1
17,1
13,1
12,1
5,1
10,1
9,3
15,1
16,1
10,1
16,1
13,1
8,1
10,1
4,1
12,1
10,1
12,2
11,2
12,1
10,1
15,1
11,1
7,1
6,1
13,1
15,3
12,4
10,1
13,1
12,2
15,2
6,1
5,1
7,1
8,2
16,1
10,1
10,2
5,2
12,1
9,1
13,1
6,1
14,1
10,1
14,1
11,1
11,1
10,3
13,1
8,4
6,2
15,3
11,2
17,1
12,1
11,4
7,1
11,1
18,1
14,1
6,1
15,1
14,1
13,1
13,1
11,1
11,2
12,1
10,1
12,1
15,1
9,1
12,1
10,1
5,1
12,1
15,1
7,1
9,2
10,1
11,1
17,1
7,1
10,1
11,2
20,1
10,1
10,1
12,1
6,1
11,1
9,1
11,1
12,2
10,2
8,1
15,1
16,1
8,1
11,1
9,1
11,1
10,1
12,1
26,2
14,1
6,1
13,1
12,1
12,1
16,1
8,2
10,1
13,1
13,1
13,1
11,1
11,2
19,1
9,1
10,1
9,2
5,1
10,2
17,1
6,1
10,1
10,1
12,1
7,2
13,1
12,1
10,3
7,1
8,1
11,1
9,1
6,1
20,1
8,1
10,2
12,2
10,3
13,1
8,1
11,1
11,1
17,2
9,1
8,7
6,1
12,2
15,1
9,3
9,1
7,3
5,1
11,2
7,1
10,1
15,1
9,1
11,3
10,1
9,2
20,2
12,1
16,1
13,1
8,1
8,2
7,1
7,1
9,2
11,3
12,1
15,1
12,1
15,1
8,1
11,1
12,1
7,1
6,1
16,1
17,1
8,1
15,1
13,1
7,4
12,1
14,1
11,2
8,1
17,2
12,1
14,1
7,1
12,1
11,2
12,1
16,1
7,2
9,1
7,1
18,1
7,2
12,1
11,1
9,1
9,1
8,1
16,1
4,2
13,1
8,1
6,2
11,2
7,1
13,1
10,1
6,2
10,3
11,3
8,1
12,1
10,1
8,1
13,1
12,2
14,2
9,1
12,1
9,1
6,1
11,1
19,1
12,1
14,1
10,2
5,1
15,3
13,1
13,1
21,1
20,1
10,1
12,1
12,2
5,4
9,1
12,1
15,1
12,1
19,1
19,1
10,1
11,1
15,1
12,1
10,1
14,2
9,1
12,4
13,2
11,1
9,2
5,3
7,1
6,1
8,1
8,1
11,1
14,1
13,1
9,1
9,1
14,1
10,1
9,2
10,1
14,1
10,3
7,1
7,2
8,1
16,1
13,2
11,1
9,1
9,2
13,2
13,1
7,2
12,1
8,2
11,1
9,1
7,2
12,1
9,1
16,1
11,1
13,3
11,1
8,1
13,1
13,1
12,2
6,2
9,1
9,1
20,2
15,1
17,2
8,3
14,2
9,1
12,1
13,1
6,2
9,3
13,1
13,1
10,2
14,1
20,1
10,1
7,1
8,1
11,1
4,2
15,2
9,2
16,1
9,2
12,1
13,1
13,1
15,3
10,2
9,2
10,1
7,2
10,1
13,2
6,1
15,1
11,1
9,2
11,2
14,2
11,3
10,1
8,1
12,1
15,2
14,2
11,2
13,1
9,1
9,2
11,3
8,1
15,2
6,1
11,3
16,2
7,1
12,1
13,2
11,1
13,1
7,2
8,1
6,1
12,1
10,1
16,1
12,2
9,3
9,3
10,1
12,1
16,2
8,1
5,1
14,1
9,4
16,1
12,2
13,1
17,1
11,1
10,2
9,1
11,2
10,1
11,1
9,1
16,2
16,2
7,1
11,1
9,2
10,1
9,1
13,1
9,1
19,2
15,1
14,1
10,1
10,2
5,1
11,1
9,1
13,1
9,1
12,2
11,4
11,2
11,1
20,1
19,2
16,1
9,1
12,1
6,1
9,2
13,1
9,1
10,1
12,1
13,2
10,2
10,1
8,1
10,3
12,1
7,1
11,2
15,1
8,1
9,1
19,1
14,1
11,1
10,2
13,1
9,1
6,1
8,1
9,1
14,1
12,2
8,2
14,3
10,1
10,1
11,1
8,1
14,1
12,1
9,1
11,1
7,1
10,1
10,1
11,1
4,2
14,2
7,1
9,2
11,1
8,2
18,1
13,1
9,2
12,3
11,1
6,1
11,1
12,1
7,1
15,1
10,3
11,2
16,1
7,1
16,3
9,1
10,3
11,1
14,1
9,2
11,1
17,1
10,1
11,1
11,1
16,3
12,2
10,2
11,2
7,1
15,1
8,1
11,2
12,1
10,2
8,1
7,4
12,1
19,1
8,1
10,1
7,1
10,1
13,1
10,2
9,1
11,1
5,2
12,5
9,1
12,1
11,1
11,1
9,2
13,1
10,1
14,3
17,1
11,2
19,2
14,1
14,1
10,2
13,2
12,1
5,2
12,2
12,1
10,1
14,1
10,2
8,1
10,2
15,1
12,1
13,1
10,2
9,1
8,2
7,1
12,1
13,2
11,1
11,1
15,1
13,1
7,1
10,1
13,1
13,2
9,1
10,1
16,1
12,1
6,1
11,1
13,1
12,3
16,2
15,2
8,1
11,2
20,1
12,1
8,4
16,1
10,3
10,1
8,1
13,2
8,1
13,1
9,1
10,2
10,1
17,2
11,2
13,1
17,2
10,4
9,1
13,1
8,1
10,1
12,3
10,1
12,1
18,1
13,2
14,1
12,1
10,1
8,1
8,1
8,2
7,1
3,1
13,3
9,1
11,2
9,2
7,2
12,1
13,1
8,2
7,1
11,3
13,1
10,1
10,2
11,1
8,2
12,2
16,1
8,2
10,1
6,3
13,3
