677,430
785,236
821,179
721,287
873,50
871,182
585,409
839,146
789,115
383,891
817,10
786,155
622,481
674,309
611,571
554,633
865,203
687,359
764,245
670,394
435,770
503,654
862,57
648,317
670,418
624,389
498,728
805,2
461,746
861,125
771,34
862,156
825,124
868,133
456,784
824,172
481,661
747,242
793,103
721,193
745,178
561,523
615,449
788,277
723,304
762,249
536,660
811,162
849,234
859,122
580,548
814,7
856,148
680,229
857,158
818,82
739,276
728,282
535,649
570,536
805,170
839,71
531,823
414,921
782,63
844,209
795,158
620,589
823,183
715,457
570,574
766,243
713,265
621,479
835,50
572,551
712,151
622,563
820,100
582,489
798,194
569,547
889,11
841,95
827,141
797,253
735,145
880,196
878,12
718,99
845,185
762,249
734,296
789,268
525,633
809,301
674,461
869,44
639,466
736,322
706,249
844,133
664,361
581,538
387,962
475,608
737,246
594,381
777,211
388,831
805,181
687,305
802,44
589,475
656,555
857,72
837,66
816,46
655,380
655,429
568,452
795,143
465,855
383,917
820,29
620,457
492,677
768,190
731,156
907,168
760,163
769,183
624,374
831,110
771,241
686,396
728,246
889,57
781,180
815,128
542,585
636,547
664,409
564,675
619,478
675,379
816,190
494,592
646,281
769,298
897,59
693,262
744,90
486,780
435,803
585,523
547,711
801,152
762,137
868,76
825,125
480,738
547,655
869,61
619,552
618,585
872,32
682,436
427,805
805,137
852,69
446,792
497,794
611,505
668,410
918,152
907,82
805,311
565,498
795,254
922,9
708,157
496,744
767,57
389,969
646,284
799,127
797,74
768,295
894,42
603,517
593,522
816,73
377,828
826,117
634,311
804,145
743,291
896,38
653,345
633,352
452,826
831,243
647,366
814,187
486,678
836,181
618,398
638,382
678,334
893,28
807,275
797,143
771,101
855,23
743,225
682,357
441,698
784,180
710,250
592,647
561,549
718,414
675,450
723,237
788,336
655,455
772,225
596,435
788,379
732,138
734,433
746,264
790,203
814,183
638,197
850,164
509,628
793,87
660,323
495,654
853,28
771,105
542,519
706,351
754,269
856,4
546,654
775,160
773,296
915,71
672,358
686,245
420,961
744,96
753,240
738,290
786,137
703,354
514,575
831,337
775,219
662,367
899,49
683,361
762,354
605,508
661,452
657,325
824,121
791,78
557,601
559,594
405,905
520,749
745,158
531,548
382,1046
382,928
824,26
869,56
757,271
696,415
789,198
958,5
704,316
644,399
770,231
698,305
762,177
442,778
679,399
543,711
578,592
696,324
798,15
779,123
659,269
502,805
545,605
442,788
732,149
769,104
764,173
315,1028
787,91
689,423
766,157
693,171
766,203
856,58
710,433
382,940
723,277
581,516
811,58
590,706
615,473
531,655
508,427
715,300
904,43
843,72
638,407
347,1004
674,235
634,439
747,309
942,10
744,347
743,248
753,42
391,879
623,558
740,365
613,378
701,371
782,231
604,590
466,631
762,95
696,307
729,260
530,730
552,556
487,652
763,280
852,80
739,176
884,140
740,290
687,445
444,838
817,298
755,196
610,551
919,42
619,491
882,117
794,60
806,144
608,528
832,245
740,210
889,23
570,554
724,351
486,634
767,282
709,366
730,382
477,792
508,668
552,569
439,773
619,404
592,524
764,87
339,930
823,158
529,623
587,463
832,176
518,677
802,269
813,89
320,896
782,344
679,415
761,151
360,956
780,315
642,321
795,62
778,175
702,250
883,18
684,205
362,1004
566,639
710,396
845,121
860,93
769,339
536,720
757,272
731,370
916,5
492,740
856,160
562,572
920,8
758,217
571,587
601,485
802,282
498,713
434,863
396,949
793,82
809,320
727,369
597,633
495,721
722,110
713,179
732,333
580,587
549,510
612,465
572,490
843,137
729,422
899,24
764,114
322,909
697,209
757,170
696,268
831,6
599,486
759,78
588,611
692,478
738,477
780,67
542,620
864,84
623,487
684,307
795,143
786,258
828,138
727,268
868,35
739,259
651,351
781,248
825,50
557,568
617,493
821,23
778,170
813,29
700,394
604,483
690,367
777,244
631,422
368,865
759,182
518,850
673,348
744,298
881,49
696,422
642,389
612,509
950,18
725,204
791,252
758,55
693,158
764,226
611,475
785,191
658,496
782,255
689,354
782,251
565,619
799,228
878,19
747,251
595,533
656,380
853,45
868,64
695,409
791,194
838,141
651,464
754,236
689,404
617,519
768,249
825,11
746,271
764,128
760,228
820,164
805,271
851,33
621,451
649,452
749,235
635,411
658,244
633,481
640,330
574,533
882,19
455,843
849,39
682,341
543,473
883,30
623,532
745,456
776,160
604,512
861,29
656,371
737,159
870,52
698,176
693,234
736,268
879,92
374,1046
619,508
882,149
832,152
502,680
496,766
703,284
776,179
849,9
699,283
834,146
692,440
718,262
559,729
627,528
812,151
430,709
525,662
911,84
839,67
779,167
863,15
868,168
452,621
668,382
788,194
567,516
676,365
666,317
804,298
519,623
552,571
532,550
655,272
806,102
853,64
841,90
342,1017
794,263
867,120
643,413
770,194
814,113
844,175
918,7
827,21
774,59
579,393
303,991
561,496
737,220
575,587
632,524
460,763
841,208
703,269
655,464
802,26
635,268
811,137
825,114
601,405
685,321
689,423
243,1174
632,494
548,698
654,371
830,121
735,267
551,492
757,339
846,205
645,378
673,448
818,83
559,599
790,225
810,205
597,495
779,341
841,95
685,309
751,62
879,24
796,124
498,744
800,93
804,92
655,525
739,312
661,374
723,282
857,150
461,675
860,76
552,554
500,790
551,600
670,348
681,551
724,520
883,19
617,483
604,504
812,206
902,75
822,70
603,561
753,215
328,1048
834,104
749,146
689,504
526,486
738,336
787,156
738,421
749,413
812,118
708,505
639,314
789,249
887,17
855,62
607,556
845,84
834,127
234,1192
528,604
574,416
790,165
854,62
486,801
519,578
837,78
379,1012
523,630
436,800
1016,14
641,467
574,573
843,177
831,152
556,652
813,70
828,43
668,395
580,608
907,114
688,269
903,53
825,13
810,99
558,425
773,274
693,510
675,446
715,217
705,235
664,378
528,658
761,172
336,932
875,45
657,413
435,855
792,94
531,567
831,189
875,69
662,256
752,150
607,563
548,713
309,1103
572,605
434,822
665,287
608,638
789,87
676,487
538,648
653,401
622,647
676,283
793,94
675,199
518,745
772,109
527,762
852,73
510,670
504,831
492,595
735,341
906,35
638,414
797,252
672,462
637,499
710,334
761,176
606,538
807,37
678,344
775,80
795,162
937,145
878,91
733,420
592,573
389,858
610,379
650,333
769,6
920,20
822,89
813,145
705,302
467,650
666,359
646,401
702,337
316,909
933,4
784,292
723,259
1010,13
589,462
978,47
773,187
599,599
724,250
898,112
809,75
516,708
535,686
383,871
814,208
702,351
479,772
794,135
652,488
781,253
756,102
763,44
783,168
762,176
645,490
837,86
899,39
824,12
793,158
698,332
449,742
680,489
819,121
357,1051
646,334
275,1093
609,583
756,148
522,638
532,609
576,425
409,1069
910,52
614,492
862,18
905,83
578,701
657,364
778,211
656,478
510,658
827,71
590,446
807,239
800,133
811,121
829,204
814,155
348,962
809,298
666,279
696,146
598,555
709,349
517,552
453,805
614,466
728,431
943,40
877,125
659,430
831,211
866,24
579,561
463,806
686,387
746,183
845,16
622,425
655,590
523,711
529,663
688,436
823,23
792,83
820,331
688,389
396,834
858,101
816,228
689,391
621,475
645,445
535,667
733,231
564,615
878,18
661,247
611,482
805,229
688,308
483,723
666,289
856,50
701,375
745,250
838,412
683,228
754,132
596,516
763,147
767,289
780,24
880,8
575,587
680,398
769,270
802,157
850,44
946,64
765,52
367,928
730,166
770,154
689,405
773,250
883,32
741,293
562,486
808,23
662,402
497,648
733,186
803,297
456,787
726,237
663,336
745,396
906,64
749,242
662,264
639,466
893,79
857,17
800,170
846,51
873,138
743,251
573,553
589,548
730,268
790,75
566,646
670,381
504,768
602,465
636,432
598,575
478,769
557,595
437,917
336,1015
621,415
711,300
781,175
770,231
516,657
818,66
811,58
790,117
817,148
899,18
783,101
608,461
749,284
873,25
836,7
847,36
521,651
555,705
771,247
827,238
574,495
903,9
842,28
462,711
656,230
783,282
801,220
924,73
825,70
504,673
665,511
806,87
784,230
946,16
731,391
927,26
869,100
738,248
859,69
905,8
584,614
470,479
720,402
522,670
245,1165
798,92
815,210
730,298
795,84
645,439
707,389
813,288
763,77
465,882
701,335
857,162
753,311
789,127
821,195
885,13
829,48
548,668
617,527
596,422
744,364
373,889
780,270
686,384
712,367
839,68
772,162
496,725
766,117
864,54
