1391,16
1334,68
1272,28
1281,28
1429,38
1403,9
1343,6
1282,36
1326,186
1317,13
1385,13
1367,85
1357,50
1336,36
1238,110
1312,79
1430,23
1351,47
1161,96
1326,1
1306,49
1299,95
1212,106
1332,21
1317,30
1375,59
1363,7
1309,93
1376,32
1375,59
1431,12
1236,58
1270,28
1213,77
1271,148
1334,38
1347,27
1333,5
1361,16
1318,36
1274,75
1322,9
1269,74
1151,123
1310,63
1334,50
1272,24
1260,125
1341,11
1443,12
1289,13
1328,56
1291,116
1316,55
1303,42
1316,6
1321,31
1357,39
1240,160
1263,72
1334,65
1293,51
1365,39
1369,94
1317,41
1349,116
1270,38
1292,18
1282,28
1447,6
1406,3
1414,21
1412,20
1333,7
1373,27
1381,8
1320,41
1360,30
1282,45
1332,24
1352,47
1404,1
1425,2
1367,21
1376,31
1332,31
1317,82
1315,27
1322,34
1313,12
1302,93
1370,3
1348,1
1224,181
1291,56
1270,35
1373,26
1303,15
1065,204
1337,35
1272,121
1242,94
1362,1
1361,19
1371,13
1394,3
1286,30
1255,71
1290,20
1468,6
1477,22
1286,33
1303,56
1385,21
1346,44
1240,135
1204,76
1389,13
1305,43
1225,64
1441,11
1334,56
1177,129
1265,45
1352,109
1332,90
1218,72
1376,33
1377,79
1358,7
1225,42
1391,8
1364,62
1367,31
1405,24
1257,35
1356,15
1351,14
1286,3
1215,172
1313,42
1325,47
1349,11
1328,20
1363,5
1354,15
1310,69
1309,51
1345,40
1227,180
1334,2
1364,3
1324,16
1338,14
1342,50
1305,26
1317,46
1429,140
1325,30
1424,2
1263,39
1377,35
1310,31
1282,89
1329,6
1411,11
1292,38
1278,75
1274,95
1334,36
1347,7
1314,104
1373,28
1270,106
1358,8
1304,2
1296,167
1367,40
1334,50
1236,78
1215,51
1399,61
1326,32
1247,119
1296,26
1380,69
1298,16
1301,13
1224,190
1322,19
1267,104
1297,21
1302,2
1370,10
1422,29
1289,96
1295,50
1249,58
1313,26
1231,62
1226,94
1404,4
1362,4
1382,89
1396,6
1228,152
1363,106
1309,73
1295,64
1339,85
1406,23
1377,1
1450,2
1407,15
1345,19
1329,59
1244,86
1397,5
1381,36
1215,48
1264,123
1270,3
1303,5
1301,64
1333,9
1282,54
1334,40
1374,17
1320,85
1246,127
1380,60
1405,25
1331,41
1337,20
1340,16
1217,161
1388,2
1349,1
1287,58
1312,51
1294,117
1318,23
1321,58
1405,12
1361,5
1337,9
1341,44
1339,7
1341,67
1395,20
1228,166
1326,12
1324,75
1236,88
1431,16
1362,62
1282,30
1324,82
1239,168
1335,7
1330,6
1395,30
1367,47
1337,44
1278,37
1208,9
1280,2
1359,40
1328,2
1293,65
1336,12
1381,44
1202,59
1352,21
1196,155
1315,5
1389,10
1341,37
1433,5
1338,43
1377,2
1391,81
1328,48
1231,76
1364,8
1440,6
1317,47
1435,7
1335,1
1345,38
1225,126
1268,78
1300,36
1308,32
1319,24
1194,30
1297,7
1208,59
1217,160
1335,8
1285,52
1259,54
1373,59
1345,22
1312,7
1223,157
1374,7
1343,46
1332,5
1322,10
1388,43
1307,13
1347,1
1398,3
1348,33
1387,17
1234,91
1427,25
1224,105
1370,38
1187,63
1261,80
1303,3
1411,1
1316,44
1309,11
1243,191
1356,5
1383,2
1392,112
1348,30
1322,32
1292,72
1335,51
1340,23
1384,29
1356,7
1388,41
1254,59
1430,10
1290,43
1440,16
1303,15
1159,147
1378,12
1306,3
1359,39
1326,31
1181,160
1373,31
1353,41
1337,40
1268,35
1296,15
1425,8
1377,31
1345,62
1346,47
1129,178
1352,32
1258,144
1325,19
1319,23
1301,76
1284,6
1323,1
1295,14
1259,73
1344,5
1382,11
1335,3
1320,18
1391,3
1321,18
1301,55
1310,18
1357,106
1375,13
1303,36
1273,1
1374,3
1366,48
1436,22
1353,29
1291,167
1343,2
1323,22
1298,42
1374,10
1331,18
1298,25
1385,12
1376,36
1252,41
1414,25
1347,9
1280,18
1249,57
1339,38
1342,138
1220,160
1391,107
1249,87
1368,24
1364,2
1398,20
1291,40
1397,14
1274,28
1366,2
1274,112
1269,41
1351,26
1358,6
1330,13
1334,46
1331,13
1280,123
1402,21
1293,126
1350,44
1349,18
1348,36
1372,8
1348,33
1308,36
1316,36
1243,63
1350,74
1410,5
1348,3
1325,71
1268,114
1335,49
1214,128
1477,48
1407,14
1367,13
1242,146
1354,16
1319,126
1365,13
1309,26
1315,17
1296,8
1397,16
1372,1
1306,28
1394,32
1307,9
1353,40
1331,3
1447,1
1277,16
1345,172
1403,26
1428,36
1257,137
1384,10
1310,9
1284,78
1206,57
1445,3
1083,295
1341,90
1382,11
1357,7
1240,16
1346,58
1343,35
1288,40
1337,13
1232,82
1376,38
1275,8
1334,32
1297,99
1207,84
1381,10
1278,56
1292,4
1452,47
1370,3
1332,33
1310,63
1364,4
1286,54
1306,63
1342,21
1339,14
1279,61
1328,21
1354,44
1278,35
1299,38
1330,8
1312,12
1338,7
1159,241
1248,150
1354,39
1430,5
1322,6
1309,69
1419,4
1338,20
1370,73
1359,22
1343,57
1284,99
1184,128
1327,65
1281,56
1357,40
1368,1
1360,22
1267,153
1300,30
1399,32
1266,25
1277,116
1400,17
1337,4
1201,68
1253,30
1291,60
1295,48
1296,28
1339,72
1388,21
1271,3
1366,1
1336,11
1234,98
1244,52
1290,46
1233,55
1336,12
1275,35
1368,4
1310,45
1260,50
1264,72
1232,4
1265,72
1321,35
1303,36
1370,52
1304,3
1200,90
1366,34
1379,14
1422,5
1133,131
1324,32
1381,6
1354,81
1310,57
1250,28
1455,8
1324,73
1370,36
1211,77
1380,38
1417,56
1325,152
1242,196
1371,4
1357,87
1255,57
1287,65
1339,24
1184,172
1232,76
1381,9
1320,119
1308,115
1322,74
1134,141
1373,7
1337,47
1272,87
1251,18
1232,61
1346,6
1228,108
1255,25
1314,21
1343,13
1247,107
1355,8
1341,35
1294,83
1293,117
1262,11
1295,50
1355,23
1413,3
1357,29
1324,19
1263,86
1227,17
1326,11
1304,46
1444,27
1296,3
1341,7
1267,38
1432,21
1237,83
1306,42
1254,18
1272,117
1293,61
1303,61
1333,88
1382,34
1261,115
1268,154
1294,36
1325,44
1326,11
1141,151
1304,45
1310,25
1376,3
1304,28
1338,13
1411,21
1240,153
1185,304
1255,99
1253,30
1276,84
1365,16
1275,7
1351,22
1285,15
1372,38
1409,63
1264,64
1317,17
1338,67
1396,24
1153,300
1223,102
1396,1
1363,82
1367,41
1398,42
1379,9
1342,30
1293,15
1287,32
1383,10
1302,36
1415,13
1346,33
1358,69
1348,27
1262,128
1272,30
1249,44
1333,19
1266,20
1295,8
1440,7
1244,90
1336,86
1356,19
1356,24
1295,7
1355,53
1214,86
1348,37
1323,67
1299,132
1292,20
1322,11
1408,19
1333,19
1235,82
1438,3
1426,34
1327,25
1314,4
1446,35
1360,25
1374,88
1194,180
1394,5
1273,53
1304,34
1312,78
1371,33
1267,15
1282,80
1356,22
1293,23
1243,57
1359,3
1179,109
1417,18
1429,22
1416,22
1281,66
1090,337
1358,16
1275,123
1318,106
1320,31
1317,90
1393,8
1361,7
1373,4
1382,55
1228,29
1316,8
1259,22
1358,18
1251,48
1412,7
1308,3
1315,44
1328,29
1344,11
1375,12
1330,21
1291,35
1386,4
1243,68
1354,88
1304,54
1340,3
1313,10
1321,29
1309,75
1310,46
1332,22
1336,19
1350,38
1313,22
1335,25
1370,48
1400,28
1360,51
1302,54
1224,189
1353,4
1418,15
1292,72
1149,152
1357,100
1295,66
1345,11
1354,6
1297,25
1302,95
1332,52
1369,10
1320,49
1370,7
1287,128
1305,27
1239,53
1294,65
1272,5
1328,18
1393,18
1292,21
1142,217
1332,46
1288,81
1353,31
1314,86
1342,127
1309,74
1328,19
1307,39
1259,112
1359,35
1327,55
1261,19
1253,18
1366,13
1210,180
1295,97
1353,91
1325,56
1368,57
1268,11
1459,33
1305,18
1433,15
1307,3
1240,114
1363,3
1318,22
1288,53
1290,7
1315,89
1372,13
1356,23
1245,88
1316,107
1252,41
1414,12
1334,50
1286,44
1299,27
1304,8
1408,14
1316,2
1309,16
1380,43
1326,42
1368,5
1394,44
1284,26
1252,66
1324,90
1330,3
1331,64
1404,14
1372,8
1371,54
1287,61
1337,2
1253,33
1409,31
1233,176
1392,1
1301,14
1311,39
1332,56
1381,17
1216,60
1298,123
1317,41
1299,32
1257,57
1261,2
1352,42
1285,11
1335,78
1430,56
1305,48
1291,99
1346,31
1307,56
1383,24
1332,30
1299,57
1345,6
1308,74
1352,47
1454,14
1188,57
1449,1
1281,111
1365,50
1256,13
1195,91
1351,36
1332,31
1365,43
1279,88
1208,111
1405,15
1194,140
1342,58
1394,3
1313,43
1281,52
1228,1
1292,119
1267,88
1260,16
1297,27
1288,21
1330,62
1291,115
1302,17
1290,134
1308,25
1449,5
1274,17
1407,37
1343,1
1302,10
1205,13
1336,51
1320,102
1324,28
1345,58
1292,1
1386,43
1339,12
1342,29
1450,23
1250,118
1360,58
1261,110
1449,31
1394,3
1332,152
1295,63
1309,34
1422,21
1236,46
1425,7
1425,69
1347,20
1337,21
1363,55
1319,55
1416,5
1201,103
1355,22
1353,13
1286,50
1345,36
1195,49
1196,140
1305,13
1347,9
1404,4
1339,53
1361,7
1335,13
1374,34
1353,22
1255,174
1292,81
1234,14
1279,82
1062,162
1206,88
1270,190
1289,19
1340,39
1358,40
1316,11
1319,68
1245,103
1362,11
1348,60
1213,15
1342,70
1334,27
1370,27
1373,51
1333,35
1361,24
1152,85
1302,6
1335,1
1343,30
1312,64
1312,9
1285,19
1432,15
1276,42
1345,41
1274,125
1230,42
1362,29
1335,19
1230,131
1342,4
1364,15
1304,4
1296,35
1309,68
1196,55
1267,20
1390,15
1322,17
1207,196
1250,18
1341,108
1384,3
1358,56
1323,20
1415,49
1390,36
1358,1
1340,11
1347,44
1282,2
1292,43
1361,24
1324,31
1290,14
1364,49
1430,43
1348,36
1295,21
1342,46
1324,29
