0,225
0,85
0,286
0,49
0,23
0,160
0,219
0,13
0,122
0,35
0,67
0,377
0,245
0,74
0,47
0,412
0,149
0,218
0,83
0,162
0,131
0,190
0,339
0,42
0,246
0,180
0,3
0,159
0,50
0,71
0,165
0,144
0,4
0,216
0,124
0,56
0,155
0,180
0,85
0,131
0,52
0,25
0,37
0,142
0,170
0,107
0,21
0,98
0,251
0,297
0,112
0,17
0,1
0,86
0,251
0,175
0,65
0,190
0,40
0,220
0,216
0,61
0,156
0,114
0,206
0,172
0,168
0,181
0,237
0,38
0,88
0,15
0,50
0,202
0,330
0,49
0,112
0,176
0,138
0,265
0,174
0,134
0,422
0,31
0,189
0,12
0,157
0,239
0,101
0,58
0,265
0,18
0,99
0,251
0,112
0,149
0,2
0,112
0,66
0,161
0,446
0,278
0,56
0,155
0,159
0,284
0,167
0,109
0,423
0,57
0,185
0,173
0,137
0,52
0,20
0,87
0,200
0,202
0,40
0,162
0,22
0,192
0,10
0,104
0,130
0,371
0,129
0,246
0,14
0,10
0,6
0,100
0,125
0,140
0,120
0,182
0,42
0,129
0,90
0,133
0,223
0,262
0,40
0,32
0,133
0,252
0,180
0,103
0,174
0,214
0,226
0,172
0,90
0,143
0,39
0,69
0,22
0,70
0,23
0,249
0,2
0,183
0,7
0,77
0,97
0,113
0,36
0,278
0,176
0,183
0,9
0,5
0,14
0,4
0,107
0,118
0,143
0,122
0,139
0,261
0,85
0,283
0,240
0,186
0,84
0,72
0,64
0,104
0,14
0,57
0,240
0,250
0,314
0,6
0,138
0,87
0,138
0,453
0,136
0,63
0,20
0,3
0,63
0,190
0,121
0,60
0,54
0,191
0,54
0,10
0,96
0,306
0,261
0,203
0,45
0,67
0,74
0,22
0,5
0,9
0,105
0,227
0,137
0,82
0,24
0,239
0,181
0,156
0,95
0,10
0,38
0,172
0,239
0,76
0,208
0,211
0,44
0,97
0,30
0,88
0,130
0,18
0,43
0,111
0,64
0,20
0,28
0,130
0,53
0,50
0,103
0,58
0,238
0,30
0,97
0,42
0,121
0,111
0,282
0,222
0,31
0,135
0,179
0,69
0,49
0,5
0,263
0,202
0,268
0,18
0,277
0,227
0,144
0,87
0,35
0,6
0,56
0,32
0,61
0,69
0,21
0,165
0,217
0,79
0,22
0,48
0,263
0,235
0,65
0,83
0,12
0,78
0,319
0,245
0,13
0,167
0,302
0,120
0,16
0,83
0,13
0,193
0,36
0,79
0,5
0,24
0,64
0,161
0,273
0,279
0,213
0,101
0,88
0,94
0,258
0,10
0,296
0,92
0,308
0,9
0,127
0,5
0,334
0,302
0,124
0,28
0,60
0,46
0,112
0,342
0,35
0,5
0,148
0,25
0,2
0,173
0,269
0,72
0,16
0,225
0,21
0,148
0,178
0,17
0,217
0,190
0,13
0,118
0,81
0,33
0,28
0,101
0,59
0,35
0,27
0,102
0,202
0,87
0,183
0,25
0,202
0,121
0,88
0,42
0,30
0,203
0,126
0,193
0,7
0,134
0,18
0,92
0,141
0,336
0,108
0,81
0,52
0,82
0,14
0,174
0,26
0,108
0,95
0,196
0,44
0,9
0,44
0,157
0,51
0,107
0,338
0,41
0,123
0,70
0,286
0,13
0,82
0,147
0,5
0,57
0,91
0,84
0,15
0,255
0,109
0,34
0,62
0,255
0,32
0,21
0,37
0,304
0,150
0,123
0,62
0,33
0,53
0,136
0,128
0,91
0,190
0,212
0,119
0,179
0,169
0,79
0,180
0,208
0,72
0,158
0,102
0,216
0,21
0,92
0,272
0,124
0,105
0,191
0,286
0,35
0,232
0,26
0,105
0,273
0,176
0,137
0,105
0,236
0,182
0,104
0,130
0,28
0,20
0,158
0,394
0,163
0,37
0,10
0,138
0,123
0,16
0,29
0,141
0,58
0,6
0,179
0,50
0,119
0,21
0,167
0,169
0,92
0,96
0,93
0,297
0,147
0,71
0,150
0,226
0,15
0,135
0,197
0,66
0,162
0,15
0,160
0,159
0,74
0,310
0,190
0,201
0,44
0,105
0,266
0,224
0,248
0,189
0,80
0,62
0,325
0,116
0,13
0,196
0,80
0,22
0,274
0,153
0,180
0,61
0,259
0,111
0,8
0,89
0,36
0,32
0,36
0,155
0,181
0,202
0,67
0,30
0,203
0,145
0,27
0,64
0,11
0,140
0,185
0,93
0,94
0,80
0,61
0,42
0,78
0,187
0,74
0,207
0,9
0,150
0,202
0,88
0,328
0,28
0,123
0,257
0,161
0,82
0,32
0,304
0,222
0,164
0,46
0,152
0,144
0,91
0,201
0,62
0,198
0,49
0,34
0,287
0,215
0,1
0,163
0,289
0,210
0,80
0,48
0,96
0,143
0,98
0,189
0,38
0,357
0,67
0,60
0,13
0,237
0,196
0,248
0,22
0,104
0,97
0,119
0,110
0,53
0,40
0,95
0,231
0,264
0,148
0,206
0,179
0,151
0,114
0,32
0,223
0,94
0,177
0,17
0,163
0,7
0,66
0,281
0,149
0,52
0,51
0,139
0,103
0,56
0,253
0,91
0,57
0,21
0,69
0,186
0,302
0,5
0,65
0,135
0,334
0,33
0,52
0,250
0,1
0,30
0,150
0,37
0,254
0,29
0,153
0,188
0,99
0,169
0,112
0,77
0,13
0,38
0,12
0,19
0,194
0,180
0,25
0,151
0,292
0,22
0,34
0,28
0,118
0,152
0,92
0,250
0,32
0,299
0,22
0,92
0,75
0,106
0,249
0,153
0,86
0,213
0,73
0,166
0,33
0,43
0,270
0,108
0,222
0,183
0,63
0,83
0,184
0,107
0,33
0,45
0,288
0,62
0,14
0,35
0,49
0,69
0,174
0,50
0,11
0,178
0,117
0,4
0,237
0,86
0,164
0,218
0,8
0,38
0,2
0,43
0,35
0,12
0,206
0,230
0,86
0,55
0,40
0,83
0,270
0,86
0,10
0,202
0,57
0,291
0,314
0,153
0,256
0,196
0,192
0,107
0,158
0,46
0,39
0,8
0,5
0,74
0,26
0,182
0,158
0,89
0,10
0,89
0,188
0,167
0,254
0,93
0,73
0,6
0,27
0,86
0,182
0,303
0,278
0,223
0,56
0,48
0,268
0,183
0,259
0,192
0,65
0,391
0,70
0,11
0,263
0,129
0,40
0,205
0,141
0,121
0,49
0,261
0,274
0,95
0,301
0,72
0,182
0,157
0,14
0,20
0,185
0,118
0,197
0,168
0,116
0,21
0,105
0,245
0,18
0,110
0,145
0,46
0,43
0,79
0,141
0,240
0,71
0,107
0,109
0,212
0,223
0,95
0,270
0,49
0,121
0,8
0,13
0,78
0,235
0,166
0,109
0,228
0,234
0,393
0,382
0,31
0,95
0,298
0,32
0,11
0,144
0,133
0,7
0,196
0,179
0,28
0,36
0,247
0,17
0,99
0,243
0,1
0,191
0,184
0,293
0,25
0,138
0,176
0,175
0,106
0,180
0,334
0,170
0,157
0,165
0,37
0,138
0,50
0,281
0,301
0,6
0,67
0,18
0,55
0,68
0,235
0,3
0,55
0,165
0,402
0,100
0,283
0,239
0,177
0,132
0,91
0,65
0,350
0,13
0,70
0,156
0,309
0,81
0,116
0,106
0,62
0,30
0,89
0,40
0,5
0,208
0,105
0,149
0,79
0,33
0,250
0,159
0,25
0,114
0,166
0,117
0,16
0,94
0,209
0,54
0,209
0,348
0,137
0,106
0,198
0,24
0,213
0,254
0,15
0,65
0,99
0,70
0,9
0,179
0,45
0,43
0,232
0,215
0,112
0,218
0,223
0,39
0,114
0,23
0,59
0,138
0,40
0,10
0,348
0,117
0,135
0,101
0,114
0,138
0,115
0,90
0,62
0,128
0,104
0,44
0,167
0,106
0,28
0,63
0,199
0,6
0,49
0,289
0,107
0,20
0,93
0,175
0,133
0,158
0,66
0,136
0,273
0,92
0,60
0,95
0,101
0,112
0,22
0,105
0,1
0,44
0,160
0,362
0,38
0,80
0,118
0,125
0,160
0,192
0,254
0,249
0,94
0,17
0,370
0,29
0,43
0,41
0,48
0,79
0,40
0,18
0,25
0,232
0,11
0,28
0,269
0,82
0,6
0,397
0,252
0,258
0,134
0,233
0,331
0,367
0,10
0,214
0,90
0,20
0,74
0,158
0,189
0,3
0,110
0,183
0,325
0,67
0,84
0,76
0,129
0,8
0,71
0,28
0,196
