3,1430
0,1494
1,1300
8,1406
0,1471
1,1470
0,1405
0,1460
0,1598
1,1307
0,1471
0,1551
2,1512
4,1476
1,1472
4,1435
6,1371
7,1080
5,1504
21,784
0,1465
3,1432
0,1550
0,1610
5,1503
6,1272
0,1167
0,1595
7,875
4,1432
0,1505
8,1393
0,1559
0,1536
0,1346
0,1617
0,1475
0,1591
0,1477
18,1125
0,1522
0,1507
25,609
3,1410
0,1443
0,1395
3,1554
2,1449
0,1647
0,1638
4,1529
14,990
2,1155
8,1501
15,1132
0,1510
4,1520
0,1215
0,1522
9,1150
0,1572
0,1472
24,137
0,1355
0,1582
0,1442
2,1391
4,1482
8,928
0,1503
0,1533
0,1565
6,692
2,1418
4,1370
0,1352
0,1530
0,1541
12,1252
11,836
0,1557
13,1410
0,1211
0,1197
2,1536
0,1501
7,709
3,1453
0,1530
0,1513
0,1598
0,1427
2,1316
0,1505
0,1470
9,1222
4,1302
13,1224
0,1038
3,1392
1,1477
21,420
3,1329
1,1421
0,1596
0,1404
0,1508
13,1071
0,1392
6,874
4,1369
1,1502
0,1530
3,1171
1,1530
0,1483
0,1409
0,1516
0,1496
1,1497
1,1572
0,1492
3,1540
0,923
0,1546
2,1440
0,1553
5,1409
0,1407
0,1566
2,1421
1,1242
2,1445
0,1504
0,1603
0,1499
0,1541
0,1539
1,1324
8,1341
0,1509
0,1517
0,1534
0,1462
0,1509
4,1103
0,1546
7,1478
3,1491
0,1438
0,1473
0,1544
0,1401
0,1349
2,1527
0,1396
0,1533
10,1098
9,1341
0,1448
7,1329
0,1484
11,1533
0,1437
0,1491
0,1196
3,1337
7,1402
2,1359
0,1554
2,1395
3,1519
0,1513
2,1409
0,1458
13,1520
8,1249
0,1057
0,1601
8,595
2,1573
12,1140
0,1470
0,1524
28,514
4,1366
0,1583
0,1461
0,1578
0,1568
0,1535
0,1570
14,674
0,1390
0,1596
2,1366
4,1561
0,1475
0,1414
0,1393
4,1196
0,1439
0,1528
0,1518
0,1561
0,1649
0,1567
1,1470
2,1526
0,1566
0,1477
0,1493
0,1564
1,1513
0,1588
0,1371
2,911
1,1368
2,1265
0,1482
0,1597
0,1552
2,1547
0,1510
8,1250
0,1541
0,1255
0,1596
1,1451
0,1616
12,869
0,1453
0,1565
0,1479
0,1586
3,1328
0,1465
4,1234
0,1456
3,1526
0,1451
0,1595
4,1443
12,320
0,1559
0,1620
17,894
6,1344
0,1306
0,1471
0,1441
1,1368
7,1046
16,90
0,1554
1,1324
9,1236
3,1279
9,1270
8,1313
1,1548
0,1528
0,1459
0,1579
0,1424
3,1330
0,1521
3,1556
0,1362
17,1505
0,1534
5,1428
0,1505
4,1440
2,1443
0,1503
0,1476
3,1393
6,1378
65,295
0,1552
0,1663
12,845
1,1542
6,1476
9,1123
9,1222
30,877
1,1379
0,1545
0,1483
0,1451
1,1246
3,961
8,1244
0,1585
3,1455
28,588
12,1302
0,1494
0,1518
0,1501
8,758
0,1537
0,1095
3,1486
0,987
0,1566
1,1518
0,1576
1,1528
0,1518
0,1452
0,1491
0,1189
8,1282
6,874
0,1608
0,1564
2,1369
0,1279
0,1563
6,1255
1,1200
5,1175
7,907
2,1427
12,951
0,1641
0,1442
5,1487
0,1603
8,1579
10,922
4,766
0,1451
0,1548
9,1276
3,1358
0,1521
0,1567
1,1444
6,1527
0,1481
0,1476
0,1530
0,1561
3,1515
7,1527
0,1548
0,1528
0,1551
0,1515
44,223
0,1492
3,1485
0,1285
12,1311
0,1609
3,1448
0,1501
4,1302
0,1532
0,1541
2,1444
5,1523
1,1504
0,1440
3,1540
3,1570
2,1431
6,1302
0,1501
0,1554
13,932
3,1297
3,1542
3,948
8,1345
1,1515
16,252
0,1485
0,1592
0,1519
1,1599
1,1489
2,1540
5,1579
0,1585
18,1073
3,1272
0,1430
21,605
8,1129
0,1372
0,1455
4,1186
6,824
30,609
0,1643
0,1577
9,1531
3,1521
0,1495
0,1370
0,1565
0,1542
0,1571
1,1483
3,328
0,1480
0,1415
12,1434
2,1408
0,1539
1,1401
0,1380
5,1326
5,1504
0,1586
1,1397
25,860
1,1548
6,1375
0,1526
1,1610
0,1554
4,1268
1,1444
1,1457
0,1437
0,1579
0,1513
0,1519
6,1435
0,1439
0,1541
8,1394
11,1443
3,470
16,708
0,1518
0,1426
0,1530
0,1496
3,971
21,590
5,1263
2,1412
4,1562
1,1589
0,1330
0,1151
1,1461
0,1578
0,1593
0,1506
1,1524
0,1525
0,1501
1,1155
8,1446
15,1168
2,1480
1,1425
0,1230
0,1449
9,1356
11,1301
1,1176
0,1522
1,1486
2,1004
0,1538
2,1514
0,1616
3,1483
0,1579
1,1416
0,1554
0,1458
1,1429
5,490
0,1606
0,1453
0,1441
0,1325
1,1453
8,1347
1,1500
7,1129
6,1486
4,1325
1,1496
2,1277
5,1435
23,298
4,1415
1,1517
3,1454
6,1224
0,1616
0,1485
0,1416
0,1559
0,1637
7,1169
0,686
0,1454
0,1574
1,1159
0,1493
5,611
3,1449
0,1517
0,1535
0,1595
0,1431
0,1346
0,1634
0,1544
2,1493
3,1395
0,1522
9,1353
3,1455
0,1549
6,1410
0,1536
2,1272
0,1087
1,1386
0,1501
10,1135
0,1458
3,1479
0,1513
0,1575
0,1463
0,1477
0,1548
6,1310
4,1490
3,1395
1,1596
1,1516
0,1560
2,1534
1,1515
1,1515
2,1400
3,387
30,354
0,1478
4,987
0,1443
0,1534
7,1470
3,937
1,1499
0,1525
0,1338
0,1465
0,1497
3,1464
0,1396
2,1446
0,1556
0,1338
0,1524
0,1472
48,261
0,1609
2,1400
0,1450
0,1384
0,1501
10,771
0,1461
0,1543
1,1391
2,1379
0,1515
0,1484
9,964
1,1175
2,1527
1,1430
1,1347
0,1477
0,1411
3,1481
0,1495
0,1497
18,892
0,1581
1,1502
15,1355
9,1005
1,1365
10,1290
0,1529
0,1606
0,1499
7,1556
4,1442
25,915
0,1453
1,1409
0,1564
4,1597
24,266
14,1294
0,1593
5,1392
2,1425
0,1470
0,1573
1,1165
0,1449
0,1470
0,1539
0,1497
3,1521
0,1625
3,1475
0,1407
1,1339
6,1516
1,1263
9,1321
1,1490
0,1419
0,1509
0,1548
1,1480
0,1515
4,1429
4,1498
0,1497
0,1502
0,1487
0,931
0,1444
6,1163
0,1434
0,1534
0,1489
0,1516
19,1165
0,1479
0,1540
0,1428
0,1555
6,1478
0,1581
0,1506
1,1258
0,1532
0,1622
0,1535
1,1499
0,1505
0,1548
1,1504
3,1540
0,1607
1,1311
0,1560
1,1447
2,1429
0,1639
0,1532
0,1519
0,1541
7,1346
4,1596
0,1565
7,1144
0,1531
4,1343
0,1588
0,1564
3,1177
5,1491
0,1462
0,1545
6,870
0,1525
0,1498
13,878
8,1085
1,1281
35,60
0,1532
0,1534
1,1448
0,1561
0,1572
2,1547
0,1539
6,1259
0,1348
5,1428
9,1447
4,978
0,1558
4,698
6,1313
0,1048
0,1472
0,1480
1,1552
5,1487
1,1433
3,1421
8,1347
0,1576
0,1520
0,1429
0,1469
5,1590
0,1572
4,1449
11,1155
0,1605
1,1562
11,1305
0,1551
3,1444
3,1431
1,1505
0,1572
0,1412
0,1514
0,1585
0,1539
1,1532
0,1466
2,1030
0,1565
0,1392
0,1605
1,1483
1,1562
3,1517
4,1222
2,1260
5,1549
1,1487
0,1569
2,1476
8,1248
4,1343
3,1374
1,1495
0,1556
0,1484
2,1379
0,1491
0,1537
2,1500
1,1511
1,1414
0,1485
0,1444
2,1554
0,1234
3,1301
0,1518
0,1500
0,1558
0,1601
0,1564
24,967
6,1472
5,1350
8,1536
8,1228
0,1383
1,1298
0,1496
2,1362
0,1500
20,1174
3,1347
6,1488
10,1020
29,571
0,1399
0,1491
1,1384
4,1220
0,1397
0,1434
2,1377
6,897
10,1479
0,1540
5,1146
2,1583
0,1499
7,1180
1,1520
0,1339
3,1109
0,1493
3,1000
29,495
13,863
0,1529
7,1225
3,1581
0,1552
8,1179
22,731
0,1343
16,1029
1,1442
2,1466
0,1514
3,1021
1,1216
3,1083
0,1499
4,1426
0,1487
0,1543
0,1571
1,1572
0,1329
0,1558
5,1320
0,1560
2,1629
6,1226
0,1451
11,622
21,699
0,1040
5,670
22,343
5,434
0,1641
2,1384
2,1418
0,1477
0,1533
0,1533
2,1484
3,1396
7,1402
1,1512
0,1651
0,1418
0,1429
0,1642
0,1420
12,1129
0,1535
1,1524
0,1462
1,1214
2,1396
1,1531
0,1386
0,1469
0,1362
0,1551
0,1596
0,1510
0,1555
0,1538
26,1093
2,1463
7,711
0,1543
0,1578
0,1506
1,1544
0,1541
0,1526
0,1482
0,1587
0,1421
0,1356
16,34
9,1254
0,1495
0,1561
0,1554
0,1390
2,1560
0,1357
14,393
8,876
0,1616
4,1333
0,1273
0,1586
7,1258
2,1430
0,1537
0,1499
7,1325
3,1421
2,1493
0,1359
13,974
2,1514
0,1415
0,1539
1,1122
0,1455
1,1221
0,1306
30,716
3,1391
0,1529
0,1517
0,1517
2,1244
1,1325
1,1343
6,1551
9,751
0,1592
3,1629
1,1529
13,1150
0,1506
0,1474
0,1591
1,1573
0,1573
0,1529
7,1464
1,1524
3,1386
0,1478
4,1534
0,1553
0,1635
0,1576
0,1529
1,1360
1,1427
2,1468
0,1488
0,1025
3,1354
0,1506
0,1505
0,1509
7,1504
0,1547
0,1574
0,1407
4,282
5,1535
0,1551
2,1354
0,791
3,1503
1,1494
0,1447
0,1614
0,1496
0,1292
0,1614
0,1528
5,1554
1,1493
0,1500
0,1520
0,1468
0,1361
2,1212
0,1498
2,1477
0,1686
0,1439
0,1491
10,637
2,709
4,1470
6,1428
0,1434
0,1516
2,1579
0,1426
35,622
0,1620
2,1512
0,1458
0,1494
5,1239
0,1573
3,1426
8,1195
