1944,9
1992,3
1950,4
2058,10
1980,7
1913,1
2032,1
1957,17
1976,1
2090,1
1929,11
2018,6
1981,7
1987,41
1975,2
1966,7
1970,13
2045,7
2018,1
2058,3
1995,12
2071,3
1920,1
1955,2
1987,6
2006,5
1916,16
2008,5
1929,14
2031,16
1992,1
1998,5
1999,1
2091,3
1965,16
2063,17
1955,5
1911,19
2034,7
1964,15
1951,16
1937,2
1966,8
1961,1
1914,5
1972,1
1933,9
1917,4
2020,1
1958,2
2031,3
2083,10
2063,3
1935,4
2001,1
1968,37
2056,3
1992,7
1981,7
1899,10
1965,1
1883,11
2081,2
1881,15
1981,8
1926,8
1889,2
2084,4
2030,8
2023,5
2029,14
1910,20
2001,8
2088,1
2035,3
2026,6
1971,2
1988,5
2019,7
1971,9
2019,14
1907,11
2024,3
1976,4
1897,20
1965,19
1942,3
1949,1
1971,13
2032,15
1893,1
1983,17
1995,6
1911,5
2120,6
1977,11
1895,24
1948,7
1979,13
2023,1
1993,13
1919,1
1974,2
2022,4
1968,4
1981,2
2045,28
2047,5
1994,7
1903,20
2061,8
2040,2
1930,6
2042,20
1991,15
1975,12
1968,18
1905,7
2024,2
1985,9
1988,1
1922,10
1947,2
2048,10
1923,14
2043,4
2094,1
1978,6
1891,15
1948,4
1953,5
1891,13
2010,8
2029,3
1989,7
1929,7
2051,10
1970,23
1909,13
1962,3
1988,20
1946,13
2013,9
1945,11
2047,2
1993,13
1919,3
2023,13
2089,8
1955,2
1938,4
1932,4
1911,5
1874,4
1981,16
1924,5
2020,18
1937,3
2031,5
1990,22
2019,7
2006,6
1930,23
2000,1
1847,32
2059,1
1960,7
1984,7
2030,2
1942,7
1940,6
1971,2
1975,9
1909,18
1982,10
1980,10
1982,5
2018,3
1895,40
2052,13
1976,2
2047,5
2016,1
1950,29
2002,10
1981,14
2017,8
1943,6
2028,4
1997,9
1995,8
1956,20
1972,8
1883,1
1950,7
1979,4
1985,2
1901,15
1953,21
2004,20
2003,1
2026,10
2042,23
1980,1
2039,1
1878,33
1973,1
2004,3
2025,3
1909,20
1957,9
1925,19
2003,3
2039,9
1941,16
1983,6
1977,4
1961,11
2087,1
1896,7
2039,12
1953,11
1923,7
1969,18
1912,3
2009,6
1975,3
1895,4
1986,11
2019,1
1991,19
2010,2
1937,15
1985,5
2037,1
2012,5
1983,10
2063,20
1988,4
1931,2
2053,9
1977,10
2024,2
2005,22
1884,12
1882,4
2010,5
2026,6
1949,2
2001,2
1935,4
2018,1
1937,2
2001,6
1967,4
2044,9
2048,2
1989,1
1991,2
1976,6
1947,11
1916,6
2029,15
1933,6
1984,9
1938,26
1933,2
1923,2
1834,9
1892,4
1911,13
1944,14
1941,5
2004,21
1969,7
2030,19
1996,34
1978,19
2053,34
2067,2
2010,2
1951,3
1897,3
1921,23
2010,9
1914,11
2001,3
1912,6
1959,10
1933,4
1981,13
1856,34
1967,5
1922,10
1998,6
1980,7
1917,7
1946,12
1938,3
1931,8
1896,3
1865,10
1901,2
2025,8
1947,2
1954,13
1984,13
1956,3
1994,13
1919,8
2057,1
1891,19
2027,1
2014,21
1999,44
1990,4
1877,7
1905,6
1986,1
1962,7
1974,2
2015,1
1996,2
1848,1
1981,24
2031,4
1994,2
2078,28
1907,17
1850,12
2017,1
1922,8
1921,3
2035,3
1987,8
2040,2
1995,4
2010,1
2051,8
2001,17
2036,14
1959,1
1937,13
2018,1
1902,22
1901,6
1983,8
1994,18
2019,3
1882,3
2021,19
1915,18
1922,2
1861,2
1958,2
1873,4
1945,10
1882,16
2010,3
1969,14
1865,28
1922,4
2002,4
2009,16
1978,4
1956,11
1922,16
1895,7
1922,9
1978,7
1936,1
1978,4
1986,3
2026,6
1934,18
1903,36
1976,1
1968,4
1985,17
1952,22
1874,14
2004,1
1948,2
1936,7
1989,4
1971,17
1870,8
1964,11
2040,4
2012,6
1924,18
1997,3
2023,1
2046,2
1940,27
2016,7
1993,6
1985,20
1987,35
1968,6
2049,30
1944,17
2000,16
1932,6
1946,12
1983,11
2066,2
1966,16
1917,23
2018,2
1901,3
2000,28
1922,7
1938,5
1928,33
1886,9
1937,3
1928,2
1968,7
1909,32
2000,2
2006,11
1919,7
1999,14
1995,2
1963,10
1928,3
2024,9
1945,37
1885,1
2043,5
2008,13
1947,8
1948,15
1903,10
1978,5
1987,11
1912,3
1999,5
1974,4
1936,2
1924,2
2033,7
2001,3
1879,2
1852,7
1989,1
1956,16
1964,6
1996,24
2023,1
1957,5
1976,8
1985,2
1903,1
1887,4
2013,7
2027,15
2054,7
1973,11
2006,2
2078,3
1919,7
1962,4
2006,12
1928,43
2002,2
1962,12
1946,6
2005,1
1962,6
1978,2
1938,3
1984,4
2076,6
1978,14
2019,9
2009,2
1931,5
1923,31
1924,11
1959,2
1995,17
1958,11
2043,2
1995,1
1918,6
1985,23
1878,33
1968,4
2079,6
1990,8
1931,5
1970,9
1999,4
2068,12
1970,4
1952,5
1903,12
1865,7
1992,2
2006,12
1951,1
1952,1
2058,15
1939,2
1971,6
1988,4
1970,10
1847,10
1955,1
1883,6
1951,21
1907,2
2014,1
1917,15
1949,2
1969,3
1960,2
2016,2
1936,9
1996,4
2033,7
1939,5
1897,18
2017,9
2009,7
1996,7
1984,2
2020,8
2027,2
2064,11
1918,11
2010,15
2025,2
1937,17
2022,14
1946,7
1860,5
1966,8
1974,10
1987,2
1891,18
2054,8
2006,7
1983,3
2060,5
2009,13
2072,13
1879,31
1917,9
1973,9
1949,2
1971,2
1985,18
1936,4
1980,3
2096,2
1908,5
1950,6
2017,5
1971,3
1961,10
2082,9
1929,15
1961,10
2003,5
1992,2
1946,12
1932,4
1946,4
1986,18
1951,5
1995,22
2015,7
1944,37
1953,9
1949,14
1936,4
2046,3
2049,12
2087,3
2027,8
1899,10
1947,7
1885,19
1956,10
1994,2
2024,10
1978,8
1974,15
2052,5
1974,23
1994,4
1977,16
2125,2
2003,9
1934,5
1940,2
1948,1
2052,2
2007,1
1902,4
2037,4
1905,3
2012,15
1956,3
1963,6
1928,13
1949,1
1969,4
1928,23
1840,8
1885,13
1966,3
1956,13
1971,5
2011,5
1970,35
1965,1
1995,8
1998,2
1931,14
1955,8
1924,23
2105,3
1942,2
1983,6
2042,1
1991,1
2007,2
1949,5
1938,14
1947,19
2023,2
2001,6
1864,6
2036,10
1966,11
1949,7
1982,5
1915,10
1937,5
1879,3
1974,8
2033,3
1877,23
2032,1
2047,8
1984,19
1891,26
2068,14
2042,1
2028,7
1922,10
1954,8
1901,2
1907,1
1992,4
1883,8
1983,3
1957,11
1997,6
1991,5
2024,3
2057,1
1933,1
2082,22
1945,8
1940,18
2006,3
2012,2
1990,10
1946,4
1923,2
1985,8
1900,6
2065,7
1912,15
1990,22
1976,13
2022,2
1875,11
1974,6
1896,5
2013,2
2078,4
1901,15
2009,7
1985,8
1906,5
1943,1
1943,9
2028,19
1942,5
2025,6
2029,2
2023,4
1954,16
1997,4
1917,22
1978,3
2051,4
1863,2
2038,3
1867,4
1961,12
1887,1
2056,4
1943,32
1952,7
1983,27
1962,3
2038,5
1922,4
1915,3
1959,1
1966,6
1955,6
2084,7
2007,3
1943,17
1964,4
1952,6
1953,8
1992,3
1938,9
1993,14
2066,1
1971,4
1982,2
1932,10
1932,13
2027,2
2023,3
1948,12
1968,1
2071,1
1937,10
1948,31
1970,29
1889,22
1989,5
2032,21
1952,1
1907,15
2065,15
1946,2
1972,12
1907,40
1977,12
2015,12
2040,21
2028,3
1994,3
1967,14
1951,9
2063,5
1954,2
2000,8
1995,34
2008,11
1933,22
2058,9
2030,24
1962,8
1999,2
1967,16
2048,3
2082,16
2018,11
1999,9
1975,11
1933,5
2008,1
1889,1
2009,12
1952,10
1957,4
1983,22
1897,5
2034,2
2029,4
1904,8
2055,1
1949,4
1940,1
2040,1
2015,6
1967,3
1971,2
2002,24
1989,6
1917,9
1869,6
1936,2
2023,2
2012,1
1900,12
1922,3
1999,9
2004,16
1960,10
2017,7
1945,1
1993,5
2042,2
2034,26
1973,3
2009,3
2037,6
1990,4
2012,2
1969,1
2004,3
1909,10
1993,10
1991,2
2005,5
2078,3
1972,9
1986,24
2037,11
1940,40
2017,6
1992,6
1967,6
1887,12
1925,5
2053,3
2057,4
1880,6
1957,1
2007,17
2015,29
1968,12
2022,1
2030,5
1943,5
1928,25
1933,7
2011,12
1894,30
1923,8
1980,1
1974,4
1994,3
1929,12
2015,4
1948,6
1955,13
1956,10
1964,15
1980,2
1964,24
1977,13
2014,3
1996,3
1971,21
1953,1
1987,20
2068,13
1959,6
2001,5
1996,13
1961,1
2008,1
2068,1
1864,7
1999,5
2042,5
1965,13
1998,5
1933,26
2036,3
1927,2
1995,5
1933,5
1942,15
1988,1
1971,1
1953,6
2003,14
1993,6
1983,4
2100,1
1930,25
1932,10
2063,2
1972,12
2102,20
2019,3
1911,29
1982,14
1941,9
2007,5
2073,1
2007,28
2061,26
1824,6
2020,3
1972,6
1949,14
1993,7
1995,2
1914,9
2017,4
1993,24
1994,13
2040,4
2083,11
2032,7
1971,22
1933,2
1934,2
1939,9
2058,5
1980,13
1859,2
1984,7
1984,19
2063,19
2002,3
1915,27
1988,5
1941,1
1870,13
1907,12
2033,21
2015,5
1938,6
2052,2
2073,3
1889,10
1918,4
2002,1
2088,4
1912,8
2008,10
1991,10
2003,22
1939,5
1998,6
2058,2
2040,1
2113,7
1989,5
1943,4
1961,2
2004,3
2005,20
1976,2
2033,3
1963,6
2041,1
1998,25
1918,14
1923,12
1977,9
1965,3
1916,27
1961,6
1972,4
2013,8
1980,14
1983,23
1994,4
1931,14
1991,23
1897,13
1984,2
2066,3
1969,17
1952,5
1934,18
1934,17
1943,12
2025,5
1940,8
1880,1
1978,3
1984,4
1973,8
1893,6
1977,14
1958,4
1991,5
1918,13
1973,17
1977,3
1982,20
1997,14
1983,2
2010,8
1970,26
1949,18
1855,3
1941,1
2042,12
2052,10
