710,378
763,279
819,87
909,5
905,1
557,653
874,141
654,316
844,146
735,199
694,412
696,261
867,111
723,268
809,100
726,360
490,688
618,430
689,264
692,321
708,321
552,519
808,7
573,498
883,22
774,59
801,292
859,115
864,115
851,124
790,179
819,93
741,179
703,234
667,384
825,57
779,268
839,78
950,128
894,102
718,307
803,7
837,106
690,152
796,237
853,34
727,268
773,196
600,502
610,502
812,158
871,28
927,32
708,342
788,26
839,133
645,504
945,43
739,359
598,520
895,39
795,120
721,298
601,421
734,106
687,446
845,76
867,50
813,164
854,144
662,444
879,11
896,51
867,118
870,78
593,412
869,187
681,176
608,430
448,752
762,211
671,259
807,173
561,528
843,235
898,17
704,287
893,53
841,99
751,223
626,339
431,829
687,289
756,201
558,504
814,122
662,314
815,178
746,207
726,388
791,72
729,240
856,39
674,245
874,8
826,119
883,33
820,201
826,40
867,12
652,580
826,11
684,346
655,410
568,506
776,181
804,35
936,109
793,152
807,249
792,179
680,134
899,9
826,99
828,83
876,43
839,116
579,448
634,444
705,314
689,507
660,322
756,304
861,113
537,492
925,37
734,166
918,42
920,20
747,187
904,47
751,83
559,549
542,363
570,567
843,6
827,49
768,117
850,114
816,209
714,338
702,322
679,436
494,630
759,214
839,39
900,4
631,433
619,526
744,216
692,272
908,78
788,249
793,226
708,399
499,764
525,654
698,282
820,107
822,63
593,441
814,67
686,308
860,59
922,19
810,141
717,344
820,170
651,265
558,604
841,225
791,134
756,165
913,72
638,361
545,512
829,73
779,168
890,175
680,452
852,23
700,316
519,609
756,207
593,467
740,295
873,3
884,21
703,443
696,348
848,97
790,215
762,384
860,36
776,114
850,43
734,93
911,54
540,550
672,233
687,324
900,10
786,92
623,426
800,178
866,10
601,500
793,214
691,377
933,21
759,154
733,319
659,429
757,192
753,275
557,558
786,185
584,431
739,170
801,178
642,417
901,55
749,176
791,294
645,423
654,453
749,262
859,70
719,295
790,161
874,46
730,374
797,120
509,651
757,137
588,381
429,928
676,441
860,49
736,317
765,276
831,88
808,130
679,317
752,217
783,159
760,183
548,653
584,618
768,241
724,255
797,14
620,420
758,130
717,277
876,6
776,97
773,154
529,676
796,82
748,261
819,99
876,36
851,46
731,353
470,706
794,29
753,206
804,141
453,678
557,345
878,101
823,94
877,32
835,58
876,203
775,182
637,386
715,339
895,11
878,9
836,123
896,41
839,134
755,41
434,587
739,312
743,230
803,213
774,13
795,163
549,587
769,222
860,165
635,499
621,387
756,75
790,67
781,185
548,654
607,433
835,95
631,423
767,155
636,429
724,311
549,424
816,214
787,219
919,39
688,310
880,151
792,63
698,359
882,167
757,210
885,25
747,80
739,184
886,47
499,461
934,15
751,297
790,259
742,350
561,501
658,327
582,525
689,283
737,336
646,310
762,151
752,249
639,424
684,270
831,86
601,480
872,123
818,84
563,571
823,221
789,292
782,33
779,208
650,423
794,221
692,216
814,21
860,87
708,8
830,20
663,193
595,512
882,48
569,648
731,342
786,180
866,80
914,36
796,233
766,197
873,186
848,48
579,543
904,10
768,213
885,61
936,5
519,558
620,362
490,627
916,64
871,55
688,420
569,561
738,170
734,224
675,412
716,284
774,242
734,331
790,137
728,392
892,10
776,307
791,92
426,741
706,184
718,254
671,384
821,7
643,365
758,70
651,513
815,110
852,56
776,50
609,495
688,312
802,119
855,100
733,182
776,220
814,33
873,9
702,378
797,134
759,265
774,116
838,41
711,136
781,162
583,538
794,54
837,28
859,12
816,319
810,108
646,241
553,585
813,228
766,43
700,140
751,156
865,79
664,363
764,310
829,5
708,341
754,308
596,555
761,156
803,121
733,297
721,224
850,38
848,60
949,14
670,322
793,216
879,125
849,100
774,225
716,386
877,142
822,11
848,113
841,151
748,86
713,368
834,129
797,263
819,80
653,363
882,143
732,221
539,599
715,350
611,551
726,230
701,332
892,16
454,697
476,689
783,64
627,327
677,435
741,375
813,114
834,142
668,380
869,161
961,32
828,53
645,310
791,231
432,758
296,1036
707,388
738,208
739,212
863,122
690,373
825,40
704,413
649,421
835,48
487,506
630,472
899,77
704,477
820,116
868,12
801,257
671,346
893,12
614,388
440,793
781,51
887,245
668,315
852,108
706,145
669,315
852,49
570,820
843,54
679,372
841,198
697,257
863,154
931,7
822,20
589,364
413,808
750,200
689,343
630,500
669,466
826,191
751,241
710,367
822,9
645,199
876,83
622,362
711,263
706,375
419,919
775,77
564,573
785,211
841,86
738,180
606,369
776,266
844,116
515,652
620,423
643,315
837,5
648,441
885,81
828,189
742,271
757,44
822,102
916,37
791,51
832,66
682,277
767,212
846,135
777,92
603,469
858,72
471,659
830,9
569,521
738,261
762,316
869,25
735,328
664,397
838,43
800,227
761,183
561,552
582,540
766,127
784,327
728,189
833,58
794,329
825,115
833,110
838,384
692,262
802,190
688,280
653,480
895,52
882,83
676,425
571,486
574,568
553,413
625,368
771,53
848,50
540,655
524,549
478,791
544,539
482,645
998,15
684,347
844,90
780,187
822,99
613,561
832,19
778,286
754,119
764,256
729,365
763,89
857,64
758,143
491,620
881,42
727,235
639,358
794,89
570,464
860,136
896,76
854,51
631,480
663,426
349,874
625,500
726,168
829,189
738,399
797,74
713,341
641,390
687,282
612,521
738,172
718,170
783,98
528,604
805,73
590,536
540,560
511,731
810,138
723,236
703,267
804,206
799,102
713,478
788,215
775,61
814,143
924,129
673,336
882,91
735,182
522,550
738,258
653,293
774,4
822,86
764,138
492,590
914,31
688,269
726,237
934,2
957,12
792,128
865,71
878,87
706,316
979,51
797,181
687,395
773,146
807,63
599,488
548,604
618,497
789,191
835,142
845,86
894,8
651,540
886,103
771,217
631,397
766,64
771,79
787,111
805,132
854,15
626,472
777,111
764,232
704,268
479,645
779,114
689,365
899,50
800,24
696,376
687,262
452,779
688,404
750,141
694,391
708,243
591,383
939,14
722,314
924,49
677,412
867,35
900,35
779,122
804,74
811,194
712,279
828,7
771,78
832,179
854,115
439,698
843,260
675,171
806,126
797,91
709,134
631,496
710,264
693,237
452,768
680,372
758,287
616,542
887,110
751,286
886,104
780,331
792,225
560,660
676,354
690,308
682,423
826,24
916,207
678,355
828,159
334,984
859,105
813,213
721,329
671,401
493,714
828,102
800,145
782,104
857,152
682,297
792,73
732,291
899,279
682,207
780,116
648,437
787,120
656,335
825,133
802,20
868,52
812,96
868,83
840,98
854,33
944,47
770,45
744,168
775,381
822,131
762,185
852,181
884,31
794,169
692,268
809,15
903,70
425,734
754,253
771,134
716,377
818,241
780,149
704,246
766,315
921,57
928,22
722,180
867,57
846,17
864,41
885,91
610,310
637,452
931,115
796,129
784,60
711,293
606,470
702,335
565,646
859,74
797,96
690,413
662,401
842,159
916,9
709,229
855,23
722,448
876,37
886,47
898,18
817,58
745,116
771,269
808,57
898,10
614,487
592,592
850,30
695,215
941,65
825,63
584,540
837,45
828,144
747,267
931,21
874,69
793,103
854,65
888,37
860,37
477,441
897,28
661,345
449,792
789,92
894,55
712,390
774,78
409,852
878,119
859,121
719,159
874,73
736,282
789,111
797,154
884,14
608,447
687,448
682,331
441,710
680,318
871,103
808,82
856,98
543,545
534,607
609,361
728,308
751,166
826,158
774,190
852,30
770,233
741,142
691,214
712,182
747,243
742,270
589,474
907,28
896,62
705,318
603,455
822,152
436,699
553,722
786,195
822,79
563,681
810,251
853,26
810,14
903,39
767,237
851,26
907,18
768,188
692,292
778,240
819,66
839,160
690,324
880,116
853,176
849,49
844,55
456,788
794,127
609,371
617,372
837,151
818,106
788,175
723,317
811,83
918,4
809,130
861,33
661,342
691,286
904,65
940,3
746,191
785,105
889,19
829,94
681,206
809,164
628,430
861,99
598,468
829,37
748,154
519,562
915,78
739,152
876,61
371,822
946,4
677,398
826,238
566,654
627,276
793,190
769,153
734,299
641,338
782,334
591,478
512,504
707,396
776,92
772,86
681,386
637,518
817,49
538,471
818,11
777,244
797,124
822,59
730,268
852,44
791,168
809,139
788,158
778,114
765,160
873,98
766,29
836,95
921,200
702,311
773,168
826,132
699,310
521,711
797,45
880,36
865,131
735,269
554,646
811,186
775,155
682,184
778,214
754,157
754,178
650,454
