6,305
6,696
1,904
1,1127
15,298
7,661
12,192
12,376
1,1113
4,677
3,912
5,473
6,437
4,1004
7,546
4,1003
5,459
3,761
5,873
3,744
2,863
2,992
10,244
2,1026
11,128
2,726
9,274
7,692
8,701
3,738
12,718
10,391
7,866
15,310
0,804
8,283
9,521
5,413
14,153
1,989
2,915
3,749
4,719
4,813
2,883
6,733
12,187
11,143
1,1030
12,77
10,385
3,821
10,745
10,146
3,769
16,91
12,171
2,1130
11,396
3,711
8,535
7,546
8,600
10,643
5,499
1,1033
4,949
7,427
5,831
13,326
9,223
5,524
7,641
8,594
17,241
1,946
9,120
3,689
4,385
5,892
2,1036
4,704
2,945
8,55
3,843
2,692
2,862
3,982
6,720
4,945
5,689
4,1023
11,60
2,1037
8,797
5,710
3,927
0,906
4,437
8,448
3,891
7,678
6,340
7,852
8,566
12,42
4,597
1,1032
8,82
2,1043
0,991
2,812
2,1009
2,761
13,219
2,790
4,858
3,800
9,214
1,926
7,742
5,740
10,184
1,846
5,777
4,919
1,992
7,576
10,142
0,1013
6,888
1,1150
3,902
1,973
8,425
1,896
9,367
7,221
3,704
12,70
7,410
0,1034
2,939
11,304
3,829
4,619
12,253
3,927
0,1139
2,802
2,1006
5,532
4,647
4,773
12,153
6,673
5,765
2,1036
9,241
3,963
5,838
9,395
2,948
7,662
7,642
7,557
2,768
13,52
3,704
2,666
7,432
6,661
2,1029
12,362
2,459
5,620
2,760
7,805
7,671
3,979
4,724
1,815
2,860
8,308
2,587
2,1013
6,654
2,1123
2,971
0,800
9,402
7,147
11,95
3,557
5,495
8,869
9,153
4,830
2,960
6,732
4,834
5,746
1,911
8,700
1,987
2,575
10,362
7,516
1,1042
8,565
10,533
3,818
3,943
7,522
10,182
8,164
5,61
6,568
4,882
4,934
3,855
6,628
2,882
13,93
3,869
11,101
8,502
2,943
4,1047
5,892
2,953
2,1093
2,1001
11,458
1,609
2,952
8,856
1,1073
8,427
4,791
5,466
0,765
2,984
6,389
4,955
3,811
5,577
1,946
4,847
11,407
5,778
3,350
5,910
4,883
2,656
0,1079
6,512
2,1011
1,871
10,360
7,357
17,79
3,708
11,140
11,295
6,547
7,522
7,910
5,918
3,320
2,982
8,475
4,890
4,750
5,415
6,683
4,980
4,644
3,798
5,696
9,205
10,470
1,854
11,368
4,602
2,1019
24,5
1,983
5,612
6,894
8,561
7,245
5,688
2,1016
3,908
3,943
7,621
3,753
9,447
5,599
4,888
4,814
5,396
3,631
9,512
5,550
12,146
8,261
4,879
1,895
11,71
2,888
11,136
3,1031
0,982
10,428
4,964
6,879
14,363
1,1055
3,907
14,54
1,986
11,40
8,449
8,441
3,790
9,782
4,881
4,452
5,827
1,847
5,443
6,559
2,882
5,742
5,751
6,563
2,1083
1,809
2,950
5,665
4,768
14,40
1,907
11,28
11,271
2,827
2,926
3,742
4,979
2,758
5,756
4,875
2,811
3,909
17,71
10,634
8,57
3,833
4,791
13,194
10,506
4,840
12,150
10,209
6,643
0,891
3,891
5,744
3,847
4,921
2,966
8,284
13,57
3,927
4,910
5,537
9,624
10,610
3,878
10,23
1,1043
16,412
6,447
4,814
0,1166
5,708
11,316
2,894
10,175
2,616
1,982
9,334
3,607
7,10
12,385
1,1022
10,421
7,750
2,974
5,848
3,874
9,244
6,814
1,560
2,947
2,855
2,991
2,790
6,611
4,399
7,511
2,972
2,869
7,335
4,537
1,859
3,884
4,260
4,843
7,527
3,710
9,135
2,1063
3,907
2,786
10,540
4,772
11,37
16,58
8,774
3,958
0,873
1,1029
3,913
14,252
9,381
4,669
9,91
2,999
9,404
8,128
1,791
3,725
11,501
1,854
3,856
7,490
6,367
7,771
2,793
10,658
13,474
10,121
11,203
10,288
3,1052
7,459
2,1014
10,260
2,976
10,624
1,987
4,799
5,451
3,987
2,952
2,950
4,603
10,456
3,902
2,762
2,851
7,89
3,608
1,1037
10,183
4,931
4,874
6,677
12,62
15,175
9,482
2,908
9,484
1,899
8,488
5,858
3,786
11,233
5,746
11,390
4,939
5,780
6,844
7,648
3,876
4,688
12,37
14,107
0,866
9,898
3,870
2,783
3,884
13,295
0,942
5,711
6,616
8,539
8,368
8,394
4,387
14,342
5,810
3,768
5,458
7,815
0,1003
8,197
3,504
1,1092
1,733
2,901
5,716
7,524
5,534
5,618
5,907
4,574
11,349
6,347
11,553
2,958
4,674
10,384
12,110
1,1031
4,74
7,785
4,779
12,366
0,866
2,1007
5,901
5,316
5,756
4,864
9,449
17,52
4,915
10,551
1,1009
8,443
6,456
8,476
5,313
4,572
5,839
11,398
1,899
3,1033
3,888
2,898
1,984
10,471
3,662
5,913
2,741
0,964
4,786
7,878
1,922
7,610
3,809
5,404
3,1016
10,193
7,507
11,508
6,688
7,700
4,907
1,748
8,376
1,930
3,1066
7,570
3,875
3,573
12,76
3,1010
1,897
2,768
8,408
5,745
9,648
5,862
9,540
2,961
2,410
3,841
1,1162
11,72
3,844
3,754
13,28
7,408
15,97
6,813
11,613
1,872
6,699
15,483
9,458
0,800
2,1009
11,347
4,820
8,575
7,390
4,753
7,439
9,756
8,581
1,1049
1,1041
4,557
4,758
3,785
2,657
7,697
8,638
13,404
6,590
15,365
16,498
9,700
6,956
3,890
7,604
12,422
13,111
6,534
5,951
3,747
5,787
2,1029
5,612
2,1054
2,684
3,608
13,125
10,129
12,58
8,352
1,1063
6,817
2,971
8,448
1,1012
3,426
3,783
2,966
7,408
12,567
7,425
1,1069
0,996
3,769
9,458
8,684
5,576
1,981
0,906
4,1078
12,118
6,298
14,128
5,920
10,87
6,441
17,90
5,410
6,375
4,843
13,199
11,462
10,317
1,1085
7,505
7,706
3,964
13,549
3,939
7,596
4,767
8,816
3,676
2,706
10,214
7,608
6,513
12,133
17,101
5,643
7,781
2,739
14,28
1,899
1,1066
1,995
9,51
1,963
4,251
8,421
8,554
2,1045
2,825
9,236
1,1013
14,341
4,965
1,1090
2,817
6,827
8,686
5,764
10,478
2,1021
2,896
4,894
6,710
2,944
6,416
5,825
8,677
11,606
3,966
4,743
1,554
6,477
7,407
2,727
2,974
8,434
7,492
4,1007
5,765
8,488
6,13
11,238
8,581
9,100
3,1003
3,725
6,571
6,536
3,582
5,556
0,994
8,534
2,1149
3,526
1,823
3,1000
1,1030
2,907
2,828
3,1002
1,809
5,819
1,840
7,506
1,959
0,956
3,960
7,522
4,885
10,360
8,532
4,853
1,935
4,716
11,80
5,922
10,362
13,201
5,827
2,1040
7,524
7,192
1,1055
2,886
1,955
9,763
1,1126
4,381
7,667
1,968
2,907
5,739
3,811
8,534
9,396
3,899
11,184
3,943
3,890
4,933
5,728
7,481
1,986
7,591
5,831
4,496
1,1041
9,352
6,528
5,758
4,905
2,1164
6,757
13,55
7,522
11,48
3,1065
4,788
7,539
1,1070
3,781
1,979
6,263
9,120
4,828
12,403
5,337
4,728
2,856
1,874
2,1001
6,210
6,869
8,712
5,201
5,887
2,706
4,709
1,824
1,1041
3,927
5,303
2,813
4,843
9,794
6,639
1,1005
3,785
8,231
3,980
7,787
2,879
6,592
12,201
11,109
2,735
0,918
8,612
6,597
4,991
0,754
1,1096
3,953
3,970
5,723
0,1114
10,530
4,983
5,513
4,986
3,1005
7,200
4,792
1,826
0,769
8,185
2,692
2,900
3,617
3,900
3,966
10,213
5,173
5,530
8,80
4,795
11,339
3,854
9,18
12,269
10,580
13,93
7,652
9,471
5,499
8,344
6,599
7,371
9,479
1,1086
9,581
4,908
8,692
4,693
8,368
15,144
7,262
2,678
2,1093
6,806
10,425
7,259
4,624
4,719
14,11
7,775
5,647
5,752
5,652
2,889
3,964
4,948
9,327
11,81
2,613
6,755
10,163
1,863
0,864
10,349
1,928
9,588
10,325
0,903
2,1041
3,440
3,887
8,428
1,945
5,415
3,885
9,272
1,1078
5,1045
6,925
5,688
12,51
3,584
4,790
2,853
5,602
6,729
4,813
8,303
1,519
8,710
8,708
2,593
4,764
3,897
9,66
3,862
5,1067
7,515
2,632
1,954
4,681
3,904
2,929
2,931
7,697
4,980
11,2
2,602
2,632
0,975
8,644
12,19
0,1175
6,568
2,1035
8,100
8,863
5,468
1,972
5,718
11,410
7,712
2,688
