1,1393
5,897
1,1570
6,1148
0,1517
0,1482
4,1241
0,1395
0,1588
20,268
0,1452
0,1513
15,896
10,817
3,1270
0,1553
7,1222
1,1535
3,1368
0,1472
0,1448
1,1303
2,1452
2,1397
6,1262
3,1370
0,1551
6,1217
0,1493
0,1588
2,1472
1,1500
1,1445
2,1493
5,1155
4,1460
7,1337
3,1469
5,1291
7,1114
2,1578
4,1360
4,1167
5,1329
1,1286
1,1511
1,1490
3,1351
1,1450
1,1559
9,977
14,833
1,1415
0,1526
1,1583
0,1513
0,1565
0,1425
6,1312
5,1498
3,1217
0,1494
9,1458
2,1553
1,1468
3,1486
0,1586
1,1543
4,1413
0,1489
10,830
0,1566
0,1552
1,1444
0,1518
15,533
0,1674
4,1465
9,1013
2,1553
1,1509
4,1408
4,1513
7,1063
4,1457
2,1396
1,1499
5,1109
1,1524
1,1395
0,1639
1,1517
0,1547
2,1522
3,1544
0,1513
3,1444
0,1450
5,1369
2,1514
0,1508
3,1295
1,1472
0,1517
0,1529
0,1529
1,1560
0,1540
0,1450
6,1419
10,734
8,1437
4,1490
2,1390
2,1317
1,1421
7,1088
2,1468
4,1389
0,1518
4,1158
0,1494
3,1482
0,1411
0,1531
2,1471
0,1514
0,1519
2,1339
1,1562
2,1428
2,1460
0,1411
0,1606
1,1566
1,1412
17,568
0,1531
3,1396
1,1631
26,211
0,1493
1,1320
0,1553
3,1435
4,1492
0,1551
0,1430
3,1108
1,1509
0,1535
2,1481
4,1340
3,1398
4,1409
0,1647
13,190
1,1550
1,1402
2,1552
1,1472
1,1420
0,1553
7,755
0,1589
0,1538
0,1517
6,1043
7,1449
1,1534
2,1567
0,1553
0,1528
0,1572
7,1293
1,1505
1,1451
1,1429
1,1618
4,1436
0,1587
27,178
4,1507
1,1297
1,1510
8,1118
1,1488
2,1477
1,1483
5,882
0,1570
1,1524
13,648
5,1222
1,1650
0,1449
9,1369
4,1356
3,1403
2,1525
11,1024
2,1510
3,1526
4,1254
3,1448
3,1381
6,1377
1,1471
2,1412
1,1449
4,1443
0,1491
4,1552
0,1554
0,1474
0,1620
0,1489
3,1273
4,1327
3,879
0,1535
11,1036
3,1368
2,1403
4,1392
0,1494
2,1562
0,1473
16,419
0,1496
1,1457
4,1432
17,171
1,1359
4,1173
0,1460
0,1600
13,704
0,1569
1,1439
5,1485
0,1529
3,1214
1,1415
1,1350
0,1539
3,1463
0,1523
3,1249
0,1570
0,1486
2,1541
1,1526
0,1540
10,835
5,1387
4,1185
0,1483
2,1278
3,1502
19,262
2,1528
3,1357
1,1473
2,1487
14,956
4,1371
0,1533
5,1207
1,1407
1,1502
21,43
0,1415
0,1518
4,1365
1,1528
5,1379
0,1563
1,1556
0,1518
0,1513
12,558
2,1465
7,1128
9,887
1,1446
2,1507
8,1153
2,1429
0,1636
0,1522
0,1542
0,1544
0,1486
0,1500
1,1558
1,1453
2,1509
2,1309
0,1503
0,1356
1,1443
0,1589
6,953
2,1404
4,1063
0,1486
5,1324
1,1545
3,1435
1,1424
0,1459
0,1479
9,1320
1,1440
1,1551
1,1559
0,1540
4,1367
4,1284
14,563
2,1518
1,1467
12,800
1,1581
6,1419
1,1444
2,1593
0,1450
0,1617
1,1568
0,1502
0,1609
1,1335
4,1523
1,1573
2,1600
8,1202
4,1398
0,1541
0,1617
0,1495
0,1533
0,1564
1,1522
1,1486
1,1462
4,1423
0,1602
2,1436
1,1343
2,1296
3,1328
0,1439
0,1524
0,1529
0,1615
0,1573
1,1413
3,1474
1,1423
0,1558
1,1484
2,1476
2,1518
4,1078
0,1546
0,1500
18,669
1,1427
15,434
1,1558
1,1496
1,1580
2,1490
23,18
1,1541
1,1570
14,734
1,1389
1,1501
5,1313
1,1439
10,741
0,1568
8,842
0,1547
0,1513
0,1479
0,1448
0,1580
0,1511
10,655
9,1141
8,1169
1,1436
8,1362
5,1301
5,978
1,1418
1,1314
2,1505
0,1510
1,1501
0,1492
0,1597
1,1461
1,1540
0,1569
2,1443
2,1431
0,1550
0,1478
1,1518
0,1391
9,1283
1,1531
0,1521
1,1293
0,1629
6,1334
0,1523
1,1442
1,1330
1,1519
2,1458
12,855
0,1465
1,1385
8,1208
0,1543
1,1486
6,1435
7,1081
10,1261
0,1444
3,1486
0,1637
0,1459
2,1432
24,39
1,1582
0,1521
1,1514
13,1028
0,1544
0,1500
4,1541
1,1324
1,1518
1,1396
1,1545
0,1499
3,1387
1,1417
21,43
0,1530
3,1549
2,1303
2,1553
1,1511
0,1447
3,1506
0,1428
0,1524
1,1600
3,1527
2,1302
1,1456
1,1607
1,1507
1,1481
1,1510
9,1177
9,1057
0,1476
1,1648
0,1443
6,1427
0,1588
0,1509
17,265
8,1205
1,1424
4,1403
4,1274
0,1521
0,1519
2,1229
1,1538
2,1559
1,1442
0,1462
3,1576
0,1608
8,1107
0,1455
1,1439
0,1483
22,52
3,1558
7,1114
2,1494
27,264
0,1480
5,1458
1,1400
4,1314
9,1065
6,1000
4,1488
6,1089
1,1478
1,1157
1,1530
19,308
25,826
0,1658
0,1501
12,444
1,1411
4,1218
0,1608
5,1429
1,1339
2,1433
0,1494
3,1452
2,1500
0,1439
2,1321
1,1521
3,1397
0,1519
0,1545
7,1406
1,1540
4,1373
1,1445
1,1380
1,1552
4,1535
1,1500
0,1531
3,1371
1,1497
1,1471
1,1527
12,957
4,1509
0,1482
2,1376
3,1367
0,1526
0,1492
14,814
3,1481
12,790
0,1547
1,1485
3,1331
1,1511
1,1418
2,1479
1,1559
0,1490
3,1340
5,1367
0,1587
1,1580
2,1397
2,1504
3,1477
1,1517
9,1153
7,1350
2,1482
9,733
8,780
6,1364
3,1403
2,1434
2,1496
1,1484
0,1505
0,1532
1,1566
5,1193
1,1556
4,1542
2,1365
4,1155
1,1563
2,1526
0,1554
1,1451
5,1413
1,1498
1,1383
3,1345
23,230
0,1522
2,1515
2,1571
2,1491
3,1563
16,83
1,1613
1,1432
17,626
0,1474
2,1339
3,1300
0,1527
0,1429
4,1019
1,1546
0,1567
2,1541
1,1418
1,1382
0,1675
8,1171
1,1530
7,1251
0,1550
4,1439
3,1388
2,1400
3,1393
0,1421
5,1274
9,1500
2,1368
0,1465
3,1479
2,1237
0,1556
0,1575
1,1486
1,1435
3,1171
13,497
18,238
4,1349
1,1394
2,1564
4,1289
0,1453
4,1318
2,1380
21,330
0,1569
0,1428
5,1117
5,1406
1,1585
1,1516
1,1555
2,1435
1,1516
0,1552
1,1505
3,1523
1,1260
4,1074
5,1299
0,1532
2,1314
0,1562
4,1343
0,1541
8,782
5,1120
7,1519
1,1478
2,1474
6,1212
0,1486
0,1509
2,1340
3,1533
3,1399
2,1460
10,863
0,1592
13,239
0,1481
3,1563
7,1146
1,1478
0,1613
10,1211
2,1344
26,314
9,1196
0,1529
3,1442
0,1565
1,1474
0,1500
1,1334
2,1390
1,1504
0,1561
10,986
3,1374
4,1529
7,1161
8,1390
3,1360
11,695
1,1454
14,1074
2,1236
24,232
1,1516
6,1149
23,178
0,1600
3,1251
1,1470
1,1543
3,1404
0,1493
9,759
11,513
2,1501
3,1409
1,1490
9,724
3,1238
1,1501
0,1518
3,1431
1,1405
0,1565
0,1505
0,1500
0,1530
1,1372
1,1515
0,1428
1,1471
1,1502
3,1406
2,1460
0,1452
6,1090
0,1494
4,1336
5,1226
14,773
0,1574
1,1449
1,1438
4,1461
1,1404
7,1095
1,1516
7,1170
0,1545
0,1498
0,1498
0,1437
1,1488
3,1468
8,1054
1,1549
2,1367
2,1255
5,1368
0,1586
1,1284
2,1515
1,1540
1,1400
7,862
10,1014
3,1594
0,1573
3,1227
2,1527
1,1509
0,1554
8,772
1,1399
3,1607
11,525
0,1503
1,1500
2,1504
0,1582
1,1566
17,6
0,1441
19,219
4,1427
12,1048
4,1236
3,1376
3,1479
0,1364
0,1387
0,1509
0,1545
0,1496
25,147
5,1276
0,1460
2,1545
0,1701
5,895
0,1591
2,1443
8,1242
2,1399
4,1373
2,1398
1,1402
2,1539
0,1567
2,1409
0,1564
3,1364
0,1480
2,1586
1,1518
2,1364
5,1488
2,1390
2,1509
0,1318
1,1484
2,1359
1,1512
10,885
2,1447
0,1538
1,1468
1,1562
0,1580
0,1525
0,1412
1,1485
0,1514
1,1530
0,1567
0,1494
7,1307
3,1473
0,1612
2,1362
0,1513
1,1506
1,1511
1,1447
0,1569
2,1507
0,1518
1,1586
0,1493
1,1469
5,1351
1,1498
8,1181
0,1583
12,911
11,649
0,1569
0,1548
0,1523
1,1470
3,1486
8,1253
2,1510
3,1194
8,1253
5,1240
4,1307
0,1405
8,1330
1,1546
2,1321
2,1390
1,1584
3,1200
0,1505
1,1361
7,984
0,1538
0,1486
4,1426
1,1522
7,1201
4,1191
2,1427
0,1533
1,1477
0,1537
12,980
2,1392
12,901
1,1531
0,1462
2,1548
1,1605
1,1570
1,1399
0,1574
0,1584
3,1391
1,1498
4,1238
0,1532
5,1454
2,1464
8,1313
3,1217
2,1312
1,1406
8,1010
2,1441
1,1614
1,1584
5,1432
2,1520
1,1504
6,1269
0,1537
1,1530
1,1162
0,1611
0,1556
2,1469
5,1187
3,1440
8,1072
4,1442
6,1383
5,1015
1,1558
15,280
0,1493
2,1421
2,1431
6,1140
1,1542
0,1547
0,1321
1,1529
0,1494
2,1429
0,1512
1,1496
0,1594
3,1242
9,1138
2,1439
3,1402
0,1457
3,1523
0,1613
0,1497
1,1436
1,1482
0,1519
14,656
8,1120
1,1459
10,626
2,1526
1,1388
11,823
1,1559
7,990
2,1493
0,1413
0,1576
0,1481
3,1314
1,1544
0,1363
1,1570
4,1309
0,1603
0,1517
9,822
10,681
0,1490
3,1549
3,1334
4,1478
0,1375
1,1555
0,1481
4,1281
0,1499
0,1508
13,640
