1,1572
1,1601
0,1657
4,1484
9,1474
0,1550
0,1679
0,1607
0,1513
0,1583
1,1599
1,1567
0,1658
0,1484
1,1593
0,1649
0,1648
1,1684
2,1679
1,1584
1,1609
2,1618
0,1587
2,1497
19,254
0,1675
2,1572
0,1635
0,1675
0,1725
3,1618
3,1485
0,1425
0,1650
8,908
0,1544
0,1642
6,1571
0,1709
0,1655
0,1656
0,1558
2,1662
0,1589
7,1351
0,1694
0,1579
23,864
3,1613
0,1579
0,1531
0,1701
2,1508
0,1723
0,1739
2,1571
6,1259
1,1357
6,1576
0,1471
1,1565
0,1571
0,1282
0,1657
0,1371
0,1668
2,1606
0,1516
0,1661
5,1334
3,1549
0,1520
2,1591
0,1580
8,1011
0,1586
0,1641
0,1590
5,886
0,1542
2,1579
0,1512
0,1681
0,1666
5,1437
1,1456
1,1600
8,1658
0,1416
0,1685
5,1674
1,1607
8,1089
0,1642
0,1658
0,1617
0,1664
0,1618
0,1497
0,1641
0,1548
0,1369
0,1542
12,1356
0,1630
0,1241
1,1614
2,1261
17,536
6,1225
1,1659
0,1612
0,1581
0,1333
12,1374
0,1551
2,1497
0,1617
0,1378
1,1627
0,1661
0,1573
0,1655
0,1534
0,1600
0,1621
2,1596
0,1628
0,1638
2,1623
21,356
0,1668
1,1543
0,1605
3,1498
0,1554
12,1209
0,1690
1,1520
0,1552
0,1481
2,1612
0,1562
0,1721
0,1640
0,1673
0,1612
0,1542
0,1460
0,1706
0,1661
0,1657
0,1574
5,1572
0,1687
1,1265
0,1644
2,1592
2,1578
0,1559
0,1559
0,1584
0,1640
4,1550
0,1528
0,1529
1,1626
0,1534
0,1624
5,1317
0,1667
0,1599
6,1480
0,1709
1,1621
16,981
0,1568
9,1309
2,1530
4,1571
1,1479
0,1618
5,1572
0,1439
0,1622
0,1663
1,1531
0,1549
4,1691
2,1470
0,1671
10,1593
0,1695
15,1230
0,1666
6,1529
1,1483
0,1671
5,1533
0,1682
0,1664
0,1624
0,1435
0,1611
1,1451
2,1681
1,1478
3,1603
0,1606
0,1665
5,1489
0,1748
0,1467
1,1591
2,1548
0,1581
0,1684
0,1659
11,1487
0,1755
0,1664
2,1678
1,1656
0,1609
0,1649
0,1632
0,1643
0,1634
4,1284
0,1717
0,1127
3,1538
0,1397
0,1569
0,1646
0,1511
0,1597
2,1649
0,1608
0,1741
0,1698
2,1643
0,1682
9,892
0,1593
0,1594
0,1628
6,1693
1,1433
0,1657
1,1391
0,1628
0,1584
0,1644
0,1547
0,1656
0,1682
5,1579
1,1634
0,1603
0,1647
0,1593
15,996
0,1488
1,1513
0,1272
0,1518
0,1573
0,1515
0,1495
5,1333
10,1103
0,1591
0,1669
0,1639
11,1353
7,1354
8,1379
0,1667
0,1630
5,1387
0,1664
4,1582
0,1580
0,1661
1,1726
0,1595
0,1651
19,1591
0,1549
1,1618
0,1558
3,1588
0,1570
3,1573
0,1697
0,1556
0,1607
0,1714
0,1624
1,1533
0,1544
0,1674
0,1624
0,1682
8,1025
0,1677
11,850
3,1582
0,1529
10,1565
0,1578
3,1414
17,1220
1,1539
0,1583
0,1672
0,1417
0,1142
15,1102
0,1735
19,670
32,609
0,1633
0,1610
0,1611
3,1438
0,1645
0,1363
1,1632
0,1199
0,1651
0,1564
0,1713
2,1674
0,1570
1,1672
0,1605
0,1678
1,1583
10,226
0,1698
0,1640
1,1450
0,1317
0,1618
1,1689
6,1256
0,1120
0,1516
6,1089
9,1173
0,1713
0,1529
0,1611
0,1719
3,1682
0,1559
3,835
0,1584
0,1655
3,1456
2,1563
11,1438
0,1601
0,1670
4,581
0,1616
0,1548
2,1031
0,1681
2,1619
0,1618
0,1680
0,1604
9,1547
0,1712
0,1604
28,581
0,1633
0,1632
0,1491
0,1526
0,1596
6,1567
0,1628
3,1424
0,1607
0,1585
0,1575
17,155
0,1576
0,1584
2,1647
0,1521
1,1575
0,1520
0,1731
6,1633
0,1630
0,1381
4,1584
4,1561
0,1561
0,1700
0,1658
19,1180
0,1632
3,1698
4,1499
2,1587
0,1531
0,1543
0,1693
0,1641
0,1538
0,1657
3,1704
3,1537
0,1651
4,1310
0,1594
5,1005
20,666
8,1265
0,1485
0,1579
9,1322
4,1504
29,782
0,1632
0,1637
3,1490
0,1702
5,1636
7,1606
3,1548
0,1651
0,1585
0,1593
0,1508
0,1663
0,1591
3,381
0,1635
0,1502
0,1636
10,1511
0,1623
0,1651
1,1579
0,1460
0,1649
3,1643
2,1626
0,1680
0,1624
0,1609
3,1670
2,1565
0,1633
0,1610
0,1677
0,1635
4,1497
3,1606
5,1426
0,1554
0,1602
0,1625
3,1640
0,1660
0,1623
0,1616
0,1599
0,1649
0,1529
11,1564
0,1534
0,1684
0,1549
0,1532
0,1623
0,1625
8,916
12,864
6,1499
0,1571
4,1489
0,1642
0,1707
0,1535
0,1552
0,1697
0,1680
0,1509
0,1584
1,1656
0,1655
0,1633
1,1343
0,1619
17,19
1,1604
0,1542
3,1499
0,1567
0,1675
21,927
0,1365
0,1658
0,1598
13,1195
0,1604
5,1149
0,1682
0,1719
1,1573
0,1701
0,1580
0,1519
0,782
0,1679
0,1658
0,1595
10,326
2,1396
0,1632
0,1153
5,1594
0,1660
1,1426
1,1609
0,1606
6,1109
0,1655
2,1547
5,1354
0,1693
1,1541
0,1683
0,1656
0,1529
2,1484
0,1611
0,1735
3,1312
2,552
6,887
0,1667
6,1441
0,1670
4,613
1,1604
0,1640
0,1670
0,1697
0,1506
8,1083
0,1609
0,1664
17,566
3,1572
2,1605
1,1644
0,1631
4,1626
5,1482
3,1504
8,1526
0,1661
1,1636
1,1499
4,1253
0,1676
1,1214
0,1554
2,1618
0,1653
1,1573
0,1619
3,1550
0,1687
4,1600
0,1653
0,1698
3,1648
0,1675
3,1572
0,1644
1,1630
9,1530
25,592
24,460
0,1539
0,1649
0,1587
4,1168
0,1624
0,1631
3,1639
0,1268
1,1596
0,1588
0,1413
0,1625
0,1600
0,1617
0,1559
0,1701
0,1687
0,1484
0,1558
2,1367
4,1684
2,1526
0,1747
0,1679
0,1609
0,1544
0,1565
23,348
0,1624
0,1522
0,1515
2,1566
0,1582
0,1632
25,244
1,1303
0,1647
1,1525
0,1445
0,1686
0,1506
0,1561
3,1532
19,1025
0,1661
28,464
0,1636
8,1477
0,1602
0,1537
12,1480
0,1690
0,1695
0,1565
0,1697
3,1503
8,1175
0,1614
0,1679
1,1678
11,1075
0,1653
2,1515
0,1659
0,1621
0,1648
0,1499
4,1266
0,1670
4,1588
0,1603
0,1672
2,1601
0,1647
2,1652
0,1699
0,1543
0,1650
0,1480
1,1706
1,1527
8,1350
0,1595
6,1394
0,1499
1,1638
0,1661
2,1556
0,1596
0,1563
1,1649
0,1607
0,1659
0,1613
0,999
0,1587
6,1276
0,1566
0,1649
0,1661
0,1489
0,1627
3,1678
0,1653
0,1656
0,1540
0,1610
0,1537
17,889
0,1687
3,1348
0,1693
0,1469
0,1576
1,1593
0,1599
0,1593
0,1595
0,1591
3,1605
0,1679
0,1726
0,1642
0,1699
0,1620
0,1565
0,1634
0,1662
1,1550
1,1663
0,1686
10,1301
4,1617
0,1460
0,1640
0,1690
2,1456
3,1605
0,1636
0,1629
4,1094
4,1606
1,1622
13,1045
0,1652
0,1626
0,1649
16,198
0,1603
0,1628
0,1619
0,1682
0,1691
1,1561
2,1391
0,1464
0,1557
6,1097
4,1573
7,1110
0,1602
0,977
7,1364
7,1260
0,1552
0,1644
0,1596
0,1556
3,1527
0,1499
0,1685
2,1598
0,1562
0,1577
4,1700
0,1654
0,1509
0,1574
18,1203
0,1658
8,1441
0,1573
2,1512
3,1604
13,566
0,1587
5,1036
0,1619
4,1560
7,1414
1,1461
0,1628
0,1630
0,1662
0,1584
2,1464
0,1673
0,1656
0,1668
0,1647
2,1572
0,1766
0,1685
4,1324
3,1205
5,1665
1,1587
0,1695
0,1601
2,1409
3,1568
3,1459
8,1430
1,1598
0,1650
0,1587
0,1497
1,1589
0,1590
0,1535
0,1670
0,1631
1,1675
0,1657
0,1624
0,1609
2,1581
0,1360
7,1576
0,1619
0,1658
0,1593
0,1703
0,1687
0,1598
9,1204
3,1561
1,1561
1,1596
0,1546
1,1542
0,1514
1,1634
0,1610
0,1629
8,1440
3,1439
1,1620
26,211
31,856
0,1515
7,1708
0,1567
4,1384
0,1634
3,1596
0,1600
2,1503
1,1366
1,1406
0,1665
5,1593
0,1544
0,1683
1,1652
2,1581
9,1440
0,1537
0,1546
0,1599
0,1661
0,1533
0,1423
0,1608
1,1411
0,1676
0,1796
0,1583
6,1454
4,1526
0,1629
15,959
0,1469
16,1126
0,1641
2,1596
0,1618
0,1377
0,1370
1,1403
4,1624
1,1512
0,1613
0,1619
1,1593
0,1656
0,1441
0,1628
0,1604
0,1470
0,1678
5,1601
0,1687
5,1491
0,1553
0,1604
0,1587
0,1246
20,437
0,1664
0,1661
14,1534
0,1477
0,1571
0,1657
0,1658
0,1688
1,1613
1,1460
7,1533
0,1634
0,1711
0,1568
0,1701
0,1637
9,1285
0,1652
0,1582
8,1237
1,1633
0,1640
0,1570
2,1632
2,1639
0,1513
0,1573
0,1607
0,1631
21,869
0,1570
0,1657
0,1620
22,1252
2,1539
3,725
0,1706
0,1663
0,1667
1,1718
0,1600
0,1686
0,1700
0,1689
0,1710
13,1418
2,1323
0,1550
10,1422
0,1584
2,1620
0,1646
0,1618
0,1657
0,1505
1,1676
0,1496
0,1613
9,1219
0,1702
0,1563
4,1573
0,1619
1,1485
0,1505
0,1700
0,1683
5,1490
3,1650
0,1486
11,1187
0,1599
2,1622
0,1614
0,1592
0,1446
0,1585
4,1431
0,1605
1,1512
2,1468
0,1615
0,1666
0,1643
4,1438
1,1551
0,1471
5,1585
12,890
11,1244
0,1553
0,1691
0,1629
2,1490
0,1625
0,1536
0,1675
