1684,19
1543,32
1586,9
1542,9
1604,14
1533,13
1548,26
1525,4
1597,19
1683,10
1583,24
1519,8
1468,33
1547,5
1551,37
1531,2
1520,49
1556,20
1616,14
1502,43
1596,34
1578,21
1526,25
1616,26
1614,3
1576,17
1599,18
1580,69
1566,13
1491,70
1520,71
1550,16
1625,7
1620,11
1474,77
1556,12
1603,3
1557,14
1583,13
1513,13
1552,16
1610,27
1567,8
1532,8
1572,10
1574,25
1659,9
1476,126
1559,24
1502,72
1529,15
1533,71
1578,10
1459,130
1523,19
1579,83
1581,6
1611,29
1523,66
1588,22
1590,3
1611,6
1528,9
1531,15
1476,64
1600,12
1592,25
1563,29
1540,66
1574,33
1589,8
1522,93
1555,29
1591,15
1501,33
1628,11
1560,1
1673,52
1561,45
1528,2
1555,51
1513,5
1553,53
1595,4
1632,15
1647,2
1567,57
1525,15
1634,10
1594,11
1577,31
1601,27
1553,50
1642,15
1499,80
1475,81
1612,18
1612,10
1559,4
1514,23
1573,5
1562,10
1510,21
1601,13
1573,5
1557,20
1480,51
1489,66
1623,9
1578,48
1585,19
1530,22
1577,3
1606,19
1615,30
1522,53
1570,57
1549,12
1579,42
1532,60
1579,24
1563,11
1488,10
1594,18
1510,21
1598,47
1516,9
1577,9
1586,32
1551,23
1552,15
1645,18
1565,82
1580,22
1542,45
1564,11
1626,2
1642,51
1485,37
1679,2
1474,24
1489,2
1565,7
1454,96
1549,47
1607,5
1572,4
1549,70
1587,47
1486,2
1540,5
1472,5
1636,15
1580,12
1608,6
1600,16
1607,9
1597,37
1550,35
1600,14
1557,50
1591,23
1531,19
1532,30
1523,1
1534,34
1526,25
1566,21
1534,3
1675,13
1598,2
1515,6
1466,47
1598,2
1586,15
1574,3
1522,22
1558,53
1675,20
1574,22
1537,4
1512,53
1560,1
1510,25
1495,5
1552,9
1555,6
1588,2
1539,54
1514,29
1674,7
1524,16
1544,16
1564,18
1557,3
1511,12
1594,46
1678,18
1606,4
1558,9
1528,24
1561,14
1571,15
1611,1
1683,10
1556,40
1632,8
1607,2
1570,4
1586,8
1579,56
1565,7
1644,1
1599,20
1646,2
1559,20
1623,16
1574,46
1552,3
1629,4
1538,147
1532,83
1577,5
1533,52
1569,3
1539,48
1586,24
1503,23
1505,23
1576,11
1541,40
1502,33
1531,92
1521,2
1570,5
1565,4
1510,58
1562,10
1541,7
1503,29
1577,15
1616,16
1627,58
1510,7
1579,27
1656,10
1611,22
1553,12
1578,9
1652,1
1483,13
1642,5
1559,4
1559,33
1673,4
1472,128
1663,7
1592,11
1590,22
1643,6
1561,25
1577,42
1584,61
1602,2
1621,13
1564,2
1587,17
1583,5
1596,10
1552,30
1507,22
1586,15
1654,13
1587,47
1526,48
1591,3
1543,11
1500,70
1648,14
1585,2
1462,44
1651,3
1618,6
1612,36
1551,8
1562,8
1591,20
1566,40
1616,11
1477,16
1638,7
1472,10
1529,9
1581,5
1603,11
1663,33
1612,16
1551,2
1636,55
1545,35
1477,3
1670,24
1642,5
1589,5
1514,6
1567,49
1585,44
1621,18
1621,1
1572,25
1544,17
1619,31
1662,3
1614,7
1465,36
1544,33
1515,62
1554,56
1588,31
1673,5
1645,12
1577,34
1604,5
1492,1
1573,36
1571,18
1597,8
1471,64
1587,34
1639,8
1565,11
1649,15
1567,9
1542,46
1615,59
1530,21
1590,11
1527,17
1627,4
1513,25
1547,44
1478,56
1640,4
1549,13
1543,30
1612,43
1628,4
1540,35
1587,23
1494,2
1575,9
1590,8
1570,38
1581,17
1561,6
1522,15
1488,94
1503,11
1504,22
1518,61
1521,34
1643,20
1490,68
1513,9
1583,18
1571,13
1540,1
1533,43
1539,5
1613,20
1659,1
1627,30
1591,1
1570,40
1706,21
1618,10
1575,3
1492,47
1562,7
1457,63
1549,9
1460,85
1497,44
1518,16
1664,1
1601,23
1680,1
1530,96
1599,79
1562,13
1517,66
1620,6
1536,60
1534,24
1551,7
1551,11
1560,34
1591,10
1635,1
1475,27
1598,36
1571,23
1562,18
1548,40
1571,22
1563,58
1530,8
1587,57
1606,21
1554,21
1550,10
1551,17
1472,106
1567,46
1498,36
1591,45
1552,27
1565,19
1586,28
1597,8
1567,18
1515,54
1526,42
1580,64
1506,34
1579,1
1590,22
1509,1
1598,2
1555,25
1573,25
1625,49
1606,38
1616,9
1528,44
1618,27
1516,17
1527,9
1601,34
1518,53
1643,22
1548,7
1511,10
1466,31
1451,97
1585,2
1552,24
1587,12
1603,5
1498,11
1443,4
1530,4
1557,92
1603,56
1587,18
1604,18
1594,43
1638,16
1600,71
1547,23
1572,31
1520,39
1595,50
1579,31
1498,13
1551,29
1580,9
1542,10
1490,99
1636,52
1630,8
1503,23
1629,22
1585,1
1543,41
1543,27
1553,9
1547,12
1550,56
1519,17
1573,1
1593,13
1606,5
1537,32
1559,38
1511,73
1471,92
1506,15
1577,24
1500,27
1498,8
1526,122
1629,19
1499,29
1550,17
1494,19
1619,20
1539,26
1495,101
1630,10
1612,9
1495,116
1595,2
1596,17
1569,2
1575,17
1548,10
1457,27
1590,17
1507,39
1610,13
1562,10
1579,42
1509,15
1544,10
1592,15
1659,8
1596,9
1490,55
1519,42
1517,48
1551,6
1524,11
1597,21
1576,24
1608,11
1557,29
1549,62
1575,21
1569,16
1601,3
1462,95
1479,57
1673,32
1581,16
1590,7
1611,1
1536,16
1670,40
1494,33
1626,16
1588,8
1499,33
1592,16
1563,25
1635,26
1496,30
1549,23
1530,91
1559,21
1569,23
1544,40
1578,17
1527,110
1681,4
1619,25
1517,50
1585,63
1623,8
1548,28
1528,10
1634,19
1648,37
1570,28
1526,28
1634,9
1476,33
1576,6
1529,40
1595,17
1576,5
1599,7
1585,7
1615,30
1521,35
1623,6
1620,9
1550,95
1569,25
1630,15
1529,66
1588,36
1561,26
1557,22
1552,4
1589,4
1564,21
1504,26
1558,54
1460,130
1536,100
1675,25
1597,67
1567,23
1643,6
1531,25
1616,30
1468,52
1543,19
1573,4
1616,7
1566,7
1522,102
1582,10
1654,10
1547,64
1608,15
1424,45
1505,24
1656,19
1641,26
1564,41
1481,2
1620,24
1566,15
1659,40
1582,14
1546,7
1534,9
1576,80
1560,11
1599,22
1565,5
1495,75
1585,14
1589,10
1591,2
1578,21
1582,14
1580,58
1501,70
1660,2
1537,40
1602,11
1747,4
1568,4
1538,2
1561,58
1524,100
1630,18
1492,6
1428,71
1568,20
1589,39
1592,18
1547,5
1539,14
1553,11
1546,57
1559,14
1581,33
1621,12
1558,24
1677,9
1559,44
1639,74
1599,17
1601,30
1529,8
1555,65
1520,7
1567,5
1636,5
1560,36
1511,82
1605,4
1652,10
1638,43
1556,7
1495,37
1502,44
1601,42
1639,5
1607,11
1586,21
1583,46
1580,8
1603,43
1568,6
1487,64
1571,30
1519,28
1476,29
1569,17
1580,26
1379,95
1664,45
1567,2
1523,10
1495,72
1462,55
1605,6
1575,37
1579,64
1550,42
1592,3
1608,9
1620,24
1565,9
1609,14
1578,61
1579,80
1554,5
1589,24
1524,9
1638,44
1610,15
1612,12
1575,29
1507,34
1521,26
1524,113
1596,8
1523,12
1615,1
1607,3
1489,17
1571,31
1576,3
1584,23
1556,36
1615,16
1544,18
1673,17
1585,17
1569,21
1538,25
1585,14
1608,1
1584,3
1530,9
1563,36
1550,1
1574,2
1656,9
1479,4
1534,41
1547,46
1558,37
1566,38
1654,60
1556,9
1515,52
1576,16
1663,5
1575,70
1571,7
1607,40
1630,21
1563,26
1448,71
1604,16
1686,1
1448,15
1537,33
1598,1
1616,10
1548,8
1514,20
1539,69
1429,19
1512,17
1557,46
1573,11
1546,55
1536,20
1557,7
1568,43
1549,39
1535,1
1668,3
1498,67
1626,32
1569,12
1505,43
1592,6
1560,6
1628,9
1565,2
1574,1
1580,2
1601,4
1624,5
1611,18
1491,25
1569,3
1565,35
1534,23
1681,3
1655,32
1631,7
1523,53
1487,56
1469,59
1577,87
1568,44
1540,29
1521,19
1585,6
1612,8
1471,3
1533,54
1542,130
1567,41
1532,48
1540,91
1553,25
1547,36
1654,12
1588,36
1538,38
1546,57
1510,31
1563,21
1541,2
1610,73
1602,10
1517,28
1601,4
1600,11
1496,29
1530,45
1608,1
1592,26
1427,73
1521,14
1589,30
1564,15
1555,40
1589,47
1503,24
1586,63
1626,32
1579,1
1510,44
1600,1
1598,67
1656,14
1568,2
1623,4
1593,13
1579,2
1625,7
1612,8
1512,63
1623,1
1632,5
1589,2
1587,2
1557,19
1588,9
1530,4
1588,13
1534,55
1566,58
1599,10
1555,11
1495,5
1580,11
1552,3
1631,55
1579,6
1626,32
1668,65
1442,80
1557,40
1543,7
1531,10
1634,35
1496,8
1514,66
1520,70
1513,30
1518,7
1572,1
1473,137
1670,1
1504,15
1547,3
1633,14
1625,5
1512,13
1536,8
1562,26
1513,46
1629,17
1624,3
1614,2
1530,86
1523,73
1610,2
1616,20
1585,11
1552,63
1622,12
1617,12
1576,21
1528,17
1578,51
1560,2
1594,43
1520,44
1595,9
1567,61
1609,31
1504,74
1604,88
1500,6
1541,13
1567,26
1554,13
1594,8
1540,35
1635,5
1549,18
1584,24
1568,5
1556,37
1510,70
1579,24
1548,33
1563,7
1624,24
1519,73
1542,10
1606,8
1550,61
1427,162
1636,74
1579,13
1426,37
1496,36
1566,15
1584,27
1603,20
1452,151
1477,22
1648,5
1507,21
1555,35
1553,33
1679,5
1551,18
1627,57
1539,44
1535,77
1576,4
1628,1
1563,29
1574,15
1682,39
1635,3
1551,17
1563,5
1462,64
1574,33
1500,6
1554,8
1614,23
1574,15
1532,50
1491,7
1549,27
1596,13
1641,18
1532,46
1516,20
1532,10
1484,1
1510,13
1604,10
1587,2
1658,28
1665,3
1641,3
1624,11
1545,6
1576,10
1578,11
1553,90
1543,47
1537,58
1641,5
1516,10
1507,6
1568,4
1564,8
1644,25
1469,68
1564,90
1523,1
1529,54
1543,18
1505,4
1579,52
1568,76
1510,57
1544,20
1483,72
1491,36
