1648,5
1622,20
1637,1
1541,16
1503,39
1642,17
1546,4
1600,20
1630,1
1624,11
1647,18
1570,7
1513,75
1536,10
1566,52
1529,28
1562,37
1533,107
1613,25
1554,4
1570,10
1583,3
1516,11
1459,42
1502,18
1583,5
1495,111
1548,17
1582,79
1581,7
1508,29
1557,71
1480,16
1639,7
1583,17
1643,20
1565,5
1559,5
1508,11
1567,8
1647,2
1518,14
1544,65
1550,1
1506,55
1563,18
1557,7
1532,39
1553,21
1600,21
1596,49
1601,36
1501,30
1579,27
1569,7
1583,5
1551,22
1609,3
1629,1
1536,19
1626,4
1493,22
1552,24
1457,15
1569,4
1552,10
1655,42
1520,9
1643,4
1632,2
1551,3
1533,28
1572,10
1633,1
1564,53
1561,23
1600,29
1488,26
1557,3
1550,12
1473,31
1570,22
1646,17
1673,23
1507,4
1592,21
1565,29
1541,10
1535,4
1529,41
1534,34
1603,4
1563,31
1655,4
1611,2
1605,9
1536,17
1572,53
1621,22
1637,17
1532,9
1541,68
1574,18
1681,22
1647,2
1582,2
1511,28
1503,52
1540,36
1620,1
1572,26
1497,75
1542,12
1607,1
1561,35
1519,31
1598,43
1595,10
1581,3
1532,14
1578,2
1557,7
1511,20
1564,33
1554,46
1659,1
1558,41
1590,21
1593,16
1571,14
1557,38
1617,58
1601,30
1609,17
1503,2
1564,61
1669,7
1614,9
1687,11
1595,2
1607,3
1620,3
1599,1
1562,30
1566,15
1574,5
1545,3
1461,66
1585,9
1565,44
1561,68
1660,6
1634,5
1588,8
1601,7
1490,85
1570,10
1581,8
1580,8
1568,3
1628,24
1545,58
1553,5
1556,8
1594,50
1567,55
1653,9
1562,16
1586,11
1569,1
1569,41
1559,38
1582,9
1519,28
1529,46
1573,11
1502,38
1625,5
1559,36
1570,42
1483,17
1518,12
1593,5
1626,1
1632,29
1541,47
1563,9
1559,5
1563,32
1579,18
1598,17
1529,17
1593,12
1546,16
1546,23
1532,40
1529,21
1583,1
1679,3
1599,17
1627,13
1476,61
1644,50
1667,12
1577,48
1530,50
1529,22
1509,2
1571,5
1547,8
1634,10
1597,2
1560,39
1550,9
1578,8
1518,61
1571,12
1624,9
1531,28
1622,28
1677,13
1520,10
1595,32
1503,13
1574,25
1472,1
1622,47
1626,35
1490,13
1507,87
1538,30
1564,56
1583,16
1561,22
1625,15
1576,10
1477,87
1582,9
1598,25
1518,15
1513,33
1583,7
1537,61
1521,49
1569,4
1559,23
1554,9
1584,1
1444,82
1550,1
1532,43
1570,5
1644,12
1509,60
1683,4
1564,5
1505,63
1545,29
1601,13
1626,2
1553,1
1506,59
1629,22
1554,59
1564,19
1541,38
1517,32
1595,10
1550,3
1569,35
1615,21
1551,47
1530,25
1548,21
1580,1
1560,59
1532,41
1528,54
1614,5
1562,34
1635,4
1682,2
1474,51
1549,46
1608,12
1632,7
1496,9
1528,9
1596,52
1494,16
1516,43
1529,11
1530,20
1518,13
1598,32
1539,10
1532,26
1555,4
1600,1
1517,4
1500,43
1705,11
1617,2
1493,49
1459,7
1507,8
1612,68
1627,7
1555,23
1490,9
1617,23
1543,25
1568,3
1499,29
1587,13
1497,62
1541,68
1516,30
1590,18
1631,20
1517,50
1490,8
1554,127
1561,3
1580,14
1562,1
1533,3
1537,23
1514,47
1548,38
1601,9
1630,1
1619,1
1605,13
1564,21
1527,13
1617,10
1592,2
1611,38
1530,8
1595,3
1516,17
1563,20
1537,37
1515,3
1622,14
1500,74
1590,5
1546,24
1602,4
1623,10
1543,2
1610,5
1547,26
1536,23
1605,24
1527,68
1574,1
1566,3
1595,15
1618,9
1594,53
1417,110
1472,78
1511,60
1594,8
1540,30
1585,83
1462,62
1621,6
1494,36
1486,48
1545,13
1496,6
1605,29
1550,14
1553,6
1597,10
1555,19
1528,13
1568,2
1580,24
1546,65
1518,24
1556,19
1632,14
1557,15
1507,32
1528,78
1580,23
1613,26
1626,2
1587,3
1576,37
1502,28
1536,27
1567,54
1559,6
1581,5
1622,10
1557,47
1499,52
1519,10
1569,1
1613,15
1463,19
1540,50
1531,65
1637,2
1601,8
1616,33
1574,28
1545,1
1539,7
1532,49
1472,24
1608,12
1590,2
1500,11
1621,6
1583,12
1529,12
1558,12
1553,4
1601,33
1619,19
1529,19
1550,5
1491,17
1645,3
1635,1
1516,11
1554,17
1560,4
1566,16
1522,56
1546,2
1751,29
1568,31
1573,16
1622,20
1610,2
1553,19
1538,9
1504,3
1568,2
1531,5
1517,78
1574,11
1517,77
1637,6
1613,15
1568,11
1574,23
1604,13
1563,2
1523,22
1538,14
1590,12
1547,32
1586,11
1640,11
1639,24
1563,14
1566,24
1574,7
1491,3
1561,5
1643,21
1637,4
1534,7
1555,30
1516,74
1558,5
1667,10
1559,34
1582,17
1618,16
1589,8
1658,19
1628,5
1534,36
1517,2
1591,2
1656,10
1620,1
1689,5
1613,2
1624,5
1566,11
1552,37
1490,16
1512,4
1558,23
1607,13
1569,6
1609,35
1642,8
1605,9
1526,74
1583,39
1674,4
1583,10
1523,45
1537,29
1601,28
1552,57
1477,24
1523,56
1566,13
1519,2
1533,24
1630,42
1600,44
1548,16
1586,6
1536,36
1617,7
1507,4
1608,29
1539,13
1507,14
1573,3
1607,24
1580,14
1553,18
1524,16
1424,4
1604,3
1560,28
1530,18
1544,40
1612,8
1613,8
1574,1
1527,24
1635,37
1517,40
1514,14
1675,1
1612,16
1610,19
1640,37
1586,7
1645,24
1567,6
1539,17
1633,2
1647,3
1496,51
1554,38
1488,89
1597,32
1526,3
1537,58
1535,33
1591,5
1627,8
1589,26
1582,9
1591,17
1515,18
1579,13
1596,5
1704,1
1569,20
1616,15
1514,26
1616,2
1567,5
1528,36
1604,10
1571,22
1496,3
1539,15
1565,37
1477,67
1641,3
1503,29
1581,10
1623,3
1610,3
1580,39
1571,24
1659,2
1625,29
1546,67
1572,22
1566,19
1510,11
1626,18
1650,15
1582,3
1557,24
1469,24
1583,1
1558,2
1637,2
1620,20
1570,33
1529,108
1535,15
1566,32
1558,8
1567,1
1592,2
1528,35
1552,10
1492,29
1519,49
1573,38
1522,64
1547,16
1559,26
1583,17
1557,4
1516,21
1607,26
1536,35
1606,1
1605,12
1530,2
1565,11
1606,23
1551,33
1491,16
1568,5
1520,6
1542,42
1572,34
1568,10
1612,9
1580,6
1593,14
1527,23
1621,2
1571,14
1474,17
1521,18
1632,22
1522,20
1671,11
1638,22
1506,21
1530,29
1543,16
1615,15
1598,20
1636,7
1575,35
1509,4
1671,7
1574,5
1592,29
1563,13
1560,2
1515,42
1469,16
1538,1
1636,21
1586,2
1537,1
1575,37
1538,44
1551,21
1765,32
1522,29
1552,5
1660,14
1560,24
1497,99
1549,29
1549,7
1568,14
1492,44
1491,24
1629,5
1576,12
1591,11
1576,22
1598,2
1550,21
1645,13
1688,9
1568,24
1506,9
1541,48
1552,88
1538,2
1638,2
1499,65
1571,10
1563,61
1564,31
1545,15
1525,19
1585,2
1578,35
1652,3
1570,3
1559,15
1574,17
1640,4
1528,4
1638,34
1664,54
1524,15
1638,1
1527,76
1645,1
1575,2
1588,3
1576,40
1501,47
1543,28
1668,10
1518,4
1567,1
1551,19
1563,1
1594,20
1624,1
1621,12
1555,101
1631,6
1624,6
1526,26
1601,2
1603,12
1602,51
1517,16
1570,16
1531,33
1582,21
1631,11
1560,5
1625,31
1612,5
1571,28
1528,28
1659,26
1551,26
1550,23
1586,8
1591,2
1579,6
1521,35
1580,14
1531,1
1655,11
1552,24
1583,32
1541,23
1541,1
1578,31
1574,27
1554,27
1595,19
1600,3
1527,1
1528,61
1466,49
1602,5
1589,18
1615,15
1465,101
1513,49
1589,27
1531,3
1600,9
1629,17
1506,27
1664,9
1619,15
1469,10
1571,37
1587,7
1612,46
1486,27
1595,31
1552,8
1569,12
1503,62
1571,2
1684,1
1554,5
1638,5
1484,6
1634,41
1592,15
1527,29
1623,21
1644,22
1561,7
1554,61
1567,1
1538,48
1555,51
1676,2
1590,34
1545,10
1646,4
1466,10
1451,18
1512,6
1727,16
1612,33
1581,36
1590,10
1617,10
1546,8
1580,26
1669,30
1527,8
1599,19
1543,51
1547,22
1570,3
1552,44
1622,5
1522,31
1555,3
1543,9
1620,34
1595,26
1536,15
1606,2
1576,12
1593,9
1572,1
1582,16
1523,74
1592,7
1583,1
1601,2
1587,6
1514,34
1665,8
1502,7
1558,9
1579,13
1516,4
1626,3
1563,13
1537,31
1529,60
1627,45
1565,24
1656,7
1596,30
1577,5
1613,85
1548,19
1559,12
1591,26
1492,26
1567,11
1508,3
1563,14
1605,6
1589,1
1403,60
1642,2
1569,4
1546,11
1588,44
1607,16
1556,29
1484,78
1566,21
1610,4
1545,26
1568,12
1575,18
1578,56
1627,4
1574,44
1592,45
1623,31
1617,7
1578,8
1584,9
1571,27
1666,29
1576,16
1664,2
1513,46
1491,11
1591,13
1631,11
1599,15
1576,15
1548,13
1482,29
1533,14
1624,3
1702,1
1562,7
1595,16
1575,8
1647,4
1597,2
1599,8
1512,3
1597,14
1559,5
1628,21
1607,4
1559,2
1477,41
1566,4
1509,21
1589,27
1574,9
1584,21
1586,23
1603,71
1508,40
1486,8
1508,9
1544,45
1500,18
1555,31
1556,25
1519,93
1481,13
1508,3
1526,3
1436,9
1446,22
1582,15
1531,6
1547,156
1529,11
1559,7
1537,17
1644,8
1621,6
1571,81
1521,37
1566,40
1662,4
1560,49
1539,40
1659,52
1582,41
1558,30
1561,26
1678,11
1527,30
1649,10
1617,15
1497,72
1527,79
1641,50
1554,9
1569,4
1486,15
1643,3
1471,52
1605,12
1584,29
1432,22
1569,34
1618,33
1590,8
1550,5
1569,2
1611,1
1525,21
1511,12
1499,15
1482,13
1580,7
1565,58
1533,4
1531,28
1609,40
1500,40
1588,20
1570,55
1643,49
1566,55
1566,12
1461,1
1563,2
1554,10
1535,4
1632,6
1563,1
1534,63
1543,4
1513,46
1564,49
1587,25
1580,9
1534,16
1565,13
1645,14
1532,54
