1919,12
1918,13
1979,2
1994,4
1896,5
2019,9
1949,6
1894,2
1970,1
1914,15
1951,4
1980,4
2062,1
2076,3
1928,11
1907,10
2000,6
1927,5
1884,17
1898,1
1982,46
1922,9
1949,11
1966,13
1993,1
1948,9
2000,2
1841,1
1925,3
1945,6
1982,6
1972,4
1909,13
1981,16
1943,25
1945,1
1949,7
1939,5
2039,4
1939,14
1975,7
1894,7
1882,18
1948,7
1944,13
1958,19
1891,9
1897,9
1910,1
1899,6
1891,6
1920,8
1872,18
1974,28
1970,6
1890,6
1883,25
1923,2
1937,4
1923,18
1978,6
2044,4
1963,7
1955,1
1909,35
1982,2
1951,5
1894,10
1864,1
1869,14
1974,10
2068,16
1933,8
1966,12
1938,8
1867,16
1912,2
2012,9
1979,7
2037,6
2027,14
1847,27
1945,8
1995,10
1919,13
2088,14
1972,8
1998,8
1963,7
1902,12
1990,6
1960,1
1980,14
1857,11
1964,7
1920,4
1901,17
1922,7
1907,1
1987,11
2038,8
1879,1
1921,17
1919,10
1894,6
2069,9
1959,9
1892,19
1972,6
1915,10
2036,1
1938,2
1888,1
1956,2
2006,5
1982,3
1967,5
1993,5
2011,5
1923,1
1925,2
1988,7
1888,19
2017,7
1897,5
2010,9
1909,10
1990,2
1915,8
2042,6
1967,11
1909,16
1920,8
1904,3
1974,15
1990,8
1969,8
1913,2
1901,10
1999,9
1929,1
1893,3
1864,14
2000,4
2000,1
1916,4
1983,6
1950,6
1899,2
1960,2
1849,13
2019,9
1983,17
1980,23
2005,9
1934,25
1836,26
1869,14
1937,7
1905,3
1932,10
1882,8
2003,4
1975,12
1947,10
1982,2
1951,3
1939,17
2019,10
2053,1
1911,2
1869,5
1889,13
1867,4
1962,18
1899,4
1923,25
1895,1
1958,18
2028,6
1918,7
1964,8
1897,1
1954,5
1976,1
1914,2
1794,15
1909,14
1839,11
2015,1
1945,8
1908,7
1984,2
1934,6
1922,1
1962,2
1903,2
1950,11
1881,17
1971,10
1946,10
1922,7
1961,3
1876,37
2016,13
1948,2
1971,5
1995,1
1841,27
1929,29
1956,13
1923,11
1952,1
1940,9
1931,14
1877,12
1988,2
2030,2
1971,12
1953,9
1926,7
1879,1
1906,4
1921,4
1878,7
1938,14
1864,2
1878,13
1948,22
1970,19
1939,1
1985,2
1962,7
1964,22
1941,2
1989,1
1935,1
1939,1
1971,3
1876,17
1993,5
1846,23
1882,12
1936,4
1967,5
1916,3
1921,9
2007,1
1907,7
1962,12
1890,12
1892,6
1924,24
1964,4
1872,5
1910,37
1823,13
1967,5
1990,2
1858,4
1965,5
1914,7
1937,16
1953,1
1893,18
1895,20
1970,1
1925,6
1995,10
1991,23
1876,3
1795,53
2030,12
1934,11
1960,12
1996,13
1988,9
1846,11
1840,2
1985,7
1995,1
1945,4
1883,1
1958,2
1938,6
1940,3
1950,2
1898,2
1974,8
1940,5
1994,4
1960,1
1959,1
1902,4
1910,5
1941,8
1934,6
1945,16
1870,7
2002,2
1908,8
1891,11
1886,36
1917,9
1944,2
1852,5
1895,14
1950,5
1957,22
1886,17
1989,37
1942,22
1984,34
1994,3
1955,3
1921,40
1954,3
1933,19
1884,4
1905,22
1929,15
1882,10
1964,3
1871,3
1957,8
2054,5
1875,2
2011,4
1863,32
1918,6
1873,13
1858,2
1961,6
1937,9
1893,9
1884,14
1901,4
1863,8
1870,8
1844,2
1835,11
2027,6
1915,1
1877,11
1894,1
1934,3
1953,6
1904,18
2038,12
1864,5
1904,3
1962,11
1895,8
2022,1
1902,21
1948,1
1935,20
1992,48
1946,5
1878,1
1949,4
1856,10
1927,2
1976,9
1927,2
1979,1
1947,5
1939,28
1961,15
1982,11
1868,12
1870,4
1959,3
1925,5
1865,13
1972,17
1923,8
1954,4
1966,9
1981,3
1969,3
1929,2
2011,11
1923,16
2000,11
1920,2
1936,16
1920,14
1970,6
1874,26
1922,3
1905,20
1950,4
1955,1
1924,18
1989,3
1809,4
2016,3
1894,2
1820,2
1901,2
1842,4
1942,7
1950,2
1937,12
1957,8
1814,28
1893,15
1964,3
1897,10
1951,14
1967,4
1960,6
1905,12
1889,11
1841,6
1904,10
1880,9
1915,9
1928,2
2011,2
1887,3
1967,4
1961,5
1911,16
1950,1
1901,18
1975,16
1931,8
1893,24
1830,15
1958,1
1870,3
1899,5
1922,20
1931,11
1966,3
1938,19
1830,8
2042,10
1925,12
2016,4
2008,8
1884,21
1963,16
1919,5
1985,2
2043,1
1925,24
1971,9
1958,12
1937,3
1937,21
1947,35
1953,6
1881,19
1951,16
1872,4
1915,12
1954,10
2015,6
1922,3
1944,1
1877,27
1858,32
1973,3
1930,4
1855,5
1912,37
1905,7
1907,7
1888,31
1859,11
1927,2
1913,11
2024,5
1884,4
1842,31
2021,1
1939,17
1890,7
1906,11
1979,7
1944,1
1868,1
1961,9
1971,4
1917,8
2006,12
1883,9
1947,9
1927,14
1907,7
2007,4
1930,4
1952,9
1856,4
1916,5
1925,1
1843,3
1959,8
1963,3
1867,4
1770,6
1969,2
1947,15
1929,14
1924,5
1945,22
1937,26
1992,2
1905,9
1990,17
1918,8
1894,1
1876,7
1936,7
1952,15
1969,26
1921,10
1975,2
1918,12
1904,18
1879,7
1947,9
1921,6
1986,11
1919,8
1894,1
1931,10
1897,10
1909,7
1951,1
1919,9
1913,4
1939,2
1871,5
1984,4
1917,13
2008,11
1995,2
1912,5
1886,28
1848,7
1934,1
1959,15
1892,11
1958,3
1932,1
1914,6
1944,22
1895,7
1903,2
1936,4
2034,8
1953,8
1954,6
1934,7
1941,3
1990,4
1858,2
2025,14
1907,18
1939,4
1903,11
1854,6
1950,27
1915,2
1986,12
1896,19
1820,10
1975,4
1958,2
1926,7
1924,1
1900,3
1958,6
2001,4
1953,3
1902,3
1944,5
1987,4
1956,9
1822,11
1903,1
1861,9
1928,9
1915,19
1918,3
1916,11
1956,5
1910,1
1850,14
1902,3
1931,5
1905,1
1943,3
1964,3
1903,12
1950,2
1986,5
1929,4
1830,18
1947,7
1960,10
1943,7
1993,11
1958,4
1992,11
1894,10
1911,24
1981,2
2050,2
1943,16
1973,16
1932,9
1851,4
1967,5
1959,10
1985,1
2001,2
1887,20
1936,4
2011,6
1906,3
1861,18
2033,6
1965,11
1869,24
1820,21
1938,8
1963,12
1870,29
1972,20
1909,8
1929,4
2057,2
1880,4
1956,3
1892,8
1933,9
2060,10
1985,1
1927,15
1926,9
1936,8
1930,10
1890,27
1945,3
1928,24
1985,3
1921,5
1952,25
2000,12
1860,3
1879,50
1910,10
1950,16
1942,4
2003,4
2012,9
2067,3
1968,10
1941,1
1869,10
1880,5
1901,7
1857,19
1936,12
1930,22
1987,4
1969,11
1979,7
1943,20
1920,16
1994,7
1997,24
1951,12
2032,2
1939,9
1898,5
1954,10
1950,3
1915,34
1898,3
2025,4
2002,1
1870,18
1987,5
1900,5
1947,3
1925,13
1873,13
1924,4
1913,22
1944,13
1895,4
1939,12
1909,10
1928,28
1956,1
1947,11
1916,13
2018,3
1922,4
1923,14
1931,5
1881,18
2069,3
1997,12
1945,6
2009,1
1890,1
1959,12
1961,2
1903,2
1912,7
2053,8
1885,18
1899,14
1958,13
1992,3
1960,9
1968,14
1865,9
2050,11
1899,9
1913,9
1913,14
1984,3
1961,5
1933,1
1868,6
1936,5
1835,3
1910,28
2011,3
1847,23
1999,1
1998,7
1924,20
1873,26
1876,14
2038,13
1984,1
1886,5
1908,9
1842,2
1888,1
1897,4
1869,6
1958,3
1947,16
2021,3
1964,6
2029,1
1898,7
2049,25
1978,2
1911,22
1951,4
1985,1
1912,10
1924,10
1897,2
1955,12
1968,10
2039,7
1853,24
1881,4
1923,16
1932,1
1926,15
2013,1
1931,4
1836,12
1956,7
1869,4
1945,3
1993,3
1991,31
1840,21
1932,6
1955,29
1994,7
1861,6
1936,2
1985,16
1891,9
1989,8
1978,2
1953,4
1918,23
1962,5
1926,3
1923,21
1962,1
2035,4
1928,2
1980,2
1843,3
1973,4
1924,18
1836,2
2002,11
1901,44
1907,8
1934,25
1981,4
1983,7
1883,4
1853,2
1911,2
1941,5
1910,7
1832,21
1975,7
2041,8
1973,3
1916,4
1928,19
1944,7
1951,6
1949,3
1949,4
1916,8
1961,1
1961,14
1990,6
1933,2
1912,13
1945,12
1942,5
1977,3
2011,3
1927,14
2013,1
1937,10
1897,27
1934,41
1905,17
1994,6
1947,23
1903,13
1903,14
1990,13
1893,19
1892,2
1927,10
1899,14
1876,5
1949,24
1875,12
1953,4
1956,3
1960,2
1937,12
1927,14
1896,3
2022,6
1925,4
1977,4
1999,6
1971,31
1960,9
1844,19
2004,11
1960,3
1908,8
1960,3
1989,15
1975,9
1987,5
2028,17
1913,3
1986,9
1944,11
1989,1
1945,10
1931,9
1985,1
1916,7
1970,9
1892,1
1963,10
1999,3
1913,3
1892,25
1844,9
1853,8
1904,4
1969,3
1961,5
1800,3
1938,15
1901,3
1951,1
1872,1
1979,1
1983,22
1946,4
1923,2
1968,22
2000,5
2005,4
1943,1
1896,12
1874,8
1858,2
1986,2
1967,1
1859,13
1896,3
1954,10
1974,12
1918,11
2009,5
1929,1
2016,7
1935,26
1948,6
2034,1
2014,26
1889,13
1965,3
2021,2
1950,1
2029,7
1974,10
1963,4
1952,3
1981,10
1967,5
1949,16
1943,3
1886,2
1922,2
1910,13
1989,8
1971,8
1900,38
1942,7
1946,6
1964,8
1883,3
1952,8
2000,4
1856,5
2002,23
1967,3
1935,3
2022,5
1889,1
2008,7
1875,10
1904,1
1945,19
1974,2
1920,5
1934,11
1994,6
1987,1
1928,13
1960,3
2015,10
1918,7
1859,24
1930,8
1947,6
1871,27
1961,12
1943,4
1951,4
1999,7
1955,17
1915,8
1928,14
1952,11
1924,17
1961,3
1913,27
1963,1
1927,40
1961,3
1949,18
1907,2
1952,21
2020,6
1927,14
1935,3
1905,17
1955,14
1875,24
1915,1
1986,3
2026,1
1848,6
1999,7
1981,13
2022,5
