1315,69
1229,17
1347,10
1399,3
1323,12
1359,7
1324,36
1340,4
1393,26
1288,105
1340,52
1389,20
1293,10
1201,163
1360,14
1306,78
1351,19
1389,22
1373,12
1319,4
1270,6
1294,64
1301,42
1372,6
1347,23
1210,139
1336,102
1325,7
1260,39
1337,54
1270,40
1238,123
1292,10
1353,5
1323,27
1412,44
1426,22
1221,87
1396,22
1356,5
1271,186
1229,61
1348,58
1262,43
1301,15
1373,24
1230,157
1280,18
1305,43
1420,22
1177,161
1278,13
1340,19
1288,66
1337,7
1271,27
1325,23
1288,26
1365,19
1371,34
1255,132
1286,68
1361,4
1344,29
1368,40
1368,14
1426,36
1324,50
1226,15
1315,5
1314,31
1294,29
1382,10
1295,22
1355,13
1286,6
1365,77
1352,50
1220,135
1223,253
1295,34
1349,13
1272,59
1324,36
1336,51
1369,2
1317,1
1324,24
1391,55
1244,179
1342,45
1351,25
1315,31
1355,27
1295,139
1364,8
1240,100
1376,19
1354,31
1160,68
1342,42
1361,5
1348,32
1285,68
1327,68
1333,22
1303,46
1304,42
1371,20
1290,63
1351,30
1293,42
1331,43
1324,89
1312,9
1286,15
1356,3
1369,11
1292,10
1312,37
1314,101
1282,76
1314,22
1312,11
1368,85
1253,85
1308,118
1387,39
1417,73
1310,56
1298,37
1345,1
1428,4
1326,46
1368,7
1333,58
1349,27
1360,22
1278,55
1286,15
1283,41
1355,39
1365,68
1276,14
1358,15
1288,2
1284,31
1295,51
1287,56
1349,25
1334,57
1351,42
1261,31
1326,1
1304,15
1326,37
1355,9
1267,17
1339,27
1315,77
1330,65
1407,13
1277,2
1414,14
1343,41
1361,17
1255,156
1321,5
1375,15
1400,32
1328,73
1380,38
1285,99
1312,47
1391,19
1407,55
1327,17
1358,9
1441,2
1273,30
1432,12
1266,42
1336,72
1264,52
1378,17
1273,101
1232,31
1403,39
1375,36
1378,4
1224,105
1326,13
1352,54
1246,81
1340,51
1269,60
1327,16
1278,15
1247,98
1311,8
1320,25
1326,62
1373,1
1314,25
1333,68
1390,38
1287,95
1365,2
1319,72
1352,26
1268,26
1413,1
1198,108
1397,1
1348,10
1433,3
1298,94
1334,98
1309,38
1363,12
1289,29
1388,40
1281,83
1329,18
1439,20
1391,10
1318,30
1327,21
1255,26
1357,15
1337,89
1320,10
1278,17
1423,2
1227,12
1110,328
1363,24
1323,29
1306,52
1339,24
1318,54
1371,10
1364,8
1395,41
1233,59
1161,158
1370,96
1379,25
1324,44
1292,106
1289,61
1305,113
1222,89
1265,72
1354,61
1338,44
1221,102
1379,68
1373,50
1313,10
1313,46
1393,17
1305,13
1373,23
1258,37
1365,7
1281,29
1367,22
1332,8
1351,23
1173,135
1289,10
1368,11
1308,23
1267,73
1316,55
1374,8
1405,12
1347,65
1355,16
1329,75
1319,30
1385,17
1368,25
1362,18
1345,18
1373,4
1263,135
1319,45
1263,71
1344,33
1498,6
1306,63
1272,35
1324,97
1257,123
1356,16
1375,9
1325,7
1290,81
1293,82
1216,41
1234,164
1260,15
1382,25
1369,45
1380,4
1158,106
1175,232
1269,108
1383,19
1227,25
1355,6
1366,2
1383,9
1350,14
1327,20
1292,49
1283,27
1359,7
1264,4
1331,52
1273,110
1425,9
1248,21
1287,56
1312,69
1307,58
1342,40
1379,15
1334,33
1349,35
1355,38
1316,24
1316,40
1349,83
1290,35
1266,27
1158,184
1318,48
1378,46
1288,78
1341,20
1313,29
1140,190
1315,22
1278,74
1248,98
1276,24
1333,43
1351,44
1307,27
1400,11
1348,34
1315,66
1244,35
1302,35
1177,209
1388,26
1332,4
1296,38
1270,29
1294,29
1192,158
1279,49
1421,7
1259,45
1315,52
1227,105
1449,1
1347,21
1273,31
1286,76
1320,18
1229,152
1157,205
1311,62
1408,1
1264,39
1345,2
1239,54
1229,66
1386,7
1313,50
1312,109
1385,7
1257,47
1247,73
1392,4
1335,8
1393,18
1347,84
1315,28
1270,10
1232,68
1335,78
1303,76
1302,69
1395,4
1398,2
1303,44
1411,2
1302,11
1321,20
1339,3
1240,68
1380,20
1370,16
1344,6
1330,43
1383,34
1361,54
1369,64
1378,9
1342,20
1439,52
1396,17
1323,13
1326,18
1343,82
1253,84
1326,2
1302,53
1310,32
1328,108
1325,96
1269,116
1282,79
1413,9
1311,57
1347,37
1271,33
1286,41
1289,39
1276,22
1300,81
1340,17
1302,10
1350,32
1413,11
1400,8
1382,26
1364,23
1229,42
1313,2
1279,78
1342,59
1309,3
1390,22
1307,20
1294,86
1239,94
1319,19
1318,57
1393,12
1333,47
1296,75
1234,86
1349,1
1311,38
1376,30
1312,39
1386,31
1249,181
1261,40
1247,45
1224,14
1276,79
1279,103
1196,117
1369,9
1335,16
1313,65
1306,124
1353,12
1310,7
1309,21
1351,66
1355,57
1230,157
1132,135
1252,94
1312,12
1322,47
1418,43
1342,18
1322,69
1270,73
1303,20
1325,12
1348,43
1415,71
1315,12
1291,12
1361,78
1351,23
1309,30
1273,47
1338,75
1332,41
1343,18
1329,6
1335,7
1360,5
1376,6
1323,41
1434,10
1328,33
1338,37
1344,9
1323,59
1312,141
1354,29
1308,16
1298,99
1300,48
1272,98
1389,21
1322,21
1325,30
1347,47
1372,14
1327,49
1375,2
1341,75
1242,145
1287,13
1264,101
1362,34
1391,12
1325,15
1344,1
1448,7
1288,33
1336,2
1353,12
1264,112
1260,21
1336,13
1334,14
1282,119
1272,185
1269,54
1374,9
1414,3
1367,50
1370,21
1390,35
1370,14
1245,71
1377,77
1171,203
1330,108
1335,14
1307,48
1396,2
1409,3
1334,18
1372,48
1331,29
1363,2
1261,66
1317,26
1272,84
1267,80
1246,166
1367,50
1309,37
1087,298
1387,4
1401,1
1257,121
1311,42
1342,44
1317,3
1335,11
1291,8
1302,124
1406,30
1264,73
1319,45
1283,11
1323,24
1270,48
1350,32
1368,1
1428,10
1178,262
1406,9
1367,19
1294,37
1341,10
1352,20
1394,51
1305,47
1229,184
1201,161
1304,22
1360,20
1318,4
1338,53
1244,66
1256,79
1314,46
1279,53
1337,23
1317,49
1327,14
1244,75
1345,32
1416,69
1250,174
1310,65
1218,130
1347,36
1383,10
1397,89
1277,143
1361,35
1217,48
1325,47
1331,31
1312,115
1181,197
1363,1
1380,26
1237,120
1350,15
1369,2
1188,181
1278,48
1296,16
1346,21
1200,237
1277,3
1271,71
1348,29
1336,38
1355,24
1290,33
1333,7
1267,64
1319,4
1329,7
1312,66
1278,143
1297,48
1321,37
1391,31
1260,35
1342,57
1272,10
1232,154
1328,45
1313,1
1421,6
1247,147
1333,68
1374,3
1409,22
1317,94
1335,14
1298,61
1321,5
1276,36
1353,4
1339,66
1339,46
1235,109
1326,34
1285,47
1300,57
1372,7
1318,54
1296,21
1327,50
1350,14
1283,37
1359,18
1247,49
1378,24
1265,72
1350,9
1340,51
1365,27
1271,69
1342,29
1317,64
1363,24
1419,14
1248,75
1328,52
1422,11
1309,151
1351,35
1265,70
1395,12
1345,6
1268,72
1373,4
1264,103
1361,8
1301,54
1298,108
1345,32
1370,22
1321,23
1246,14
1283,73
1354,9
1358,49
1371,37
1273,28
1387,9
1363,1
1500,12
1239,86
1296,66
1388,19
1389,7
1323,12
1372,11
1273,5
1299,22
1248,84
1392,45
1339,17
1300,65
1255,45
1298,9
1341,87
1278,74
1316,29
1292,8
1321,121
1272,29
1298,88
1343,47
1299,100
1361,102
1362,21
1414,32
1379,36
1289,42
1311,10
1278,50
1256,122
1357,53
1253,77
1359,21
1369,5
1267,124
1278,57
1358,19
1270,73
1406,13
1223,106
1271,8
1254,128
1334,38
1316,18
1255,123
1371,48
1334,9
1276,102
1284,7
1328,20
1212,144
1304,60
1175,119
1307,53
1256,81
1244,166
1340,31
1268,34
1289,7
1301,78
1333,33
1301,48
1202,82
1288,20
1298,35
1353,1
1347,7
1283,4
1330,55
1361,17
1392,79
1361,19
1346,32
1373,18
1421,9
1359,29
1307,28
1341,28
1371,11
1449,36
1359,44
1323,3
1348,45
1313,65
1294,44
1336,14
1377,30
1226,32
1264,31
1333,34
1299,22
1251,14
1345,32
1349,29
1406,2
1327,54
1381,14
1332,7
1313,21
1304,32
1354,89
1207,84
1470,7
1379,30
1288,57
1384,31
1270,30
1370,14
1319,49
1327,78
1389,12
1361,8
1379,23
1340,44
1318,44
1368,38
1302,43
1379,8
1335,63
1401,27
1280,24
1247,111
1289,102
1317,1
1317,89
1303,54
1287,92
1273,26
1157,211
1344,24
1353,1
1349,24
1461,6
1356,12
1365,4
1279,150
1281,7
1377,29
1358,6
1325,4
1319,46
1403,2
1324,3
1308,41
1198,123
1323,22
1289,88
1365,83
1376,16
1340,47
1387,6
1318,11
1358,7
1403,17
1216,80
1298,32
1388,41
1370,12
1358,38
1383,61
1333,24
1303,18
1419,16
1351,4
1287,50
1268,128
1384,11
1360,64
1275,21
1278,109
1398,40
1423,10
1303,46
1285,55
1377,41
1301,20
1366,33
1399,15
1370,2
1381,2
1296,51
1360,2
1262,70
1331,42
1321,10
1294,40
1304,82
1354,43
1353,15
1241,92
1322,64
1278,66
1376,9
1238,63
1365,65
1298,85
1372,1
1397,21
1291,17
1352,1
1350,7
1287,115
1347,40
1304,21
1268,202
1274,60
1347,13
1332,38
1356,39
1326,24
1384,50
1363,21
1231,103
1342,19
1327,23
1335,30
1274,67
1352,3
1309,51
1387,45
1318,12
1295,34
1250,54
1337,19
1268,137
1212,66
1392,36
1277,3
1308,81
1307,82
1336,13
1348,1
1346,16
1370,46
1302,12
1347,61
1401,2
1393,3
1223,118
1282,16
1353,20
1290,45
1301,99
1338,19
1316,21
1299,67
1326,21
1364,54
1349,34
1315,71
1321,38
1355,5
1357,24
1334,8
1368,35
1319,29
1380,24
1298,56
1203,175
1336,38
1219,46
1309,68
1197,122
1368,72
1257,73
1344,27
1320,172
1348,1
1368,52
1285,28
1357,54
1329,29
1294,25
1349,48
1326,38
1285,37
1247,95
1382,10
1325,36
1310,62
1297,6
1315,81
1333,13
