6,288
10,291
6,209
16,55
8,99
12,49
9,217
10,59
8,319
10,288
7,112
9,230
10,356
11,181
7,251
9,217
11,2
7,182
14,21
7,138
12,27
6,310
12,103
11,81
18,30
10,32
14,49
10,117
10,98
16,87
9,268
10,169
6,187
13,75
9,69
6,30
13,66
14,37
6,189
17,100
14,17
16,99
13,116
11,173
8,10
9,157
10,359
11,275
11,62
7,184
12,110
8,194
13,9
13,37
6,276
4,179
6,296
8,117
15,164
7,98
15,32
9,93
9,69
13,178
5,175
8,89
6,67
11,82
9,168
14,19
7,315
17,176
9,8
9,181
15,23
17,88
14,39
13,135
8,71
9,32
9,174
10,17
5,51
11,33
12,155
12,90
9,74
7,289
10,136
10,191
11,116
8,143
13,50
5,167
15,30
17,31
12,67
6,368
12,144
12,124
11,65
8,48
13,142
4,361
12,259
10,128
9,159
13,24
13,99
9,178
7,87
3,348
8,52
9,130
12,240
18,2
9,10
6,12
8,53
14,19
15,104
4,120
5,160
9,274
11,267
11,297
12,147
15,42
12,90
8,104
13,9
14,143
8,362
7,313
7,248
5,140
9,65
11,166
15,153
11,8
12,154
4,182
8,114
9,146
9,46
13,78
8,130
8,396
11,3
8,22
4,143
12,62
15,14
15,47
9,30
6,216
7,274
15,20
6,277
10,390
15,136
11,326
10,77
5,328
6,131
10,117
9,218
7,214
9,27
13,204
8,143
14,55
6,245
10,75
8,93
12,159
13,127
8,157
11,63
9,118
14,83
10,103
6,181
16,65
14,68
7,52
8,13
14,103
9,74
9,86
6,101
14,182
16,32
12,59
12,35
5,305
12,12
14,117
9,207
25,5
12,117
13,5
16,72
11,105
12,46
11,21
9,38
20,14
7,209
11,143
10,7
11,38
8,250
8,173
9,22
8,102
12,42
10,74
13,161
9,121
13,184
4,359
12,35
12,178
6,393
13,99
16,44
15,20
8,57
13,119
16,84
6,297
6,133
4,314
10,64
3,188
13,5
11,181
8,185
13,19
9,87
5,6
11,56
7,242
5,329
14,71
13,12
11,68
7,333
10,239
11,222
10,155
11,128
7,216
6,38
12,184
10,215
12,37
9,149
10,110
18,38
10,141
12,50
7,147
7,99
11,49
14,24
8,280
7,196
13,11
15,91
6,90
7,52
10,119
8,209
8,167
7,88
5,301
14,5
15,74
16,115
8,74
10,16
12,33
8,301
7,291
8,51
9,258
7,267
15,22
9,13
4,242
12,79
13,22
7,125
14,20
9,31
12,125
7,29
13,77
10,24
12,83
8,39
7,254
9,119
12,207
10,7
19,4
9,136
10,306
6,302
5,422
12,135
14,11
10,200
5,424
8,40
9,48
6,150
14,50
6,79
15,139
9,158
10,78
11,67
11,123
12,50
13,123
9,337
11,76
14,109
15,30
8,179
6,125
7,195
4,267
5,429
19,22
11,144
7,200
11,158
9,29
10,26
9,258
10,35
10,4
11,208
10,4
17,36
6,145
12,126
14,119
13,145
7,203
8,238
12,41
11,147
13,4
11,21
9,6
6,90
8,121
14,122
4,255
13,142
9,326
11,126
8,166
10,272
13,25
5,135
7,49
14,90
16,72
12,51
14,49
9,205
5,133
9,142
12,313
8,278
7,40
15,32
7,215
12,218
7,106
12,181
6,112
13,133
12,122
12,112
10,21
9,178
12,22
13,43
14,26
10,183
10,84
10,151
7,253
10,222
11,46
10,204
12,59
9,60
10,63
7,233
4,155
10,57
14,73
13,68
10,90
7,139
6,199
11,138
7,153
5,326
12,95
13,8
8,330
13,30
13,54
10,206
9,110
16,106
1,488
16,29
6,117
16,224
5,244
9,44
15,324
10,246
11,146
6,316
12,75
5,397
9,44
9,15
9,103
16,3
7,136
13,157
7,325
10,220
11,129
10,155
12,74
18,67
13,20
14,197
9,27
10,92
15,147
8,217
3,431
12,158
8,196
11,323
9,90
13,15
13,182
10,260
7,125
12,18
4,325
10,174
9,364
10,165
12,142
12,106
8,32
10,27
16,68
8,89
14,76
11,128
14,82
11,145
9,68
4,260
10,162
6,58
10,1
16,6
9,186
6,160
15,60
8,62
9,132
15,82
7,101
10,50
6,21
16,14
9,53
8,33
8,9
11,89
14,30
9,131
5,183
15,156
14,5
16,108
10,9
9,62
13,51
13,61
12,91
14,8
15,40
10,255
12,170
12,32
2,396
9,63
7,5
7,277
8,185
8,240
14,83
4,353
5,134
14,185
10,169
13,105
7,151
13,192
13,196
8,174
11,200
12,75
17,35
9,24
9,15
12,100
15,16
7,367
9,268
9,80
7,166
8,12
12,8
10,79
6,26
21,9
10,37
8,83
13,63
9,348
13,36
8,315
8,197
8,280
6,303
15,342
10,278
5,206
11,102
5,380
5,359
14,11
10,150
7,70
9,69
8,198
12,99
11,167
9,57
14,21
13,93
5,84
13,121
7,138
9,282
11,34
8,312
5,70
13,135
11,25
12,109
6,52
15,153
8,277
6,129
11,317
8,248
11,105
13,77
7,287
3,321
19,230
13,160
13,101
12,428
15,105
6,181
11,147
3,557
11,184
11,5
12,101
6,205
9,301
8,221
17,28
6,385
2,261
5,300
11,33
8,1
10,24
15,135
11,43
7,62
11,119
10,34
6,11
11,56
11,109
8,34
6,183
10,204
4,103
7,202
12,39
12,115
8,111
11,12
6,91
8,5
11,425
7,209
13,102
9,43
12,262
8,231
6,309
9,285
1,437
16,149
2,368
15,70
5,105
9,165
11,57
8,49
7,336
5,159
9,58
13,24
8,38
5,124
14,86
11,41
13,174
7,105
12,65
9,75
12,128
11,70
14,173
7,196
12,27
8,36
9,18
14,12
12,26
9,47
15,88
9,69
6,134
5,177
8,229
10,161
11,94
9,302
12,81
16,98
14,35
11,129
3,166
14,6
12,97
9,115
7,231
9,138
11,36
14,22
5,243
14,42
14,240
6,89
10,240
10,189
12,28
10,99
11,43
13,234
7,46
11,86
10,182
8,15
22,25
12,4
14,98
9,213
8,277
17,31
10,305
13,89
10,49
10,136
9,235
8,265
11,164
12,146
8,155
3,255
4,386
9,25
11,219
16,49
12,157
12,69
12,129
6,267
9,68
15,156
4,56
5,364
13,57
14,164
9,180
15,59
9,41
4,73
12,220
16,25
17,57
3,351
10,174
14,67
12,15
10,121
15,251
8,126
12,25
10,159
13,36
18,4
11,167
16,13
8,188
9,148
11,405
9,289
6,473
6,7
9,239
15,65
14,21
14,176
10,102
15,59
4,266
3,260
11,75
8,44
9,94
13,89
9,250
14,24
7,118
13,134
8,219
4,103
13,62
12,81
11,40
10,425
14,188
11,175
8,256
12,7
11,16
14,34
9,136
8,30
7,22
9,51
5,321
9,1
11,202
11,137
16,219
13,103
13,230
5,305
11,70
5,333
6,69
9,30
14,182
12,82
9,210
11,15
5,69
6,308
15,2
9,29
6,195
3,228
8,27
12,207
10,119
18,94
12,40
3,545
12,341
14,56
5,21
12,2
6,105
8,104
7,260
14,193
10,237
13,223
7,211
7,253
14,54
9,160
7,318
13,28
7,349
8,270
3,352
9,57
6,266
9,297
9,156
8,238
14,69
15,12
7,255
12,180
11,109
9,234
9,212
13,142
9,5
6,216
10,20
10,5
13,154
10,158
11,185
11,118
12,60
14,219
12,14
16,15
7,78
15,10
12,103
12,32
13,24
14,16
12,72
6,170
11,298
16,55
7,244
9,149
10,58
11,44
14,30
5,239
7,149
11,104
19,45
12,126
15,46
7,365
15,12
15,78
6,83
10,19
6,207
11,68
7,31
8,40
15,180
13,54
7,292
13,101
9,239
4,427
9,285
12,142
10,38
7,237
10,48
5,253
9,170
14,18
14,111
13,13
9,146
13,204
9,11
8,150
12,246
11,34
5,419
10,147
12,48
9,12
10,199
8,152
8,154
14,22
9,80
12,60
10,258
14,299
13,52
14,120
8,240
8,28
13,79
9,189
11,130
12,43
14,198
13,92
6,232
12,235
11,127
10,59
8,135
13,370
12,73
13,196
9,73
10,190
10,48
9,187
14,26
9,337
11,62
12,122
4,302
8,183
11,201
13,155
9,434
9,67
16,39
18,38
14,73
13,331
8,150
15,29
12,28
10,64
8,215
8,74
15,83
10,95
17,194
15,36
11,23
14,101
7,30
7,194
3,45
16,48
8,26
5,312
8,173
8,172
10,211
13,9
10,34
21,74
9,59
15,143
10,183
12,26
7,348
9,49
14,1
8,46
17,49
10,35
17,38
8,141
