0,502
0,325
0,181
0,573
0,85
0,494
0,87
0,195
0,215
0,230
0,249
0,547
0,209
0,2
0,377
0,445
0,6
0,225
0,83
0,363
0,436
0,222
0,324
0,538
0,78
0,445
0,198
0,432
0,285
0,314
0,128
0,252
0,298
0,217
0,473
0,397
0,163
0,61
0,460
0,126
0,202
0,230
0,28
0,148
0,461
0,547
0,432
0,471
0,79
0,198
0,37
0,163
0,142
0,389
0,211
0,185
0,529
0,436
0,576
0,440
0,4
0,304
0,366
0,420
0,229
0,165
0,464
0,467
0,459
0,260
0,214
0,266
0,447
0,120
0,278
0,91
0,174
0,287
0,707
0,81
0,242
0,235
0,569
0,52
0,121
0,242
0,32
0,106
0,214
0,441
0,407
0,294
0,266
0,364
0,328
0,140
0,352
0,311
0,139
0,234
0,289
0,507
0,145
0,455
0,100
0,183
0,137
0,414
0,226
0,476
0,490
0,237
0,92
0,266
0,479
0,399
0,388
0,111
0,307
0,349
0,117
0,6
0,225
0,57
0,126
0,525
0,423
0,111
0,346
0,38
0,399
0,327
0,443
0,455
0,227
0,440
0,208
0,513
0,503
0,432
0,321
0,424
0,15
0,259
0,81
0,446
0,296
0,427
0,646
0,500
0,99
0,307
0,441
0,434
0,319
0,286
0,50
0,113
0,397
0,232
0,438
0,28
0,13
0,460
0,119
0,266
0,465
0,555
0,376
0,301
0,291
0,242
0,47
0,505
0,6
0,32
0,591
0,63
0,201
0,345
0,90
0,527
0,53
0,378
0,204
0,149
0,185
0,189
0,254
0,229
0,157
0,129
0,87
0,690
0,251
0,86
0,288
0,68
0,52
0,142
0,221
0,353
0,617
0,176
0,399
0,39
0,562
0,336
0,418
0,368
0,41
0,376
0,205
0,131
0,484
0,432
0,88
0,115
0,309
0,296
0,312
0,393
0,470
0,617
0,357
0,523
0,231
0,13
0,243
0,52
0,182
0,4
0,283
0,14
0,273
0,56
0,124
0,217
0,249
0,232
0,121
0,524
0,115
0,257
0,380
0,209
0,306
0,73
0,281
0,390
0,437
0,254
0,530
0,565
0,403
0,151
0,271
0,559
0,629
0,62
0,247
0,410
0,37
0,346
0,242
0,643
0,315
0,274
0,246
0,373
0,372
0,529
0,384
0,81
0,30
0,323
0,196
0,154
0,239
0,39
0,161
0,287
0,183
0,440
0,486
0,51
0,146
0,206
0,222
0,536
0,80
0,36
0,130
0,17
0,211
0,81
0,50
0,21
0,430
0,129
0,310
0,115
0,168
0,436
0,342
0,177
0,231
0,100
0,377
0,510
0,447
0,139
0,390
0,447
0,342
0,511
0,450
0,480
0,229
0,579
0,5
0,228
0,51
0,363
0,193
0,364
0,471
0,251
0,126
0,360
0,362
0,237
0,645
0,253
0,158
0,165
0,145
0,474
0,615
0,515
0,119
0,193
0,130
0,364
0,545
0,16
0,246
0,210
0,179
0,15
0,478
0,241
0,514
0,57
0,202
0,530
0,78
0,276
0,96
0,315
0,449
0,84
0,300
0,237
0,497
0,371
0,127
0,429
0,13
0,396
0,107
0,205
0,56
0,449
0,303
0,205
0,94
0,309
0,386
0,247
0,200
0,433
0,526
0,351
0,40
0,353
0,156
0,220
0,146
0,136
0,415
0,426
0,288
0,324
0,143
0,509
0,354
0,195
0,338
0,229
0,481
0,489
0,298
0,191
0,608
0,405
0,191
0,31
0,228
0,429
0,128
0,443
0,142
0,226
0,514
0,115
0,65
0,582
0,127
0,222
0,16
0,53
0,309
0,118
0,183
0,164
0,535
0,31
0,459
0,81
0,56
0,111
0,13
0,27
0,122
0,572
0,197
0,199
0,356
0,305
0,355
0,73
0,203
0,319
0,435
0,422
0,201
0,28
0,465
0,65
0,227
0,172
0,125
0,54
0,363
0,182
0,525
0,301
0,296
0,353
0,324
0,335
0,141
0,221
0,371
0,41
0,389
0,606
0,529
0,44
0,335
0,342
0,55
0,354
0,448
0,522
0,387
0,102
0,409
0,344
0,423
0,634
0,41
0,191
0,438
0,132
0,408
0,294
0,421
0,142
0,475
0,486
0,191
0,242
0,40
0,420
0,110
0,9
0,82
0,541
0,93
0,554
0,167
0,320
0,235
0,402
0,2
0,133
0,125
0,395
0,572
0,205
0,160
0,313
0,173
0,125
0,202
0,228
0,105
0,137
0,334
0,434
0,243
0,548
0,83
0,9
0,62
0,462
0,331
0,305
0,33
0,486
0,259
0,140
0,502
0,241
0,302
0,295
0,407
0,246
0,361
0,275
0,267
0,89
0,52
0,346
0,326
0,327
0,511
0,172
0,558
0,33
0,266
0,160
0,14
0,110
0,571
0,602
0,196
0,23
0,324
0,59
0,157
0,319
0,414
0,101
0,535
0,565
0,307
0,424
0,7
0,285
0,197
0,383
0,435
0,159
0,155
0,489
0,195
0,196
0,68
0,368
0,22
0,525
0,282
0,513
0,106
0,486
0,25
0,368
0,144
0,365
0,455
0,381
0,80
0,348
0,361
0,383
0,619
0,459
0,414
0,132
0,305
0,280
0,39
0,281
0,390
0,11
0,85
0,567
0,238
0,367
0,377
0,332
0,75
0,281
0,575
0,184
0,53
0,45
0,292
0,137
0,398
0,220
0,241
0,164
0,476
0,41
0,113
0,176
0,37
0,308
0,22
0,393
0,428
0,282
0,61
0,212
0,319
0,523
0,442
0,36
0,434
0,100
0,82
0,424
0,564
0,581
0,518
0,142
0,246
0,20
0,157
0,43
0,604
0,276
0,526
0,82
0,26
0,241
0,616
0,230
0,227
0,258
0,575
0,33
0,255
0,186
0,83
0,519
0,555
0,574
0,519
0,458
0,264
0,190
0,325
0,652
0,49
0,114
0,18
0,253
0,411
0,183
0,110
0,179
0,115
0,143
0,261
0,147
0,24
0,500
0,170
0,304
0,302
0,417
0,155
0,20
0,350
0,188
0,219
0,533
0,173
0,460
0,174
0,211
0,585
0,58
0,419
0,338
0,219
0,292
0,429
0,483
0,284
0,149
0,241
0,231
0,203
0,189
0,141
0,177
0,214
0,336
0,387
0,132
0,222
0,14
0,237
0,120
0,592
0,96
0,90
0,303
0,415
0,484
0,167
0,402
0,81
0,297
0,86
0,273
0,205
0,383
0,177
0,165
0,506
0,265
0,147
0,60
0,273
0,205
0,461
0,546
0,348
0,114
0,434
0,476
0,224
0,355
0,406
0,142
0,398
0,630
0,411
0,188
0,421
0,519
0,608
0,57
0,148
0,194
0,96
0,196
0,197
0,28
0,356
0,419
0,524
0,67
0,156
0,537
0,644
0,144
0,439
0,10
0,462
0,431
0,572
0,90
0,480
0,518
0,250
0,158
0,465
0,77
0,483
0,440
0,381
0,368
0,105
0,698
0,229
0,66
0,422
0,221
0,2
0,499
0,6
0,612
0,421
0,335
0,449
0,34
0,379
0,384
0,361
0,115
0,33
0,474
0,283
0,338
0,594
0,184
0,372
0,408
0,49
0,78
0,178
0,662
0,446
0,385
0,282
0,29
0,505
0,421
0,242
0,91
0,91
0,431
0,530
0,343
0,347
0,297
0,177
0,178
0,291
0,394
0,113
0,170
0,477
0,155
0,312
0,442
0,435
0,31
0,48
0,162
0,409
0,330
0,489
0,294
0,353
0,270
0,477
0,527
0,16
0,397
0,393
0,479
0,562
0,57
0,38
0,533
0,355
0,437
0,84
0,434
0,29
0,370
0,399
0,216
0,293
0,524
0,183
0,196
0,431
0,584
0,670
0,568
0,241
0,423
0,300
0,481
0,64
0,416
0,635
0,230
0,343
0,339
0,333
0,333
0,559
0,327
0,301
0,321
0,218
0,289
0,493
0,210
0,344
0,345
0,32
0,383
0,370
0,337
0,316
0,148
0,9
0,90
0,437
0,77
0,507
0,225
0,79
0,351
0,544
0,325
0,408
0,170
0,294
0,166
0,319
0,342
0,554
0,391
0,79
0,551
0,246
0,652
0,25
0,114
0,542
0,346
0,464
0,518
0,234
0,41
0,50
0,299
0,31
0,209
0,308
0,87
0,28
0,48
0,130
0,357
0,81
0,346
0,193
0,74
0,400
0,592
0,335
0,114
0,101
0,245
0,360
0,290
0,41
0,278
0,139
0,359
0,231
0,73
0,178
0,611
0,331
0,209
0,236
0,419
0,124
0,410
0,280
0,140
0,476
0,382
0,106
0,146
0,571
0,165
0,129
0,412
0,422
0,321
0,147
0,108
0,462
0,236
