1989,6
1917,19
1929,11
1877,37
1936,4
2049,14
1999,8
1934,1
2028,1
1957,11
1981,1
2013,22
1975,5
2097,1
1947,8
1935,12
2015,6
1984,7
2025,37
1979,1
1993,7
1939,11
2040,7
2045,1
2012,12
2069,4
1995,6
2017,5
1949,15
1919,3
1952,15
2004,17
1976,21
1996,1
1971,7
2050,3
1969,7
1902,17
2025,10
1991,1
1957,14
1940,15
1956,2
1962,1
1979,3
1908,4
1942,9
2034,6
1979,5
2011,3
1937,20
2054,8
2073,3
1948,6
1953,33
2052,6
1992,4
1986,7
1953,6
1981,1
1899,9
2086,1
1892,21
1965,7
1987,7
1915,10
1898,2
1945,11
1861,1
2022,4
1976,6
2036,9
2041,4
2045,8
2027,4
1903,5
2032,8
1996,9
2088,1
2024,5
2050,6
1990,1
1977,1
1961,6
2009,6
1972,12
1999,15
1977,10
1908,16
1958,1
1877,43
1934,2
1949,21
2035,3
1899,16
1888,4
2100,6
1978,8
1946,9
2023,18
2005,3
1910,1
1977,3
1977,4
1942,4
2020,29
2022,3
2024,7
1890,18
2036,6
2039,2
1947,9
2038,7
1968,14
1942,18
1996,3
1971,9
1990,4
1967,8
1967,2
1996,6
2004,4
2003,11
2044,6
2087,1
1949,3
1959,6
2005,2
1960,3
1974,4
1896,15
2000,10
2041,2
2011,19
1948,11
2084,11
1963,49
1917,11
1966,4
2013,17
1963,12
2009,9
1918,11
2033,2
1973,14
2087,5
1916,3
2041,9
1948,4
1895,12
1882,4
1935,2
1926,6
1939,2
1954,2
2019,19
1954,10
1988,6
2010,1
1875,6
2030,1
1964,7
1988,6
2024,2
1955,5
1972,3
2000,12
1901,17
2009,10
1998,8
1967,5
2006,3
1926,20
2018,14
1990,46
1944,19
2026,4
2009,1
1994,7
2053,7
1996,15
2034,9
1939,6
2010,4
2006,11
2004,7
1975,8
1961,6
1964,2
1977,10
1882,14
1964,32
1998,10
1993,1
2011,12
2014,28
2018,1
1921,17
2073,1
1933,2
1980,1
1977,4
2022,14
2000,2
1949,9
1945,18
2024,4
1993,3
1980,16
2068,1
1903,9
2066,13
1941,6
1971,8
2015,5
1986,5
1894,4
2003,15
2025,1
1979,17
2027,1
1986,4
1971,12
1920,2
2047,23
2006,3
1991,4
1914,2
1799,23
2064,20
1974,8
1908,20
2010,11
2029,18
1891,11
1888,5
1984,5
2011,7
1929,2
2030,6
1976,4
1949,10
1960,8
1964,4
2037,11
2015,3
2035,4
2007,2
1968,9
1931,7
2089,17
1947,5
1957,34
1927,2
1921,2
1819,8
1907,4
1924,13
1947,5
1917,47
2012,20
2001,34
1977,28
2028,30
2067,2
2016,3
1971,4
1975,1
1929,5
2015,11
1903,9
2035,3
1909,4
2040,41
1962,10
2099,3
1894,3
1931,6
1948,4
1953,13
1847,35
1954,5
1948,2
1906,9
1978,6
1993,6
1962,8
1931,6
1950,11
1934,2
1907,3
1892,4
1870,11
2023,1
1936,2
1974,14
1971,3
2006,18
2001,13
1922,6
2064,1
1980,5
2017,1
2015,25
1982,45
1891,6
1995,1
1918,9
1944,5
1985,5
1838,1
1985,1
2000,12
1936,30
2099,5
1990,18
1904,4
1961,4
1941,7
1930,1
2024,2
1972,9
2045,2
1955,3
1997,1
2004,16
2012,14
1972,1
1939,13
2026,1
2045,7
1906,19
1906,6
1856,7
1981,7
2006,18
2008,5
1886,3
2044,20
1958,16
1923,2
2007,6
1874,1
1968,2
1902,3
1960,10
2018,3
1950,12
2050,4
1971,16
1972,11
1912,17
1921,6
1956,2
1976,8
1972,3
1992,7
1963,3
2015,3
1956,18
1980,10
1952,1
1920,4
1974,16
1960,22
2006,1
1976,4
1938,6
1971,4
1940,13
1843,8
1931,14
1863,44
1944,13
1999,4
2004,7
1926,18
1962,13
2007,1
2046,2
1907,28
2005,7
1952,22
2008,36
1940,14
1976,7
2063,28
1967,18
1998,15
1937,11
1931,11
2092,1
1944,21
1973,6
1969,7
1930,8
1946,4
1986,26
1927,6
1911,33
1911,9
1918,3
1968,3
2015,4
1882,9
1930,6
1939,16
2051,2
2002,14
1890,7
2009,2
1980,5
2039,8
2032,14
1991,13
1950,27
1942,9
1969,15
1922,10
2023,4
1944,6
1929,1
1933,3
2040,7
1967,1
1930,4
1916,2
1895,4
2024,5
1984,3
1844,6
1982,6
1994,1
2004,3
1973,5
1967,8
1970,2
1921,4
2038,13
1989,13
2061,1
1932,8
1899,22
1929,24
1943,4
2020,12
2007,4
2004,1
1999,4
1926,14
1928,6
1992,1
1954,7
1989,2
1955,3
2005,1
1959,16
1996,9
2006,2
1919,22
1940,29
1897,7
1951,2
1903,9
2004,17
1946,12
1990,1
2007,3
1985,1
1934,9
1952,27
1924,6
1998,3
1971,4
2063,5
1965,9
1938,4
1953,9
1996,4
2080,12
1973,8
1898,13
1888,8
2019,16
1989,12
1972,1
2043,13
1950,2
1956,3
1975,6
1982,3
2024,12
1875,9
1954,3
1959,20
1921,6
2015,3
1922,2
2000,1
1901,18
1961,3
1944,3
2018,2
1926,13
1969,5
2041,7
1973,9
1943,20
1978,3
2000,8
1991,7
1953,6
1967,2
2020,2
2004,1
2046,9
1904,19
1973,13
1997,3
2020,2
1938,3
2014,12
1923,5
1932,7
1969,9
1969,9
1990,7
1879,2
2047,5
1995,17
2067,6
1864,23
1929,11
2003,7
1980,3
1977,21
1929,5
1978,2
2128,2
1923,6
1964,6
2035,6
1968,8
2096,7
1921,14
1934,10
2010,3
1952,9
1977,11
1976,20
2025,2
1929,8
2010,18
1977,7
1966,8
1976,8
1926,16
1932,6
2032,6
2079,11
2124,4
2036,8
1876,6
1963,7
1893,21
1966,8
2005,3
1950,16
2001,10
1982,8
1941,9
2015,14
2082,5
1978,23
2002,4
2003,17
2068,5
1964,9
1922,6
1934,2
1948,6
1907,1
2048,3
1925,2
2034,4
1967,6
1953,17
1904,23
1880,10
1833,4
1955,4
1932,9
1966,5
2001,5
1956,27
1969,1
2004,7
1984,2
1959,15
1939,31
1961,5
2064,3
2008,8
1939,3
2005,6
1976,7
2002,1
1948,14
1973,1
1979,18
2019,2
2000,4
1943,14
1972,3
2027,1
1985,5
1893,5
2018,4
2081,5
1975,10
1939,5
1843,20
1920,8
1979,4
1885,9
1886,3
1971,8
2012,3
1812,4
1876,25
2020,1
2068,9
2020,22
1897,9
2061,13
2021,1
1941,10
1922,3
1902,1
2010,4
1871,7
1926,12
2022,3
1984,6
2001,5
2035,1
1928,1
2069,20
1985,6
2020,4
1964,11
1928,5
1998,2
1963,2
1988,13
1876,7
2081,6
1920,16
1987,22
1948,15
2013,3
1866,13
1998,6
1886,8
1986,2
2088,4
1893,9
2003,6
2007,9
1935,6
1924,5
1961,7
1950,8
2014,17
2063,7
2016,5
2004,4
1953,9
1981,4
1984,23
1925,17
1981,2
2015,4
1864,3
2022,4
1997,16
1901,1
1978,6
2032,24
1970,4
2036,3
1946,28
1898,3
1957,1
1958,5
2089,8
1996,3
1922,3
1947,17
1987,8
2007,4
1957,10
1951,8
1971,2
1977,1
2005,6
2042,3
2007,12
1952,4
1935,8
1909,11
2041,1
2042,3
1945,11
1979,21
2068,1
1922,10
1956,28
1946,27
1863,7
1889,22
1962,5
2009,1
2039,30
1941,5
1956,1
1927,16
1963,1
1991,4
1898,42
1967,11
1885,1
1956,22
2025,29
2004,2
1919,16
2025,2
1967,2
1981,5
1986,39
1994,13
2067,27
1968,4
2009,1
2000,12
1976,8
2060,3
2071,17
1991,9
1971,6
2046,3
1996,10
2001,3
1943,25
1990,1
1917,1
1996,9
1945,9
1947,9
1964,11
1980,6
1985,4
2030,2
2044,4
1882,6
2045,1
1945,30
1992,2
1944,5
2024,4
1960,3
1981,2
1944,1
1992,1
1982,2
2016,6
2010,3
1920,4
1893,16
1932,8
2051,2
2006,1
1910,11
1922,3
1977,9
1988,17
1933,1
2028,5
2052,9
2076,7
1996,1
2005,5
2026,2
2059,17
1916,8
1986,2
2031,3
1991,1
2010,7
2043,1
2022,4
1992,1
1944,1
1977,10
2012,9
1991,2
2081,8
1951,10
1948,5
2003,2
1989,24
1955,2
2026,4
1986,7
1867,15
1916,5
2096,5
1888,6
2007,2
2005,2
2052,3
1956,14
2045,3
2021,3
2015,12
1931,12
2033,10
2031,3
1925,27
1913,7
2024,11
1991,1
1940,3
1935,11
2003,4
1981,19
1904,17
1984,10
1960,15
1978,2
1978,22
2015,2
1969,2
1956,23
2002,18
2071,15
1926,19
1998,4
1961,1
1943,1
2079,1
1994,5
2011,4
1999,14
1977,5
1924,24
2003,17
2028,3
1926,2
1993,5
1914,11
1997,4
1951,1
1915,7
2003,12
1998,7
1959,6
1982,11
2001,2
2037,2
1989,11
2052,18
2022,3
1935,13
1976,9
1909,1
2019,6
2073,1
2074,25
1856,2
2005,2
1961,7
1954,17
1955,33
1910,3
1987,5
1986,2
1892,8
2003,4
2029,1
1973,14
1997,4
2072,6
1976,9
1985,6
1861,2
1895,7
2005,9
2099,19
2016,2
1910,25
1974,6
1966,1
1930,1
2004,19
2001,7
1937,7
2043,2
2093,2
1904,10
1926,5
2024,1
2079,33
2015,11
1983,20
1933,13
2069,3
2001,4
2096,7
1958,5
1931,2
1955,9
2005,3
2006,28
1908,34
2047,22
1990,2
2009,4
1955,6
2017,3
2011,24
1903,18
1928,12
2031,14
1986,9
1914,4
1981,3
1905,6
1931,27
2021,9
2011,14
1971,4
1935,13
1932,5
1976,1
2053,3
1967,18
1921,5
1945,17
1997,8
1946,17
2014,5
1967,6
1884,2
2002,4
1943,4
1956,8
1882,6
1982,16
1954,1
1935,7
2012,1
1921,12
1946,18
1973,2
1976,15
2003,6
2012,1
1963,8
1887,3
1881,2
1937,1
2057,14
2064,3
1939,3
1896,5
1880,1
1894,3
1893,3
1956,3
1993,1
1982,22
1967,1
2075,1
1920,8
1953,1
1990,21
1882,6
1906,2
1991,19
1936,26
1974,1
2001,1
1971,19
1972,3
2067,5
1952,2
2006,5
1996,3
2004,7
