7,976
12,606
6,1278
10,862
2,1189
6,836
13,611
1,1344
22,182
0,1234
19,174
20,177
6,951
1,1322
4,1295
6,1129
2,1341
3,1176
0,1266
10,776
4,1097
22,498
10,791
4,1278
9,819
4,1160
4,1211
1,1340
3,1195
3,1171
7,869
6,1063
7,1113
3,976
3,1311
4,1103
0,1333
6,904
3,1178
1,1274
5,1207
3,1089
1,1221
14,657
20,500
0,1312
1,1357
1,1168
1,1286
4,1167
9,1013
4,1335
13,928
4,1117
10,806
8,1077
2,1220
2,1165
1,1289
1,1229
6,1018
4,1187
2,1175
4,1172
8,860
5,1091
0,1229
4,1153
19,183
3,1248
5,1167
17,654
5,1135
1,1109
2,1243
21,322
4,1178
4,1072
1,1297
0,1292
2,1317
1,1250
2,1255
5,947
7,791
8,898
1,1242
4,1182
13,623
4,1211
2,1382
0,1267
12,755
4,1153
3,1295
1,1079
4,1052
1,1337
9,1112
6,1151
9,985
6,614
7,1160
10,812
1,1256
0,1353
11,552
2,1277
4,1133
1,1135
0,1339
2,1241
2,1103
4,1121
7,1019
7,1082
4,1126
5,1193
1,1241
0,1390
15,665
22,369
6,826
3,1129
5,1114
23,128
1,1205
7,800
10,1058
13,642
10,850
5,653
3,1253
8,899
5,1240
5,1301
2,1076
3,1264
0,1258
6,1014
20,278
9,496
2,1358
0,1318
9,804
21,219
3,1311
0,1291
0,1261
1,1310
0,1398
7,877
1,1356
1,1189
0,1403
0,1301
25,125
9,1029
2,953
3,1232
13,821
7,923
3,1267
9,597
0,1340
1,1362
22,50
10,979
1,1313
1,1238
10,904
5,1072
3,1338
26,347
4,1298
15,714
11,1107
3,1020
20,305
5,1221
23,198
10,979
2,1113
0,1428
1,1318
0,1244
9,848
11,1007
4,662
0,1300
7,1042
7,1112
4,1153
1,1288
1,1394
22,198
3,1383
5,1180
24,36
8,573
3,1270
0,1367
17,426
0,1364
2,1196
2,1083
1,1244
6,945
13,1016
5,964
0,1272
6,891
4,1261
3,1399
0,1249
0,1351
11,555
7,993
8,881
2,1167
7,900
6,1190
15,635
18,231
4,1194
5,1040
3,1306
1,1214
18,611
9,1165
9,682
0,1246
5,1195
6,1132
6,1035
6,1168
1,1299
5,1064
4,1348
1,1228
2,1282
7,1042
0,1161
15,29
2,1305
18,444
12,473
2,1209
1,1319
13,709
3,1033
1,1197
3,1252
2,1280
1,1285
1,1286
6,1160
4,853
4,1042
12,475
5,1189
1,1274
10,692
5,1113
4,666
2,1143
8,1001
4,1325
5,1084
5,1168
2,1189
5,1248
10,928
4,1187
5,1228
1,1299
1,1272
3,1051
8,904
15,279
4,1209
6,1096
15,669
0,1198
10,671
3,1276
6,1321
2,1199
1,1227
2,1384
0,1258
0,1232
4,1154
5,1284
2,1176
8,842
6,1111
0,1390
2,1274
1,1348
11,1010
3,1331
5,1047
5,1262
10,946
3,1169
3,1056
9,1075
16,590
24,149
2,1166
15,205
3,1212
2,1269
1,1307
8,1182
3,1229
5,971
0,1277
1,1296
5,1104
5,1073
12,829
0,1308
1,1296
17,396
11,1025
2,1220
12,743
3,1259
1,1332
5,1138
21,356
2,1139
3,1179
5,889
0,1311
19,215
5,1006
2,1211
3,1095
4,1000
1,1292
2,1159
13,324
9,866
3,1171
6,1112
4,978
9,727
3,1187
10,841
5,1026
1,1273
1,1251
2,1239
1,1391
3,1093
2,1348
0,1333
12,909
7,1018
2,1274
3,1162
4,1114
13,890
2,1354
2,1285
10,865
1,1322
20,283
6,1259
3,998
1,1184
8,1098
12,510
2,1105
10,899
1,1381
2,1229
20,165
3,1197
5,1255
1,1315
2,1061
10,961
10,1054
1,1341
5,1167
13,699
1,1216
1,1246
5,1039
2,1040
3,1245
5,1068
1,1239
1,1265
6,1066
9,979
3,1284
6,1136
4,992
2,1253
4,1131
7,992
3,1188
5,1005
1,1376
8,968
5,1217
31,71
5,871
8,1177
2,1340
13,840
15,497
1,1266
3,1303
2,1276
0,1329
1,1342
19,127
1,1173
8,1010
5,906
2,1307
4,1244
8,746
3,1230
3,1178
13,222
7,1060
6,1270
1,1391
9,852
1,1221
3,1095
0,1232
28,35
5,1286
10,777
0,1289
4,1076
6,996
7,1064
14,700
6,660
2,1100
11,700
6,953
4,879
2,1222
30,522
1,1358
8,951
15,198
8,737
8,812
0,1309
14,769
5,1150
1,1248
7,708
5,1259
1,1136
3,1240
3,1013
2,1296
5,1314
8,1080
3,1330
5,1006
5,817
14,716
0,1311
3,1173
8,1076
0,1385
8,964
16,506
8,1097
3,1232
15,648
1,1164
2,1167
9,870
1,1345
11,854
2,1283
13,500
6,1095
16,540
14,952
6,1013
4,1263
1,1097
4,1172
4,1032
3,975
9,799
2,1267
5,1229
2,1134
3,1148
3,1226
1,1178
4,1016
3,1097
1,1089
13,457
9,896
21,221
4,1206
7,578
3,1207
1,1188
6,873
1,1367
11,841
6,1124
2,1034
10,691
13,439
2,1320
3,1027
2,1201
5,1047
1,1315
3,1247
26,66
2,1243
3,1218
10,637
4,1250
3,1305
12,232
4,1237
3,1193
3,1280
19,625
7,870
15,924
3,1012
6,994
6,748
0,1229
4,922
2,1208
2,1249
2,1083
13,783
2,1214
17,942
0,1247
9,1039
5,976
4,1079
4,1061
2,1077
10,1006
0,1033
1,1233
6,1255
7,972
0,1215
6,1144
16,527
1,1056
6,697
17,309
5,1012
11,869
5,1111
13,923
9,822
3,1187
4,1040
4,1113
2,1295
24,70
15,567
6,1019
0,1137
3,1295
3,1145
3,1152
0,1329
2,1237
6,1128
5,953
6,775
4,970
1,1280
8,934
0,1239
3,1032
1,1293
4,1290
8,615
10,882
24,835
5,1234
5,1127
11,602
3,1287
0,1206
2,1025
15,803
6,1035
1,1298
4,1102
14,148
0,1325
6,1310
16,52
2,1299
11,946
11,764
29,191
6,994
0,1289
4,1154
1,1329
2,1328
10,681
5,977
3,1184
4,1101
13,673
6,1048
16,331
4,1146
0,1416
6,961
14,630
9,1015
26,157
4,1158
15,753
8,885
2,1387
6,853
7,972
3,1289
5,1159
2,1235
16,417
3,1234
4,1070
3,1269
18,283
18,546
0,1200
6,731
5,950
4,1106
1,1354
2,1328
3,1182
0,1333
2,1161
11,805
7,1069
4,1174
1,1314
5,973
2,1236
2,1152
13,680
11,795
5,987
11,718
28,15
0,1396
4,1264
5,1193
8,824
2,1120
17,423
1,1242
6,689
1,1335
0,1319
3,1147
11,917
6,1044
8,796
2,1291
1,1039
4,1104
4,1010
10,1000
0,1348
7,928
3,1290
1,1255
14,456
14,609
1,1374
4,833
6,1266
8,1226
2,1388
12,461
21,654
2,1359
12,293
2,1201
7,946
0,1243
5,1163
1,1203
2,1305
0,1279
6,1142
4,1176
6,1139
4,1144
2,1064
1,1135
1,1172
0,1183
1,1071
12,424
17,395
2,1196
7,1318
0,1308
10,481
1,1268
2,1188
10,881
4,934
7,960
1,1231
4,1083
4,1282
3,1302
4,1066
0,1248
4,1260
6,894
11,1050
4,1140
12,1013
12,382
0,1327
7,956
2,1251
13,534
2,1218
2,1321
4,1327
2,1350
2,1317
19,22
1,1190
1,1211
3,1224
3,1245
0,1336
1,1104
4,1118
20,147
8,910
4,1114
6,1107
3,1053
1,1318
5,1128
4,1151
3,1327
2,1241
0,1296
0,1265
9,1039
2,1231
12,826
1,1253
14,697
2,1309
1,1334
2,1279
13,399
5,1049
10,815
5,900
7,845
2,1027
10,966
5,1285
1,1181
2,1291
0,1317
0,1320
15,616
4,1172
3,1245
5,711
8,1176
20,246
9,827
3,1139
3,1256
6,793
19,531
9,910
19,503
3,1214
2,1257
5,1066
10,960
2,1228
1,1244
0,1284
19,226
9,762
6,932
0,1301
6,1006
6,601
11,918
6,1013
1,1207
17,434
8,1109
2,1334
3,1012
11,1039
7,1213
1,1181
9,618
1,1266
4,807
0,1328
3,1143
9,966
4,927
7,1084
17,732
4,1042
6,1083
15,613
12,575
1,1327
13,236
4,1114
3,1133
9,774
4,1317
3,1057
4,1267
0,1295
2,1303
5,998
2,1306
2,1174
7,858
18,786
3,1046
8,1131
4,1096
6,1135
3,1085
3,1244
0,1269
2,1302
7,1063
15,442
3,1215
3,1054
13,538
0,1340
16,202
1,1213
11,618
1,1305
1,1029
1,1240
2,1065
4,1202
3,1294
1,1260
7,544
10,463
0,1303
2,1342
4,986
6,1109
13,778
1,1358
1,1305
3,932
13,356
1,1325
18,400
5,839
8,857
7,1046
5,1145
2,1232
4,1245
10,733
2,1054
2,1160
2,1030
15,465
16,278
6,1169
4,1179
4,1296
5,1267
10,580
21,193
1,1343
5,893
13,962
11,598
20,511
8,1048
3,1263
2,1305
6,813
12,865
10,550
16,137
8,919
2,1365
2,1076
7,1197
2,1112
0,1245
1,1359
3,1189
8,852
3,1249
13,798
1,1276
4,1117
10,659
5,1230
1,1391
11,854
8,1156
0,1295
5,983
1,1321
6,1087
2,1165
0,1331
14,466
3,1204
1,1258
7,861
15,636
5,1201
8,476
1,1247
11,546
4,826
2,1263
11,915
2,1129
1,1245
3,873
9,536
6,987
2,1246
9,862
11,446
3,1201
4,1131
1,1295
13,894
7,983
1,1116
7,1033
0,1210
7,962
4,1129
4,1206
4,1072
5,1193
9,820
25,22
4,1109
9,742
11,668
4,1202
13,664
3,1290
3,1159
8,1009
2,1197
4,831
6,1248
10,612
3,1205
10,821
