1371,20
1322,76
1238,70
1259,28
1426,40
1332,132
1340,19
1315,5
1311,190
1338,14
1387,13
1352,92
1359,49
1368,62
1279,131
1296,137
1414,24
1166,145
1300,51
1304,49
1323,71
1299,100
1225,151
1338,33
1338,75
1354,75
1330,59
1361,51
1386,57
1437,12
1230,72
1260,50
1198,103
1271,154
1362,6
1333,40
1358,53
1304,48
1332,5
1319,68
1285,78
1318,21
1330,9
1239,96
1310,66
1326,55
1263,25
1266,127
1325,13
1405,56
1298,14
1301,126
1341,27
1385,35
1393,4
1227,168
1286,101
1322,52
1323,70
1361,2
1374,36
1383,119
1317,42
1257,34
1331,116
1317,5
1273,19
1299,36
1326,61
1433,9
1382,1
1409,3
1398,46
1281,100
1299,68
1246,75
1242,148
1410,16
1381,26
1314,52
1337,25
1362,30
1293,49
1319,148
1262,87
1372,33
1322,62
1377,21
1299,78
1314,41
1314,12
1382,84
1291,96
1341,4
1323,26
1406,9
1319,42
1279,64
1269,35
1349,30
1312,17
1051,229
1337,39
1433,5
1267,132
1253,98
1362,1
1376,20
1365,12
1394,3
1249,86
1477,6
1484,22
1290,31
1308,58
1414,16
1346,44
1367,65
1234,156
1393,14
1293,47
1218,68
1392,25
1336,57
1154,154
1256,50
1307,169
1404,4
1219,80
1363,6
1279,122
1339,103
1364,6
1215,85
1281,8
1400,17
1366,63
1342,47
1214,108
1292,104
1354,31
1352,15
1358,28
1313,64
1298,50
1360,10
1330,50
1347,11
1321,6
1365,5
1297,57
1342,8
1289,54
1384,7
1279,38
1331,2
1364,19
1321,16
1330,62
1349,53
1233,131
1324,47
1333,15
1430,156
1297,33
1390,42
1469,18
1213,257
1312,32
1309,61
1345,6
1412,11
1287,40
1267,85
1284,96
1316,4
1294,53
1314,64
1311,162
1269,132
1344,35
1353,7
1365,35
1350,53
1378,31
1268,113
1353,8
1286,21
1366,98
1378,34
1299,83
1370,1
1324,139
1240,79
1209,55
1429,27
1239,81
1287,40
1318,48
1289,31
1256,140
1294,21
1293,16
1212,195
1323,27
1265,129
1307,17
1298,2
1283,105
1407,29
1282,115
1281,56
1251,63
1322,24
1139,177
1368,23
1220,96
1427,3
1361,3
1375,77
1396,29
1349,116
1311,75
1319,49
1334,101
1384,5
1417,11
1378,1
1449,20
1353,18
1236,83
1338,68
1395,5
1204,49
1275,130
1274,6
1293,68
1365,74
1328,38
1327,11
1309,31
1350,30
1299,48
1336,32
1367,20
1313,88
1231,134
1319,91
1398,24
1339,43
1335,26
1337,34
1247,165
1216,161
1369,13
1261,68
1365,46
1382,8
1215,204
1305,67
1287,99
1405,14
1356,10
1325,48
1320,41
1337,85
1266,106
1380,31
1217,197
1328,18
1289,26
1375,35
1298,25
1222,91
1370,72
1397,12
1425,3
1233,184
1331,7
1277,65
1391,43
1361,48
1312,135
1280,37
1175,171
1155,55
1282,2
1284,59
1369,32
1307,19
1282,70
1338,13
1201,57
1304,130
1215,80
1244,147
1395,16
1323,16
1375,12
1433,5
1303,67
1362,13
1383,2
1385,86
1336,2
1234,85
1291,121
1233,72
1431,5
1311,46
1433,7
1296,26
1315,1
1319,57
1230,141
1262,79
1186,148
1259,20
1188,28
1314,8
1205,75
1205,201
1318,62
1388,37
1159,258
1390,4
1337,23
1307,2
1235,128
1405,13
1205,173
1363,8
1402,1
1327,5
1215,102
1300,42
1306,13
1329,22
1364,13
1358,34
1327,160
1390,16
1331,47
1424,18
1227,107
1374,45
1197,63
1264,117
1274,59
1282,35
1191,138
1312,32
1302,82
1310,32
1212,208
1338,37
1318,6
1306,132
1368,131
1295,20
1278,114
1311,9
1343,52
1340,32
1266,9
1372,34
1352,7
1259,43
1364,42
1381,40
1255,62
1432,16
1267,26
1337,47
1441,17
1143,149
1396,1
1307,4
1366,43
1319,101
1363,25
1346,49
1413,15
1337,43
1400,3
1263,36
1299,16
1428,31
1308,58
1364,28
1327,114
1439,7
1335,57
1193,145
1348,24
1357,89
1214,104
1337,20
1254,15
1337,24
1343,35
1306,98
1288,62
1297,33
1215,174
1286,20
1240,73
1303,77
1437,20
1377,12
1318,20
1320,48
1368,47
1325,53
1335,64
1278,87
1292,22
1281,78
1430,1
1344,109
1346,33
1390,3
1413,45
1343,36
1352,29
1292,176
1303,94
1297,48
1371,3
1325,19
1261,81
1401,8
1383,23
1234,60
1348,9
1270,19
1316,20
1237,58
1427,44
1339,42
1415,24
1314,10
1350,166
1258,79
1328,30
1370,2
1266,49
1395,9
1289,41
1320,55
1332,77
1357,2
1261,120
1260,40
1329,8
1272,73
1343,87
1324,14
1214,207
1407,21
1346,49
1340,19
1356,37
1370,8
1317,44
1328,41
1322,36
1175,202
1329,80
1394,37
1374,1
1344,3
1459,14
1322,73
1273,130
1389,28
1221,141
1484,14
1216,165
1323,48
1335,61
1373,11
1308,129
1369,15
1292,32
1298,8
1372,1
1321,27
1367,37
1316,67
1277,54
1365,21
1341,4
1350,49
1276,98
1330,6
1222,47
1222,144
1440,3
1305,23
1351,193
1401,14
1350,25
1257,26
1421,42
1250,162
1284,93
1293,88
1313,7
1311,9
1283,94
1209,57
1256,34
1463,3
1085,305
1333,102
1285,41
1387,11
1340,6
1356,7
1238,124
1233,41
1237,16
1316,87
1343,35
1305,62
1307,97
1208,101
1362,24
1287,89
1351,81
1237,106
1281,10
1319,39
1269,105
1222,95
1375,15
1264,62
1221,139
1451,48
1375,3
1323,53
1323,59
1323,39
1318,66
1321,30
1341,20
1271,46
1241,111
1355,5
1420,6
1329,8
1320,17
1341,9
1164,219
1225,63
1271,79
1318,6
1262,119
1231,136
1420,4
1346,20
1351,73
1350,21
1328,63
1283,103
1169,145
1279,58
1213,26
1310,111
1333,51
1285,168
1295,20
1440,19
1369,97
1402,37
1283,18
1276,119
1395,13
1327,10
1197,136
1197,72
1193,81
1237,109
1320,62
1300,25
1345,69
1394,22
1272,9
1341,10
1287,43
1239,55
1285,48
1248,66
1336,10
1260,63
1255,38
1333,65
1304,49
1376,8
1263,68
1272,87
1367,22
1234,6
1344,31
1270,10
1313,40
1319,15
1308,41
1305,3
1212,100
1213,171
1348,92
1446,1
1124,144
1350,17
1352,26
1351,97
1297,61
1245,28
1458,10
1272,129
1208,82
1377,41
1399,75
1408,26
1354,124
1225,216
1328,26
1205,108
1373,83
1274,71
1288,68
1313,38
1148,220
1119,173
1371,8
1383,64
1368,63
1133,143
1363,36
1422,30
1234,137
1214,96
1224,70
1341,6
1229,119
1238,27
1347,13
1359,26
1328,17
1354,8
1312,39
1356,10
1317,18
1284,131
1271,12
1295,51
1354,23
1412,3
1352,31
1338,23
1252,87
1177,120
1323,11
1305,51
1451,39
1294,8
1361,60
1328,84
1236,159
1375,39
1420,23
1238,86
1313,45
1325,19
1264,18
1301,59
1294,127
1287,73
1268,71
1336,93
1365,89
1386,43
1254,120
1320,16
1291,37
1303,71
1306,38
1115,185
1299,131
1281,57
1248,88
1351,37
1389,37
1206,221
1343,51
1298,28
1343,12
1404,22
1176,314
1250,40
1260,87
1371,14
1265,22
1358,23
1294,64
1246,49
1344,46
1404,80
1292,22
1216,95
1324,18
1330,71
1369,59
1134,312
1221,127
1283,35
1362,88
1360,39
1383,51
1352,10
1298,87
1190,69
1348,24
1351,14
1364,19
1353,82
1321,34
1177,139
1387,39
1309,31
1310,90
1300,39
1421,14
1294,144
1359,2
1317,17
1257,153
1276,23
1190,240
1272,16
1328,21
1233,56
1293,12
1328,4
1445,7
1246,95
1306,197
1350,15
1290,7
1367,57
1223,102
1343,43
1311,69
1376,109
1284,134
1251,118
1318,11
1406,18
1334,19
1363,17
1419,62
1381,64
1316,26
1315,4
1425,38
1339,28
1375,63
1303,17
1306,62
1388,14
1253,69
1343,17
1308,34
1291,92
1301,93
1269,15
1260,55
1352,22
1357,1
1287,24
1237,58
1303,95
1413,27
1397,34
1432,2
1135,252
1390,34
1272,16
1361,62
1429,23
1424,27
1286,70
1271,226
1082,356
1362,9
1296,55
1368,4
1242,135
1347,13
1294,143
1320,51
1345,41
1384,8
1345,52
1416,14
1302,45
1239,88
1291,25
1346,70
1289,31
1371,4
1297,45
1339,29
1334,7
1365,4
1378,15
1310,27
1205,117
1348,91
1294,62
1320,11
1374,1
1297,47
1294,38
1310,29
1302,105
1291,57
1332,23
1314,57
1352,38
1272,32
1252,67
1275,104
1406,38
1365,54
1402,46
1313,60
1163,239
1346,59
1286,80
1156,173
1299,135
1382,1
1354,6
1297,27
1255,129
1285,113
1341,95
1374,26
1382,21
1249,143
1390,28
1361,25
1310,56
1362,10
1253,74
1281,134
1209,72
1286,93
1273,5
1303,52
1140,227
1322,57
1278,43
1434,4
1292,95
1317,76
1409,16
1328,99
1340,15
1214,149
1296,21
1346,90
1316,57
1256,21
1437,18
1260,18
1361,14
1171,216
1280,110
1357,14
1265,90
1325,59
1347,90
1290,16
1278,13
1458,33
1380,5
1304,18
1368,30
1433,21
1295,17
1263,148
1264,100
1319,22
1254,1
1294,8
1346,54
1375,12
1241,99
1252,48
1390,22
1338,57
1285,51
1330,15
1286,30
1307,10
1305,23
1402,18
1331,45
1278,57
1314,18
1387,41
1359,6
1401,45
1187,112
1317,95
1308,17
1362,8
1370,57
1412,35
1234,185
1138,285
1298,28
1291,57
1322,57
1395,27
1165,182
1283,139
1391,12
1345,48
1289,61
1324,3
1245,23
1245,2
1339,45
1298,9
1310,148
1324,92
1329,77
1284,71
1284,109
1324,38
1311,65
1382,25
1327,40
1461,50
1345,22
1290,62
1342,47
1288,47
1256,153
1363,42
1365,5
1445,15
1231,40
1337,14
1439,16
1365,21
1316,94
1424,12
1252,13
1188,101
1318,16
1403,11
1284,64
1348,53
1336,3
1362,66
1283,91
1295,7
1218,128
1411,14
1182,156
1341,63
1394,3
1315,60
1261,69
1184,60
1260,105
1266,17
1289,54
1304,12
1287,97
1299,129
1312,27
1296,142
1350,13
1266,30
1310,37
1222,54
1395,44
1347,1
1303,9
1212,11
1425,36
1321,73
1282,106
