1847,9
1752,9
1872,8
1778,6
1775,1
1821,4
1815,18
1798,7
1831,34
1789,11
1772,11
1780,10
1753,11
1692,11
1770,4
1771,29
1885,9
1794,4
1776,8
1834,6
1739,8
1765,18
1859,4
1721,24
1819,8
1822,1
1705,22
1768,9
1856,11
1889,4
1763,4
1795,3
1843,22
1816,17
1774,7
1791,15
1754,39
1832,6
1805,18
1825,42
1739,12
1836,14
1742,3
1813,37
1773,3
1821,6
1783,5
1778,5
1832,1
1761,12
1880,2
1805,32
1875,3
1812,10
1733,3
1794,15
1925,13
1781,1
1768,18
1846,7
1811,2
1784,9
1726,6
1722,25
1775,2
1837,4
1769,6
1726,19
1764,22
1797,10
1816,3
1857,23
1832,24
1843,15
1714,23
1750,5
1876,2
1814,9
1804,1
1807,14
1748,20
1825,22
1814,31
1790,1
1857,2
1823,36
1703,8
1808,2
1763,1
1697,11
1788,1
1775,15
1806,3
1819,2
1741,21
1700,17
1828,8
1810,4
1794,9
1750,2
1784,33
1781,10
1717,3
1771,9
1726,5
1765,44
1829,8
1708,13
1792,5
1844,1
1814,4
1695,2
1801,1
1846,2
1857,17
1895,5
1754,26
1838,4
1784,21
1778,1
1757,15
1795,30
1807,4
1798,11
1848,1
1822,9
1756,24
1868,4
1843,13
1861,8
1761,46
1807,8
1755,3
1729,8
1837,10
1837,17
1820,22
1808,4
1833,8
1844,10
1838,3
1747,8
1810,4
1667,18
1863,27
1875,17
1766,37
1726,36
1798,13
1750,51
1805,5
1806,14
1957,41
1843,17
1754,11
1774,16
1915,1
1776,13
1814,7
1811,3
1705,14
1781,8
1786,28
1829,31
1814,2
1842,5
1704,5
1780,2
1806,8
1726,6
1804,26
1643,27
1696,4
1806,12
1774,1
1870,7
1778,2
1772,4
1749,13
1882,2
1817,11
1831,1
1923,16
1798,4
1809,6
1850,1
1749,4
1692,58
1797,7
1807,26
1767,39
1715,23
1819,4
1786,1
1804,20
1721,32
1806,6
1832,26
1790,20
1749,20
1898,5
1875,9
1802,12
1816,4
1760,14
1740,17
1846,11
1786,8
1831,7
1837,2
1805,20
1809,3
1857,6
1775,19
1847,12
1706,19
1787,7
1789,2
1753,23
1775,3
1781,24
1890,19
1830,5
1821,5
1794,15
1754,2
1814,30
1817,7
1830,3
1848,13
1800,23
1850,8
1894,8
1788,12
1852,3
1719,10
1781,5
1822,8
1839,2
1709,6
1804,12
1739,67
1907,12
1801,16
1828,6
1776,15
1785,16
1841,7
1779,37
1846,16
1705,15
1917,5
1789,3
1759,4
1822,5
1753,13
1844,20
1864,16
1837,18
1846,1
1795,8
1757,1
1784,20
1783,13
1838,14
1860,3
1780,12
1755,9
1800,16
1703,8
1773,2
1743,10
1830,25
1811,7
1796,24
1881,1
1688,3
1755,6
1867,14
1759,11
1875,7
1755,6
1740,3
1751,14
1818,11
1741,14
1786,2
1678,7
1769,2
1930,3
1721,7
1846,9
1810,19
1786,5
1835,11
1833,10
1766,11
1728,26
1744,11
1838,1
1806,8
1876,7
1806,6
1815,53
1712,17
1792,13
1789,7
1769,16
1709,4
1861,4
1789,15
1805,1
1748,20
1813,1
1760,34
1848,6
1762,7
1782,4
1679,60
1819,13
1817,9
1868,4
1800,5
1777,41
1744,2
1800,6
1807,17
1765,9
1798,11
1773,24
1688,19
1659,32
1830,9
1854,4
1808,14
1810,3
1831,10
1823,4
1773,10
1896,1
1770,25
1820,23
1842,3
1799,3
1781,4
1754,1
1755,28
1774,31
1847,26
1759,11
1762,25
1811,10
1874,4
1767,12
1733,18
1866,8
1784,17
1865,13
1744,3
1809,6
1705,29
1692,27
1887,11
1851,4
1818,29
1904,10
1746,51
1781,9
1773,15
1820,16
1724,7
1794,3
1687,18
1848,36
1762,2
1839,8
1671,33
1838,23
1771,11
1723,2
1789,4
1836,16
1787,10
1804,29
1718,13
1878,8
1759,10
1827,22
1888,5
1760,6
1852,2
1701,6
1840,5
1771,11
1769,5
1800,5
1825,9
1808,8
1772,2
1807,14
1789,4
1893,2
1807,15
1806,30
1764,8
1813,1
1865,2
1823,13
1761,57
1775,14
1761,2
1690,8
1830,5
1665,9
1808,6
1860,1
1800,4
1699,35
1721,4
1766,7
1764,14
1740,4
1754,24
1780,14
1761,21
1812,10
1749,8
1847,10
1824,1
1873,4
1815,3
1700,53
1697,5
1814,2
1803,10
1772,10
1796,2
1737,37
1788,1
1771,22
1785,9
1787,8
1775,3
1676,98
1721,6
1695,56
1795,14
1752,10
1796,9
1787,2
1829,18
1806,8
1856,2
1825,4
1750,6
1883,7
1858,14
1781,19
1826,37
1821,13
1787,50
1866,4
1825,14
1818,12
1828,2
1753,3
1737,2
1812,6
1830,3
1715,2
1833,7
1754,2
1816,7
1808,9
1781,12
1811,18
1821,7
1796,3
1757,17
1781,5
1808,5
1833,6
1779,2
1751,3
1840,7
1770,13
1834,47
1873,3
1845,13
1749,12
1773,25
1807,16
1796,3
1852,6
1755,62
1844,4
1729,7
1840,1
1828,1
1792,9
1848,1
1771,10
1832,9
1709,18
1788,6
1807,26
1802,3
1707,34
1820,25
1823,43
1763,30
1761,5
1734,6
1876,6
1766,21
1803,2
1830,17
1765,4
1751,4
1765,43
1738,35
1864,1
1885,7
1753,16
1881,14
1836,3
1848,18
1752,11
1929,1
1760,21
1746,30
1813,6
1919,11
1849,2
1784,4
1733,9
1833,1
1862,28
1886,16
1778,34
1833,10
1837,14
1810,11
1815,4
1853,6
1727,11
1714,23
1715,18
1784,17
1805,2
1834,8
1898,9
1717,5
1725,2
1776,9
1709,24
1802,1
1805,1
1778,42
1823,13
1750,8
1791,2
1762,43
1806,1
1791,9
1794,11
1759,19
1886,40
1799,28
1770,54
1759,3
1721,28
1833,17
1721,7
1829,16
1774,3
1796,9
1776,34
1816,22
1796,27
1873,3
1792,22
1750,19
1885,1
1814,22
1745,17
1782,15
1896,10
1832,3
1819,6
1682,34
1765,13
1692,20
1766,2
1794,12
1768,6
1753,6
1780,5
1878,6
1819,4
1892,9
1783,4
1723,3
1745,28
1787,13
1802,3
1922,10
1711,4
1760,3
1747,19
1788,14
1737,3
1789,24
1781,3
1841,3
1868,7
1758,45
1797,2
1883,16
1798,42
1784,8
1734,14
1807,1
1768,35
1751,3
1724,6
1843,32
1790,17
1779,25
1767,1
1747,2
1795,16
1876,26
1795,7
1840,2
1812,9
1766,9
1756,2
1835,9
1789,2
1827,11
1786,10
1834,46
1763,23
1727,4
1771,23
1745,11
1785,7
1837,2
1833,11
1791,19
1809,4
1675,7
1783,6
1851,6
1831,2
1750,2
1685,7
1783,13
1851,16
1825,14
1802,5
1854,2
1777,1
1808,7
1818,5
1822,18
1752,10
1809,2
1720,25
1796,2
1821,20
1732,9
1755,6
1775,8
1827,3
1750,8
1892,3
1774,46
1805,19
1785,2
1904,5
1743,18
1857,2
1820,2
1935,4
1794,15
1855,2
1810,2
1777,30
1775,2
1748,7
1882,7
1806,24
1843,5
1811,8
1815,4
1788,9
1817,20
1771,3
1750,11
1785,9
1794,25
1836,10
1794,3
1745,8
1796,9
1845,4
1772,8
1751,9
1827,11
1851,8
1845,2
1717,7
1803,32
1793,66
1774,27
1783,10
1815,11
1881,7
1769,22
1729,14
1830,1
1822,9
1864,6
1801,16
1815,16
1816,22
1719,34
1861,5
1716,19
1864,37
1754,13
1842,14
1771,18
1796,11
1746,3
1709,24
1728,33
1785,1
1873,1
1898,3
1798,6
1776,20
1683,36
1811,3
1768,3
1705,3
1814,5
1746,22
1684,4
1840,4
1721,6
1769,2
1901,8
1871,3
1814,27
1821,15
1774,19
1761,6
1690,8
1765,21
1786,1
1722,25
1768,9
1834,13
1848,8
1847,7
1828,3
1827,13
1939,19
1931,20
1798,24
1819,1
1830,14
1780,28
1742,31
1804,6
1799,12
1805,10
1845,16
1782,9
1828,7
1803,11
1691,17
1838,3
1778,4
1731,3
1704,24
1810,3
1736,9
1806,9
1821,1
1800,33
1788,14
1785,25
1785,6
1789,3
1859,8
1816,3
1761,9
1807,2
1787,7
1745,19
1863,1
1725,6
1784,2
1814,9
1786,24
1717,64
1838,3
1774,10
1784,7
1777,22
1875,7
1759,7
1885,1
1737,15
1740,19
1810,9
1791,9
1889,27
1801,30
1833,23
1713,6
1818,2
1856,6
1663,6
1737,32
1816,33
1818,9
1749,3
1837,11
1786,35
1814,11
1728,10
1756,11
1846,7
1781,3
1819,12
1789,1
1820,2
1783,38
1807,4
1798,3
1722,8
1768,4
1798,3
1805,9
1870,1
1725,1
1719,8
1843,25
1768,19
1749,1
1803,25
1674,23
1837,4
1647,38
1869,12
1799,19
1827,6
1770,15
1867,1
1761,26
1801,2
1801,9
1813,1
1773,22
1843,1
1874,13
1751,2
1789,5
1792,21
1787,2
1685,19
1831,15
1754,13
1850,5
1760,4
1807,20
1819,3
1740,21
1755,5
1716,12
1889,1
1830,5
1750,7
1924,3
1660,7
1782,6
1743,26
1810,4
1766,3
1825,4
1782,5
1773,6
1895,1
1839,3
1765,4
1715,12
1814,16
1810,2
1840,2
1781,8
1848,9
1863,20
1853,18
1851,13
1814,4
1796,7
1787,25
1720,2
1791,11
1722,8
1794,43
1800,3
1755,6
1793,15
1766,15
1730,22
1808,7
1835,7
1769,11
1854,29
1853,14
1839,2
1792,6
1820,4
1741,19
1743,17
1909,4
1768,14
1818,4
1729,1
1762,15
1796,18
1725,1
1826,3
1827,5
1794,10
1726,3
1850,7
1857,21
1814,13
1794,2
1789,17
1771,11
1695,8
1769,2
1762,16
1813,6
1738,32
1854,3
1892,7
1809,25
1843,21
1846,3
1882,4
1772,2
1824,10
1788,2
1890,11
1759,14
1818,15
1866,6
1854,5
1821,3
1778,16
1770,9
1804,4
1789,1
1836,6
1808,11
1836,4
1776,75
1896,11
1792,23
1807,8
1742,10
1918,19
1655,11
1749,8
1801,1
1837,1
1836,17
1829,3
1720,28
1818,3
1730,8
1838,3
1818,10
1803,13
1833,13
1788,19
1816,18
1758,2
1713,18
1807,11
1716,10
