1384,96
1377,21
1263,33
1266,87
1421,39
1316,138
1338,14
1328,60
1292,240
1328,12
1381,20
1437,43
1452,15
1286,124
1278,139
1437,25
1307,29
1170,147
1291,53
1309,36
1330,71
1324,40
1216,133
1336,31
1307,111
1351,94
1334,90
1334,63
1359,24
1363,52
1374,62
1439,12
1226,75
1271,25
1240,80
1273,162
1292,2
1362,5
1345,7
1354,53
1281,101
1329,5
1296,76
1265,79
1328,30
1329,10
1264,81
1117,156
1328,37
1326,55
1268,25
1258,136
1328,12
1402,60
1296,14
1318,69
1367,19
1388,36
1306,100
1225,167
1263,130
1330,55
1305,79
1328,59
1383,117
1311,39
1256,32
1358,44
1276,50
1287,16
1296,32
1324,62
1448,6
1381,1
1390,46
1409,3
1416,41
1255,112
1378,11
1212,83
1245,169
1411,16
1343,74
1313,53
1337,25
1363,32
1148,297
1277,50
1319,134
1367,48
1360,54
1327,59
1312,98
1301,105
1322,46
1308,82
1318,7
1382,93
1275,104
1275,87
1317,24
1404,9
1310,65
1279,66
1243,76
1322,51
1257,27
1313,17
1052,282
1351,37
1432,4
1259,132
1298,27
1283,25
1345,18
1364,28
1366,12
1393,3
1203,114
1477,6
1469,37
1253,102
1389,2
1311,69
1305,37
1311,59
1413,15
1342,57
1356,91
1240,151
1234,74
1378,41
1325,60
1141,197
1255,54
1278,178
1221,80
1203,179
1359,6
1374,35
1342,104
1368,7
1327,131
1253,50
1279,6
1383,16
1346,65
1369,49
1250,36
1296,120
1357,30
1367,1
1354,37
1240,120
1291,6
1308,78
1297,53
1253,63
1319,49
1333,20
1363,5
1299,57
1334,30
1289,57
1390,7
1290,48
1177,158
1333,2
1364,20
1324,16
1331,73
1331,63
1227,134
1303,60
1298,65
1423,163
1305,36
1387,43
1464,21
1185,277
1331,63
1338,6
1389,28
1411,12
1283,45
1274,79
1275,100
1301,27
1290,52
1246,188
1269,133
1343,42
1283,127
1305,71
1218,148
1335,3
1259,112
1351,10
1287,21
1366,94
1370,18
1307,92
1370,1
1302,141
1247,84
1202,82
1427,30
1217,100
1212,103
1323,52
1291,28
1395,1
1385,66
1293,21
1292,15
1198,203
1241,161
1302,17
1300,2
1273,116
1409,36
1284,12
1275,116
1288,57
1315,24
1131,183
1376,9
1231,92
1427,3
1370,3
1369,96
1371,29
1217,170
1360,89
1249,116
1388,5
1422,12
1374,6
1451,2
1335,10
1321,63
1354,27
1182,146
1335,69
1210,52
1259,130
1274,6
1295,65
1360,80
1310,38
1327,11
1310,31
1348,29
1293,45
1337,42
1372,23
1328,88
1375,18
1329,73
1399,24
1334,62
1333,25
1336,33
1223,192
1210,163
1222,182
1338,24
1400,9
1395,46
1335,54
1251,72
1356,53
1327,9
1356,24
1185,246
1318,21
1288,105
1404,14
1352,5
1356,10
1309,62
1319,40
1267,31
1332,84
1262,107
1382,30
1218,200
1368,21
1349,89
1378,36
1301,25
1230,94
1318,96
1356,30
1409,10
1221,186
1334,7
1268,68
1380,44
1366,50
1289,130
1282,41
1183,185
1267,158
1208,11
1282,2
1296,56
1360,42
1314,29
1337,13
1301,146
1215,108
1248,124
1390,17
1330,16
1386,10
1432,5
1315,68
1363,13
1383,2
1390,88
1336,2
1233,91
1239,171
1288,125
1352,11
1316,52
1434,7
1286,26
1321,1
1320,54
1231,149
1256,86
1175,149
1257,19
1201,31
1043,270
1312,7
1231,137
1385,39
1157,271
1285,52
1397,4
1338,23
1401,8
1302,2
1310,94
1198,187
1363,17
1366,12
1326,5
1199,130
1297,41
1086,304
1341,1
1376,8
1345,41
1309,205
1392,16
1327,55
1415,24
1207,108
1379,44
1202,64
1264,97
1273,58
1294,38
1190,136
1323,49
1303,82
1315,36
1172,225
1219,212
1339,40
1326,6
1315,116
1355,171
1286,15
1281,125
1311,9
1341,55
1358,16
1364,50
1352,7
1265,47
1360,37
1343,27
1383,44
1305,4
1428,15
1280,43
1426,45
1342,11
1327,46
1450,5
1148,162
1404,1
1308,4
1355,49
1308,101
1368,29
1412,15
1334,41
1399,6
1305,1
1414,31
1311,56
1357,28
1322,124
1438,7
1328,68
1322,11
1196,153
1229,115
1268,47
1244,129
1346,35
1303,114
1394,17
1298,6
1224,184
1292,19
1236,81
1285,76
1437,19
1378,12
1318,19
1327,47
1368,46
1367,34
1334,13
1328,88
1263,113
1277,83
1441,1
1347,115
1322,40
1389,3
1405,51
1344,32
1288,180
1313,21
1287,54
1310,40
1373,31
1158,293
1271,37
1408,14
1373,37
1235,67
1341,17
1289,18
1214,193
1314,24
1270,195
1344,45
1315,10
1348,171
1254,120
1332,44
1364,6
1250,73
1393,25
1285,56
1330,77
1357,2
1271,121
1252,54
1331,10
1250,155
1330,88
1321,14
1299,79
1362,14
1303,4
1210,210
1413,20
1345,5
1359,39
1372,8
1314,41
1314,45
1321,37
1176,207
1332,89
1414,38
1374,1
1345,3
1457,14
1340,54
1239,154
1388,31
1367,16
1210,145
1483,16
1213,165
1356,21
1299,94
1349,17
1298,140
1368,15
1307,56
1299,8
1372,1
1326,27
1419,4
1368,45
1317,71
1260,52
1288,90
1300,99
1341,4
1356,32
1270,112
1330,6
1216,48
1224,139
1388,20
1299,32
1349,193
1401,12
1336,40
1354,26
1259,26
1405,50
1238,168
1269,112
1295,90
1315,7
1312,10
1259,92
1211,58
1267,32
1463,3
1079,312
1343,90
1322,90
1291,53
1399,9
1320,44
1359,7
1213,151
1243,16
1417,52
1208,72
1231,24
1354,43
1325,65
1308,60
1187,211
1212,101
1358,4
1293,88
1323,53
1346,76
1274,68
1315,39
1240,137
1195,86
1387,15
1247,69
1208,143
1448,55
1377,12
1310,49
1317,136
1324,57
1338,32
1425,18
1320,68
1317,31
1332,26
1267,54
1241,110
1352,7
1362,50
1330,8
1322,13
1333,9
1153,252
1222,65
1244,112
1341,146
1319,6
1305,22
1196,242
1348,22
1352,71
1354,24
1330,62
1276,131
1158,146
1283,59
1320,113
1308,65
1288,169
1102,302
1262,57
1445,15
1353,104
1347,80
1280,22
1275,129
1394,15
1386,30
1324,9
1428,8
1205,144
1193,84
1196,84
1323,65
1298,26
1345,73
1346,2
1398,7
1405,18
1270,4
1324,10
1274,58
1240,59
1246,66
1337,10
1250,96
1258,38
1333,62
1206,164
1302,48
1374,6
1264,67
1258,118
1352,25
1221,109
1325,112
1356,33
1278,76
1318,14
1297,48
1285,53
1304,3
1200,94
1347,44
1352,92
1354,7
1281,152
1120,152
1369,9
1356,26
1332,128
1294,38
1281,93
1251,35
1281,127
1207,88
1381,40
1398,78
1392,47
1328,118
1214,227
1345,27
1196,46
1335,100
1264,71
1268,82
1312,42
1371,7
1149,225
1382,5
1122,181
1388,11
1387,60
1272,158
1371,64
1129,149
1356,37
1413,30
1233,146
1238,78
1224,71
1296,33
1224,123
1241,38
1353,14
1357,26
1319,15
1355,8
1364,30
1341,26
1314,63
1296,122
1233,101
1306,76
1352,107
1349,59
1319,36
1250,95
1186,117
1340,10
1308,51
1450,28
1279,3
1400,14
1352,63
1222,125
1322,88
1245,55
1355,65
1295,164
1249,106
1315,47
1321,20
1268,18
1281,70
1256,154
1379,20
1275,70
1267,76
1327,133
1370,90
1386,41
1240,129
1316,16
1292,37
1289,97
1289,43
1099,256
1293,131
1266,65
1363,35
1340,2
1197,78
1203,206
1355,5
1310,15
1340,12
1392,32
1170,310
1250,41
1242,115
1270,35
1332,52
1356,25
1309,62
1245,48
1351,53
1208,154
1403,87
1298,26
1266,42
1318,17
1370,27
1362,61
1117,331
1206,121
1283,36
1302,61
1338,133
1355,41
1378,55
1347,12
1225,120
1196,72
1306,67
1339,9
1363,19
1384,32
1354,15
1182,155
1386,24
1322,23
1312,90
1291,37
1336,115
1346,4
1294,64
1256,158
1280,23
1174,253
1281,15
1305,36
1317,65
1329,21
1248,32
1291,10
1321,15
1438,7
1246,90
1349,126
1347,25
1262,21
1357,57
1237,112
1306,28
1405,2
1312,70
1374,87
1300,139
1270,94
1285,34
1213,73
1407,18
1280,69
1190,233
1408,60
1367,70
1323,25
1337,10
1318,5
1429,41
1394,11
1335,29
1374,119
1183,238
1267,99
1398,4
1273,68
1343,17
1317,75
1175,156
1252,59
1359,22
1357,1
1279,28
1241,61
1287,101
1339,105
1393,17
1238,62
1267,16
1335,57
1427,25
1400,25
1268,76
1303,47
1271,237
1085,370
1339,59
1284,53
1283,131
1316,24
1276,171
1319,52
1345,41
1320,86
1384,17
1343,51
1421,14
1396,5
1329,46
1194,125
1280,25
1350,66
1290,38
1352,26
1238,147
1320,2
1361,62
1340,7
1363,4
1377,14
1295,34
1371,26
1201,136
1324,118
1303,63
1323,9
1363,1
1296,52
1290,43
1298,73
1268,139
1297,66
1329,23
1314,61
1315,80
1300,1
1220,116
1278,115
1253,119
1297,51
1395,46
1367,51
1397,47
1307,60
1160,255
1349,61
1270,97
1142,177
1405,6
1260,145
1378,1
1354,6
1301,31
1238,144
1333,97
1324,62
1350,32
1371,35
1233,149
1397,25
1374,27
1301,56
1362,10
1233,109
1278,135
1373,4
1247,23
1295,74
1272,5
1130,232
1325,87
1280,44
1443,4
1458,19
1304,66
1318,68
1402,16
1281,116
1331,17
1205,152
1299,21
1334,102
1234,161
1319,58
1257,19
1454,12
1254,23
1361,15
1346,12
1133,269
1289,115
1350,86
1381,12
1233,95
1323,62
1335,92
1293,16
1259,12
1457,35
1219,185
1308,18
1380,30
1282,17
1231,66
1227,153
1268,103
1319,22
1254,1
1321,13
1304,9
1344,105
1371,21
1243,96
1254,53
1417,11
1345,56
1323,57
1258,57
1335,15
1293,28
1306,9
1224,199
1307,56
1390,34
1345,19
1279,60
1299,28
1363,6
1421,26
1325,11
1184,153
1313,97
1315,36
1308,17
1361,8
1336,85
1408,35
1228,186
1306,12
1286,53
1321,58
1393,26
1243,49
1392,12
1338,53
1364,25
1300,67
1323,3
1246,7
1279,108
1337,46
1281,12
1352,77
1382,4
1317,100
1323,75
1287,68
1280,107
1317,47
1303,94
1370,75
