649,410
835,61
690,283
707,322
770,246
591,659
517,698
765,56
590,522
813,136
584,605
670,388
372,1038
432,955
647,441
681,239
619,530
663,437
410,837
759,176
716,266
797,26
864,97
500,710
805,98
840,153
829,78
655,397
902,50
847,47
816,88
730,368
839,153
654,446
502,636
670,395
706,357
853,113
399,983
578,456
518,701
876,42
731,224
754,142
830,54
749,123
570,596
499,764
553,590
692,337
840,23
561,563
762,274
756,245
440,841
750,295
753,236
673,392
609,491
488,715
512,713
657,368
300,1065
809,206
853,126
642,440
567,562
665,433
841,71
783,302
541,691
846,163
706,272
938,85
569,609
767,230
676,422
843,103
667,475
603,423
694,399
694,327
689,457
687,424
522,542
623,569
532,678
413,935
792,21
814,198
461,859
824,25
655,376
851,25
681,397
742,258
449,763
718,293
657,355
803,146
853,46
858,49
872,35
755,372
565,662
682,214
775,118
697,326
623,452
762,306
549,635
555,663
571,667
821,109
671,402
706,272
679,378
595,681
756,223
788,101
448,906
823,22
633,469
615,603
227,1289
585,652
574,650
815,51
744,342
787,184
670,448
771,265
895,119
851,24
772,141
609,508
611,469
564,568
791,121
722,281
793,33
705,293
694,336
868,119
725,323
728,284
735,158
362,1064
473,727
796,128
557,607
838,48
714,365
544,702
588,693
682,463
774,353
514,703
885,37
847,75
847,36
919,12
539,688
752,390
357,1021
682,424
461,959
478,639
762,199
388,927
832,131
848,79
808,33
441,772
889,61
578,553
744,396
728,222
835,153
800,175
787,129
795,195
642,523
418,959
892,63
438,845
739,242
673,422
630,390
542,620
707,168
809,175
485,782
629,452
334,1006
905,42
656,537
716,380
757,244
617,553
759,296
638,559
819,150
498,732
540,624
789,273
831,155
493,777
573,688
823,164
804,218
566,533
889,53
627,347
636,495
599,434
746,304
803,128
525,636
544,593
574,682
416,871
698,270
818,77
792,88
752,273
602,462
665,433
697,268
479,841
632,527
879,42
635,542
400,989
709,403
750,164
563,497
780,308
662,411
608,524
689,383
815,87
751,172
718,315
556,680
537,619
512,710
761,314
406,817
746,205
520,820
465,910
748,326
792,184
878,1
524,653
802,256
781,251
641,505
641,397
621,499
710,337
523,716
719,175
684,292
389,914
704,266
464,856
753,127
671,519
642,516
663,362
740,263
850,92
886,99
462,791
630,404
646,494
643,453
789,232
619,611
581,565
787,155
556,626
502,838
647,380
796,168
419,987
602,654
595,537
849,51
854,7
755,258
699,345
219,1313
819,169
590,576
879,27
647,429
604,482
721,260
769,184
615,455
810,164
830,105
799,124
439,911
532,628
637,467
753,166
724,414
813,92
910,67
552,731
693,371
791,145
536,668
812,58
531,659
556,552
516,716
811,203
748,336
801,123
653,442
834,44
550,693
742,241
737,243
874,58
692,439
819,65
800,75
677,414
542,622
750,208
697,415
610,526
848,12
824,59
787,111
823,45
644,400
665,382
660,435
448,876
557,652
715,377
901,102
812,117
513,709
788,233
496,760
770,326
597,548
802,140
774,233
617,483
452,919
873,45
883,8
758,329
882,30
509,807
800,37
714,224
648,498
852,33
769,224
856,106
517,699
822,116
437,834
617,546
434,895
652,525
552,623
810,38
718,317
789,223
814,40
885,21
619,484
501,792
806,104
788,165
637,513
505,760
570,556
839,157
362,1071
831,87
792,222
567,733
801,121
620,400
397,906
727,322
641,473
775,57
773,279
554,581
493,797
674,312
430,947
597,453
897,79
712,378
880,11
857,65
869,128
482,731
743,202
415,814
777,231
835,1
737,273
449,915
613,485
487,846
716,328
361,955
362,1055
471,822
774,85
873,4
611,457
766,240
588,678
792,133
454,905
529,617
726,311
721,246
541,665
794,224
798,136
855,107
576,592
641,434
619,531
679,440
591,499
749,199
883,78
803,81
397,880
655,419
691,232
626,481
733,195
675,363
773,201
548,723
859,111
783,111
490,753
696,329
826,214
719,397
767,198
627,487
458,705
590,599
710,351
619,492
878,54
793,193
797,249
800,150
797,171
704,386
714,264
795,155
888,78
753,326
713,401
659,399
825,114
698,414
803,185
735,245
435,830
858,39
744,168
639,472
879,58
589,504
456,838
674,385
596,690
807,89
840,101
511,835
692,460
827,87
755,209
775,288
422,973
748,320
775,88
846,92
739,303
624,582
644,370
876,89
819,149
570,737
843,121
511,646
291,1020
810,116
758,169
343,993
734,310
517,636
827,121
613,420
711,278
438,913
710,305
537,796
894,24
808,168
720,365
779,366
685,491
741,275
878,122
571,644
776,156
586,553
807,154
625,472
768,143
470,799
759,300
798,188
889,52
849,54
448,836
674,382
430,859
778,142
789,118
876,161
615,526
510,698
845,51
881,80
517,627
866,3
723,300
869,34
422,881
709,213
603,573
532,522
873,110
559,632
752,336
767,269
816,206
799,19
540,655
753,288
793,137
684,446
735,277
671,413
722,414
408,955
631,451
408,967
650,438
544,617
700,294
575,512
712,309
789,249
828,158
747,258
863,19
804,236
762,160
858,125
281,1130
681,323
554,713
850,113
713,495
904,46
781,80
841,211
808,68
816,112
755,194
763,228
695,265
541,500
830,38
722,259
686,341
645,474
908,72
798,94
370,1063
452,869
797,72
754,318
791,82
764,179
832,53
849,143
502,727
875,46
781,133
599,532
482,741
509,728
662,353
859,44
606,467
775,130
272,1208
319,1098
677,326
861,13
505,769
891,58
855,179
707,373
712,417
676,351
697,352
576,549
875,22
596,520
486,778
522,584
484,762
811,81
613,458
364,985
837,166
513,649
827,113
594,472
686,320
550,693
472,884
559,608
587,527
659,387
737,306
604,577
595,550
461,718
749,205
679,326
891,67
616,476
822,11
502,718
710,284
548,599
664,419
757,166
720,389
614,541
817,24
787,188
827,10
690,565
785,242
794,239
873,32
683,306
626,421
754,226
690,239
657,469
445,839
330,997
735,157
688,314
420,871
595,536
739,325
445,720
638,456
702,426
718,323
576,599
617,592
479,830
538,826
701,366
663,314
602,537
785,104
382,894
886,118
808,86
485,750
726,225
328,1073
833,145
564,586
686,353
699,459
674,386
844,28
758,186
861,109
843,99
757,283
620,484
567,528
435,821
849,6
620,465
459,899
815,111
850,24
793,184
539,674
810,188
803,225
850,116
826,73
396,1022
584,470
625,546
422,817
363,992
921,23
782,302
717,362
839,53
743,276
499,615
529,662
783,258
820,182
656,486
551,561
576,554
814,166
744,371
606,468
565,610
585,596
725,180
765,310
797,216
352,897
774,163
680,418
655,486
818,240
686,398
639,593
888,6
619,546
562,589
737,279
726,333
715,271
437,745
842,13
565,646
545,743
747,249
677,315
806,50
507,869
545,608
507,725
603,449
495,744
816,134
712,245
696,280
763,238
749,124
807,131
611,588
695,332
677,279
653,398
720,390
476,737
624,479
635,429
941,16
646,394
630,454
797,226
702,379
863,87
862,14
826,94
848,88
620,551
631,503
754,194
868,69
517,553
785,129
496,642
736,326
791,116
789,369
875,65
741,171
292,1005
778,222
490,680
695,295
545,623
364,995
529,757
823,188
785,182
412,792
781,147
370,969
831,70
626,413
637,491
605,578
543,498
889,171
600,403
623,497
720,373
665,381
699,246
707,319
876,96
646,403
662,493
694,388
459,879
723,418
758,352
569,589
740,183
618,472
768,189
855,150
534,627
508,658
617,466
369,923
576,593
774,234
719,426
353,1041
858,10
821,153
620,549
582,632
797,259
870,75
543,684
828,134
543,654
798,216
566,607
461,823
665,435
864,8
571,674
792,108
917,141
745,267
673,484
793,240
669,405
773,295
573,534
334,1001
563,677
898,66
385,876
612,561
605,571
725,263
830,71
639,584
771,100
894,3
688,404
271,1199
741,297
839,114
821,111
468,957
709,306
776,250
864,51
414,870
551,705
441,910
660,384
614,612
773,205
548,648
882,133
827,138
670,537
610,438
489,793
654,396
527,598
738,278
754,261
475,730
616,578
732,299
795,190
527,643
626,529
663,446
598,492
493,797
775,98
502,680
824,152
817,152
747,227
856,116
737,453
824,93
705,308
424,753
913,50
834,111
537,694
557,647
746,191
926,12
708,389
867,4
740,317
775,348
483,748
649,532
865,100
484,762
422,797
638,410
652,455
858,58
248,1223
817,77
830,69
601,447
663,414
617,466
837,57
586,556
892,35
640,449
671,390
376,974
800,9
858,69
703,396
632,504
676,324
323,1065
728,248
491,662
783,271
456,810
633,437
472,793
755,243
788,300
780,190
779,325
723,230
735,296
449,814
741,295
837,124
739,371
669,407
453,843
898,3
487,733
499,598
705,312
395,899
438,760
669,422
452,887
