1280,98
1229,17
1352,10
1174,279
1399,6
1291,50
1296,53
1297,66
1346,4
1376,32
1281,122
1348,51
1385,19
1290,6
1173,183
1303,100
1350,19
1218,118
1368,14
1383,23
1361,23
1147,224
1298,31
1270,6
1285,114
1351,29
1196,200
1177,306
1234,238
1335,9
1252,42
1364,21
1232,87
1233,129
1305,11
1357,6
1337,11
1400,44
1412,33
1229,91
1363,74
1331,10
1356,5
1352,1
1239,219
1183,89
1355,55
1201,153
1307,14
1378,25
1203,167
1276,23
1293,85
1406,22
1160,186
1285,23
1291,13
1337,20
1327,15
1381,24
1314,24
1295,85
1344,39
1350,15
1366,32
1238,134
1282,73
1355,13
1330,29
1362,43
1385,40
1376,22
1419,50
1261,71
1314,55
1342,28
1240,64
1321,51
1263,41
1315,32
1269,161
1337,4
1374,5
1211,183
1349,13
1287,6
1238,39
1337,85
1360,1
1364,51
1185,169
1282,20
1213,257
1330,27
1293,36
1356,10
1255,69
1315,45
1325,79
1177,221
1307,3
1341,24
1388,64
1250,183
1338,71
1401,1
1282,73
1334,55
1359,26
1419,27
1316,39
1369,12
1329,50
1278,137
1249,109
1358,9
1314,42
1367,6
1370,29
1356,31
1139,190
1339,41
1374,6
1345,8
1393,15
1223,153
1295,103
1334,22
1307,42
1296,45
1337,46
1290,67
1311,56
1314,95
1313,9
1312,137
1284,46
1159,141
1378,12
1288,10
1314,47
1318,13
1298,130
1345,35
1313,23
1313,143
1293,28
1375,95
1256,89
1303,123
1305,84
1393,40
1403,73
1282,117
1327,23
1305,106
1121,210
1334,6
1427,4
1351,16
1315,46
1360,6
1314,82
1364,59
1344,31
1366,29
1270,61
1280,48
1277,42
1341,43
1348,43
1350,4
1320,61
1376,68
1279,14
1358,56
1287,2
1194,157
1295,43
1260,78
1350,27
1314,82
1349,38
1253,32
1342,1
1309,16
1220,115
1353,78
1338,9
1197,112
1259,29
1332,39
1307,87
1312,80
1402,14
1233,190
1279,2
1392,37
1409,16
1334,52
1362,19
1247,163
1313,103
1274,99
1367,16
1386,61
1338,79
1381,37
1278,124
1424,22
1163,229
1385,21
1248,115
1165,240
1332,9
1389,56
1225,101
1278,164
1433,24
1268,44
1336,105
1237,92
1382,21
1280,104
1235,32
1349,39
1370,5
1217,115
1398,18
1331,13
1317,120
1204,162
1335,50
1265,18
1273,61
1326,16
1152,221
1239,121
1315,16
1296,38
1293,93
1285,34
1374,1
1447,7
1311,49
1365,70
1325,82
1378,40
1370,2
1305,4
1303,93
1331,42
1267,26
1192,109
1390,2
1348,10
1427,3
1269,175
1323,97
1303,32
1366,11
1292,31
1271,137
1391,41
1223,157
1335,20
1351,101
1388,10
1342,2
1316,21
1353,8
1263,38
1350,90
1301,22
1277,24
1229,12
1036,426
1339,43
1276,87
1328,23
1361,18
1343,19
1402,40
1231,62
1382,92
1327,27
1380,26
1306,96
1269,137
1293,79
1267,144
1192,135
1264,102
1381,3
1341,30
1340,44
1333,33
1368,111
1321,62
1283,94
1309,39
1287,46
1365,8
1392,15
1310,17
1335,36
1281,18
1368,7
1289,1
1274,33
1322,14
1313,15
1242,100
1320,41
1353,26
1092,242
1327,25
1130,173
1272,68
1262,82
1351,45
1311,54
1385,8
1377,30
1366,23
1316,72
1380,58
1309,28
1431,4
1353,47
1370,5
1302,60
1341,19
1399,14
1375,4
1267,154
1295,27
1321,50
1278,122
1251,74
1259,177
1475,43
1280,77
1241,9
1314,115
1386,11
1362,36
1303,67
1354,23
1336,90
1307,33
1301,101
1421,2
1284,119
1292,82
1213,46
1190,192
1295,17
1383,29
1384,45
1379,4
1327,46
1149,104
1164,261
1261,113
1380,19
1227,49
1371,5
1304,82
1373,20
1378,2
1351,24
1443,57
1292,89
1337,5
1301,102
1323,29
1280,33
1354,8
1337,67
1269,4
1324,49
1269,121
1416,10
1247,21
1194,160
1269,105
1349,40
1390,25
1318,45
1359,25
1333,45
1319,24
1363,35
1308,102
1333,97
1262,48
1243,35
1273,30
1117,295
1298,68
1362,73
1354,19
1307,34
1068,381
1330,31
1274,81
1244,101
1266,71
1337,44
1358,54
1402,13
1333,139
1300,76
1241,47
1289,34
1154,235
1391,42
1190,147
1255,38
1276,65
1308,101
1137,223
1210,194
1428,7
1258,46
1110,193
1314,55
1451,1
1336,40
1268,30
1280,14
1285,79
1332,5
1246,173
1046,291
1310,64
1383,16
1260,55
1346,2
1245,75
1238,96
1355,45
1306,70
1256,150
1388,13
1251,46
1253,73
1292,81
1398,4
1333,9
1261,93
1267,42
1222,93
1342,78
1295,80
1273,86
1326,51
1396,22
1283,110
1326,9
1301,44
1412,2
1288,35
1322,44
1341,3
1223,105
1286,48
1325,107
1376,16
1339,6
1308,3
1313,68
1357,61
1358,53
1367,67
1329,43
1280,97
1421,75
1396,18
1315,15
1291,53
1380,89
1243,97
1310,20
1287,59
1314,28
1303,152
1302,107
1227,141
1209,114
1285,29
1220,92
1299,44
1273,22
1300,82
1326,17
1248,88
1323,41
1311,68
1424,18
1399,8
1319,77
1336,96
1425,47
1358,24
1226,75
1311,2
1281,89
1336,74
1298,3
1258,200
1309,21
1289,90
1234,94
1319,19
1371,12
1334,33
1292,77
1356,59
1338,51
1278,77
1231,94
1286,70
1258,168
1345,1
1385,32
1164,234
1245,62
1250,65
1216,18
1283,72
1281,101
1158,166
1366,9
1326,39
1330,25
1329,65
1226,226
1337,19
1314,4
1314,78
1344,88
1286,141
1068,462
1122,176
1421,2
1195,195
1307,137
1313,78
1406,54
1330,34
1321,71
1263,75
1289,31
1304,33
1276,53
1414,78
1155,152
1355,81
1355,24
1380,17
1274,47
1325,79
1282,135
1346,18
1320,45
1375,6
1323,45
1333,19
1414,16
1355,8
1308,94
1334,41
1341,31
1406,36
1302,70
1228,200
1300,33
1294,119
1299,54
1273,109
1387,23
1383,1
1326,22
1320,32
1321,14
1344,36
1247,181
1318,5
1325,54
1250,49
1368,4
1346,75
1221,165
1270,106
1249,111
1384,27
1391,12
1327,15
1338,49
1344,1
1450,12
1292,33
1283,80
1354,15
1247,113
1244,26
1338,14
1319,17
1353,8
1458,3
1270,162
1357,57
1218,216
1270,94
1388,21
1365,53
1378,13
1385,38
1370,16
1346,33
1377,103
1152,250
1336,120
1342,13
1299,40
1376,3
1409,3
1328,15
1365,47
1324,48
1364,5
1353,51
1250,111
1307,40
1317,26
1234,116
1239,179
1287,126
1308,12
1279,61
1237,99
1068,388
1379,4
1405,1
1379,12
1309,45
1327,44
1332,3
1341,16
1293,8
1296,125
1397,31
1126,180
1244,120
1211,64
1274,119
1352,31
1325,46
1438,10
1141,319
1380,39
1381,21
1333,10
1345,21
1378,52
1389,61
1266,78
1092,317
1325,61
1315,38
1292,64
1212,178
1298,24
1308,33
1196,201
1295,58
1255,81
1253,78
1316,41
1258,80
1123,254
1339,24
1310,31
1253,104
1348,33
1321,73
1069,293
1386,3
1337,36
1264,81
1385,11
1389,91
1279,154
1361,35
1230,97
1303,98
1320,31
1297,138
1176,223
1354,1
1316,28
1378,27
1181,297
1349,15
1391,25
1356,27
1379,2
1356,17
1204,202
1265,56
1295,17
1198,292
1200,99
1278,86
1347,30
1338,33
1299,163
1261,74
1340,7
1255,80
1341,4
1323,13
1247,181
1390,34
1270,42
1330,14
1278,27
1224,167
1316,84
1416,2
1407,10
1199,204
1323,97
1378,3
1402,26
1291,160
1251,163
1373,49
1302,67
1324,4
1289,37
1345,4
1333,98
1317,21
1217,140
1324,32
1234,127
1146,214
1298,58
1294,17
1360,15
1347,17
1280,36
1249,189
1246,52
1397,7
1370,25
1227,94
1347,11
1343,51
1270,70
1354,27
1317,63
1359,28
1426,14
1208,136
1318,38
1319,57
1420,15
1291,147
1347,40
1325,5
1349,27
1250,95
1372,22
1360,3
1266,75
1356,25
1237,128
1343,11
1231,88
1369,24
1363,73
1232,194
1346,35
1375,29
1319,28
1243,14
1295,75
1357,11
1344,49
1322,80
1252,118
1360,1
1492,14
1259,93
1381,20
1283,51
1382,15
1328,25
1370,15
1280,5
1268,105
1397,54
1302,43
1210,156
1273,37
1345,129
1417,17
1251,103
1290,37
1296,17
1374,1
1275,168
1294,9
1389,1
1235,160
1340,58
1395,4
1278,121
1375,1
1365,20
1382,39
1282,45
1315,10
1276,47
1349,59
1260,120
1355,21
1320,87
1369,5
1257,132
1275,61
1194,333
1309,7
1292,46
1335,28
1259,81
1408,13
1184,225
1219,149
1338,45
1312,18
1164,181
1340,71
1321,16
1274,102
1283,8
1323,25
1194,179
1319,43
1312,64
1146,229
1296,66
1235,134
1368,32
1304,28
1212,192
1429,4
1338,40
1257,33
1348,40
1300,3
1280,97
1333,34
1293,59
1303,49
1209,114
1319,62
1291,20
1302,34
1342,1
1329,35
1278,34
1327,165
1333,60
1268,111
1396,82
1312,90
1261,182
1344,31
1374,19
1420,9
1349,30
1244,93
1180,114
1343,38
1384,11
1288,25
1449,45
1173,135
1324,52
1316,64
1324,3
1339,18
1268,111
1290,31
1170,146
1274,60
1324,12
1199,242
1200,156
1338,19
1225,33
1262,41
1329,36
1289,23
1254,8
1350,49
1295,86
1380,14
1324,11
1277,40
1315,123
1204,95
1471,7
1396,80
1356,66
1385,28
1257,90
1370,57
1330,53
1388,34
1278,30
1317,51
1290,115
1320,35
1323,26
1376,23
1314,57
1331,57
1150,328
1281,26
1315,59
1323,82
1296,43
1381,15
1275,90
1286,117
1392,27
1321,6
1231,132
1301,75
1249,114
1268,63
1315,88
1297,64
1320,118
1248,36
1146,246
1376,3
1347,8
1323,26
1364,1
1310,86
1407,34
1315,27
1374,94
1354,12
1250,213
1278,8
1333,15
1380,33
1333,4
1321,49
1378,41
1323,3
1342,16
1299,40
1176,202
1318,34
1280,97
1354,90
1359,63
1327,57
1388,6
1278,47
1317,11
1355,7
1392,17
1260,80
1223,83
1219,255
1359,59
1371,12
1344,17
1353,43
1384,72
1301,58
1304,18
1331,5
1302,58
1277,128
1353,70
1341,35
1339,69
1193,156
1263,63
