1890,8
1754,30
1792,3
1820,4
1841,12
1793,7
1854,5
1727,21
1806,4
1756,8
1788,26
1841,39
1833,5
1802,12
1859,4
1748,36
1777,5
1743,23
1801,19
1803,6
1797,2
1718,25
1784,10
1871,15
1757,7
1832,5
1837,1
1758,21
1901,6
1789,13
1773,45
1829,18
1721,13
1798,16
1737,2
1756,37
1788,1
1741,2
1808,12
1780,16
1852,8
1682,68
1794,23
1831,9
1775,8
1733,10
1702,16
1734,8
1824,8
1763,7
1830,1
1823,1
1781,29
1856,1
1798,1
1799,9
1755,2
1865,9
1775,14
1794,1
1675,21
1815,4
1832,5
1726,9
1824,2
1794,20
1778,25
1742,13
1875,4
1724,25
1820,6
1795,6
1862,29
1907,16
1798,6
1829,3
1880,22
1771,1
1881,1
1824,27
1865,16
1760,1
1822,2
1824,3
1715,18
1848,12
1800,1
1781,3
1738,26
1810,3
1792,4
1737,6
1795,8
1808,3
1747,1
1810,48
1828,2
1772,1
1856,1
1710,15
1821,18
1873,3
1856,9
1842,26
1833,8
1790,9
1900,3
1761,10
1722,6
1734,35
1864,4
1767,6
1673,5
1825,3
1779,10
1808,5
1810,4
1872,10
1794,2
1747,41
1859,1
1854,16
1770,15
1735,23
1761,5
1827,1
1834,1
1807,18
1771,19
1850,2
1802,15
1792,13
1739,14
1800,2
1783,18
1804,2
1794,38
1882,6
1781,18
1806,9
1718,56
1862,3
1864,41
1717,15
1708,6
1801,21
1833,2
1815,4
1757,21
1803,7
1720,78
1761,18
1767,3
1810,12
1840,6
1765,16
1811,12
1881,12
1762,16
1804,11
1863,16
1771,1
1684,26
1879,4
1786,1
1841,5
1822,17
1783,20
1830,19
1705,31
1770,2
1785,26
1810,10
1848,1
1890,6
1828,16
1838,2
1746,39
1799,2
1838,7
1779,17
1759,42
1796,5
1801,7
1849,9
1830,28
1841,11
1748,11
1787,4
1947,13
1752,25
1886,11
1804,31
1823,18
1812,18
1815,9
1680,43
1788,5
1813,7
1811,6
1833,12
1805,7
1788,10
1786,23
1722,1
1691,49
1717,6
1781,13
1804,4
1805,1
1715,7
1773,4
1738,1
1780,12
1844,7
1789,2
1785,32
1833,7
1767,7
1866,6
1686,28
1766,5
1756,1
1826,21
1814,26
1777,4
1724,11
1722,3
1841,24
1735,4
1818,12
1734,4
1739,14
1792,15
1753,57
1785,4
1840,2
1739,13
1791,10
1865,2
1758,4
1748,26
1758,25
1841,47
1797,35
1785,3
1758,10
1750,21
1720,10
1765,15
1708,30
1776,10
1698,2
1757,18
1853,4
1815,7
1795,2
1831,36
1800,5
1846,12
1778,8
1747,26
1855,10
1773,49
1754,19
1759,44
1780,23
1752,4
1776,9
1757,30
1815,10
1757,9
1744,16
1711,10
1741,7
1792,36
1709,14
1752,21
1830,17
1772,7
1824,13
1797,3
1781,43
1814,1
1795,16
1779,1
1876,2
1812,12
1804,16
1823,3
1781,10
1838,5
1734,11
1792,2
1855,3
1860,8
1762,15
1801,8
1710,9
1822,6
1846,8
1727,16
1805,1
1792,7
1809,5
1805,12
1826,4
1817,5
1810,18
1890,4
1832,13
1789,9
1815,20
1743,1
1765,14
1757,10
1697,20
1827,14
1777,37
1902,1
1792,2
1712,5
1789,2
1778,16
1741,5
1834,6
1773,5
1748,21
1905,4
1780,2
1841,16
1816,8
1906,1
1802,3
1819,58
1786,9
1831,8
1793,2
1826,12
1864,27
1779,4
1814,5
1820,2
1837,1
1804,1
1811,6
1724,15
1722,59
1870,7
1737,7
1716,4
1783,25
1809,29
1820,25
1774,6
1768,40
1856,21
1755,15
1806,9
1747,6
1767,27
1795,3
1746,37
1815,37
1843,13
1804,7
1829,26
1863,9
1739,4
1855,11
1809,9
1753,9
1766,5
1730,21
1797,27
1716,13
1789,5
1699,48
1834,11
1844,14
1843,21
1679,3
1831,12
1840,25
1869,41
1827,5
1691,20
1835,27
1786,2
1787,2
1845,15
1781,4
1873,2
1791,14
1763,1
1731,16
1867,4
1838,1
1782,19
1914,9
1767,3
1762,24
1813,8
1797,7
1786,14
1814,4
1826,10
1792,5
1813,4
1835,1
1816,26
1755,9
1737,5
1796,5
1840,1
1805,10
1807,5
1763,15
1802,1
1791,29
1786,6
1833,1
1763,5
1699,30
1837,4
1722,4
1736,39
1756,4
1778,30
1837,14
1747,16
1758,23
1783,21
1788,32
1822,5
1783,3
1862,3
1871,1
1762,61
1795,4
1854,13
1774,17
1794,5
1781,4
1733,40
1843,6
1847,3
1765,8
1782,5
1828,13
1889,3
1799,1
1803,16
1767,4
1890,6
1813,2
1764,84
1769,2
1804,4
1756,15
1749,4
1763,19
1827,1
1800,32
1797,2
1786,13
1864,3
1896,6
1748,11
1783,9
1719,3
1783,5
1764,31
1740,5
1823,6
1758,7
1867,12
1744,2
1758,4
1776,12
1873,17
1766,75
1776,1
1769,24
1791,15
1874,19
1767,12
1799,38
1711,8
1740,20
1814,23
1847,25
1844,18
1709,11
1793,12
1903,2
1779,11
1820,21
1849,13
1682,36
1706,16
1806,3
1843,7
1801,7
1766,2
1801,62
1898,1
1829,13
1793,26
1731,64
1878,5
1796,13
1751,9
1782,3
1787,18
1813,1
1804,24
1743,1
1789,5
1811,29
1791,2
1835,16
1814,10
1754,9
1758,33
1770,3
1901,11
1824,20
1837,1
1841,2
1808,10
1732,10
1860,8
1902,11
1697,39
1768,15
1720,20
1864,3
1809,32
1743,19
1693,3
1779,6
1820,1
1726,12
1823,5
1747,2
1776,1
1722,1
1799,6
1789,25
1746,26
1721,7
1811,3
1764,17
1785,2
1764,48
1882,13
1737,4
1870,15
1716,6
1780,1
1852,7
1830,8
1742,26
1738,6
1758,3
1848,42
1809,38
1783,21
1804,20
1832,18
1860,3
1778,1
1801,34
1759,16
1807,24
1861,8
1742,35
1831,5
1840,3
1819,6
1781,9
1871,3
1711,7
1895,23
1755,4
1771,4
1714,16
1808,3
1749,6
1840,8
1806,21
1891,12
1825,3
1734,14
1733,60
1744,10
1775,42
1708,13
1807,23
1877,7
1708,13
1795,4
1779,16
1754,16
1824,14
1773,8
1799,14
1875,7
1758,13
1777,14
1815,5
1844,14
1747,12
1860,9
1765,7
1772,5
1816,11
1846,9
1790,17
1767,11
1755,17
1807,3
1862,16
1819,32
1789,1
1829,4
1856,42
1693,22
1817,6
1806,14
1742,11
1672,45
1809,1
1800,5
1759,13
1805,4
1762,68
1815,2
1822,7
1710,4
1734,9
1781,19
1720,42
1800,24
1752,3
1905,9
1827,29
1816,2
1836,10
1822,5
1788,22
1806,7
1818,19
1762,30
1819,5
1809,1
1838,1
1782,18
1830,10
1810,12
1812,13
1852,43
1714,12
1678,21
1873,12
1803,2
1771,3
1798,10
1825,24
1764,5
1858,3
1753,5
1769,7
1852,29
1782,3
1806,3
1766,30
1910,6
1835,10
1815,3
1872,1
1789,4
1809,12
1750,2
1790,36
1809,7
1905,3
1812,28
1746,5
1794,16
1862,11
1769,10
1776,30
1759,8
1685,36
1719,17
1785,13
1859,6
1795,2
1782,5
1800,18
1813,18
1826,3
1733,9
1846,12
1776,12
1760,17
1753,6
1712,51
1737,39
1781,7
1828,6
1824,9
1736,2
1742,11
1782,43
1795,9
1751,36
1847,8
1815,23
1816,1
1795,16
1760,2
1759,1
1711,2
1794,44
1744,9
1824,6
1742,7
1895,1
1816,22
1766,24
1827,17
1770,8
1793,12
1765,15
1806,5
1868,5
1785,22
1769,33
1793,3
1697,9
1790,21
1798,19
1849,13
1797,6
1696,34
1773,14
1810,21
1839,15
1766,9
1760,2
1841,5
1765,14
1748,1
1868,12
1799,1
1811,3
1879,2
1742,8
1824,27
1798,7
1744,1
1724,11
1792,76
1846,7
1734,44
1722,18
1808,5
1876,8
1779,13
1790,1
1814,66
1832,30
1879,18
1798,13
1744,4
1744,11
1730,10
1753,7
1852,4
1779,23
1778,24
1852,4
1795,2
1842,6
1772,6
1812,7
1818,16
1811,16
1835,3
1792,20
1777,5
1771,4
1787,4
1801,16
1863,5
1822,41
1797,24
1798,23
1700,13
1883,12
1814,8
1806,3
1702,23
1791,23
1894,4
1822,7
1846,1
1816,11
1834,29
1768,6
1764,4
1854,12
1848,1
1828,22
1736,3
1782,46
1822,46
1905,4
1836,1
1790,4
1858,21
1818,5
1839,2
1779,3
1812,34
1821,4
1827,17
1782,12
1866,5
1792,48
1793,4
1786,16
1750,3
1744,19
1788,26
1851,4
1694,10
1728,6
1769,7
1831,4
1869,4
1803,8
1810,9
1793,3
1772,17
1761,8
1780,7
1706,3
1861,15
1794,22
1750,7
1701,5
1829,2
1698,18
1684,65
1786,20
1746,37
1690,21
1778,6
1746,18
1797,4
1727,14
1845,5
1813,30
1783,6
1783,5
1753,8
1790,7
1731,3
1749,4
1767,17
1801,31
1841,3
1717,9
1752,23
1811,23
1814,3
1727,10
1819,3
1888,8
1778,2
1768,19
1771,36
1793,3
1798,24
1755,2
1850,25
1778,4
1868,5
1750,21
1820,18
1809,8
1767,21
1736,8
1755,37
1831,17
1873,20
1808,52
1723,5
1734,18
1800,5
1790,5
1761,35
1833,13
1802,2
1821,1
1789,2
1734,15
1828,7
1689,22
1922,6
1775,10
1770,3
1848,41
1809,1
1826,12
1827,11
1765,17
1733,3
1807,25
1788,42
1888,2
1826,4
1747,10
1730,6
1824,7
1598,40
1767,3
1802,3
1802,11
1869,3
1847,25
1769,18
1806,4
1719,21
1793,15
1844,7
1873,4
1806,31
1862,10
1755,3
1814,28
1786,7
1859,30
1829,21
1839,1
1725,10
1850,1
1792,21
1773,24
1766,1
1750,11
1814,16
1819,4
1767,24
1741,4
1815,18
1727,10
1744,12
1731,14
1864,1
1874,1
1828,19
1745,10
1788,3
1828,20
1906,6
1804,29
1673,44
1757,34
1766,5
1807,6
1771,8
1815,9
1811,1
1787,13
1833,1
1768,1
1786,4
1838,11
1768,3
1744,4
1787,16
1775,16
1729,17
1752,1
1823,20
1776,13
1816,6
1773,3
1844,21
1780,18
1739,7
1760,5
1775,3
1785,9
1784,18
