1996,4
1937,21
1858,36
2013,2
1947,4
2061,13
2008,8
1934,1
2032,1
1965,14
1990,1
2016,22
1983,4
2113,1
1946,7
1938,12
2008,7
1992,7
1980,2
1999,8
1953,11
2044,7
2054,1
2020,12
2058,4
2008,6
2033,5
1923,3
1954,14
2008,15
2025,1
1971,7
2044,3
2062,17
1969,7
1910,17
2028,8
2002,1
1957,14
1956,15
1977,2
1981,7
1969,1
1995,3
1921,4
1948,9
1993,33
2059,1
1947,1
1986,5
2023,3
1930,21
2049,3
1957,6
1958,32
2066,6
1998,4
1972,6
1990,1
1900,9
2106,1
1898,21
1976,7
2009,7
1921,10
1944,25
1977,6
2030,10
2061,4
2073,8
2039,4
1915,5
2029,8
2086,1
2032,4
2063,6
2018,1
1992,1
1974,7
2009,6
2008,14
1998,15
1989,10
1931,16
1965,2
1876,43
1943,2
1957,21
2040,3
1928,1
2007,19
1891,4
2106,6
1984,8
1963,9
2036,18
2021,3
1918,1
1992,4
1980,6
1960,4
2023,29
2031,4
2015,2
2021,7
1913,18
2025,6
2051,1
1977,9
2051,7
1975,14
1948,16
2114,4
2009,3
1980,9
1977,8
1975,2
1998,6
2003,12
1902,33
2037,6
1965,1
2095,1
1977,6
1945,8
2019,2
1971,3
2000,4
1904,15
2016,10
2046,2
2014,5
2093,11
1969,49
1922,10
1966,4
2024,17
1958,12
2025,9
1928,11
1982,14
2101,5
2050,9
1935,4
1912,10
1895,4
1974,17
1958,1
1959,2
2047,5
1957,10
1920,37
2013,1
1884,6
2025,1
1990,7
1995,6
2029,2
1963,5
1984,3
2007,12
1916,16
2020,10
2004,8
1957,5
2012,3
1942,20
2047,9
1999,48
2023,4
2025,1
1999,7
1965,27
2065,7
2012,14
2042,9
1941,6
2028,4
2024,11
1983,7
1992,8
1972,8
1975,2
1979,10
1886,16
1970,10
1963,22
2003,9
1984,1
2013,2
2021,28
2028,1
2071,1
1945,2
1979,1
1988,4
2009,14
1972,9
1969,18
2019,3
1974,15
2005,3
1978,16
2082,1
1909,8
2079,17
1940,6
1979,22
1970,1
2047,5
1895,4
2008,15
2049,1
1998,17
1945,10
2014,2
2045,1
1976,4
1975,12
1938,2
2054,22
1987,4
1925,2
1824,4
2071,20
1984,8
2014,11
2029,18
1911,12
1902,5
1997,7
2012,7
1942,2
2043,1
1988,4
1962,9
1967,8
1966,4
2043,9
2005,3
2043,4
2012,2
1993,9
1941,7
2095,17
1962,5
1971,33
1941,2
1929,2
1915,4
1944,5
1958,5
1945,6
1999,19
2007,34
1987,26
2030,32
2079,2
1988,4
1938,25
1939,6
1935,6
2040,12
1921,8
2040,3
1910,4
2058,40
1961,10
1898,3
1983,4
1966,14
1855,34
1946,2
1907,9
1983,6
1996,6
1963,8
1939,6
1960,10
1948,2
1914,3
1869,10
2033,1
1974,14
1984,14
1983,3
1999,14
1925,6
2072,1
1991,5
2031,1
2019,25
1985,45
1903,6
2002,2
1951,5
1990,1
1992,4
1997,1
2005,12
1957,2
1988,2
2115,5
1995,22
1910,4
1961,4
2019,1
1956,7
1945,1
1948,1
2022,2
2054,2
1959,3
2001,1
2021,16
2021,14
1976,1
1951,12
1936,13
2039,1
2053,1
1907,18
1912,4
1854,7
2014,18
2018,5
1898,3
2034,20
1963,16
1932,2
1982,2
1914,4
1977,10
1957,12
2061,4
1987,12
1916,17
1921,7
1974,2
1986,8
1975,3
2017,3
1977,3
2026,3
1964,17
1990,10
1978,1
1929,4
1974,16
1969,18
2008,1
1986,4
1944,6
1983,4
1953,12
1857,8
1950,14
1933,14
2014,4
2009,7
1936,18
1985,13
2024,1
2049,2
1917,28
2002,7
1976,23
2008,37
1941,13
1987,6
1989,16
2004,15
1963,11
1944,11
2095,1
1949,19
1977,7
1974,8
1940,1
1954,4
1996,26
1930,4
1914,33
1912,10
1923,7
1976,3
1879,8
1923,6
1939,16
2067,2
2007,13
1923,7
2017,2
1991,5
2041,7
1958,9
1971,15
1944,10
2034,4
1954,7
1938,4
2045,7
1940,4
1915,2
1896,3
2012,18
2030,5
2008,3
1860,6
1994,1
2016,3
1976,5
1972,8
1977,2
1932,2
1926,4
2058,13
2018,7
2011,12
2078,1
1921,8
1957,4
2027,11
1911,38
2015,4
1936,14
1940,5
2000,1
1966,7
1986,2
1971,3
2011,1
1959,16
2007,9
2012,2
1941,4
1915,5
1901,9
2011,17
1951,12
2006,7
2010,3
1993,1
1953,9
1961,26
1924,5
2012,3
1973,4
2085,5
1970,9
1942,4
1998,25
1966,8
2007,4
2100,11
1949,1
1981,8
1908,12
1883,9
2028,16
1997,14
2009,12
1985,1
2050,13
1947,1
1961,3
1986,5
1988,3
2031,13
1879,10
1965,3
1972,20
1931,6
2025,3
1935,2
2021,1
1904,19
1976,3
1938,6
2021,2
1937,13
1966,4
1984,9
1950,20
2006,3
1998,9
2002,7
1968,6
2033,17
1979,2
2026,2
2009,1
2045,9
1904,19
1990,13
2002,3
2029,2
1963,3
2014,12
1941,5
1941,7
1993,1
1974,9
1993,7
1925,21
2035,5
2001,17
2076,6
1869,23
1944,11
2028,7
1952,9
1982,21
1941,5
1992,2
2137,2
1926,4
1977,5
2052,6
1991,3
1974,9
2097,7
1922,14
1948,11
2019,3
1956,9
1940,4
1996,11
1977,19
2024,2
1952,8
2030,22
1987,6
1954,45
1973,8
1947,16
1941,6
2045,6
2070,4
2073,10
2126,4
2040,8
1973,7
1899,21
1972,8
1989,6
2031,10
1992,8
1960,1
2031,15
2112,5
1982,20
2014,4
1939,2
2014,18
2075,5
1965,9
1927,6
1947,1
1945,2
1957,6
1928,1
2063,3
1949,2
2036,4
1991,7
1956,18
1909,23
1883,10
1844,11
1966,4
1934,11
1972,5
2004,5
1975,30
1982,1
2012,8
2007,2
1972,15
1945,31
2080,3
1960,3
2018,6
2013,1
1947,14
2021,2
2011,4
1946,14
1964,3
2040,1
1987,5
1901,5
2022,4
2085,6
1983,1
1935,5
1839,21
1988,4
1896,9
1966,7
1893,3
1987,8
2008,4
1831,4
1882,21
2009,1
2083,9
2020,22
1927,11
2066,13
2026,1
1951,10
1973,8
1928,3
2027,5
1865,7
1958,1
1940,12
2026,3
1993,6
2008,5
2022,3
1938,2
2064,20
2020,7
1993,6
2022,8
1969,12
1936,5
1994,2
1961,2
1997,12
1889,7
2074,6
1930,16
2004,20
1941,13
2054,3
1974,4
1874,13
2003,6
1895,8
1992,2
2092,1
1874,15
2002,6
2011,8
1932,6
1935,17
1913,4
1953,9
2015,16
2066,7
2027,5
1998,4
1960,9
1999,4
1933,17
1987,2
2022,4
1877,3
2031,4
1997,17
1913,3
1903,1
1979,6
2039,24
1992,4
1972,5
1899,3
1963,2
1974,5
1874,10
2091,8
1997,3
1928,3
1964,17
2005,8
2017,4
2029,6
1975,9
1961,8
1972,2
1974,1
2023,7
2025,12
2060,5
1943,3
2009,1
1998,1
1915,11
2044,1
2048,3
1944,10
1996,25
2072,1
1939,11
1963,25
1955,28
1889,22
1966,5
2019,1
2048,27
1959,5
1964,1
1936,17
1967,1
1993,4
1910,40
1983,12
1962,22
2047,25
2005,2
2005,4
1938,21
2032,3
1979,2
2054,6
1978,5
1991,38
1991,13
1934,22
2077,27
1976,4
2012,1
2004,14
1982,9
2056,3
2074,17
1998,10
1952,6
2047,17
1992,10
1999,3
1956,24
1990,1
1937,1
1998,8
1954,9
1959,9
1986,11
2040,2
2050,3
1891,5
1963,4
2001,2
1953,5
1969,3
1989,1
1979,22
2020,9
2019,3
1888,5
1892,15
1927,8
2070,2
2021,1
1927,11
1929,3
1985,9
1992,17
1948,1
2035,5
2075,7
2054,8
2009,1
2034,5
2010,2
2071,17
1926,8
2002,2
2033,3
2020,7
2054,1
2026,4
1973,16
1956,1
1983,9
2029,2
1999,13
1997,8
1988,2
2103,2
1967,11
1950,5
2004,2
2006,25
2047,11
1969,2
2032,5
1978,7
1885,15
1936,5
2105,5
1918,6
2052,3
1964,14
2042,3
2027,5
2033,3
2037,12
1937,3
2038,10
2037,3
1947,5
1961,6
1905,7
2030,12
1966,6
1976,6
1984,1
1941,3
1984,4
1935,11
2009,3
1897,20
2032,2
1984,10
1970,15
1993,2
1970,22
2030,2
1965,2
1988,23
2010,19
2090,14
1927,20
2001,3
1980,37
1943,1
2092,1
2001,5
2029,4
2006,13
1982,5
1949,6
2028,17
2045,3
1926,3
2020,5
1931,11
2005,4
1944,1
1931,7
2026,12
2001,1
2004,7
1969,6
1943,1
2005,2
2049,2
2007,11
2068,18
2028,4
1943,12
1975,9
1926,1
2071,1
2070,25
1866,2
2021,2
1958,17
1971,34
1938,4
1989,5
1994,5
1976,2
1917,10
2030,4
2026,1
1977,14
1979,4
2079,6
1971,2
1979,9
2000,5
1871,2
1892,7
2020,9
2106,20
2030,2
1919,25
1984,6
1968,1
2031,13
2011,20
2022,7
1949,9
2049,2
2100,2
1902,10
1932,1
2041,1
2079,33
2018,11
1996,21
1953,7
1936,13
2055,3
2022,4
2113,7
1962,5
1942,2
1999,2
2015,21
1934,16
2010,2
2011,4
1954,6
2022,3
2002,26
1915,17
1948,12
2042,14
1995,9
1991,3
1917,8
1926,6
1928,28
2029,9
2021,14
1978,4
1949,12
1992,2
1940,5
1982,1
2062,3
1988,18
1926,4
1964,17
2018,8
1961,15
2009,5
1961,6
1889,2
2008,4
1951,4
1966,8
2011,16
1945,8
1924,12
1940,18
1975,2
2008,15
2011,1
1960,25
1955,18
1896,3
1904,32
1892,2
1936,1
2064,14
2053,11
1948,3
1898,5
1890,1
1907,3
1962,3
1988,1
1988,12
1969,2
1913,12
2095,1
1931,8
1964,1
1990,21
1900,6
1926,2
2012,19
1943,26
1989,1
2006,1
1982,18
1981,16
2077,5
1967,2
2004,12
1990,11
1999,3
2024,6
1934,1
2022,5
1977,6
2006,16
1927,4
1972,1
1944,14
1971,15
1930,1
1935,32
2015,13
2025,23
1931,11
2001,12
2003,8
1996,3
2044,16
2036,15
2011,1
1903,1
