1701,8
1549,30
1539,8
1542,8
1573,36
1598,12
1523,33
1622,23
1557,11
1688,10
1561,27
1526,40
1529,11
1545,5
1555,14
1534,2
1527,46
1544,18
1619,17
1515,34
1514,3
1588,51
1584,18
1531,20
1548,34
1627,7
1584,17
1594,2
1593,6
1582,57
1512,65
1585,4
1555,32
1471,74
1560,1
1606,13
1583,24
1579,18
1570,19
1515,11
1615,6
1605,20
1565,5
1596,2
1522,19
1574,2
1584,36
1491,111
1575,21
1498,73
1607,47
1534,8
1588,43
1568,10
1530,22
1526,22
1593,80
1587,28
1555,54
1593,3
1602,1
1526,10
1588,20
1467,62
1605,11
1622,16
1584,9
1548,24
1547,59
1560,40
1556,18
1516,84
1555,23
1595,2
1620,16
1554,2
1642,5
1589,3
1530,2
1599,1
1568,1
1509,14
1551,40
1596,4
1639,11
1640,2
1562,54
1581,33
1584,3
1630,6
1612,1
1520,35
1612,24
1609,8
1556,4
1609,41
1565,10
1508,20
1478,26
1600,12
1584,13
1644,28
1478,40
1575,47
1584,23
1589,3
1554,4
1612,18
1608,30
1517,46
1555,12
1583,42
1551,53
1588,3
1571,24
1557,12
1422,118
1600,15
1560,58
1513,5
1593,43
1578,9
1595,27
1660,8
1618,16
1586,6
1559,20
1629,2
1644,42
1458,34
1489,37
1667,2
1492,2
1636,3
1544,46
1600,5
1564,4
1609,5
1487,2
1521,8
1640,15
1560,39
1509,12
1604,23
1585,31
1514,41
1541,42
1602,14
1546,36
1535,19
1524,1
1528,34
1527,23
1570,24
1548,21
1458,85
1582,42
1549,12
1626,3
1503,8
1560,3
1569,44
1699,13
1586,22
1593,42
1540,4
1563,21
1516,23
1487,5
1552,2
1552,9
1550,6
1562,17
1561,3
1600,43
1641,8
1560,15
1571,16
1580,42
1540,34
1630,8
1591,24
1552,30
1637,19
1630,29
1570,19
1645,1
1602,19
1634,2
1572,20
1631,11
1599,18
1560,2
1624,1
1547,78
1512,17
1541,33
1566,3
1591,21
1674,7
1511,12
1506,19
1584,15
1542,38
1537,19
1529,90
1579,1
1565,4
1532,1
1570,2
1502,29
1590,12
1608,13
1622,51
1577,26
1637,16
1560,2
1587,6
1645,1
1498,16
1473,13
1575,27
1658,11
1599,27
1584,14
1599,14
1591,21
1642,6
1559,9
1604,8
1608,41
1519,133
1616,12
1590,14
1587,5
1593,10
1563,27
1516,23
1608,15
1667,2
1530,42
1582,3
1540,5
1499,64
1650,14
1583,11
1591,21
1459,44
1502,27
1664,3
1621,6
1618,11
1483,31
1587,7
1628,10
1472,12
1574,1
1610,9
1659,33
1605,16
1636,6
1660,27
1565,4
1553,27
1673,25
1531,4
1501,35
1649,5
1518,6
1576,48
1623,17
1617,1
1582,17
1520,17
1577,39
1653,3
1615,7
1468,37
1548,36
1524,16
1555,54
1589,30
1640,11
1572,31
1608,33
1568,1
1532,4
1466,64
1578,22
1567,11
1650,14
1569,9
1529,47
1624,18
1541,20
1618,7
1586,11
1624,5
1545,42
1502,46
1545,21
1649,15
1540,39
1605,8
1668,5
1498,2
1596,6
1598,3
1572,30
1576,6
1532,3
1544,23
1509,14
1517,36
1583,28
1585,42
1560,42
1641,10
1524,13
1513,9
1587,10
1569,13
1538,1
1550,5
1494,49
1577,14
1619,30
1579,36
1714,22
1603,8
1626,9
1603,2
1499,67
1499,42
1565,3
1465,62
1467,78
1489,76
1568,28
1506,3
1598,5
1606,20
1675,6
1557,49
1562,12
1525,50
1574,14
1622,17
1649,1
1536,4
1568,55
1557,18
1585,10
1633,1
1619,3
1579,22
1564,14
1608,15
1505,2
1562,54
1542,29
1484,109
1603,32
1488,89
1573,40
1519,22
1588,42
1549,29
1564,20
1590,26
1597,8
1585,8
1574,4
1530,26
1579,63
1509,27
1586,4
1524,42
1655,20
1578,36
1519,50
1650,1
1515,16
1586,36
1525,10
1513,41
1511,8
1496,17
1559,24
1457,83
1504,11
1595,13
1526,50
1527,4
1561,75
1598,55
1577,20
1604,18
1587,7
1623,15
1565,17
1575,32
1576,28
1528,45
1606,31
1488,13
1549,30
1537,10
1519,88
1529,17
1633,5
1515,13
1649,15
1562,44
1547,32
1546,26
1560,9
1557,11
1506,68
1545,54
1551,8
1538,13
1558,39
1536,43
1504,11
1562,17
1519,5
1582,5
1503,9
1530,121
1625,17
1548,15
1540,24
1493,12
1613,20
1542,18
1508,91
1628,9
1588,14
1604,1
1622,5
1544,1
1602,21
1560,10
1578,33
1506,15
1549,2
1596,14
1663,8
1598,12
1495,34
1552,33
1598,17
1580,12
1607,14
1558,18
1591,14
1575,15
1604,3
1579,8
1459,57
1588,7
1537,14
1683,12
1529,4
1618,16
1545,39
1464,68
1595,15
1553,21
1666,24
1532,57
1628,1
1545,83
1624,28
1592,59
1621,11
1641,7
1590,10
1548,34
1526,8
1626,17
1672,5
1601,9
1597,40
1551,9
1603,26
1573,5
1602,7
1591,35
1621,30
1624,12
1578,47
1563,23
1545,14
1552,17
1582,19
1653,16
1572,4
1651,14
1482,122
1592,37
1707,6
1636,6
1564,1
1576,24
1642,7
1578,1
1610,28
1466,51
1554,20
1566,4
1606,14
1573,7
1596,11
1554,36
1649,10
1602,19
1435,37
1496,19
1654,19
1671,24
1470,14
1621,30
1588,14
1552,7
1522,1
1581,60
1548,10
1567,35
1562,5
1506,70
1582,14
1564,1
1593,2
1629,9
1556,11
1665,2
1557,24
1605,8
1565,4
1642,20
1540,2
1600,25
1630,15
1570,20
1491,68
1572,25
1527,21
1550,4
1569,58
1565,15
1585,31
1624,12
1579,19
1562,43
1605,19
1516,7
1564,29
1557,5
1519,80
1618,4
1535,2
1657,10
1638,27
1497,39
1522,14
1619,41
1634,4
1610,8
1559,5
1625,18
1582,38
1562,7
1499,40
1512,33
1464,12
1569,24
1650,41
1568,2
1526,10
1651,15
1465,58
1487,17
1578,29
1601,1
1557,32
1598,3
1625,24
1568,11
1470,6
1539,7
1524,17
1526,9
1649,40
1540,9
1619,8
1573,28
1509,22
1541,16
1523,14
1609,3
1483,17
1677,15
1568,28
1562,5
1621,47
1615,4
1559,36
1617,15
1692,1
1586,39
1566,18
1510,25
1586,14
1607,1
1521,14
1635,5
1554,34
1542,1
1590,9
1450,38
1635,10
1575,10
1483,4
1500,117
1554,27
1528,49
1573,46
1626,10
1550,5
1571,20
1666,2
1574,62
1575,45
1616,45
1562,27
1567,6
1688,1
1611,4
1621,29
1544,7
1514,20
1539,68
1439,18
1519,5
1572,11
1576,17
1556,14
1552,8
1554,7
1594,10
1568,42
1568,9
1534,1
1646,15
1650,19
1592,8
1463,57
1567,28
1550,5
1556,2
1644,24
1627,4
1622,10
1486,24
1563,3
1547,23
1674,25
1633,9
1568,20
1539,3
1472,51
1580,70
1619,4
1543,21
1523,15
1470,3
1528,47
1544,131
1628,7
1600,1
1659,12
1602,23
1515,31
1732,27
1565,19
1540,2
1534,8
1561,8
1611,11
1538,40
1592,25
1438,69
1526,16
1575,40
1565,14
1536,20
1569,43
1490,24
1648,2
1606,1
1545,4
1595,1
1649,5
1545,35
1584,13
1539,18
1632,7
1613,8
1507,62
1534,57
1621,18
1599,2
1571,2
1585,9
1529,4
1583,14
1613,5
1540,59
1564,59
1620,44
1550,9
1483,24
1546,4
1608,5
1639,15
1702,5
1574,14
1539,3
1583,22
1502,8
1555,18
1568,1
1513,72
1669,1
1528,7
1624,15
1521,13
1475,37
1519,41
1619,3
1528,76
1612,3
1523,1
1536,68
1631,7
1637,27
1524,15
1583,49
1560,2
1516,43
1568,60
1612,38
1630,34
1542,13
1582,17
1547,43
1549,7
1629,10
1518,16
1583,7
1543,33
1601,24
1569,5
1635,1
1521,58
1573,23
1584,4
1559,27
1558,7
1632,28
1522,66
1513,41
1546,60
1472,9
1578,13
1430,34
1476,36
1569,15
1516,3
1527,19
1542,1
1607,20
1540,2
1617,11
1504,12
1650,6
1561,3
1636,21
1630,14
1513,19
1558,31
1557,38
1678,5
1603,4
1580,2
1561,19
1539,72
1579,4
1632,1
1566,16
1660,7
1460,9
1667,41
1556,17
1570,5
1462,26
1465,66
1578,23
1511,1
1570,11
1628,21
1564,12
1529,48
1563,22
1581,11
1641,1
1540,46
1535,19
1550,10
1484,1
1535,6
1590,2
1598,20
1608,29
1537,5
1555,1
1589,16
1600,10
1554,86
1544,42
1576,17
1496,10
1573,3
1547,49
1648,24
1462,68
1589,68
1524,1
1594,43
1528,55
1512,25
1499,4
1597,10
1564,7
1550,21
1488,72
1503,29
1614,5
1525,8
1613,4
1563,9
1556,61
1503,52
1629,6
1515,13
1558,5
1527,1
1607,4
1540,45
1607,13
1603,10
1511,39
1541,54
1602,7
1495,64
1597,3
1610,20
1674,7
1538,3
1579,49
1531,1
1592,18
1655,24
1588,46
1471,30
1562,1
1621,2
1589,1
1602,21
1561,24
1484,6
1633,12
1506,13
1544,24
1549,48
1555,18
1586,25
1623,8
1657,9
1641,25
1699,24
1540,24
1624,2
1605,11
1597,7
1563,34
1455,5
1550,10
1704,5
1535,39
1558,13
1629,19
1567,21
1702,22
1563,1
1637,4
1660,3
1563,21
1610,31
1537,2
1511,28
1601,20
1551,16
1624,21
1546,14
1438,57
1554,69
1524,7
1538,2
1574,9
1599,22
1577,18
1554,6
1494,23
1544,4
1494,64
1542,23
1545,6
1563,2
1513,77
1487,12
1560,50
1578,4
1591,30
1569,10
1535,55
1678,9
1569,24
1523,60
1596,13
1583,61
1591,9
1618,26
1580,7
1553,15
1531,36
1589,27
1580,13
1618,10
1529,11
1602,1
1634,26
1517,7
1550,23
1620,18
1538,42
1560,43
1571,1
1553,35
1630,25
1553,41
1450,88
1655,8
1476,40
1570,15
1598,28
1568,3
1606,7
1496,71
1491,15
1501,91
1569,39
1538,8
1510,21
1619,12
1577,3
1514,82
1575,29
1560,28
1559,4
1657,11
1681,3
1585,41
1642,1
1518,51
1607,4
1591,15
1528,15
1582,24
1586,97
1569,20
1626,12
1556,45
1616,41
1567,8
1553,47
1477,34
1585,6
