2016,4
1941,19
1864,31
2068,2
2002,10
1938,1
2032,1
1961,11
1984,1
2018,21
1971,4
2106,1
1940,6
1930,16
1993,7
1976,2
1997,8
1966,12
2020,7
2033,12
2028,4
2012,6
2046,5
1984,1
1938,3
1956,13
1996,15
1988,20
2040,2
2034,3
1957,7
1902,16
2048,11
2016,1
1966,13
1968,22
1971,2
1976,1
1992,3
1902,5
1947,9
1983,31
2038,6
2005,3
2042,3
1923,20
2054,2
1956,32
2078,5
2000,4
1979,8
1875,9
2103,1
1953,8
1901,19
1979,7
2034,9
1920,12
1911,2
1977,11
1927,20
2000,6
1989,6
2017,10
2075,9
2022,4
1909,6
2019,8
2073,6
1997,1
1995,1
1973,6
2016,4
2018,20
2036,14
1949,1
1869,42
1929,2
2022,3
1940,1
1903,4
1986,8
1979,8
1957,8
2056,18
1995,1
2003,3
1904,1
2003,4
1979,6
1917,2
1978,4
2051,26
2046,3
2012,1
2039,7
1910,20
2023,6
2067,1
1965,10
2047,7
1959,16
1944,15
2095,4
1980,3
1979,9
1982,8
1984,2
2001,5
2015,4
2004,11
2062,6
1956,3
2095,1
1948,4
1998,6
2020,2
1985,3
1975,4
2016,11
2041,2
1939,5
2071,10
1948,54
1905,9
1960,4
2028,21
1944,12
2031,10
1936,13
2032,2
1980,16
2048,9
1936,5
1910,12
1880,4
1955,1
1964,2
1996,19
1950,10
1908,38
2028,9
1828,32
2016,1
2010,4
1987,6
2029,2
1963,5
1984,4
2021,12
1921,17
2017,8
1997,1
1959,5
1901,35
2043,14
2002,36
1960,10
2043,4
2007,1
2012,17
2001,7
2071,7
1990,12
2038,3
1923,6
2040,11
1992,8
1997,7
1868,1
1983,8
1974,2
1953,11
1884,15
1929,31
1993,9
1950,1
2017,14
2003,28
2032,1
2066,1
1921,2
1978,1
1976,4
1899,9
2009,14
1955,8
1982,10
2013,3
1960,16
2058,1
1915,8
2068,18
1950,5
1984,10
2049,5
1997,5
1889,4
2016,14
2047,1
2012,17
1989,2
2028,1
1967,4
1969,13
1952,3
2065,22
1978,4
1931,2
1831,4
2072,8
1990,8
1937,20
2016,10
2015,19
1919,13
1998,2
1898,5
2011,6
2005,7
1950,2
2063,7
1990,4
1933,6
1949,8
1963,4
2016,9
2021,3
2036,4
2012,2
1970,9
1960,8
1945,30
2083,16
1952,5
2000,2
1934,2
1928,2
1940,2
1824,9
1937,4
1962,6
2008,19
2014,31
1980,23
2028,29
2082,2
2035,3
1987,4
1937,26
1940,5
2029,12
1920,7
2040,3
1921,3
1930,6
1957,9
2117,3
1907,3
1957,6
1994,4
1958,13
1868,34
1994,1
1923,9
1972,6
2024,5
2011,10
1912,6
1927,6
1966,11
1949,3
1894,3
1892,3
1893,10
2019,1
2011,14
1989,3
2012,14
1934,6
2064,1
1998,5
1999,1
1995,24
1983,43
1895,12
2012,2
1960,5
1955,1
1980,4
1972,1
1955,2
1984,12
1987,2
2132,5
1998,22
1918,4
1940,4
1950,9
1961,1
1950,1
2029,1
1986,10
2034,2
1956,4
2017,1
2003,17
1979,1
1920,17
2015,1
2053,1
1900,18
1925,4
1861,6
2036,16
2032,2
1892,2
2049,20
1952,15
1919,2
1969,4
2000,5
1967,2
1910,5
2034,1
1943,12
2069,4
1958,15
1998,11
1885,17
1934,6
1971,2
2001,8
2004,12
2072,1
1959,3
2043,4
1965,18
1975,9
1988,1
1937,5
1973,17
1974,16
2024,1
1994,3
1966,6
1976,5
1951,13
1871,8
1957,15
1924,13
2030,1
2029,7
1950,21
1970,7
2008,1
2058,2
1938,30
2004,5
1970,23
2035,34
1948,10
1992,6
1994,16
1998,16
1971,8
1949,11
2073,1
1954,18
1999,6
1991,8
1951,1
2006,27
1926,36
1917,10
1937,7
1988,3
2008,4
2030,3
1862,7
1929,6
1943,16
2065,2
2024,12
1925,7
2007,2
1979,5
2052,7
2049,13
1968,25
1969,8
1939,14
1982,17
1957,10
2027,4
1932,2
1940,4
2046,7
1946,4
1908,3
2032,3
2000,3
1889,6
1976,6
2008,3
1963,4
1996,8
1984,2
1931,4
2027,8
2008,12
2011,17
2048,1
1916,8
1901,24
1926,24
1982,4
2013,10
2019,3
2018,1
1992,12
1974,14
1942,6
1921,36
2002,1
1945,7
1966,2
1957,2
2024,1
1934,14
2015,10
2036,2
1943,22
1938,5
2057,3
1904,9
1990,17
1940,13
2018,6
2013,3
1983,1
1956,8
1956,28
1935,4
2005,4
1958,4
2098,5
1988,9
1935,3
1962,7
1985,4
2087,10
2040,7
1902,4
1894,8
2041,16
2018,15
2014,14
1999,1
2063,12
1979,3
1985,2
2016,14
1894,10
1956,5
1994,18
1926,6
2017,14
1926,2
2001,4
2051,1
1903,19
1968,3
1934,6
2012,2
1924,13
1931,4
1964,9
1944,31
2018,3
1983,9
2024,5
1946,6
2026,16
1991,2
2040,2
1998,1
2033,9
1907,13
1998,3
2020,2
1937,17
2022,13
1942,5
1950,7
1969,10
2027,6
2004,6
1902,23
2004,5
2003,15
2075,7
1861,24
2020,7
1977,22
1940,5
1981,2
2145,2
1936,8
1976,5
2047,5
1976,9
2082,7
1921,14
2033,8
1962,9
1947,4
1986,9
1968,20
2036,1
1953,8
2018,18
1964,6
1978,6
1956,15
1945,6
2020,6
2083,7
2079,10
2120,4
2059,10
1972,8
1921,20
1961,9
2018,2
1996,7
2013,9
1991,7
1973,1
2022,15
2112,5
2013,2
2011,3
2026,16
2078,5
1966,9
1917,6
1940,10
1949,6
2083,5
1928,1
2067,3
1964,2
2046,5
1968,8
1959,20
2017,5
1922,21
1890,13
1815,4
1970,3
1922,9
1965,5
2012,5
1991,23
1987,1
2024,9
1987,17
1926,30
2068,17
2023,6
1966,3
2017,7
1963,8
2011,1
1955,14
1973,10
2036,1
2037,5
1916,13
1953,3
2022,1
1905,4
2027,4
1998,10
1926,4
1854,18
1937,5
1989,4
1892,10
1969,6
1903,4
2000,7
2013,4
1833,4
1892,24
2010,1
2077,8
2005,36
1928,9
2045,13
2004,1
1969,11
1988,9
1924,2
2025,5
1881,7
1937,12
2026,3
2013,4
2017,3
1911,1
2065,20
2005,7
1985,5
2010,4
1969,12
1942,4
1970,2
1925,2
1989,12
1893,8
2053,6
1940,14
2020,19
1947,13
2029,3
2025,5
1984,4
1914,15
1995,6
1893,9
2006,2
2058,2
2078,1
1875,8
1978,6
2009,9
1931,6
1930,4
1948,10
1999,17
1902,7
2091,6
2023,5
2027,3
1983,10
1984,5
2003,4
1965,25
1922,18
1990,2
2013,3
2042,4
2004,17
1904,3
1896,1
1985,6
2029,24
1972,4
2065,2
1986,4
1904,3
1981,2
1956,6
1978,4
1868,12
2092,6
2006,3
1913,4
1967,17
1999,8
2049,3
1954,8
2003,5
1965,2
1977,1
2031,6
2067,2
2054,12
2053,4
1949,3
1979,3
1937,6
1928,11
2055,1
2017,3
1961,10
2006,19
2046,1
1927,12
1983,28
1959,28
1906,5
1868,22
1950,5
2019,1
2054,37
1912,1
1982,1
1947,16
1960,1
1964,6
1907,44
1977,11
1960,9
2025,23
2014,2
1917,17
2037,3
1972,2
1989,1
1975,6
1986,39
1974,13
2048,28
2021,20
1975,4
2027,1
1978,12
1986,8
2052,3
2046,17
1998,9
1945,5
1985,3
2064,3
1986,10
1999,4
1977,19
1999,1
2010,20
1943,1
2002,9
1966,10
1987,10
1964,11
2013,4
2038,2
2037,3
1906,5
2061,20
1980,16
1963,3
2027,2
1953,5
1974,3
2006,1
1955,1
1995,3
2040,3
1896,6
1895,17
1943,8
2075,2
2005,1
1922,10
1913,3
1996,15
1986,17
1962,1
2039,7
2064,8
2014,1
2038,7
2002,2
2067,16
1937,5
1997,2
2033,4
2053,3
2030,7
2072,1
2025,4
1992,1
1973,1
2014,8
1979,9
2005,8
2001,2
2090,8
1951,2
1965,11
1956,4
2009,2
2013,1
2050,10
1948,2
2014,4
1978,7
1887,15
1931,5
2086,7
1905,6
2028,2
2024,2
2072,3
2053,3
2031,5
2036,13
1950,11
2034,10
2047,3
1979,6
1913,7
2035,11
2010,6
1974,1
1948,3
1962,7
2006,13
2014,20
1905,21
2049,2
1988,14
1971,15
1964,24
2039,2
1951,2
2000,13
1972,23
2065,13
2016,2
2068,4
1986,2
2085,1
1936,36
1937,1
1929,11
2103,1
1999,5
1963,4
2034,4
1989,12
1974,5
1927,26
2057,3
1929,3
2015,6
1936,11
2008,4
1952,1
1948,7
2034,11
1967,7
1978,6
2008,10
1991,2
2008,10
2049,10
1999,4
1940,12
1988,8
1922,1
2100,28
1866,2
2005,2
1950,9
1979,23
1977,14
1938,3
1973,3
1987,5
1961,2
1942,10
2028,4
2020,1
1967,15
1977,4
2065,5
1970,9
1995,4
1859,1
1898,2
2011,9
2109,17
2032,2
1952,26
1969,1
1942,1
1998,22
2035,8
1947,11
2027,3
2094,2
1911,9
1930,1
2045,1
2083,35
2025,11
1992,23
1923,11
2058,3
2015,4
2062,8
1988,5
1940,2
1969,9
2009,2
2051,6
1978,28
1904,38
2082,26
1981,2
2017,4
1939,6
2006,3
1969,25
1909,17
1964,12
2037,14
2024,7
1922,5
1990,3
1929,5
1923,28
1992,15
1978,4
1942,11
1994,2
1931,6
2002,1
2059,3
1972,17
1919,4
1951,17
2006,20
2015,6
1940,6
1905,2
2018,2
1969,4
1983,9
1993,14
1960,1
1935,9
2051,1
1921,12
1965,17
1959,2
2010,1
1977,8
1911,3
1894,2
1924,1
2070,14
2111,2
1952,3
1895,5
1902,1
1921,6
1936,4
1999,1
1995,12
1966,1
1894,14
2099,1
1940,8
1975,1
1984,19
1894,6
1908,2
2021,20
1997,1
2001,1
1977,16
1999,3
2083,5
2009,2
2001,13
2003,7
2013,4
2022,6
1925,1
2029,7
2000,17
2022,1
1946,4
1951,1
1922,13
1924,14
1919,1
1937,32
2034,13
1990,19
1951,11
1996,11
2018,8
1972,3
2016,16
1990,1
1902,1
1921,29
1950,21
1967,2
2045,11
2058,7
2063,4
1951,16
2027,8
