11,87
13,81
15,17
9,66
10,25
11,26
16,119
8,41
16,93
11,174
10,83
14,85
8,2
7,40
12,4
7,44
9,53
17,10
12,36
12,96
15,36
9,95
13,67
14,16
9,30
16,32
7,32
12,5
14,39
18,38
18,36
14,71
10,34
17,35
13,65
10,144
15,106
10,30
12,88
11,66
11,85
10,17
11,13
13,77
14,61
13,25
14,46
15,20
11,30
13,31
12,50
10,9
8,24
12,16
11,46
12,10
11,2
5,15
10,6
7,91
15,11
18,44
12,27
12,24
8,30
15,68
10,7
5,21
13,12
12,39
13,39
7,64
9,63
10,15
9,36
10,5
10,40
13,5
12,30
14,2
13,12
9,33
9,36
14,5
9,32
6,33
16,19
11,71
7,23
7,134
9,31
6,7
13,119
18,2
8,9
7,37
12,16
13,30
13,38
12,18
11,130
13,109
13,51
13,11
9,43
8,8
15,12
13,56
8,70
11,41
14,68
16,77
12,9
10,34
18,24
11,59
9,63
12,49
10,6
8,20
11,192
12,1
8,18
12,81
6,65
9,58
13,6
12,2
10,26
16,16
5,108
14,104
14,42
12,135
10,12
8,155
12,26
11,54
12,99
11,74
8,19
12,4
10,89
13,42
11,93
9,24
13,27
13,34
12,17
8,69
13,34
9,28
17,29
11,14
13,6
14,24
13,38
15,32
7,51
18,10
13,12
13,21
7,129
12,79
14,30
13,125
13,67
8,19
9,88
12,19
13,118
11,29
9,39
14,19
12,40
10,63
13,74
10,134
14,12
15,76
13,127
14,47
12,1
15,12
8,47
17,60
19,49
4,109
12,17
13,88
7,130
9,44
7,113
17,63
13,1
12,48
9,46
7,2
16,7
9,54
8,97
18,87
7,5
10,2
16,87
9,64
14,52
16,25
11,22
13,9
6,64
11,29
11,101
10,102
17,43
6,37
8,33
12,70
14,37
8,52
8,36
4,16
9,129
16,22
9,18
21,52
12,18
12,1
14,21
13,90
11,65
9,34
10,115
16,7
14,77
16,50
10,30
14,19
10,23
11,22
12,51
11,10
14,46
10,48
12,39
11,22
9,82
8,229
13,33
13,103
13,27
15,1
7,14
12,29
8,46
12,22
12,30
9,58
14,30
15,70
18,18
8,24
15,14
9,68
6,98
7,181
15,85
8,47
15,40
9,18
12,64
13,35
9,5
9,106
9,1
11,4
6,69
11,63
14,39
12,27
10,68
14,11
7,74
10,42
7,131
14,62
13,32
9,80
16,11
6,72
19,23
16,4
14,25
12,71
11,79
11,141
10,22
12,8
12,102
12,14
7,57
16,63
6,6
13,25
13,63
14,40
8,86
10,100
9,10
15,21
12,31
11,63
11,10
13,33
11,35
10,88
17,28
9,36
12,30
9,35
8,101
7,61
10,29
13,14
12,22
13,56
6,52
12,26
4,17
16,15
16,62
11,4
14,17
12,26
11,52
16,38
12,57
16,18
6,62
16,59
7,95
7,1
9,115
16,62
7,70
9,56
8,150
13,7
15,14
9,116
11,128
16,45
12,55
12,31
18,23
13,15
14,63
8,10
18,2
15,55
16,90
11,79
9,130
8,6
14,90
6,139
10,28
11,21
9,132
12,100
7,177
8,4
14,75
13,49
10,60
14,6
12,37
19,16
9,69
11,21
13,20
6,80
8,17
9,54
11,27
10,35
17,65
8,57
12,37
13,10
19,9
13,10
7,49
11,62
8,1
8,152
14,18
11,11
9,73
6,7
13,71
15,12
8,12
11,6
12,10
13,18
12,30
15,12
12,19
8,189
11,21
8,3
13,169
17,40
12,11
10,25
15,84
10,68
16,33
5,58
15,69
12,82
12,67
16,73
11,29
11,18
6,11
10,25
13,9
12,22
8,46
12,2
10,31
21,6
9,39
15,55
16,75
9,15
17,54
13,76
9,105
16,31
8,7
9,177
10,43
8,37
9,60
14,33
7,31
14,44
7,13
13,36
9,96
11,20
10,140
16,42
13,8
15,91
7,59
10,122
9,4
8,4
11,43
14,72
14,59
8,86
10,33
12,5
9,68
14,44
4,112
11,1
13,35
8,97
10,31
10,135
8,215
13,62
4,135
10,1
11,20
12,12
12,28
11,22
11,41
5,7
11,54
10,24
9,91
11,117
5,38
11,13
14,53
8,51
11,5
9,44
16,2
7,59
12,51
13,68
9,92
11,128
13,79
4,171
15,33
12,65
12,11
12,22
6,59
14,32
10,14
11,70
10,25
8,49
11,43
16,34
11,16
9,5
9,30
8,6
13,7
10,17
18,42
6,60
11,37
9,43
12,66
9,118
10,16
13,26
10,16
10,45
10,8
8,61
13,16
16,2
13,4
12,23
16,92
12,15
4,62
11,47
13,23
8,43
10,14
11,54
9,28
13,53
8,75
13,11
6,14
8,164
14,13
9,3
10,4
12,56
6,24
7,133
9,14
13,1
9,76
8,40
11,22
11,7
7,89
10,10
15,35
12,8
12,54
14,27
8,127
6,27
6,14
9,48
15,25
4,26
19,5
8,7
10,60
19,12
10,9
12,69
12,21
15,11
9,54
10,37
9,59
12,3
14,4
10,84
14,12
12,13
12,20
7,60
7,98
6,30
8,12
13,83
8,4
14,12
10,11
11,86
13,34
11,19
14,42
16,13
15,29
11,23
12,90
4,51
13,11
11,13
14,74
13,122
11,148
11,6
18,3
8,2
13,50
7,23
9,17
9,80
9,5
9,135
9,56
17,19
12,3
20,10
6,164
19,4
9,36
8,40
14,40
9,105
13,14
5,17
7,16
14,2
16,9
8,4
9,60
10,1
11,4
11,24
15,52
18,156
15,23
7,8
12,1
8,47
11,42
9,94
17,72
8,89
12,3
13,80
9,54
17,21
10,128
16,12
14,73
12,25
13,36
13,17
10,48
16,38
13,17
14,10
11,14
8,2
11,4
17,78
12,13
8,6
8,81
15,58
11,51
14,32
15,132
10,4
13,9
9,3
16,4
10,10
12,10
16,6
11,23
6,97
19,48
15,32
10,46
8,45
11,9
12,23
11,17
6,104
13,51
16,3
16,2
15,36
11,65
9,102
13,31
12,7
10,72
14,8
10,181
12,59
13,98
10,24
12,120
11,18
9,18
9,107
10,30
12,57
14,59
14,6
17,54
10,82
18,52
8,4
12,99
14,15
9,2
8,116
10,55
14,32
12,19
6,71
8,47
14,9
11,3
10,111
12,78
17,9
12,40
10,12
9,12
13,35
6,100
11,15
9,8
5,79
13,51
16,90
6,32
9,62
12,8
10,37
16,16
12,104
8,20
17,36
5,59
10,91
5,177
11,30
17,24
16,24
17,21
14,40
9,20
14,23
10,14
12,6
15,26
11,23
12,8
11,13
12,36
14,31
9,21
10,127
4,21
15,12
7,7
12,96
17,13
10,121
8,113
12,6
12,31
18,39
14,27
15,1
7,8
14,1
9,55
18,16
13,3
11,21
10,101
9,143
13,75
9,119
14,68
8,19
10,38
15,33
9,49
12,78
16,48
12,109
14,27
8,21
4,111
11,55
11,46
13,59
12,51
12,66
8,33
7,101
9,82
6,81
6,29
15,74
16,16
11,48
8,103
8,14
13,5
12,14
9,52
16,2
12,29
17,11
12,17
8,39
5,17
14,97
7,21
9,73
10,95
10,25
9,31
9,48
14,8
13,44
17,63
6,62
11,32
5,47
10,128
12,99
12,79
17,21
9,125
5,92
10,97
21,3
15,129
15,45
7,5
17,7
10,2
11,45
11,59
8,90
13,17
13,41
10,90
9,93
16,91
11,31
10,68
9,26
14,44
14,13
9,67
13,16
6,37
8,124
11,51
13,4
13,10
11,8
17,48
13,16
8,35
7,33
5,67
12,41
13,67
11,86
10,4
13,59
11,29
11,67
15,20
15,15
15,53
13,26
10,60
6,23
11,83
11,147
13,57
12,37
14,116
11,31
15,49
11,4
12,74
12,56
11,18
9,6
8,53
12,19
12,98
10,54
13,76
17,23
10,1
10,42
11,99
8,57
13,71
16,35
7,73
13,17
11,31
12,39
16,20
11,4
15,18
14,64
12,51
9,61
15,66
13,29
7,11
13,44
11,32
13,126
10,55
13,12
11,87
13,32
10,34
3,94
17,15
13,52
14,95
5,52
13,52
6,50
11,55
7,31
10,7
7,20
8,79
14,84
21,64
9,5
7,12
13,58
11,49
4,32
8,81
13,10
8,47
8,25
15,2
16,7
16,9
9,21
14,25
5,91
15,163
13,44
9,37
10,38
15,34
11,45
14,22
13,95
15,4
11,102
9,153
10,4
12,36
9,41
7,36
12,4
11,10
17,24
6,75
14,62
14,4
14,44
9,59
11,55
13,20
7,58
10,27
7,136
10,13
9,99
