570,712
749,323
804,204
673,449
867,47
841,185
606,409
464,721
581,505
771,60
586,680
822,12
788,185
573,543
639,443
849,183
542,683
871,181
688,397
771,251
672,436
669,469
440,799
463,716
715,311
619,358
667,452
457,813
508,635
632,502
807,2
453,823
854,133
770,33
861,147
871,71
883,53
421,861
831,177
460,713
757,265
793,99
708,280
632,428
538,626
598,568
816,59
577,541
735,306
496,726
811,164
925,146
916,79
541,692
806,10
614,560
680,182
810,271
669,495
727,329
739,307
503,718
553,565
724,281
376,1005
349,1110
772,69
825,220
786,173
403,823
824,201
696,481
549,607
736,385
622,489
663,389
630,492
822,64
672,291
392,917
705,217
612,595
534,687
636,398
596,597
798,230
535,599
771,223
828,150
798,274
741,152
826,276
796,177
690,166
717,396
739,261
737,316
626,420
442,770
644,496
710,386
706,384
625,490
739,341
685,248
701,279
775,200
644,427
599,486
326,1013
472,631
646,460
527,626
780,194
780,222
610,483
814,25
615,571
564,559
807,147
843,79
857,43
816,52
626,423
649,438
633,468
533,573
553,716
878,134
405,908
667,242
614,500
744,201
677,313
901,185
755,206
698,236
587,425
840,120
754,255
778,301
730,271
896,62
513,487
811,57
619,506
522,641
641,635
551,491
856,20
549,720
595,510
646,388
901,28
469,640
923,31
604,356
328,1035
705,405
895,65
661,398
900,73
716,106
773,212
491,815
390,886
554,585
475,855
802,156
668,429
751,159
819,146
504,815
838,127
486,799
480,816
859,53
626,509
576,711
863,33
633,467
429,851
380,1010
854,44
856,70
388,908
428,915
665,419
935,154
908,83
772,327
556,520
742,378
882,82
629,546
467,808
672,201
689,443
737,355
795,90
765,332
893,44
530,614
480,845
322,979
799,140
574,562
617,327
767,218
606,473
890,42
413,800
420,826
622,618
490,654
673,268
830,249
596,405
805,196
414,763
801,224
599,462
626,455
726,144
667,357
905,32
886,203
716,224
670,385
748,230
603,549
422,733
866,38
745,218
504,812
548,576
696,470
570,647
745,234
696,386
795,354
633,493
842,145
763,410
665,295
703,466
753,294
824,214
783,210
785,228
662,220
808,197
494,691
425,881
520,557
476,741
853,27
553,757
524,554
593,582
710,223
699,365
322,1009
611,536
640,312
484,806
912,80
801,203
646,444
703,412
401,1017
705,290
740,297
342,1075
695,420
522,591
840,198
764,242
745,226
610,608
897,60
694,429
731,417
662,577
643,348
859,88
790,80
789,196
486,898
311,991
592,563
719,180
515,618
239,1207
390,970
820,26
865,54
748,292
866,2
667,485
769,206
808,143
844,164
756,164
688,332
662,358
849,16
671,318
758,184
445,846
659,452
743,359
525,724
858,4
712,414
804,106
794,118
667,322
707,405
587,533
363,970
419,956
703,196
773,143
760,179
271,1129
852,71
771,98
695,403
744,191
692,182
765,230
858,56
642,509
746,234
358,998
698,297
566,542
749,265
526,768
604,551
454,772
503,478
470,629
661,447
834,85
651,448
319,1056
553,513
671,462
604,508
904,80
867,37
766,223
702,412
467,716
593,627
758,64
393,925
537,681
614,517
598,389
688,372
717,272
532,666
547,524
761,95
707,262
721,284
484,794
566,607
693,337
402,897
680,419
728,179
340,1004
757,237
668,527
404,890
823,308
778,191
567,671
516,775
854,219
803,161
789,76
570,611
588,557
820,251
521,647
856,31
855,38
686,328
444,735
722,370
682,405
713,442
498,707
547,685
438,925
414,862
821,11
512,664
848,28
330,1017
872,133
853,91
496,692
591,483
822,267
811,172
507,724
696,239
892,76
802,316
838,74
296,1057
720,398
607,544
782,34
762,154
355,1018
772,332
633,347
828,26
780,247
718,6
888,18
726,170
337,1105
630,410
694,436
781,198
736,475
703,106
758,388
793,291
681,397
852,69
436,788
822,204
498,642
762,281
741,286
569,621
488,739
668,554
610,404
332,1076
383,1009
752,111
780,322
705,395
578,681
445,794
717,125
708,179
648,406
433,781
740,198
609,504
570,554
728,388
615,550
638,633
899,24
762,129
299,1011
697,240
734,240
655,192
826,10
544,637
742,127
502,746
660,481
653,585
570,555
545,654
592,610
850,98
642,523
692,308
789,160
794,267
869,95
691,285
829,70
721,362
671,309
875,25
736,315
663,484
823,50
524,683
670,273
603,520
815,23
768,181
695,415
593,499
616,423
637,566
679,428
357,917
776,192
485,894
658,465
715,340
813,80
458,844
817,286
768,272
552,616
944,19
758,289
742,358
697,195
766,236
693,294
754,217
467,808
757,283
392,959
722,361
475,840
778,269
503,649
772,161
544,625
628,422
852,48
841,76
557,596
583,611
824,133
500,719
823,169
475,774
756,241
519,726
581,607
848,167
821,9
729,300
772,119
780,207
813,268
847,4
815,172
583,536
707,350
613,411
627,492
602,490
485,662
871,22
328,1134
837,41
657,363
539,489
778,128
608,573
739,471
867,20
683,324
544,597
747,223
663,372
800,210
781,120
726,347
400,805
869,52
646,316
630,361
734,274
342,1094
603,548
798,65
840,240
836,168
485,849
457,846
531,729
490,764
734,428
849,9
459,910
838,154
684,499
717,279
934,72
525,763
824,154
405,762
518,756
907,123
830,229
766,191
859,14
853,92
421,684
663,437
795,121
655,524
546,560
688,429
673,423
675,298
797,301
467,657
524,612
740,251
658,403
792,110
826,108
555,741
323,1058
781,228
850,131
604,470
760,207
660,460
810,140
822,212
918,7
829,21
786,59
628,593
575,417
255,1137
722,219
740,229
546,637
609,559
402,821
805,257
702,295
611,598
797,32
790,34
799,195
819,112
608,447
647,419
685,440
200,1224
646,472
458,835
640,390
820,121
724,289
539,559
685,410
763,370
570,710
593,593
852,64
748,258
678,373
604,489
757,353
883,20
799,147
855,91
801,122
796,93
611,582
757,330
621,462
716,308
850,176
428,909
745,321
602,507
453,898
635,419
769,115
463,948
668,377
856,54
847,40
719,538
878,25
559,611
598,514
854,14
888,112
798,94
525,626
766,217
287,1131
706,371
747,159
699,529
664,289
708,367
535,651
721,447
729,453
764,397
702,556
632,470
694,388
742,38
888,15
860,64
602,592
837,99
832,132
235,1217
413,784
578,434
631,559
847,61
455,846
538,637
670,261
494,708
427,840
984,20
558,651
568,597
834,174
819,158
395,849
808,70
829,42
612,500
633,439
889,117
682,264
866,92
790,114
558,431
741,360
610,589
741,225
538,708
723,226
671,374
535,699
729,200
252,1109
812,116
862,149
636,477
389,915
411,961
585,590
778,126
519,611
817,188
855,68
467,715
601,546
519,623
530,753
289,1198
478,790
717,408
314,1001
663,298
583,627
765,89
661,524
488,685
631,465
618,712
658,293
775,180
646,254
555,578
474,837
810,77
476,853
849,85
495,764
448,901
478,653
727,346
600,563
890,44
642,452
857,86
633,557
759,305
641,524
717,328
728,322
595,499
572,578
786,84
745,102
790,183
877,165
844,111
641,476
717,441
889,44
504,739
386,894
694,216
649,292
455,647
676,233
910,20
835,198
789,160
634,419
455,784
638,391
677,346
265,1106
284,1155
686,513
709,365
518,589
1009,42
583,526
950,65
757,360
595,623
716,268
669,422
756,203
489,744
844,106
812,38
504,736
312,1005
793,219
672,471
466,846
360,1041
639,648
647,532
758,289
722,148
770,42
787,139
742,247
549,678
811,157
898,42
567,588
693,287
624,444
710,351
365,888
662,523
770,185
334,1117
649,347
265,1149
411,754
580,693
762,177
517,669
813,146
571,506
338,1153
400,927
870,106
580,570
869,3
913,118
542,579
754,241
658,496
430,754
787,109
624,444
575,542
858,151
787,185
820,113
650,492
802,154
312,1061
717,487
663,314
615,557
687,208
672,364
518,575
460,871
612,535
805,182
533,773
872,134
658,453
672,537
764,316
856,25
497,766
428,875
629,540
738,201
736,239
565,524
576,702
590,662
878,30
870,50
671,485
838,22
575,620
793,84
861,339
635,437
757,248
832,142
858,107
816,242
714,425
611,524
611,503
543,667
712,282
867,18
653,270
613,545
807,242
791,140
554,600
664,313
857,52
867,10
781,211
623,560
724,264
765,490
676,265
754,143
691,273
783,229
591,643
877,8
465,756
665,426
741,291
653,519
778,145
842,45
950,65
776,69
334,990
749,169
773,183
652,467
759,274
873,34
687,358
556,556
625,470
459,702
713,227
789,292
350,1083
739,233
655,386
715,429
904,63
744,271
542,451
827,173
846,29
899,75
799,120
680,416
793,186
838,64
844,200
504,549
554,631
535,740
723,334
785,78
490,579
519,714
676,429
507,812
585,497
716,238
680,518
610,579
625,339
743,378
538,680
418,1001
325,1056
694,309
658,393
712,364
501,664
707,390
805,60
691,404
