0,1550
0,1539
0,1499
0,1533
1,1541
2,1443
4,1302
6,653
0,1590
2,1389
1,1460
2,1194
1,1500
2,1262
2,1472
1,1463
0,1592
0,1408
0,1593
0,1456
1,1478
0,1534
1,1632
1,1456
3,1352
9,694
0,1533
1,1343
3,991
1,1531
2,1496
2,1463
4,1403
3,1012
1,1469
0,1496
4,1278
0,1481
5,844
0,1558
0,1569
1,1518
4,1271
2,1290
2,1310
0,1460
0,1431
1,1555
0,1466
3,1275
0,1606
0,1405
0,1388
0,1501
6,832
3,1194
0,1545
0,1571
0,1329
2,1509
0,1437
0,1494
5,669
0,1488
2,1336
2,1089
3,1326
0,1580
7,818
3,1485
0,1426
3,1392
3,1373
2,1267
0,1483
1,1226
0,1586
0,1471
1,1284
1,1509
0,1544
0,1496
0,1592
11,725
0,1489
2,1252
0,1542
2,1441
3,1308
6,1100
6,606
2,1333
7,484
0,1486
3,1486
2,1268
3,1450
0,1581
1,1517
0,1618
7,174
2,1373
8,560
0,1513
3,1295
0,1519
0,1554
0,1486
1,1376
4,1167
0,1562
9,167
0,1562
1,1489
1,1489
1,1362
0,1564
0,1532
1,1248
1,1312
1,1545
3,1455
1,1634
1,1155
10,141
1,1480
0,1543
0,1455
3,452
2,1313
0,1478
0,1572
0,1432
2,1533
1,1476
1,1560
1,1642
0,1396
0,1418
0,1414
3,1232
2,1155
2,1447
0,1528
4,753
0,1529
0,1476
3,1350
9,749
0,1523
0,1502
1,1534
0,1501
2,1341
2,1039
0,1567
2,1412
0,1515
0,1498
0,1563
1,1560
0,1558
3,1269
0,1537
0,1540
2,1014
0,1560
0,1452
11,123
0,1438
0,1582
0,1550
7,1197
3,1232
2,999
0,1493
0,1441
0,1603
1,1508
1,1414
0,1520
2,1243
1,1381
1,1514
6,706
0,1346
0,1468
1,1573
0,1628
3,1270
0,1330
1,1437
0,1589
0,1499
0,1537
1,1446
1,1390
0,1168
0,1494
0,1447
0,1311
0,1568
0,1435
0,1524
1,1555
2,1063
2,1357
0,1554
0,1605
1,1391
3,1442
2,1258
2,1491
4,674
2,1504
1,1422
2,1223
4,1099
1,1353
0,1517
0,1398
0,1562
0,1526
1,1504
3,1337
0,1420
0,1572
3,969
7,1019
0,1368
0,1270
0,1597
4,1412
0,1495
0,1532
1,1450
3,736
2,1503
0,1549
0,1589
7,1027
0,1561
0,1385
1,1559
0,1497
6,704
1,1340
1,1568
0,1551
0,1439
0,1488
0,1559
0,1628
0,1549
0,1535
3,1392
1,1413
0,1554
1,1546
2,1511
0,1560
6,1021
0,1581
1,1337
1,1507
1,1519
4,958
0,1522
0,1543
0,1444
2,1411
3,1435
0,1555
0,1489
0,1446
4,1094
4,1235
3,1551
0,1644
0,1470
0,1551
0,1604
1,1561
0,1481
0,1521
2,1490
1,1380
2,1472
0,1585
0,1470
0,1477
2,1112
0,1523
0,1517
3,1086
1,1580
1,1421
1,1505
1,1518
1,1545
3,1339
1,1429
4,957
0,1452
2,1526
1,1427
0,1580
3,1243
1,1560
2,1342
0,1494
2,1332
0,1526
1,1541
3,1360
0,1476
8,748
2,1314
1,1408
0,1526
4,820
1,1525
4,743
1,1551
0,1498
2,1275
4,1303
0,1541
2,1292
0,1414
0,1437
2,1189
2,1390
0,1533
0,1517
1,1398
4,994
0,1318
2,1282
5,1281
0,1538
2,1352
0,1599
1,1463
0,1534
17,187
1,1589
2,1349
1,1459
0,1566
6,826
1,1257
1,1375
4,1198
2,1316
1,1500
1,1543
0,1492
6,584
2,1446
1,1479
0,1637
0,1422
1,1314
0,1584
1,1292
1,1517
1,1433
0,1594
1,1422
1,1417
3,1233
14,223
1,1440
1,1558
0,1621
0,1502
11,382
0,1302
0,1526
1,1407
2,1404
1,1506
8,1024
0,1516
1,1499
0,1482
2,1339
1,1489
2,1502
0,1539
2,945
1,1502
1,1464
0,1498
1,1403
0,1579
1,1429
5,1168
6,1173
0,1649
0,1547
1,1411
4,1268
1,1427
0,1498
2,1419
1,1550
0,1539
3,1236
1,1334
2,1247
0,1632
1,1462
1,1341
1,1452
0,1432
3,1128
1,1486
0,1470
10,680
3,1315
0,1577
0,1575
0,1488
0,1488
0,1527
0,1598
2,1017
13,23
6,440
2,1533
0,1576
3,1337
0,1527
0,1453
0,1589
1,1484
0,1410
0,1452
0,1527
0,1553
0,1496
1,1444
0,1547
14,269
0,1484
2,1379
1,1519
3,1282
2,1392
1,1503
0,1466
5,1303
0,1555
0,1426
9,732
0,1540
3,1402
1,1507
0,1529
0,1519
2,1535
2,1584
2,1497
4,872
1,1484
0,1556
1,1636
0,1474
0,1480
1,1316
0,1367
0,1448
0,1610
0,1489
8,350
13,108
0,1589
1,1497
1,1119
4,1174
1,1368
0,1520
1,1503
7,1213
0,1497
2,1371
0,1572
1,1332
1,1297
0,1614
4,1420
0,1475
1,1430
0,1512
0,1494
0,1446
1,1072
0,1557
0,1511
1,1504
0,1432
2,1420
2,1128
2,1504
0,1408
0,1568
0,1579
1,1499
3,1457
0,1454
0,1485
0,1599
0,1598
1,1574
0,1539
4,967
0,1568
1,1474
0,1451
4,1389
1,1427
2,1438
1,1289
6,1038
0,1538
0,1448
0,1581
0,1516
0,1477
1,1427
1,1368
0,1553
3,1463
1,1396
10,707
1,1480
1,1535
2,1492
0,1587
1,1538
2,1490
5,1033
0,1491
0,1408
0,1551
5,1046
3,1209
4,789
0,1559
0,1434
5,1336
3,1272
0,1663
1,1369
2,1335
0,1622
1,1568
3,1480
0,1361
1,1451
0,1452
8,421
1,1431
7,863
0,1536
2,1291
3,1011
0,1599
3,1264
0,1634
0,1574
0,1511
1,1390
0,1530
1,1246
4,1185
1,1608
3,1229
1,1526
0,1446
0,1473
2,1377
8,1235
0,1442
1,1357
0,1554
0,1440
0,1446
0,1491
5,976
1,1478
1,1428
0,1528
2,1359
7,960
0,1592
2,1323
1,1452
6,1182
0,1523
2,1515
7,907
5,1094
0,1586
0,1447
2,1289
0,1382
5,1203
1,1527
0,1606
1,1396
2,1438
0,1516
0,1499
1,1371
9,454
1,1389
0,1487
0,1437
0,1521
0,1423
1,1570
1,1506
0,1603
4,982
0,1493
3,1534
0,1512
0,1415
3,1370
6,846
0,1481
2,1270
2,1390
1,1524
0,1435
5,1035
0,1492
3,1153
0,1436
0,1550
0,1529
6,812
1,1359
0,1603
0,1563
1,1547
2,1559
5,1358
0,1385
1,1470
6,1278
4,1345
0,1537
2,1548
1,1419
3,1119
0,1332
0,1402
7,1129
0,1542
0,1542
1,1578
0,1503
0,1518
4,426
2,1417
3,1473
0,1519
3,1401
2,1534
1,1470
4,1206
2,1173
2,1380
0,1594
0,1525
5,654
1,1504
6,1061
6,360
3,1266
1,1523
0,1540
4,1118
2,1097
1,1525
2,1267
0,1421
1,1435
3,1231
4,1169
1,1452
0,1612
3,1175
4,1083
0,1486
0,1514
1,1449
1,1409
2,1374
0,1528
1,1403
0,1485
0,1445
0,1500
0,1281
0,1545
0,1570
0,1608
0,1587
0,1442
3,1137
0,1537
5,564
1,1475
0,1565
1,1466
1,1668
0,1404
1,1337
0,1601
0,1628
0,1598
1,1373
1,1541
0,1535
0,1488
0,1325
3,1247
2,1484
0,1590
0,1486
1,1486
2,1412
1,1542
4,1324
0,1566
1,1467
0,1536
2,1052
3,982
0,1611
1,1384
1,1452
0,1421
2,885
0,1445
2,1536
1,1404
1,1568
8,972
3,1536
0,1467
2,1493
6,1036
7,1098
0,1468
0,1580
6,904
1,1505
1,1417
1,1432
5,1013
1,1364
2,1474
3,1253
0,1487
0,1505
3,1369
0,1524
1,1463
1,1437
0,1509
0,1577
0,1493
1,1597
0,1533
2,1208
0,1547
0,1459
2,1458
0,1472
1,1499
3,1342
0,1460
0,1514
5,1191
0,1543
1,1453
4,1439
2,1555
2,1388
1,1523
0,1356
2,1424
0,1571
0,1303
2,1509
0,1524
1,1468
1,1450
7,744
0,1531
3,1059
1,1520
0,1612
0,1544
5,1024
1,1640
0,1534
0,1387
2,1446
0,1482
0,1622
4,1463
0,1438
0,1546
0,1601
0,1547
2,1197
1,1425
0,1376
11,507
0,1369
0,1577
0,1498
0,1610
1,1523
14,198
3,1175
0,1508
1,1511
1,1442
5,1168
1,1436
5,1054
0,1571
1,1226
0,1600
0,1399
4,1572
1,1456
0,1550
2,1434
4,1394
0,1518
2,1420
3,1332
1,1591
2,1363
1,1537
0,1330
0,1513
0,1489
1,1577
9,630
0,1454
3,1321
1,1445
1,1638
11,359
0,1522
2,1510
0,1533
1,1499
2,1453
1,1556
0,1482
0,1575
7,277
0,1528
5,921
0,1586
1,1448
3,1171
1,1495
0,1389
0,1558
0,1497
1,1120
0,1599
3,1357
2,1428
0,1651
1,1441
2,1444
2,1460
0,1479
2,1520
1,1475
0,1589
1,1521
0,1463
0,1359
0,1511
0,1640
0,1515
0,1552
0,1464
0,1346
8,1056
1,1563
0,1451
2,1376
0,1676
3,1399
0,1406
1,1098
1,1484
0,1483
1,1547
19,379
1,1140
2,1502
0,1482
1,1443
5,1207
8,147
1,1490
7,998
2,1512
6,953
1,1508
5,1251
0,1458
1,1444
1,1619
1,1402
0,1511
0,1552
3,1357
0,1458
1,1523
0,1541
1,1571
0,1524
1,1541
2,1554
2,1546
0,1541
3,1421
1,1581
1,1461
0,1673
0,1555
0,1621
0,1620
1,1505
1,1448
0,1427
0,1535
2,1503
0,1514
0,1522
0,1431
7,1166
1,1376
0,1612
0,1548
0,1576
1,1436
3,1405
0,1475
0,1570
2,1163
1,1482
6,508
0,1554
2,1427
0,1598
2,1413
0,1557
3,1239
1,1570
0,1569
0,1543
1,1379
0,1522
0,1501
0,1463
0,1521
3,1151
6,1253
1,1383
0,1567
0,1533
1,1482
1,1471
0,1450
1,1566
1,1466
1,1268
1,1563
0,1438
7,1197
0,1442
7,614
