1683,19
1539,32
1541,26
1595,9
1544,9
1602,14
1521,32
1609,4
1563,8
1525,4
1610,7
1683,10
1565,26
1512,31
1475,33
1545,5
1567,34
1531,2
1511,43
1557,18
1623,15
1509,45
1595,35
1585,18
1557,28
1613,21
1615,3
1579,17
1598,18
1620,2
1594,54
1554,20
1542,8
1548,16
1627,7
1620,11
1547,35
1468,75
1558,12
1600,3
1561,14
1571,19
1631,11
1515,10
1608,26
1529,47
1561,19
1524,11
1513,33
1527,8
1573,10
1576,25
1482,120
1564,22
1496,78
1618,48
1532,15
1576,49
1577,10
1607,43
1469,82
1607,29
1504,51
1582,21
1592,3
1604,1
1528,9
1542,14
1459,64
1601,12
1591,21
1585,9
1535,62
1609,9
1571,35
1557,41
1589,7
1523,86
1545,28
1591,15
1502,33
1614,9
1560,1
1673,51
1562,42
1529,2
1609,5
1514,5
1552,50
1595,4
1641,11
1649,2
1565,47
1539,18
1640,10
1599,11
1575,31
1590,26
1571,28
1645,15
1619,9
1479,80
1611,23
1608,10
1558,4
1606,44
1515,21
1573,5
1564,10
1508,18
1600,12
1578,13
1643,28
1486,42
1670,3
1493,65
1607,9
1578,48
1583,24
1529,22
1582,3
1557,4
1589,21
1603,31
1512,52
1576,55
1553,13
1597,43
1541,57
1572,17
1568,26
1561,11
1484,10
1608,1
1563,57
1499,20
1596,43
1503,9
1578,9
1592,30
1552,15
1652,9
1566,82
1531,45
1564,14
1628,2
1626,46
1459,37
1486,37
1676,2
1474,24
1487,2
1574,7
1603,23
1576,11
1557,47
1607,5
1571,4
1555,68
1493,9
1540,5
1636,15
1589,12
1617,12
1559,39
1601,25
1575,35
1539,36
1604,14
1549,47
1593,23
1538,18
1530,30
1527,1
1521,5
1531,34
1522,24
1565,21
1535,3
1668,4
1561,34
1679,13
1596,2
1468,52
1598,2
1584,15
1621,3
1607,8
1577,31
1502,8
1574,3
1534,26
1554,51
1679,20
1571,27
1525,38
1539,4
1512,53
1512,25
1493,5
1552,9
1530,36
1588,2
1514,29
1674,7
1560,40
1561,18
1556,3
1516,12
1593,42
1667,13
1644,13
1561,9
1549,14
1565,15
1608,1
1682,10
1561,34
1630,8
1587,13
1578,19
1568,4
1589,6
1628,17
1607,37
1565,7
1645,1
1608,20
1646,2
1567,20
1630,14
1594,16
1580,41
1627,4
1540,80
1584,5
1526,54
1561,4
1547,47
1586,21
1638,42
1514,12
1507,43
1577,11
1544,40
1502,33
1532,94
1524,2
1569,5
1565,4
1508,56
1565,10
1544,7
1509,42
1592,8
1612,11
1629,48
1576,26
1655,11
1596,22
1545,12
1580,12
1653,1
1481,13
1563,33
1659,16
1593,28
1657,7
1599,11
1584,22
1646,6
1577,21
1575,41
1609,42
1603,2
1622,13
1609,1
1567,2
1571,49
1585,5
1575,49
1585,8
1530,55
1510,23
1604,15
1646,13
1596,39
1526,46
1585,3
1543,11
1503,64
1654,14
1585,11
1592,21
1462,44
1650,3
1628,6
1610,33
1551,8
1588,19
1606,7
1609,3
1469,25
1639,10
1463,15
1511,11
1592,1
1603,11
1658,33
1609,16
1615,44
1648,47
1541,35
1679,24
1654,23
1589,5
1514,6
1570,42
1594,38
1622,16
1612,1
1570,24
1504,31
1594,34
1662,3
1606,8
1457,36
1554,33
1534,14
1549,58
1606,12
1686,5
1630,12
1578,34
1588,22
1567,35
1535,70
1615,6
1472,71
1588,34
1564,11
1651,38
1568,9
1535,46
1548,21
1589,11
1527,18
1625,5
1551,44
1481,56
1642,4
1547,14
1537,30
1609,39
1545,42
1581,35
1494,2
1575,9
1596,8
1578,37
1576,41
1578,6
1522,15
1493,103
1503,11
1497,14
1530,61
1512,35
1600,47
1650,20
1513,9
1586,17
1562,18
1537,1
1548,43
1541,5
1610,20
1621,28
1591,1
1575,36
1715,21
1622,35
1619,10
1520,66
1503,48
1562,7
1458,66
1548,9
1459,86
1513,80
1528,38
1520,16
1595,5
1665,1
1605,20
1669,5
1559,50
1611,79
1568,12
1534,53
1618,17
1535,6
1551,7
1555,15
1557,34
1590,10
1635,1
1470,29
1599,36
1573,23
1561,18
1603,15
1573,26
1505,2
1557,59
1455,94
1606,32
1606,21
1543,34
1563,16
1579,45
1504,40
1586,44
1552,27
1566,20
1592,26
1596,8
1566,19
1513,51
1523,36
1591,51
1475,47
1583,12
1504,1
1602,2
1555,25
1556,28
1656,28
1599,38
1620,9
1532,49
1620,27
1524,16
1591,28
1612,11
1523,50
1548,7
1513,10
1500,17
1461,95
1547,22
1607,5
1499,11
1598,3
1533,4
1607,56
1586,19
1604,18
1603,42
1642,16
1595,73
1554,17
1576,31
1529,45
1605,50
1593,31
1489,12
1551,30
1542,10
1514,94
1644,52
1521,8
1629,22
1561,43
1545,31
1538,27
1560,9
1553,12
1545,56
1495,24
1573,1
1592,13
1597,5
1533,27
1563,36
1516,64
1487,72
1503,15
1566,20
1518,5
1503,9
1528,120
1629,18
1496,34
1560,42
1504,20
1619,20
1542,34
1504,76
1621,10
1608,9
1482,96
1603,2
1604,18
1567,2
1586,31
1545,5
1470,26
1589,17
1513,40
1596,13
1567,10
1582,37
1504,15
1545,5
1594,14
1663,8
1595,11
1499,51
1517,47
1575,10
1523,1
1608,22
1585,21
1604,12
1554,19
1561,35
1575,19
1602,3
1457,137
1505,5
1664,31
1582,16
1589,7
1538,16
1666,38
1535,4
1624,16
1590,8
1489,49
1592,14
1564,7
1639,26
1482,32
1559,22
1522,54
1618,1
1579,17
1541,110
1617,28
1517,50
1592,60
1628,8
1582,10
1557,24
1529,10
1631,20
1654,51
1562,22
1522,29
1623,9
1573,10
1528,41
1595,17
1575,5
1599,7
1583,24
1617,31
1516,35
1623,12
1565,46
1540,65
1588,36
1562,26
1549,22
1545,16
1576,22
1571,4
1466,127
1540,99
1685,25
1603,32
1525,35
1572,24
1639,6
1525,25
1615,30
1467,52
1543,19
1570,4
1603,14
1566,7
1593,28
1582,10
1652,10
1559,62
1605,16
1617,5
1436,38
1500,24
1657,20
1653,26
1571,24
1481,1
1624,26
1581,3
1654,37
1581,14
1546,7
1573,80
1562,11
1595,26
1566,5
1501,73
1588,14
1589,10
1591,2
1571,21
1579,14
1570,63
1510,44
1665,2
1570,21
1606,8
1748,4
1565,4
1538,2
1598,25
1534,56
1628,15
1434,67
1570,19
1472,67
1610,2
1586,23
1550,1
1538,14
1556,9
1566,57
1559,14
1581,33
1623,12
1568,24
1556,43
1624,76
1598,17
1597,31
1522,8
1570,8
1466,77
1567,5
1572,15
1511,87
1607,4
1656,10
1641,40
1559,7
1556,19
1500,38
1510,32
1642,5
1612,12
1585,21
1582,39
1583,42
1560,7
1503,41
1569,36
1499,40
1470,29
1550,16
1575,25
1413,84
1681,42
1568,2
1518,42
1462,54
1565,36
1572,63
1549,45
1593,3
1618,29
1567,11
1607,14
1583,82
1541,4
1524,9
1642,44
1610,20
1612,12
1576,29
1524,23
1552,5
1536,116
1523,13
1543,29
1616,1
1608,3
1654,2
1483,17
1569,32
1561,5
1659,5
1581,23
1559,37
1615,16
1700,1
1584,39
1567,20
1535,14
1587,14
1603,1
1527,14
1629,41
1560,33
1544,1
1586,9
1659,9
1480,4
1591,21
1557,36
1565,51
1554,9
1521,42
1572,18
1663,5
1581,64
1567,43
1605,47
1635,22
1582,2
1601,16
1694,1
1448,15
1544,25
1600,1
1620,41
1546,7
1489,52
1559,25
1425,22
1528,5
1559,45
1572,11
1553,47
1548,14
1554,8
1569,42
1519,33
1547,43
1535,1
1662,7
1497,74
1633,32
1562,12
1505,43
1569,28
1591,6
1562,6
1629,9
1557,2
1637,23
1625,3
1619,10
1484,23
1565,3
1564,35
1639,42
1655,32
1631,7
1579,21
1539,3
1470,59
1592,82
1599,13
1543,34
1522,14
1585,4
1613,8
1469,3
1530,54
1548,128
1572,38
1589,3
1534,97
1546,36
1550,55
1657,12
1611,23
1534,36
1538,45
1513,24
1739,6
1588,18
1545,2
1546,44
1617,77
1508,26
1589,4
1594,11
1494,30
1530,45
1608,1
1589,25
1426,70
1549,22
1522,14
1551,80
1564,15
1535,53
1578,48
1492,24
1586,58
1638,35
1635,20
1572,1
1509,44
1559,5
1595,1
1596,59
1652,14
1539,36
1624,4
1590,14
1584,2
1627,7
1612,8
1514,65
1565,31
1588,57
1524,57
1596,2
1583,2
1585,9
1530,4
1588,13
1552,62
1563,61
1545,11
1577,28
1545,3
1630,41
1579,6
1657,7
1662,62
1480,43
1484,137
1548,11
1548,3
1496,8
1523,63
1558,15
1519,7
1569,1
1507,102
1670,1
1506,8
1547,3
1633,14
1622,5
1517,18
1468,38
1519,30
1624,17
1624,3
1612,2
1536,87
1612,3
1617,20
1539,65
1621,10
1618,12
1586,21
1525,17
1594,49
1559,2
1536,40
1569,60
1613,31
1497,70
1605,89
1543,13
1581,3
1580,21
1545,13
1640,4
1595,8
1550,36
1634,5
1548,18
1598,24
1568,5
1560,36
1514,71
1579,24
1547,33
1562,7
1625,26
1513,78
1542,10
1607,8
1564,62
1419,153
1628,74
1586,13
1431,34
1487,36
1565,15
1511,8
1609,21
1539,2
1604,12
1475,22
1508,21
1547,25
1551,33
1679,5
1541,36
1629,57
1528,38
1532,77
1579,4
1621,1
1568,16
1575,15
1675,39
1635,3
1546,17
1571,5
1469,18
1461,66
1584,41
1497,6
1561,11
1608,23
1575,15
1537,47
1558,27
1570,17
1641,1
1536,46
1517,21
1529,12
1480,4
1522,19
1596,10
1586,2
1662,2
1640,3
1615,12
1543,6
1577,10
1555,88
1536,49
1532,58
1642,5
1498,10
1569,4
1564,8
1636,25
1472,70
1561,91
1534,1
1531,55
1548,16
1500,4
1580,50
1594,10
1546,20
1485,68
1496,30
1599,18
1564,22
1612,5
1532,2
1597,11
1491,90
1617,7
1511,15
1581,1
1519,8
1609,4
1534,40
1608,13
1602,10
1498,58
1528,55
1598,7
1468,71
1594,3
1606,23
1546,3
1601,39
1516,1
1611,8
1495,44
1622,8
1510,4
1630,2
1510,16
