1648,5
1619,20
1644,1
1546,16
1513,40
1642,17
1529,75
1537,10
1591,3
1479,47
1612,48
1581,3
1632,1
1615,11
1648,16
1561,8
1515,74
1527,15
1559,54
1532,31
1560,30
1536,119
1582,32
1555,14
1532,28
1574,10
1478,64
1519,11
1606,7
1435,59
1458,63
1619,6
1508,18
1587,6
1525,138
1440,58
1557,90
1593,27
1583,7
1510,29
1551,72
1486,14
1648,11
1565,23
1632,20
1575,2
1560,9
1505,11
1554,1
1584,64
1650,2
1516,15
1552,63
1551,1
1515,63
1561,15
1538,24
1546,20
1598,21
1602,9
1500,44
1578,28
1570,7
1584,7
1611,3
1531,19
1568,30
1623,4
1533,39
1458,15
1552,8
1644,40
1522,10
1549,24
1648,4
1631,2
1557,3
1525,28
1552,20
1633,1
1583,19
1539,39
1628,2
1574,78
1565,35
1584,41
1512,8
1507,74
1545,12
1471,34
1572,22
1651,17
1507,4
1523,70
1566,26
1513,33
1541,18
1523,16
1527,23
1543,32
1603,4
1642,4
1610,2
1581,5
1532,17
1630,14
1632,17
1501,34
1540,67
1556,37
1549,7
1568,81
1579,2
1534,63
1587,10
1503,53
1541,37
1633,1
1575,27
1494,70
1532,12
1601,1
1546,40
1518,31
1526,14
1550,58
1530,20
1567,8
1564,48
1515,20
1546,46
1660,1
1609,28
1559,46
1645,47
1562,7
1581,35
1601,4
1562,38
1603,60
1593,29
1602,30
1597,23
1481,32
1560,61
1551,9
1672,7
1609,10
1678,3
1693,11
1604,9
1613,3
1574,30
1567,15
1524,3
1576,5
1544,3
1645,2
1527,5
1473,41
1544,20
1578,14
1574,32
1561,77
1571,3
1627,5
1577,4
1533,11
1591,7
1488,89
1562,10
1587,6
1574,7
1571,3
1630,23
1536,62
1553,5
1532,41
1547,11
1570,64
1569,58
1635,31
1531,74
1594,11
1566,1
1551,51
1557,38
1577,9
1545,2
1528,50
1572,11
1574,1
1624,5
1563,39
1586,35
1552,2
1486,18
1483,52
1599,5
1625,1
1569,2
1616,30
1539,51
1563,9
1542,30
1589,18
1596,17
1506,40
1622,8
1591,13
1490,67
1504,51
1545,23
1512,45
1541,20
1678,3
1595,17
1602,14
1478,60
1631,48
1677,14
1576,50
1550,42
1530,25
1507,2
1539,44
1556,2
1562,71
1565,45
1543,10
1585,8
1567,12
1606,1
1617,25
1525,28
1475,31
1617,32
1668,14
1522,10
1597,32
1503,13
1573,22
1473,1
1610,76
1614,34
1485,57
1482,91
1549,33
1542,95
1557,22
1604,13
1624,15
1577,1
1450,83
1608,29
1458,181
1601,17
1517,13
1372,163
1575,2
1489,78
1509,67
1542,14
1577,3
1556,42
1581,4
1438,80
1554,2
1544,42
1568,5
1638,17
1503,61
1684,4
1570,5
1523,45
1551,36
1606,2
1595,6
1554,1
1495,65
1667,32
1630,21
1544,68
1564,19
1542,31
1545,29
1514,30
1594,10
1566,38
1615,32
1545,47
1534,25
1540,17
1578,1
1557,68
1594,8
1602,21
1519,39
1508,29
1487,59
1580,26
1564,18
1579,30
1677,7
1475,51
1539,52
1607,12
1535,9
1550,89
1595,19
1464,10
1494,16
1516,55
1533,11
1487,49
1516,21
1518,15
1596,57
1539,10
1589,22
1557,1
1556,4
1532,38
1614,3
1516,12
1534,25
1493,66
1607,9
1705,11
1617,2
1481,54
1525,75
1455,7
1505,7
1647,2
1611,68
1637,13
1556,34
1483,11
1606,34
1417,98
1494,29
1596,14
1637,5
1541,9
1535,83
1499,33
1582,19
1628,28
1543,49
1548,140
1565,119
1611,52
1580,14
1559,22
1620,12
1516,3
1535,33
1504,44
1560,55
1593,22
1628,1
1625,1
1600,16
1680,27
1562,20
1528,14
1618,10
1615,19
1588,2
1524,25
1619,37
1528,8
1511,47
1588,3
1516,39
1562,21
1623,3
1535,38
1514,4
1513,3
1640,14
1490,77
1617,2
1545,31
1604,4
1625,9
1536,2
1613,10
1548,26
1528,24
1621,18
1504,94
1485,55
1477,75
1575,2
1589,20
1599,33
1625,9
1601,53
1481,3
1457,107
1608,3
1479,150
1591,8
1539,29
1581,43
1449,76
1617,6
1613,7
1583,11
1532,13
1485,47
1548,13
1602,29
1549,14
1549,6
1586,16
1547,19
1533,13
1507,23
1547,28
1582,24
1532,82
1516,24
1527,36
1621,15
1565,14
1500,32
1514,78
1591,21
1612,27
1624,2
1585,3
1566,38
1505,17
1542,28
1577,9
1551,58
1502,52
1518,10
1564,1
1613,30
1580,1
1459,19
1537,47
1526,63
1640,2
1597,8
1492,77
1613,30
1505,52
1541,7
1529,51
1471,36
1541,19
1597,20
1588,2
1498,11
1623,7
1582,10
1510,26
1581,22
1672,9
1560,12
1556,4
1598,37
1622,19
1505,66
1528,19
1544,5
1530,1
1530,30
1487,18
1628,10
1630,5
1572,27
1510,11
1553,17
1537,53
1555,21
1509,2
1518,58
1639,2
1547,2
1741,30
1573,31
1588,16
1566,48
1617,20
1604,2
1554,46
1537,10
1682,36
1496,3
1569,19
1528,17
1521,86
1609,20
1577,18
1588,1
1566,3
1562,10
1500,75
1626,10
1615,15
1563,11
1570,23
1541,46
1561,2
1517,18
1542,17
1584,11
1570,31
1589,11
1636,12
1635,25
1577,2
1565,18
1561,24
1488,3
1546,17
1640,21
1503,66
1604,8
1597,31
1532,7
1562,34
1533,68
1543,65
1556,5
1669,10
1565,16
1586,20
1612,15
1586,8
1649,20
1614,19
1525,39
1527,2
1655,8
1618,1
1655,30
1610,2
1552,11
1550,48
1498,16
1543,12
1476,48
1551,25
1556,36
1570,6
1622,19
1618,11
1521,74
1581,41
1663,4
1581,11
1525,68
1536,27
1584,32
1550,62
1469,25
1524,56
1577,15
1521,2
1503,52
1623,41
1591,44
1547,16
1494,80
1584,6
1448,72
1620,7
1505,4
1598,29
1524,48
1511,14
1571,2
1565,49
1587,14
1549,12
1516,16
1612,3
1556,28
1548,26
1556,36
1587,41
1618,12
1617,29
1609,2
1569,15
1540,26
1638,39
1486,53
1591,51
1518,14
1675,1
1607,16
1587,51
1640,36
1585,7
1632,25
1558,5
1548,38
1556,25
1547,15
1632,3
1624,22
1634,10
1506,29
1498,54
1556,38
1497,96
1552,47
1603,4
1523,26
1505,83
1581,14
1626,8
1576,44
1578,11
1582,31
1514,18
1578,12
1595,11
1627,58
1703,1
1568,20
1604,15
1548,46
1512,28
1637,2
1568,5
1543,58
1595,11
1523,114
1486,61
1541,62
1526,41
1530,16
1528,19
1552,40
1466,69
1555,35
1504,29
1578,7
1619,4
1618,3
1570,38
1627,14
1569,26
1596,5
1603,32
1659,2
1633,40
1546,67
1572,21
1535,31
1594,2
1510,11
1543,75
1636,29
1582,26
1527,27
1462,23
1568,10
1557,2
1628,2
1617,19
1557,16
1565,29
1529,109
1526,25
1516,59
1634,7
1572,29
1593,2
1529,42
1555,10
1483,35
1521,54
1560,40
1522,64
1550,16
1540,26
1585,12
1537,23
1511,21
1602,31
1535,38
1607,1
1532,26
1611,13
1533,16
1566,12
1559,10
1609,23
1550,34
1473,67
1564,5
1520,6
1562,47
1583,21
1587,8
1569,10
1607,12
1571,7
1591,13
1528,23
1622,2
1461,32
1556,47
1526,18
1632,25
1523,17
1655,20
1650,3
1559,15
1504,21
1457,11
1528,29
1535,16
1623,15
1634,13
1541,72
1638,7
1573,42
1508,4
1671,7
1571,5
1626,47
1578,29
1565,16
1561,17
1504,53
1466,15
1527,28
1613,38
1579,2
1524,20
1566,38
1443,127
1576,7
1758,36
1515,29
1528,25
1565,5
1656,14
1524,39
1516,86
1552,29
1537,11
1578,19
1595,18
1483,59
1483,33
1566,24
1600,13
1564,14
1577,11
1533,4
1612,11
1640,13
1556,1
1570,18
1596,2
1542,26
1621,12
1652,12
1692,9
1609,22
1503,9
1643,7
1553,62
1512,115
1517,12
1636,2
1500,65
1568,11
1543,91
1546,42
1535,23
1566,11
1560,17
1528,19
1592,2
1504,99
1655,3
1557,34
1495,39
1561,17
1564,19
1616,13
1635,1
1559,35
1529,4
1561,54
1509,7
1661,53
1514,21
1569,44
1584,10
1546,4
1528,73
1645,1
1571,2
1586,3
1566,47
1477,47
1536,43
1668,10
1520,4
1572,1
1509,55
1597,19
1624,1
1537,18
1571,28
1623,12
1547,108
1642,6
1625,6
1524,29
1504,92
1478,93
1603,20
1609,58
1512,19
1506,56
1503,43
1570,3
1585,21
1638,11
1558,5
1612,35
1614,5
1578,35
1574,9
1531,27
1648,29
1556,27
1539,23
1560,4
1575,6
1554,48
1514,34
1577,14
1516,21
1656,11
1538,25
1602,31
1538,34
1553,1
1571,34
1647,2
1576,39
1596,25
1558,10
1564,17
1540,37
1592,20
1590,5
1524,10
1531,59
1573,40
1472,72
1572,23
1590,7
1589,19
1508,37
1597,3
1544,8
1520,50
1587,27
1523,3
1496,4
1591,11
1562,13
1505,24
1579,28
1645,10
1542,17
1386,76
1592,26
1584,7
1618,25
1466,48
1616,26
1554,8
1574,12
1504,85
1557,17
1672,1
1552,5
1636,16
1485,6
1620,45
1592,15
1522,26
1628,23
1644,22
1544,46
1555,56
1567,1
1530,49
1561,47
1677,2
1565,65
1549,11
1471,15
1456,17
1516,6
1704,16
1611,33
1568,44
1628,9
1590,29
1674,14
1536,8
1598,19
1570,16
1543,50
1543,43
1545,26
1507,121
1576,30
1618,5
1505,37
1546,9
1620,34
1592,26
1526,21
1602,8
1568,1
1578,1
1574,16
1508,83
1599,8
1588,1
1573,12
1587,6
1596,7
1513,35
1666,7
1483,11
1565,9
1548,39
1512,4
1536,27
1624,3
1559,14
1528,61
1612,51
1569,20
1618,30
1597,30
1573,5
1605,86
1555,36
1541,65
1492,26
1579,7
1567,40
1507,7
1561,14
1610,3
1589,1
1358,110
1665,10
1539,5
1601,42
1649,12
1648,3
1550,3
1558,12
1592,38
1589,44
1617,27
1549,34
1494,132
1569,21
1606,6
1499,36
1573,14
1566,18
1588,58
1560,1
1608,20
1571,45
1587,53
1617,32
1616,7
1580,8
1587,9
1590,25
1662,29
1462,88
1579,16
1654,17
