1850,9
1767,9
1744,12
1858,23
1774,11
1783,3
1827,4
1816,18
1813,3
1798,7
1835,33
1785,11
1754,15
1743,26
1747,13
1688,11
1775,3
1788,3
1783,8
1837,6
1737,8
1770,19
1859,4
1716,26
1812,16
1822,1
1767,21
1701,15
1774,9
1852,11
1890,4
1764,4
1799,3
1866,18
1851,29
1803,11
1764,7
1836,10
1786,15
1761,42
1801,18
1819,42
1785,12
1770,9
1749,12
1833,16
1743,3
1825,6
1776,5
1827,1
1712,56
1832,1
1765,11
1884,2
1815,30
1876,3
1832,15
1808,9
1793,15
1930,13
1773,5
1769,12
1773,39
1725,7
1829,12
1731,25
1841,33
1772,3
1772,6
1751,32
1794,9
1819,3
1860,8
1837,24
1751,5
1816,9
1805,1
1731,7
1826,15
1803,15
1828,1
1800,15
1748,20
1824,7
1811,31
1780,1
1822,37
1705,8
1811,2
1751,1
1698,11
1728,63
1779,15
1717,14
1806,3
1821,2
1731,28
1810,4
1753,1
1782,8
1744,16
1759,39
1784,33
1814,19
1768,12
1718,3
1763,17
1726,5
1768,43
1828,8
1794,5
1846,1
1811,4
1688,5
1800,1
1802,39
1864,16
1900,5
1754,26
1835,4
1805,25
1757,14
1907,5
1797,4
1799,11
1833,1
1750,40
1814,1
1862,4
1808,1
1842,18
1860,8
1756,44
1822,1
1801,15
1737,3
1835,10
1835,17
1807,4
1848,2
1847,15
1839,3
1753,8
1807,6
1810,4
1662,20
1867,27
1795,7
1869,12
1771,37
1724,36
1798,13
1758,49
1792,9
1777,12
1806,14
1945,44
1813,10
1838,18
1760,14
1766,17
1916,1
1815,7
1803,3
1709,17
1787,9
1792,29
1840,3
1728,1
1823,6
1813,2
1845,8
1695,30
1777,6
1807,9
1728,7
1789,30
1784,7
1644,27
1698,3
1801,13
1869,7
1782,36
1775,4
1755,14
1883,2
1817,11
1829,17
1931,16
1802,4
1850,1
1747,4
1691,55
1809,7
1815,26
1798,7
1741,17
1764,9
1766,44
1705,23
1828,4
1773,1
1799,20
1727,32
1797,7
1824,26
1773,21
1738,6
1795,2
1752,21
1898,5
1820,40
1806,12
1859,1
1823,4
1740,17
1817,9
1785,3
1797,8
1816,23
1837,2
1819,34
1807,3
1859,6
1760,33
1710,20
1814,4
1803,2
1668,8
1793,2
1760,1
1755,20
1768,8
1774,30
1889,19
1826,5
1823,5
1788,15
1753,2
1819,30
1832,7
1832,3
1848,13
1845,4
1895,8
1840,6
1745,29
1755,3
1729,12
1840,2
1806,12
1778,33
1898,13
1803,18
1717,1
1780,15
1782,5
1790,15
1838,7
1879,13
1796,5
1844,18
1776,9
1702,22
1719,7
1791,4
1834,1
1819,3
1753,13
1833,24
1845,17
1852,3
1743,8
1759,38
1884,4
1847,14
1863,3
1780,14
1876,1
1860,8
1755,9
1805,8
1800,16
1709,8
1744,10
1748,17
1830,27
1804,9
1878,1
1691,2
1754,7
1878,14
1763,19
1890,8
1776,2
1748,6
1768,3
1734,3
1760,14
1809,12
1754,13
1887,6
1744,21
1790,7
1712,3
1677,7
1769,2
1703,2
1801,29
1786,5
1835,9
1729,25
1752,10
1834,1
1821,14
1797,9
1837,18
1713,17
1792,2
1799,7
1766,20
1723,4
1864,4
1788,15
1805,1
1736,19
1789,11
1759,34
1767,7
1849,6
1831,12
1763,7
1772,5
1724,17
1779,15
1721,40
1819,17
1817,9
1777,16
1815,16
1868,4
1810,3
1745,2
1799,14
1769,8
1744,17
1807,9
1763,23
1684,19
1641,33
1826,9
1854,4
1873,10
1752,31
1774,37
1815,9
1820,4
1783,9
1896,1
1769,25
1820,23
1846,3
1799,3
1783,4
1760,1
1745,28
1778,26
1769,35
1855,28
1764,15
1756,25
1812,10
1765,12
1734,17
1718,29
1862,2
1808,3
1748,21
1865,13
1792,16
1801,10
1759,8
1812,3
1704,29
1697,37
1884,10
1850,4
1802,37
1751,13
1748,52
1776,5
1782,9
1829,16
1720,7
1792,9
1683,18
1862,30
1703,32
1818,2
1835,19
1841,8
1684,33
1834,22
1721,2
1790,4
1816,19
1788,10
1797,2
1717,13
1775,11
1728,28
1897,17
1790,4
1880,8
1833,2
1821,17
1758,10
1824,19
1808,8
1886,5
1855,2
1699,6
1840,5
1764,12
1769,5
1798,6
1825,9
1804,8
1773,2
1808,14
1845,39
1760,17
1775,8
1813,16
1765,3
1806,30
1769,8
1865,2
1767,9
1792,4
1815,13
1767,20
1765,58
1761,2
1818,11
1678,9
1805,20
1860,1
1806,4
1694,40
1710,4
1766,7
1759,11
1739,4
1762,23
1781,14
1741,8
1844,10
1826,1
1875,4
1815,3
1702,1
1794,32
1787,3
1770,10
1789,5
1760,22
1786,8
1767,3
1703,15
1687,56
1799,7
1795,1
1752,10
1797,8
1788,2
1805,11
1825,22
1802,8
1825,4
1753,6
1866,8
1776,17
1758,96
1832,17
1811,25
1870,3
1828,17
1864,12
1815,13
1816,10
1739,2
1809,6
1838,7
1830,3
1716,2
1830,7
1743,6
1815,4
1817,10
1779,12
1802,14
1823,7
1798,3
1755,15
1775,5
1806,5
1833,6
1783,3
1751,3
1839,7
1772,12
1835,48
1869,3
1844,13
1750,12
1822,2
1781,4
1792,20
1784,7
1851,6
1845,11
1776,50
1845,4
1761,6
1727,7
1832,1
1828,1
1789,9
1844,1
1753,10
1835,23
1854,6
1712,18
1751,1
1816,20
1807,3
1704,29
1700,64
1804,43
1761,29
1832,15
1771,5
1734,6
1880,6
1766,22
1803,2
1839,17
1751,4
1761,49
1736,34
1869,1
1869,7
1765,40
1832,14
1882,15
1845,20
1825,19
1747,7
1935,1
1773,20
1746,30
1822,6
1919,11
1733,8
1832,1
1856,35
1894,16
1774,35
1841,7
1840,14
1802,11
1830,58
1814,4
1850,7
1720,14
1719,22
1713,18
1786,17
1822,17
1803,2
1775,4
1834,8
1719,1
1715,5
1719,2
1764,9
1711,25
1666,10
1801,1
1802,3
1826,13
1748,8
1792,2
1765,49
1806,1
1789,9
1792,11
1750,23
1787,3
1878,19
1800,29
1772,15
1763,2
1726,29
1839,17
1726,7
1823,15
1776,3
1795,9
1793,19
1806,5
1873,3
1767,42
1880,3
1742,13
1780,16
1889,3
1820,6
1788,1
1763,13
1702,12
1764,2
1730,8
1760,10
1812,7
1918,1
1770,21
1898,6
1817,4
1892,9
1784,4
1721,3
1746,27
1783,14
1747,36
1802,3
1919,3
1690,23
1755,3
1784,25
1766,22
1784,12
1815,12
1732,3
1786,23
1783,3
1834,4
1867,7
1748,48
1798,2
1797,42
1783,8
1752,13
1813,1
1765,36
1753,6
1848,28
1810,14
1825,6
1746,62
1838,19
1766,1
1752,2
1876,3
1805,15
1879,26
1792,9
1832,2
1812,9
1766,9
1763,2
1789,2
1826,12
1780,10
1827,71
1761,23
1727,4
1776,26
1740,11
1781,7
1804,24
1792,8
1754,12
1826,13
1787,19
1808,4
1681,7
1868,14
1780,5
1854,6
1830,2
1739,12
1671,7
1790,9
1746,4
1806,4
1861,5
1834,14
1803,5
1805,7
1827,18
1799,12
1746,3
1812,2
1733,20
1720,22
1766,3
1847,9
1757,13
1796,2
1821,20
1731,9
1706,6
1755,6
1827,3
1754,8
1783,21
1795,5
1836,33
1741,70
1805,19
1784,2
1878,5
1745,17
1857,2
1818,2
1797,44
1854,2
1781,23
1767,2
1764,4
1881,34
1806,21
1846,5
1765,47
1816,4
1783,5
1740,13
1817,20
1776,3
1753,11
1775,12
1798,24
1833,10
1796,3
1741,12
1780,50
1700,25
1845,4
1748,9
1823,19
1847,8
1852,2
1844,6
1716,7
1799,75
1784,70
1780,10
1812,12
1681,4
1870,6
1772,22
1751,3
1787,5
1830,1
1820,9
1870,6
1802,15
1815,22
1709,34
1847,11
1851,11
1696,17
1866,38
1755,10
1839,14
1765,18
1796,11
1744,3
1716,24
1748,8
1785,3
1828,11
1890,3
1804,6
1782,22
1707,28
1677,50
1811,3
1878,7
1768,3
1708,3
1814,5
1745,21
1683,5
1761,21
1838,4
1730,4
1782,1
1873,3
1824,29
1816,15
1781,7
1784,6
1691,8
1798,10
1792,1
1818,18
1889,5
1740,3
1766,19
1761,9
1842,13
1854,12
1836,8
1841,7
1828,3
1809,10
1849,10
1936,23
1935,20
1791,61
1818,1
1829,14
1783,27
1726,49
1751,2
1810,5
1812,13
1801,10
1702,9
1856,16
1789,10
1826,7
1809,10
1700,17
1838,3
1789,19
1744,3
1747,9
1786,1
1818,9
1702,29
1735,9
1807,9
1743,2
1831,11
1802,34
1824,11
1788,14
1770,14
1796,21
1790,3
1843,1
1762,8
1746,11
1826,6
1807,2
1767,4
1855,1
1721,16
1795,28
1775,36
1731,68
1842,3
1778,10
1785,3
1735,3
1773,39
1721,72
1872,7
1762,5
1886,1
1719,15
1736,19
1818,9
1800,9
1926,3
1795,44
1786,25
1836,26
1765,4
1710,12
1822,2
1738,12
1856,6
1658,6
1809,33
1837,12
1816,8
1749,3
1837,11
1783,36
1822,11
1728,11
1761,9
1843,6
1776,3
1809,13
1713,17
1795,15
1809,11
1759,2
1764,4
1795,3
1813,7
1804,8
1745,25
1721,4
1728,8
1829,34
1754,21
1750,1
1795,26
1667,29
1835,4
1642,37
1869,12
1804,13
1827,6
1769,16
1857,5
1764,26
1805,11
1876,7
1800,9
1814,1
1770,22
1852,1
1881,13
1750,2
1787,4
1802,20
1793,2
1753,13
1755,13
1837,5
1816,3
1718,2
1744,20
1766,5
1718,13
1914,1
1830,5
1734,7
1798,13
1696,19
1926,3
1661,7
1774,5
1756,20
1810,4
1786,7
1767,3
1820,11
1784,5
1771,5
1891,1
1793,9
1841,14
1734,13
1817,21
1810,2
1845,3
1773,8
1847,9
1876,20
1828,28
1854,17
1799,4
1735,12
1789,8
1779,30
1722,2
1792,11
1733,12
1773,37
1803,3
1766,10
1800,18
1736,22
1787,20
1833,7
1903,10
1781,13
1861,1
1854,8
1835,2
1792,11
1819,4
1743,16
1843,1
1739,17
1906,4
1768,18
1823,4
1722,1
1760,20
1787,17
