0,314
0,153
0,370
0,243
0,199
0,306
0,437
0,346
0,220
0,42
0,297
0,419
0,215
0,341
0,68
0,456
0,63
0,34
0,64
0,117
0,87
0,323
0,476
0,132
0,368
0,235
0,435
0,101
0,520
0,197
0,98
0,69
0,667
0,320
0,497
0,116
0,257
0,153
0,110
0,74
0,326
0,409
0,116
0,323
0,51
0,164
0,488
0,447
0,370
0,43
0,295
0,536
0,492
0,61
0,410
0,5
0,455
0,108
0,65
0,159
0,225
0,159
0,166
0,513
0,467
0,297
0,400
0,362
0,447
0,234
0,367
0,234
0,601
0,364
0,430
0,374
0,143
0,183
0,407
0,386
0,73
0,186
0,306
0,179
0,182
0,228
0,357
0,140
0,409
0,256
0,56
0,292
0,283
0,107
0,548
0,56
0,473
0,158
0,49
0,415
0,262
0,76
0,413
0,120
0,362
0,10
0,13
0,379
0,92
0,377
0,105
0,202
0,550
0,527
0,189
0,447
0,132
0,123
0,164
0,458
0,185
0,31
0,133
0,122
0,311
0,330
0,277
0,168
0,299
0,227
0,208
0,258
0,604
0,49
0,341
0,117
0,6
0,141
0,15
0,489
0,229
0,437
0,191
0,548
0,226
0,172
0,221
0,355
0,266
0,3
0,197
0,490
0,264
0,524
0,132
0,460
0,363
0,133
0,74
0,110
0,23
0,406
0,203
0,61
0,217
0,226
0,472
0,283
0,526
0,526
0,445
0,221
0,61
0,447
0,464
0,240
0,13
0,311
0,20
0,273
0,307
0,258
0,301
0,273
0,91
0,381
0,158
0,333
0,595
0,573
0,251
0,230
0,35
0,239
0,245
0,219
0,288
0,137
0,388
0,363
0,54
0,187
0,579
0,372
0,271
0,471
0,53
0,329
0,89
0,126
0,106
0,406
0,267
0,479
0,394
0,475
0,78
0,228
0,300
0,241
0,124
0,79
0,469
0,154
0,399
0,522
0,533
0,319
0,240
0,227
0,564
0,216
0,194
0,303
0,376
0,289
0,388
0,310
0,648
0,243
0,464
0,126
0,447
0,335
0,366
0,342
0,114
0,428
0,231
0,77
0,386
0,381
0,646
0,211
0,255
0,187
0,16
0,227
0,165
0,144
0,395
0,66
0,498
0,454
0,145
0,385
0,154
0,517
0,103
0,116
0,221
0,116
0,256
0,254
0,28
0,174
0,472
0,120
0,445
0,439
0,624
0,87
0,379
0,426
0,562
0,176
0,606
0,105
0,63
0,93
0,246
0,102
0,256
0,545
0,320
0,136
0,239
0,115
0,398
0,192
0,61
0,204
0,399
0,197
0,70
0,570
0,179
0,596
0,139
0,415
0,14
0,499
0,21
0,376
0,322
0,429
0,459
0,239
0,7
0,148
0,326
0,294
0,384
0,365
0,88
0,283
0,415
0,530
0,410
0,27
0,218
0,335
0,214
0,341
0,164
0,204
0,506
0,329
0,347
0,259
0,462
0,333
0,549
0,537
0,462
0,250
0,567
0,566
0,536
0,376
0,281
0,114
0,226
0,108
0,240
0,365
0,331
0,461
0,17
0,391
0,195
0,62
0,176
0,48
0,458
0,238
0,182
0,270
0,59
0,154
0,429
0,143
0,35
0,258
0,503
0,676
0,351
0,118
0,483
0,10
0,307
0,223
0,415
0,260
0,561
0,417
0,94
0,504
0,403
0,121
0,290
0,202
0,94
0,605
0,19
0,441
0,324
0,44
0,319
0,269
0,222
0,234
0,529
0,163
0,9
0,183
0,67
0,445
0,515
0,153
0,345
0,20
0,344
0,188
0,73
0,484
0,539
0,49
0,244
0,378
0,41
0,589
0,2
0,454
0,562
0,250
0,469
0,285
0,598
0,277
0,334
0,434
0,503
0,82
0,125
0,189
0,105
0,270
0,397
0,519
0,318
0,366
0,346
0,366
0,362
0,261
0,97
0,403
0,264
0,516
0,49
0,543
0,492
0,300
0,51
0,3
0,309
0,342
0,56
0,544
0,34
0,62
0,326
0,106
0,345
0,194
0,165
0,23
0,53
0,253
0,216
0,178
0,252
0,413
0,234
0,169
0,227
0,172
0,226
0,280
0,269
0,248
0,306
0,109
0,47
0,283
0,263
0,668
0,100
0,376
0,241
0,276
0,367
0,41
0,24
0,119
0,280
0,313
0,101
0,491
0,610
0,93
0,360
0,523
0,355
0,458
0,461
0,26
0,369
0,602
0,41
0,257
0,89
0,212
0,177
0,211
0,388
0,209
0,331
0,263
0,210
0,188
0,149
0,300
0,501
0,381
0,263
0,72
0,112
0,287
0,347
0,368
0,442
0,45
0,199
0,214
0,378
0,531
0,604
0,135
0,26
0,96
0,61
0,299
0,419
0,289
0,360
0,26
0,484
0,204
0,472
0,225
0,386
0,405
0,251
0,412
0,108
0,216
0,319
0,215
0,269
0,185
0,396
0,423
0,555
0,338
0,265
0,318
0,245
0,320
0,348
0,537
0,72
0,692
0,443
0,330
0,333
0,261
0,245
0,255
0,112
0,443
0,233
0,396
0,154
0,130
0,250
0,96
0,221
0,287
0,97
0,50
0,301
0,232
0,436
0,440
0,271
0,545
0,549
0,213
0,354
0,115
0,439
0,110
0,177
0,11
0,179
0,551
0,169
0,377
0,144
0,244
0,107
0,608
0,568
0,43
0,250
0,324
0,472
0,91
0,98
0,250
0,289
0,419
0,535
0,8
0,684
0,592
0,158
0,131
0,229
0,519
0,394
0,242
0,339
0,179
0,330
0,388
0,388
0,307
0,450
0,93
0,381
0,111
0,277
0,103
0,240
0,149
0,332
0,237
0,579
0,380
0,116
0,419
0,103
0,309
0,142
0,549
0,561
0,565
0,36
0,524
0,96
0,356
0,310
0,546
0,598
0,409
0,6
0,137
0,238
0,392
0,257
0,534
0,549
0,388
0,330
0,212
0,101
0,288
0,14
0,513
0,313
0,259
0,205
0,443
0,269
0,263
0,248
0,88
0,7
0,336
0,435
0,474
0,424
0,25
0,248
0,34
0,443
0,341
0,74
0,302
0,276
0,533
0,653
0,604
0,86
0,299
0,30
0,180
0,244
0,536
0,311
0,673
0,149
0,52
0,507
0,254
0,377
0,354
0,463
0,313
0,189
0,264
0,345
0,224
0,277
0,128
0,31
0,496
0,386
0,56
0,152
0,385
0,293
0,305
0,22
0,49
0,560
0,173
0,268
0,595
0,416
0,615
0,422
0,257
0,419
0,344
0,373
0,173
0,2
0,388
0,274
0,18
0,542
0,407
0,256
0,135
0,500
0,210
0,363
0,419
0,110
0,655
0,273
0,288
0,648
0,120
0,249
0,103
0,146
0,189
0,91
0,194
0,330
0,4
0,541
0,516
0,120
0,216
0,56
0,193
0,420
0,271
0,371
0,435
0,260
0,370
0,62
0,631
0,206
0,251
0,388
0,510
0,527
0,502
0,210
0,187
0,420
0,285
0,431
0,140
0,317
0,418
0,86
0,272
0,115
0,142
0,319
0,112
0,262
0,312
0,36
0,481
0,235
0,498
0,130
0,55
0,275
0,14
0,242
0,282
0,420
0,354
0,421
0,363
0,337
0,366
0,311
0,338
0,570
0,62
0,82
0,241
0,182
0,10
0,54
0,136
0,129
0,241
0,74
0,290
0,598
0,208
0,57
0,216
0,154
0,37
0,158
0,199
0,380
0,7
0,164
0,196
0,508
0,229
0,564
0,559
0,366
0,75
0,332
0,518
0,98
0,103
0,551
0,111
0,139
0,345
0,140
0,556
0,83
0,69
0,179
0,257
0,337
0,391
0,200
0,350
0,554
0,411
0,507
0,348
0,411
0,35
0,246
0,359
0,477
0,356
0,549
0,543
0,110
0,49
0,156
0,514
0,126
0,343
0,151
0,377
0,67
0,149
0,74
0,502
0,354
0,25
0,140
0,572
0,57
0,270
0,72
0,151
0,123
0,313
0,505
0,467
0,382
0,325
0,418
0,489
0,238
0,78
0,487
0,537
0,276
0,385
0,154
0,104
0,355
0,28
0,244
0,523
0,273
0,197
0,299
0,36
0,420
0,331
0,400
0,386
0,175
0,449
0,23
0,265
0,375
0,359
0,458
0,39
0,420
0,96
0,489
0,384
0,346
0,83
0,420
0,49
0,162
0,341
0,204
0,38
0,317
0,226
0,77
0,476
0,106
0,574
0,78
0,369
0,460
0,339
0,24
0,515
0,165
0,199
0,477
0,121
0,537
0,231
0,304
0,83
0,174
0,470
0,118
0,308
0,483
0,247
0,508
0,81
0,308
0,175
0,22
0,438
0,308
0,120
0,102
0,153
0,413
0,311
0,48
0,442
0,524
0,265
