0,1209
0,1190
0,1191
0,1170
0,1045
0,1159
0,1132
0,1177
0,1242
0,1197
0,1030
0,781
0,1171
0,1219
0,1124
0,1093
0,1211
0,1043
0,1223
0,1173
0,1259
0,1252
0,1224
0,1164
0,676
0,1141
0,1023
0,1189
0,965
0,1242
0,1090
0,997
0,1230
0,298
0,753
0,717
0,1056
0,1004
0,1144
0,1132
0,1279
0,999
0,969
0,1243
0,1308
0,808
0,1187
0,1161
0,1071
0,1137
0,1292
0,1192
0,1122
0,1121
0,1069
0,1118
0,1040
0,1308
0,1241
0,1229
0,708
0,1015
0,1233
0,1021
0,1233
0,1219
0,1240
0,847
0,1213
0,1233
0,1129
0,1118
0,825
0,1196
0,1179
0,1117
0,1323
0,1113
0,1241
0,1067
0,1286
0,1228
0,1183
0,1170
0,1102
0,1022
0,1033
0,1333
0,1129
0,1113
0,1221
0,1105
0,949
0,1203
0,695
0,1213
0,1040
0,1263
0,1134
0,1209
0,822
0,1209
0,935
0,1259
0,1293
0,705
0,864
0,686
0,1154
0,584
0,710
0,789
0,1205
0,1278
0,1271
0,1108
0,1198
0,1288
0,1042
0,903
0,1190
0,712
0,1169
0,1150
0,1158
0,446
0,1247
0,954
0,948
0,1182
0,1134
0,1235
0,1250
0,1111
0,1096
0,1241
0,899
0,926
0,1310
0,1029
0,1076
0,1275
0,1072
0,969
0,1184
0,1085
0,486
0,1135
0,1169
0,977
0,139
0,1255
0,1014
0,1224
0,852
0,1304
0,1299
0,979
0,813
0,1034
0,1268
0,1207
0,949
0,1158
0,960
0,1144
0,928
0,1272
0,1231
0,1210
0,1058
0,1095
0,1261
0,940
0,1275
0,939
0,1027
0,1191
0,1249
0,1081
0,1123
0,1045
0,1138
0,1077
0,1198
0,1149
0,1100
0,774
0,1259
0,830
0,1259
0,1082
0,1149
0,1211
0,753
0,1201
0,1134
0,998
0,821
0,1336
0,1206
0,1194
0,637
0,730
0,949
0,1250
0,791
0,488
0,92
0,1234
0,1059
0,1117
0,396
0,1282
0,1175
0,1121
0,1152
0,1169
0,841
0,832
0,280
0,1038
0,1130
0,1086
0,590
0,1288
0,857
0,869
0,1016
0,1250
0,1085
0,559
0,666
0,1276
0,1224
0,512
0,1053
0,983
0,1171
0,559
0,1264
0,982
0,1143
0,1146
0,1160
0,1305
0,1296
0,978
0,1258
0,814
0,1121
0,1046
0,1176
0,836
0,1250
0,1085
0,873
0,703
0,1291
0,1268
0,1099
0,830
0,1194
0,1195
0,1034
0,1107
0,884
0,1227
0,939
0,888
0,1213
0,1102
0,1205
0,1058
0,1056
0,437
0,1161
0,1048
0,817
0,421
0,1159
0,948
0,1281
0,1187
0,1216
0,1113
0,1021
0,375
0,1248
0,1072
0,1169
0,48
0,299
0,1239
0,429
0,1246
0,1265
0,411
0,1275
0,1082
0,1231
0,823
0,1315
0,1256
0,1034
0,878
0,1295
0,768
0,578
0,1095
0,1115
0,1160
0,734
0,1093
0,1209
0,1098
0,1093
0,527
0,1331
0,987
0,1127
0,1212
0,1240
0,1234
0,980
0,1244
0,946
0,898
0,1263
0,1100
0,1178
0,1022
0,1330
0,194
0,1180
0,1220
0,1196
0,1214
0,1167
0,1171
0,1164
0,1190
0,1216
0,1073
0,1169
0,1267
0,283
0,1124
0,1300
0,1341
0,1237
0,1285
0,890
0,1246
0,1220
0,1126
0,262
0,1122
0,849
0,1226
0,813
0,727
0,1232
0,1153
0,1095
0,1075
0,1168
0,1196
0,971
0,1069
0,232
0,1289
0,1095
0,1182
0,1224
0,1101
0,1176
0,1304
0,909
0,1071
0,1270
0,489
0,874
0,840
0,1232
0,1274
0,1226
0,1198
0,1200
0,1025
0,490
0,1180
0,1100
0,1097
0,1052
0,1176
0,1221
0,1145
0,1090
0,316
0,1106
0,1209
0,959
0,1331
0,1152
0,287
0,1240
0,883
0,820
0,369
0,864
0,1226
0,861
0,1044
0,1260
0,1143
0,817
0,1201
0,1281
0,1250
0,1142
0,998
0,1267
0,663
0,1006
0,1104
0,1041
0,945
0,1044
0,772
0,962
0,1198
0,1208
0,1229
0,1201
0,1142
0,1248
0,1058
0,1192
0,1197
0,1217
0,284
0,1082
0,997
0,1022
0,1105
0,1259
0,1044
0,1227
0,720
0,367
0,300
0,1253
0,794
0,866
0,1151
0,1282
0,1229
0,1025
0,1047
0,1311
0,1161
0,963
0,1016
0,1122
0,911
0,1126
0,1234
0,995
0,1165
0,957
0,932
0,721
0,1146
0,1273
0,1039
0,588
0,1251
0,1155
0,1216
0,328
0,1300
0,248
0,1234
0,649
0,1144
0,493
0,1246
0,1040
0,1108
0,828
0,1095
0,1144
0,1168
0,889
0,1162
0,876
0,1250
0,1175
0,1213
0,1084
0,1185
0,1101
0,1168
0,1201
0,1164
0,1060
0,746
0,1076
0,1036
0,1117
0,1152
0,74
0,1144
0,291
0,939
0,1180
0,1022
0,1157
0,951
0,1020
0,1025
0,1218
0,1150
0,447
0,1153
0,537
0,1203
0,819
0,1202
0,719
0,1269
0,908
0,1160
0,1291
0,1201
0,1166
0,1211
0,1115
0,553
0,1185
0,695
0,427
0,1018
0,1161
0,1220
0,557
0,444
0,1263
0,655
0,1256
0,1287
0,1186
0,276
0,1048
0,677
0,1012
0,1177
0,1181
0,1229
0,1178
0,899
0,1165
0,1091
0,1035
0,732
0,1077
0,1200
0,1078
0,999
0,1070
0,1151
0,1241
0,1287
0,1233
0,1039
0,1218
0,484
0,75
0,1175
0,992
0,890
0,1262
0,472
0,1171
0,1132
0,1255
0,955
0,1288
0,1006
0,831
0,988
0,1269
0,1035
0,1229
0,472
0,861
0,1028
0,891
0,1137
0,1147
0,1048
0,688
0,1180
0,1201
0,1167
0,1214
0,1150
0,1313
0,107
0,1128
0,939
0,1028
0,953
0,1216
0,1097
0,1213
0,680
0,572
0,1034
0,312
0,1158
0,463
0,1132
0,1154
0,1156
0,1220
0,837
0,1085
0,741
0,1301
0,1200
0,1031
0,461
0,1227
0,895
0,1294
0,1222
0,1236
0,1071
0,937
0,1234
0,791
0,892
0,1173
0,1241
0,1239
0,1231
0,1226
0,1266
0,1171
0,1308
0,1194
0,1156
0,958
0,1135
0,186
0,1133
0,111
0,1013
0,1223
0,581
0,1311
0,1030
0,1253
0,1208
0,973
0,1272
0,930
0,1154
0,1179
0,918
0,1202
0,1105
0,1280
0,1106
0,932
0,1121
0,1053
0,1240
0,910
0,1242
0,309
0,1036
0,907
0,1178
0,1223
0,1248
0,1245
0,1070
0,1179
0,1072
0,683
0,1202
0,939
0,225
0,1249
0,1179
0,1129
0,1167
0,1075
0,755
0,703
0,1184
0,958
0,1219
0,1108
0,986
0,814
0,1240
0,880
0,884
0,1161
0,1287
0,479
0,206
0,1257
0,1180
0,1253
0,1220
0,1047
0,1245
0,51
0,1254
0,1147
0,802
0,815
0,1232
0,1179
0,822
0,1198
0,1151
0,1230
0,1293
0,1210
0,1213
0,602
0,393
0,413
0,870
0,1266
0,1019
0,881
0,1180
0,1135
0,1164
0,1271
0,1261
0,1252
0,186
0,908
0,1222
0,1315
0,881
0,1132
0,1059
0,1236
0,1270
0,1244
0,1174
0,861
0,1270
0,1281
0,1140
0,1113
0,991
0,1031
0,1150
0,1234
0,957
0,1094
0,17
0,1040
0,1225
0,1169
0,1291
0,1164
0,1072
0,1190
0,1238
0,860
0,975
0,1109
0,1055
0,1175
0,732
0,821
0,1216
0,1173
0,1072
0,513
0,1186
0,833
0,1229
0,1062
0,1261
0,1121
0,820
0,1231
0,1237
0,1193
0,820
0,843
0,1043
0,868
0,1187
0,788
0,1299
0,931
0,1092
0,1178
0,1092
0,1019
0,977
0,1016
0,1212
0,858
0,1229
0,1135
0,588
0,1103
0,1143
0,1247
0,1314
0,746
0,345
0,589
0,1045
0,1184
0,1002
0,1138
0,150
0,385
0,1251
0,1098
0,771
0,1187
0,1219
0,1265
0,1071
0,1248
0,1231
0,1125
0,1141
0,834
0,1228
0,1277
0,1112
0,1272
0,986
0,1207
0,1293
0,809
0,715
0,1200
0,1035
0,65
0,1095
0,654
0,826
0,1117
0,1145
0,1232
0,1190
0,422
0,1159
0,1255
0,1080
0,1181
0,1175
0,1109
0,1234
0,1202
0,62
0,1233
0,1227
0,1190
0,1206
0,1165
0,1246
0,801
0,681
0,1072
0,1135
0,1226
0,1244
0,1298
0,862
0,1231
0,1067
0,1225
0,1260
0,923
0,1225
0,1206
0,1166
0,1118
0,1255
0,669
0,1021
0,1115
0,1196
0,597
0,1158
0,1229
0,1161
0,1113
0,1313
0,102
0,1027
0,1117
0,1116
0,1200
0,1168
0,1125
0,1007
0,974
0,1181
0,1224
0,214
0,1209
0,840
0,1116
0,1295
0,1105
0,387
0,1260
0,1156
0,420
0,1234
0,1294
0,278
0,1243
0,1184
0,966
0,1129
0,1036
0,1062
0,1277
0,1297
0,716
0,1163
0,1202
0,1257
0,1229
0,1100
0,1253
0,1252
0,1145
0,1283
0,1253
0,1081
0,1186
0,933
0,1126
0,1246
0,998
0,1034
0,267
0,793
0,1146
0,1207
0,116
0,761
0,1168
0,1205
0,743
0,1285
0,1205
0,1190
0,1142
0,1162
0,1149
0,906
0,1109
0,1046
0,1229
0,1145
0,1018
0,55
0,459
0,776
0,1190
0,1184
0,1177
0,1113
0,1168
0,1280
0,1219
0,1011
0,1115
0,1137
0,1155
0,1138
0,1178
0,1252
0,983
0,1140
0,370
0,1292
