14,1102
0,1233
3,1004
10,1167
0,1353
2,1190
0,1327
5,634
1,1352
9,1306
1,1064
0,1268
5,1195
0,1268
19,924
2,1346
4,1323
0,868
0,1400
9,462
13,1142
1,1318
12,1139
3,1305
1,1238
0,1066
0,1181
14,710
19,280
9,903
0,1194
4,1017
2,974
3,1026
2,1290
6,1188
0,1412
24,391
0,1328
0,1127
19,555
5,862
1,1216
3,1265
9,995
13,1041
0,1223
4,997
3,890
12,1238
2,1320
3,1143
0,1171
0,1005
5,884
18,1012
0,1066
5,1293
0,1299
16,923
23,1013
0,1253
17,931
33,271
0,1169
6,1212
2,1199
16,897
0,1381
0,1182
1,1168
10,482
8,921
20,862
21,645
0,1114
3,1243
1,1047
8,845
3,1024
0,1359
3,1182
2,1300
30,240
14,1188
0,1301
1,938
1,1243
0,1176
0,1211
14,1010
1,1230
9,980
0,1270
0,1320
0,1247
0,1180
1,1231
0,1330
0,1243
17,1103
2,1145
10,1102
0,1323
0,1195
0,1184
2,1071
6,1212
0,1285
3,1234
21,689
15,330
0,1301
10,796
0,1166
1,1055
0,1209
12,394
0,1220
5,939
3,1246
0,951
42,122
10,705
3,1107
6,915
13,1107
2,1255
1,1220
2,973
4,818
9,1020
4,927
0,1316
0,1311
6,986
0,1163
18,1302
0,1405
12,737
3,1381
27,583
8,1212
30,270
29,641
6,1133
2,1286
0,1091
0,1344
3,1272
3,1245
4,1393
4,1208
6,1104
1,1236
3,1319
2,1111
0,1324
2,1196
12,689
9,1195
1,1162
1,1193
0,1339
11,976
3,919
2,1314
2,1041
4,1232
4,1222
12,103
0,1368
1,1211
0,1266
0,1338
4,1194
10,886
4,1119
5,478
0,1315
0,1279
12,1165
0,1415
0,1188
0,970
3,1366
0,1381
3,931
0,1285
23,219
0,1206
1,1206
2,1172
0,1107
4,1318
6,274
0,1196
0,1392
1,1319
0,1462
4,912
0,1275
1,1246
28,466
0,1103
8,528
5,1083
13,1013
1,925
21,219
4,873
10,1013
18,287
0,1262
8,635
0,1412
0,1356
5,384
9,1387
0,1187
17,1134
0,1338
5,1149
0,1328
4,613
0,1373
1,1301
19,137
2,922
1,974
2,434
6,1203
0,1326
1,1291
7,1298
3,1261
25,430
0,1260
16,874
36,714
9,1089
0,1317
0,1162
1,1271
18,876
0,1347
1,1154
10,992
3,1187
4,1212
8,1169
21,159
0,1375
27,307
6,1209
9,545
0,1296
9,1256
0,1292
0,1383
1,1361
0,1346
11,1067
8,945
6,899
7,250
0,1281
2,1076
1,1325
4,985
10,1014
0,1331
0,1292
2,860
6,97
4,409
15,861
1,1247
0,1212
4,1287
9,709
1,1265
5,1111
5,835
0,1387
1,1332
5,1010
0,1216
0,1275
0,1272
5,1299
0,1408
4,1220
12,1188
0,1337
0,1310
0,1310
30,163
1,1237
3,1187
0,998
10,862
2,884
0,1222
7,405
10,1035
0,1313
0,1358
9,1214
1,1246
5,975
5,1258
5,1181
0,1088
13,619
4,1320
4,945
2,1176
7,1048
20,349
11,861
2,1275
10,350
10,272
18,577
0,1310
1,1165
5,1457
2,1330
0,1182
0,1245
1,1279
6,1302
0,1328
0,1260
8,798
6,1173
1,1174
26,354
4,1068
8,915
1,1338
5,1219
16,990
9,895
5,876
4,1120
1,19
5,1032
0,1394
13,1089
0,1167
5,1104
9,1079
18,554
12,1053
25,1065
0,1149
3,1145
2,1289
3,1244
7,805
2,1113
21,683
4,1006
0,1341
1,1005
0,1247
14,953
0,1254
0,1344
0,1217
7,376
27,415
0,1298
0,1281
4,1077
5,832
0,1250
0,1121
8,1166
5,252
4,844
2,1149
7,1152
5,913
3,813
0,1339
1,1213
0,1334
0,1233
4,1165
8,1198
0,1210
2,1024
2,1182
18,509
4,769
0,1227
19,268
5,303
0,1167
0,1275
0,1336
3,1235
0,1281
4,807
0,1232
0,378
2,1334
17,861
2,864
2,952
15,788
0,1138
0,1239
5,1080
5,1182
2,1143
20,141
4,1170
3,1159
8,484
0,1050
0,1238
14,1075
16,504
0,1195
2,1245
6,971
0,1298
21,530
11,1161
4,1185
1,1333
0,1293
0,1334
2,1052
1,1235
0,1314
0,1209
10,734
4,1105
0,1353
25,1056
2,1116
0,1339
5,1034
7,616
10,1178
0,1288
18,615
1,1195
1,1272
0,1237
7,846
35,591
0,1160
2,1143
19,847
1,1058
6,997
0,1356
2,1307
0,1303
3,341
8,1031
0,1274
13,675
0,1260
11,1237
0,1273
7,1174
0,1249
0,1266
1,1278
0,1241
0,1143
6,122
3,1174
4,1270
7,1101
0,1279
2,203
2,979
3,1116
11,1209
0,1232
16,578
5,1186
0,1384
4,1152
2,1107
0,1302
0,1318
12,1193
0,1268
4,1147
17,625
0,1255
4,1130
8,1050
2,1185
9,983
0,1389
0,1239
18,1073
10,828
18,661
4,1170
2,1396
1,1271
1,1282
9,834
4,1081
11,1109
3,1185
17,1097
0,1169
0,1419
6,1256
0,1321
4,1111
2,1098
7,1003
6,1053
0,731
13,617
0,1224
4,972
0,1248
22,956
0,1233
1,1201
6,1169
9,1250
7,1279
0,1236
6,1282
0,571
4,1205
0,1224
1,1164
0,1274
0,1274
4,1126
1,1022
0,1319
7,1240
3,1168
0,1360
0,1252
0,1370
0,1231
6,840
2,1098
0,1329
0,1363
0,1264
1,1334
2,969
9,1231
2,1342
0,1228
2,1052
0,1308
7,1088
6,1113
12,871
7,1274
4,777
11,712
1,1251
8,757
4,1319
0,1259
0,665
25,597
0,1060
0,1305
2,1355
9,1066
7,1326
0,1323
5,1305
0,1313
12,1083
10,1100
4,811
12,794
9,209
2,1283
3,1029
4,1137
6,574
0,1346
0,1240
0,1351
7,1298
7,1229
2,1298
12,872
16,811
7,970
0,1317
0,1295
1,1193
0,1307
4,1197
0,1253
1,1107
2,815
0,1088
0,1409
4,1173
2,1220
0,518
4,1318
9,520
1,1109
8,862
3,1018
6,1011
0,1389
6,1260
11,948
0,1252
0,1265
13,1193
2,1235
0,1166
3,1244
29,1046
1,1385
28,185
8,946
0,1006
0,1310
5,1384
12,675
10,704
5,941
0,1398
0,1329
5,974
2,1225
0,1228
15,846
10,467
3,1363
33,145
3,1213
13,1132
5,907
0,1212
39,252
1,1170
10,767
8,1232
3,1309
2,1053
1,1282
8,925
10,1014
8,779
1,1322
4,819
13,1011
2,896
8,577
9,877
16,644
2,890
19,604
1,1093
18,813
0,1193
23,643
2,1015
0,1181
9,710
1,1062
0,1152
1,1239
0,1273
16,76
12,937
8,271
5,1052
9,1246
15,1081
0,1285
22,586
4,702
0,1030
13,291
8,298
3,1020
10,1004
0,1276
0,1313
0,1213
2,1183
1,1036
8,1058
9,1320
9,1174
14,940
0,1248
0,997
9,769
2,1247
3,1388
36,234
12,1135
4,1309
1,1102
3,1184
1,1094
0,1369
0,1366
3,915
0,1272
2,419
3,1047
0,1362
4,1317
0,1281
0,1348
0,1279
0,1238
9,1014
3,1033
0,1329
1,111
2,1308
2,517
2,501
3,1356
4,1262
11,673
0,1264
11,937
3,1068
0,1311
0,1079
0,1253
6,1254
29,30
9,1056
2,1203
5,747
5,802
0,1041
23,373
1,1327
0,1156
0,1314
14,858
3,1088
27,53
5,1231
9,1250
0,1359
7,842
35,233
1,1204
1,1172
3,1333
3,987
0,1313
8,1082
7,1119
8,1017
7,1347
1,988
26,345
7,324
1,1031
4,1055
7,1036
3,1116
4,1138
0,1330
2,1282
2,1335
0,1382
6,1421
0,1159
8,412
10,887
0,1223
10,1148
4,1276
7,1264
0,1109
3,1244
0,1330
4,1148
0,1322
2,966
1,1233
12,1273
0,1183
3,1164
3,1017
15,748
1,1332
0,1231
1,1318
10,293
21,831
11,880
6,1112
6,1328
0,1026
19,171
2,1370
0,915
14,465
0,1134
0,1241
0,1197
8,1255
0,1333
17,1269
3,1094
9,1344
1,1253
0,1071
9,1247
4,926
0,1151
5,1282
14,218
6,893
9,1154
0,1197
7,1271
7,1143
12,808
10,663
5,982
5,827
1,1230
2,1345
1,1155
0,1405
0,1260
6,754
6,1280
2,153
8,1232
15,332
13,213
0,962
0,1195
0,1083
7,1332
2,1076
10,431
6,1040
0,1117
0,1281
0,1244
11,331
0,1282
1,1233
9,785
1,1341
7,1166
0,1396
4,1005
4,1138
2,1002
10,754
1,1329
0,1347
5,1097
8,1097
0,835
8,1195
16,788
7,724
14,1059
4,1234
0,1296
5,1385
3,1073
1,880
0,1297
0,1390
0,1158
1,1339
21,558
6,986
0,1274
0,1320
1,826
0,1340
0,1144
15,636
13,938
0,1370
4,967
15,839
0,1291
0,1085
0,1269
3,1159
3,1253
2,1018
0,1342
12,648
9,1101
1,893
0,1402
1,1240
11,455
2,1104
2,1312
0,1294
0,1382
4,1024
15,590
21,92
0,1358
3,1062
1,1203
20,911
4,1172
8,1168
16,446
6,1185
35,25
0,1185
1,869
4,1167
1,1223
12,674
2,1055
32,338
0,1176
4,1223
1,1108
6,1161
3,1349
13,23
0,1288
21,454
5,1187
3,1210
15,1243
0,1097
7,789
12,665
13,1108
1,1153
11,1170
13,1182
8,137
0,1260
0,1138
0,1298
0,1322
29,182
5,1182
15,465
0,1242
0,1257
0,1063
3,1313
1,1172
3,1308
15,992
4,1006
3,773
3,1208
3,1027
1,1231
13,468
7,683
8,1023
0,1273
0,1351
0,1278
0,1343
0,1210
0,1200
8,430
0,1366
0,1065
0,1180
2,1116
8,1032
0,1305
1,1294
3,1212
3,1136
8,476
