7,571
1,1412
0,1378
0,1360
1,1362
3,1297
3,1090
3,475
0,1486
2,1292
1,1213
3,1059
0,1329
5,959
2,1398
0,1133
1,1466
2,1270
1,1482
0,1301
1,1365
0,1354
5,771
2,1319
0,1392
9,624
0,1372
9,396
7,812
1,1354
1,1471
4,1331
2,1306
4,1288
4,849
1,1368
1,1356
5,1149
0,1372
6,619
0,1434
2,1438
4,1156
1,815
3,1204
0,1448
0,1363
1,1430
3,1336
4,1091
0,1452
1,1277
0,1278
1,1445
1,1454
3,1094
1,1465
0,1433
0,1210
2,1331
0,1267
0,1434
8,349
1,1436
3,1139
5,891
4,1042
0,1482
6,631
6,1027
0,1283
6,1220
3,1166
2,1121
1,1362
2,1084
0,1480
1,1398
1,1103
1,1446
0,1464
0,1156
0,1389
11,617
0,1384
3,1103
4,1166
3,1098
6,923
9,432
1,1412
8,414
0,1311
2,1304
3,1064
3,1352
0,1422
0,1417
0,1465
6,129
3,1184
9,459
0,1415
3,1178
0,1464
0,1377
1,1395
2,1230
7,1082
1,1495
11,138
0,1473
1,1371
1,1380
1,1271
0,1396
0,1391
1,1095
2,1097
1,1381
4,1236
2,1452
1,1112
11,127
1,1385
1,1376
2,1141
0,1396
1,1384
0,1390
3,1407
1,1354
0,1413
1,1288
0,1466
6,793
1,1136
6,977
2,979
2,1255
1,1372
3,637
1,1441
0,1349
3,1216
9,628
2,996
1,1296
1,1404
1,1403
4,1117
5,747
1,1375
3,1252
0,1435
2,1375
0,1470
1,1387
0,1435
6,828
1,1374
1,1487
7,621
0,1486
0,1272
11,118
2,1145
0,1444
0,1401
6,1052
4,1139
3,835
0,1343
1,1276
0,1405
1,1360
1,1265
0,1413
4,1093
3,1180
1,1397
9,446
0,1212
0,1377
0,1503
8,704
2,1143
1,1313
0,1479
2,1348
0,1423
4,1260
4,1272
2,1079
0,1370
0,1284
0,1336
0,1473
3,1254
2,1164
0,1390
2,1312
3,883
2,1180
0,1496
1,1258
5,1342
2,1159
0,1395
2,1321
1,1315
1,1402
6,933
1,1076
1,1424
0,1230
0,1478
1,1398
2,1389
2,1208
6,638
0,1504
4,775
7,892
0,1055
2,983
0,1449
3,1228
1,1365
0,1381
1,1341
5,614
1,1326
1,1465
8,610
0,1297
1,1480
1,1391
0,1389
3,1240
0,1503
0,1409
0,1277
0,1370
0,1545
0,1492
0,1389
3,1206
1,1353
0,1460
0,1478
2,1462
1,1474
1,1171
1,1373
1,1327
2,1123
0,1388
0,1387
2,1315
3,1339
4,1261
0,1454
0,1393
2,1359
6,919
6,980
2,1376
0,1476
2,1287
0,1428
0,1438
1,1382
0,1401
2,1361
0,1186
2,1353
2,1426
0,1380
0,1349
2,997
2,1339
1,1351
2,941
1,1460
1,1317
2,1270
1,1401
1,1442
5,1204
7,890
3,1271
2,795
0,1390
4,1330
0,1201
0,1395
2,1071
1,1438
2,1220
2,1368
3,1203
1,1451
1,1418
3,1245
0,1413
10,606
1,1110
1,1229
2,1413
5,651
2,1418
4,720
2,1398
4,1013
3,1122
1,1392
5,1087
1,1215
2,865
2,1219
0,1411
0,1396
3,1256
3,1301
7,532
2,1006
5,1075
0,1424
3,1170
1,1469
1,1230
3,1433
18,148
1,1409
5,1150
3,1287
1,1430
7,677
3,1167
0,1269
6,1024
2,1140
2,1432
0,1420
0,1394
7,495
2,1185
3,1278
1,1478
0,1359
1,1138
0,1448
3,1189
1,1501
3,1180
0,1453
3,1364
1,1211
4,1063
15,175
3,1252
2,1321
0,1436
1,1178
11,251
0,1154
0,1324
7,233
1,1314
1,1397
9,801
0,1332
1,1341
1,1380
3,1213
2,1435
1,1416
0,1456
0,1381
1,1361
0,1388
13,280
0,1449
1,1300
5,982
8,962
0,1552
0,1432
1,1311
8,1110
2,1395
3,1002
3,1230
3,1398
0,1340
3,1062
3,1108
0,1328
1,1268
3,1176
1,1234
4,849
1,1480
1,1326
10,595
3,1202
0,1344
1,1353
0,1412
0,1409
2,1336
0,1477
5,845
13,21
9,109
3,1295
0,1405
3,1146
0,1369
0,1287
1,1426
4,1295
0,1262
1,1307
0,1410
0,1474
0,1383
0,1236
0,1396
15,157
4,1033
0,1460
5,1095
1,1308
0,1333
4,1284
12,685
5,1247
0,1468
0,1350
13,575
2,1455
6,1223
1,1351
0,1378
0,1358
1,1424
2,1399
1,1366
4,726
3,1330
1,1401
1,1333
1,1329
3,1197
1,1376
0,1283
8,437
9,298
13,91
0,1481
1,1378
4,906
1,1255
0,1464
3,1321
12,676
0,1427
1,1263
2,1126
0,1492
4,1178
0,1341
6,872
2,1373
0,1431
1,1313
3,873
0,1455
0,1429
1,1434
0,1337
4,1202
1,1319
2,959
3,1366
0,1259
0,1444
0,1437
1,1398
3,1325
2,1021
2,1406
1,1455
1,1430
0,1449
4,791
0,1461
0,1375
1,1351
4,1203
2,1275
2,1279
2,1120
6,855
0,1445
1,1265
0,1488
0,1404
0,1335
8,579
2,1254
1,1437
2,1319
0,977
15,476
1,1352
1,1411
1,1290
1,1427
2,1353
5,1225
5,739
0,1353
0,1265
0,1443
6,863
6,277
6,554
0,1386
0,1326
8,878
3,1155
0,1428
1,1224
3,1187
1,1053
1,1417
4,1354
1,1226
2,1281
3,1281
8,363
2,1286
6,742
0,1410
6,748
1,1500
3,966
0,1528
8,654
0,1357
0,1251
1,1459
2,976
4,962
1,1465
5,1083
4,1361
0,1369
1,1416
1,1210
9,1097
0,1347
0,1174
0,1464
0,1308
0,1344
0,1477
8,856
1,1311
0,1296
1,1194
7,1220
8,794
1,1451
4,1190
1,1332
5,979
0,1440
6,893
7,918
0,1394
1,1306
3,1083
1,1249
7,959
0,1438
1,1424
1,1266
2,1270
0,1397
0,1461
2,1253
14,160
4,935
0,1360
2,1343
0,1384
0,1295
1,1394
2,1360
0,1513
8,688
0,1338
3,1437
1,1340
2,1259
4,1212
7,712
0,1373
3,1004
2,1337
0,1362
0,1302
4,922
0,1341
3,808
0,1377
0,1413
0,1447
6,591
1,1083
1,1464
0,1465
1,1404
1,1423
5,1121
1,1211
3,1313
6,1014
0,1400
2,1283
6,929
0,1213
7,1142
0,1472
0,1435
0,1310
1,1250
1,1298
0,1474
6,316
0,1354
4,1392
0,1355
3,1234
3,1475
1,1323
2,1030
3,876
2,1242
0,1437
0,1444
8,531
1,1463
7,720
1,1411
0,1281
6,847
5,870
1,1335
2,1263
3,1061
3,1084
1,1322
0,1361
5,667
4,906
0,1440
1,1462
4,1322
2,1276
2,1326
0,1444
0,1273
1,1348
3,1314
2,1398
1,1121
0,1372
1,1270
2,1501
0,1454
0,1460
1,1315
3,779
0,1409
5,445
1,1396
2,1289
1,1226
1,1470
0,1327
1,1195
0,1486
0,1498
0,1509
2,1285
0,1411
0,1354
1,951
1,1011
2,1311
0,1509
0,1388
1,1349
3,970
3,1240
0,1476
1,1332
0,1425
5,872
3,824
0,1507
1,1286
1,1283
0,1333
6,591
0,1274
3,1332
4,1042
1,1480
8,841
3,1390
0,1318
2,1275
12,848
9,877
1,1323
0,1484
8,765
1,1298
1,1414
1,1308
8,825
3,1305
5,1089
0,1427
0,1413
2,1036
0,1443
1,1312
1,1231
0,1419
1,1285
1,1324
2,1483
1,1395
3,1038
0,1445
4,916
3,1270
1,1315
1,1376
3,1144
0,1332
0,1395
5,858
0,1298
1,1353
4,1405
2,1445
2,1290
1,1416
2,1131
2,1382
0,1367
1,1175
3,1229
0,1373
2,1316
5,834
8,558
6,646
1,1425
1,1318
0,1436
5,825
1,1389
1,1476
2,1124
1,1276
1,1354
0,1436
12,4
1,1333
0,1467
0,1437
1,1448
2,965
1,1182
10,403
1,1161
0,1474
1,1361
0,1451
1,1420
14,175
2,1020
7,656
2,1363
1,1352
11,751
2,1130
5,565
7,851
3,1170
2,1080
0,1382
1,1228
5,899
0,1313
1,1472
1,1147
6,1283
0,1431
2,1199
2,1192
2,1457
3,1140
1,1453
0,1421
0,1318
11,514
0,1359
4,1132
1,1523
15,242
2,1213
2,1379
0,1434
0,1369
1,1312
2,1333
0,1383
1,1479
7,237
0,1409
10,364
0,1487
3,997
3,883
1,1249
2,1384
0,1315
4,927
1,1419
3,1185
1,1396
2,1451
2,1323
2,1378
3,1303
2,1377
1,1426
3,1355
0,1461
1,1447
0,1391
5,1212
1,1391
2,1338
0,1269
0,1452
0,1278
8,918
2,1398
1,1274
3,1189
1,1496
4,1331
2,1174
1,889
2,1359
2,1275
1,1364
1,994
1,1129
1,1444
2,1295
5,1146
6,86
1,1336
7,863
1,1447
9,120
1,1404
5,1060
0,1398
1,1340
0,1415
2,1147
0,1356
0,1459
3,1239
2,1454
1,1415
1,1379
0,1431
1,1458
1,1480
2,1443
0,1389
2,1366
0,1324
0,1484
0,1447
0,1463
1,1393
1,1295
2,1389
0,1334
5,791
2,1383
1,1414
0,1373
0,1242
6,1053
2,1253
0,1511
1,1285
0,1521
4,1032
9,853
2,1369
1,1395
3,1010
1,1399
6,440
0,1407
3,1293
0,1437
4,1209
0,1428
3,1007
1,1261
0,1438
0,1395
1,1185
1,1337
0,1366
2,1329
1,1389
6,796
2,1331
1,1418
0,1424
2,1306
2,1331
0,1371
2,1422
0,1349
3,1072
0,1495
3,1030
7,892
0,1354
9,526
2,1295
1,1320
1,1426
2,1407
0,1537
1,1333
1,1424
3,1332
5,1045
12,77
0,1395
3,1214
3,1166
0,1346
3,1324
0,1435
1,1302
1,1066
2,1283
2,1243
2,1196
2,1007
2,1279
1,1333
2,1009
1,1421
3,950
3,1294
3,1246
0,1408
0,1443
2,1441
1,1432
0,1449
0,1424
1,1487
5,728
1,1398
0,1426
2,1438
