1648,5
1622,18
1636,1
1546,16
1509,39
1642,17
1537,80
1541,4
1594,1
1607,8
1632,1
1609,11
1645,18
1561,8
1510,73
1527,15
1570,53
1536,27
1561,30
1538,115
1595,30
1536,31
1556,4
1574,10
1610,7
1452,42
1616,6
1510,18
1485,131
1521,129
1572,92
1586,27
1584,7
1504,29
1555,71
1477,20
1641,7
1578,17
1624,19
1579,2
1558,9
1504,12
1554,1
1649,2
1516,15
1545,70
1551,1
1514,59
1567,16
1521,45
1549,22
1597,21
1614,48
1605,9
1505,44
1573,27
1569,7
1583,7
1554,22
1618,4
1540,19
1550,36
1626,4
1548,33
1469,17
1551,8
1652,40
1584,15
1521,10
1566,11
1645,4
1631,2
1551,3
1523,28
1568,10
1634,1
1538,39
1565,54
1564,35
1597,33
1510,8
1558,2
1544,12
1469,34
1574,23
1650,17
1507,4
1564,26
1513,33
1539,18
1542,4
1535,23
1536,33
1602,4
1650,4
1610,2
1605,9
1532,25
1575,59
1630,32
1632,17
1506,35
1542,68
1551,37
1573,69
1582,2
1510,31
1516,49
1546,34
1633,1
1571,26
1502,70
1509,23
1609,1
1556,30
1517,31
1526,14
1587,3
1527,20
1559,8
1549,47
1508,19
1551,46
1661,1
1555,41
1641,45
1563,7
1593,32
1588,17
1571,14
1559,36
1603,60
1594,29
1602,30
1599,23
1507,2
1554,62
1672,7
1624,11
1678,3
1694,11
1594,2
1619,3
1568,30
1567,15
1574,5
1545,3
1469,72
1543,21
1581,14
1571,29
1609,13
1569,69
1635,12
1574,8
1600,7
1488,88
1570,10
1571,6
1564,7
1571,3
1629,23
1546,57
1554,5
1532,40
1549,11
1589,50
1569,58
1633,29
1527,72
1594,11
1570,1
1551,51
1559,38
1584,9
1546,2
1576,5
1572,11
1481,44
1623,5
1563,38
1573,42
1552,2
1490,18
1486,48
1599,5
1615,1
1528,29
1627,29
1532,51
1563,9
1542,30
1589,19
1506,40
1588,13
1546,17
1545,23
1512,47
1551,20
1678,3
1594,18
1603,14
1475,61
1634,47
1673,6
1582,47
1550,44
1535,30
1509,2
1530,44
1552,9
1563,71
1568,41
1543,10
1586,8
1556,12
1604,1
1622,26
1526,29
1456,35
1624,32
1668,14
1522,10
1595,32
1503,13
1573,22
1472,1
1614,49
1612,34
1477,56
1484,91
1547,33
1568,55
1566,23
1624,15
1587,1
1453,82
1611,29
1450,173
1607,14
1516,15
1420,112
1580,7
1526,60
1533,36
1565,7
1551,26
1544,14
1578,3
1566,41
1437,83
1547,14
1545,42
1569,5
1646,11
1512,61
1683,4
1570,5
1507,63
1542,29
1606,2
1590,6
1553,1
1496,63
1631,21
1549,63
1564,19
1532,27
1542,39
1511,32
1585,10
1566,38
1610,33
1548,47
1533,25
1544,21
1580,1
1542,82
1524,39
1488,60
1605,5
1557,18
1582,29
1553,4
1683,2
1474,51
1531,54
1607,12
1496,9
1534,9
1547,87
1603,15
1464,10
1497,16
1518,44
1534,11
1487,49
1524,22
1519,15
1601,56
1539,10
1589,22
1556,1
1557,4
1532,38
1614,3
1517,4
1527,7
1605,9
1707,11
1616,2
1496,33
1454,7
1505,7
1649,2
1615,69
1641,13
1551,22
1489,9
1604,34
1543,25
1497,29
1593,14
1646,4
1541,9
1540,66
1497,32
1582,19
1635,20
1544,47
1559,130
1568,117
1610,51
1581,14
1552,20
1609,12
1515,3
1529,33
1513,44
1556,38
1593,22
1629,1
1626,1
1601,16
1690,53
1564,21
1532,14
1618,10
1615,19
1588,2
1520,25
1615,37
1529,8
1588,3
1520,18
1664,30
1565,21
1623,3
1539,36
1508,4
1513,3
1622,14
1503,74
1593,5
1544,31
1603,4
1621,10
1538,2
1609,5
1544,26
1536,23
1608,19
1530,67
1579,3
1607,16
1590,44
1625,9
1589,51
1481,3
1470,81
1608,3
1504,68
1592,8
1541,28
1580,44
1454,76
1615,6
1534,13
1495,48
1545,13
1598,29
1551,14
1551,6
1595,10
1551,19
1528,13
1548,18
1583,24
1537,65
1516,24
1546,36
1626,11
1556,14
1498,32
1500,77
1578,29
1600,27
1623,2
1585,3
1566,38
1503,37
1540,27
1570,8
1583,5
1553,46
1501,52
1514,10
1568,1
1612,25
1459,19
1538,50
1538,64
1640,2
1602,8
1505,64
1611,30
1495,43
1537,7
1531,51
1461,24
1540,18
1597,13
1589,2
1493,12
1620,7
1576,9
1532,13
1584,22
1672,9
1556,12
1559,4
1595,31
1622,19
1502,61
1533,19
1543,5
1543,1
1541,30
1486,18
1645,3
1633,5
1588,24
1517,11
1553,17
1559,4
1557,21
1519,58
1640,2
1547,2
1739,30
1570,31
1573,16
1560,48
1621,20
1606,2
1553,46
1540,9
1689,28
1504,3
1570,2
1540,16
1516,81
1610,20
1578,18
1564,3
1491,78
1638,6
1601,17
1563,11
1569,23
1539,46
1563,2
1518,18
1535,17
1584,11
1588,11
1638,12
1633,25
1570,2
1564,18
1560,25
1571,9
1488,3
1654,20
1560,5
1640,21
1508,66
1601,5
1611,28
1529,7
1560,35
1513,79
1544,60
1555,5
1666,10
1566,16
1578,17
1615,15
1585,8
1652,20
1614,19
1531,38
1517,2
1654,10
1620,1
1676,13
1610,2
1624,5
1555,11
1547,50
1496,16
1487,47
1549,25
1550,36
1569,6
1622,19
1624,8
1521,73
1579,41
1663,4
1581,11
1515,62
1534,27
1593,28
1545,63
1481,23
1524,58
1566,13
1522,2
1509,51
1632,40
1592,44
1547,16
1506,73
1584,6
1447,73
1620,7
1505,4
1598,29
1534,26
1491,14
1571,2
1566,49
1590,14
1550,12
1488,63
1616,3
1558,28
1540,26
1557,35
1606,39
1618,12
1612,3
1570,15
1540,26
1638,39
1506,40
1590,51
1517,14
1675,1
1613,16
1622,6
1638,37
1585,7
1636,24
1560,24
1554,13
1627,3
1625,22
1634,10
1497,66
1497,53
1546,39
1501,97
1551,48
1594,32
1517,27
1498,81
1586,5
1627,8
1590,26
1586,8
1579,37
1515,18
1575,10
1599,12
1631,58
1704,1
1568,20
1610,15
1512,26
1637,2
1564,5
1544,56
1596,11
1569,24
1488,62
1544,62
1532,16
1529,19
1542,40
1469,69
1504,29
1581,10
1622,3
1608,3
1580,37
1627,14
1577,26
1596,5
1606,32
1659,2
1631,40
1540,66
1573,22
1573,15
1591,2
1515,11
1561,51
1632,29
1583,3
1546,28
1470,24
1567,10
1556,2
1643,2
1622,20
1557,16
1569,29
1559,29
1526,18
1556,36
1564,7
1571,29
1592,2
1524,41
1555,10
1478,38
1524,54
1555,39
1516,64
1548,16
1542,25
1585,12
1551,4
1513,21
1600,30
1534,38
1607,1
1534,26
1599,14
1536,16
1574,12
1610,23
1553,33
1486,14
1568,5
1520,6
1559,46
1583,21
1560,36
1569,10
1607,12
1579,7
1590,13
1530,23
1622,2
1467,23
1552,44
1524,18
1636,22
1523,21
1669,11
1650,3
1512,20
1528,29
1540,16
1626,15
1633,1
1557,72
1637,7
1569,44
1508,4
1671,7
1571,5
1646,8
1590,27
1564,16
1562,2
1505,44
1464,16
1524,29
1613,41
1578,2
1523,17
1577,14
1558,37
1439,117
1550,21
1767,36
1516,31
1528,25
1553,5
1657,14
1550,27
1497,101
1547,29
1536,11
1579,19
1594,18
1488,43
1467,38
1569,24
1614,13
1562,14
1585,11
1611,11
1556,1
1571,18
1598,2
1538,24
1624,12
1653,12
1694,9
1607,22
1507,9
1641,7
1540,59
1510,19
1639,2
1501,64
1568,11
1551,89
1569,29
1562,10
1542,15
1528,19
1592,2
1586,38
1654,3
1564,34
1495,39
1560,17
1564,19
1616,13
1638,5
1617,9
1528,4
1659,54
1525,16
1586,41
1586,9
1548,4
1527,75
1645,1
1571,2
1586,3
1568,47
1488,47
1543,39
1669,10
1520,4
1569,1
1554,22
1556,1
1594,20
1624,1
1572,28
1622,12
1548,108
1651,3
1625,6
1524,29
1509,92
1596,22
1602,19
1609,57
1518,17
1509,56
1502,42
1564,3
1580,22
1619,11
1557,5
1614,38
1611,5
1569,32
1531,27
1653,26
1550,28
1547,22
1560,4
1575,6
1519,34
1579,14
1514,21
1649,11
1550,25
1593,32
1537,35
1544,1
1565,33
1647,2
1575,27
1557,19
1564,17
1543,35
1591,20
1589,5
1525,1
1536,71
1578,39
1467,49
1573,19
1597,7
1588,20
1506,36
1622,3
1545,8
1522,50
1584,27
1522,3
1595,9
1501,24
1580,28
1645,10
1543,17
1389,74
1559,43
1582,7
1626,25
1462,40
1619,26
1554,8
1565,12
1512,59
1575,6
1671,1
1552,5
1635,16
1485,6
1620,45
1592,15
1523,26
1628,23
1644,22
1540,24
1515,98
1567,1
1535,47
1556,50
1677,2
1566,100
1545,10
1650,8
1470,15
1457,17
1516,6
1717,15
1611,33
1583,37
1587,10
1627,9
1578,28
1664,30
1534,8
1613,6
1599,19
1570,16
1542,50
1536,41
1529,26
1503,100
1573,31
1622,5
1520,31
1557,3
1545,9
1619,42
1596,26
1533,16
1606,2
1568,12
1565,1
1575,16
1515,75
1593,7
1588,1
1573,11
1587,6
1596,7
1497,38
1662,7
1497,7
1564,9
1550,37
1512,4
1536,28
1624,3
1566,16
1528,59
1619,52
1576,20
1634,24
1593,30
1581,5
1605,85
1542,31
1548,12
1579,39
1482,51
1579,7
1569,40
1507,3
1566,14
1605,6
1589,1
1405,60
1545,6
1656,14
1651,3
1551,3
1545,11
1592,43
1609,17
1567,22
1512,40
1569,21
1595,5
1496,36
1572,14
1567,18
1586,58
1612,20
1575,43
1593,45
1617,32
1616,7
1580,8
1584,9
1590,25
1668,29
1463,82
1582,17
1653,17
1505,50
1492,11
1576,4
1586,13
1628,10
1594,14
1576,9
1543,14
1473,30
1697,10
1624,3
1562,7
1610,15
1566,8
1576,63
1652,4
1603,2
1612,6
1515,4
1600,16
1552,65
1545,57
1543,25
1607,4
1559,2
1470,53
1479,41
1514,19
1574,26
1570,12
1583,21
1498,29
1592,23
1565,89
1507,41
1489,5
1507,9
1533,45
1553,73
1500,18
1554,30
1564,26
1494,107
1575,23
1581,8
