664,386
825,43
714,252
789,232
653,398
545,628
758,55
646,488
829,101
578,520
666,364
468,841
476,860
684,398
682,226
899,64
687,406
473,721
764,173
731,262
795,26
816,89
548,641
803,86
843,153
833,82
662,391
904,42
848,48
763,169
552,567
841,150
652,434
519,618
683,343
859,116
443,863
619,404
541,661
689,310
882,42
714,196
755,143
822,52
792,149
734,164
593,563
527,685
754,275
830,23
560,518
745,122
771,188
506,752
794,247
763,228
694,329
597,430
775,107
564,608
667,343
337,976
877,109
854,125
563,557
697,390
545,630
860,66
775,276
571,650
849,158
702,276
921,80
617,500
775,210
695,422
650,432
702,384
692,316
739,389
623,427
690,438
741,241
448,849
798,21
850,163
458,802
819,23
853,25
753,237
469,720
717,292
653,339
827,61
855,45
865,48
871,31
774,251
577,604
697,184
692,306
677,274
844,70
774,273
554,592
574,587
579,596
805,107
705,301
723,261
720,308
590,651
810,137
765,119
476,885
813,21
651,455
808,185
492,719
377,1013
640,516
592,570
818,51
725,297
800,169
669,406
809,184
911,75
854,23
768,140
645,484
638,437
634,411
822,72
738,253
786,30
718,270
754,172
892,87
742,312
769,226
745,155
404,938
502,639
814,57
583,588
835,49
715,354
604,644
786,297
613,444
894,30
865,73
859,36
917,12
532,630
745,360
529,623
700,413
476,877
660,317
782,178
405,843
877,120
851,42
809,34
511,638
894,56
585,522
774,297
755,210
858,117
800,82
840,86
644,472
443,763
891,55
476,806
767,168
689,387
634,361
572,557
673,175
822,156
501,699
667,411
586,568
892,34
656,510
724,371
634,484
689,448
769,232
752,285
813,150
501,712
580,543
813,217
509,661
553,658
910,56
807,164
588,485
887,53
674,242
660,406
638,386
756,297
820,122
539,485
555,566
677,361
438,795
699,259
804,73
793,88
752,269
605,436
874,79
707,258
583,652
681,463
705,431
407,932
872,110
764,163
566,447
915,85
686,349
698,384
702,353
822,79
752,170
792,214
570,628
531,597
539,669
766,288
687,382
407,798
730,230
783,258
497,794
814,186
827,129
529,634
812,239
764,228
743,263
562,513
636,482
714,336
544,612
718,175
773,194
436,794
700,259
547,712
753,114
677,494
668,458
663,354
757,258
853,90
895,48
500,658
665,332
688,453
643,438
797,217
647,517
611,463
792,150
599,551
805,110
779,143
794,154
517,751
626,609
650,453
860,50
675,442
770,235
729,223
878,22
615,557
888,23
749,205
619,435
785,119
771,204
627,433
820,70
833,96
801,124
451,827
659,399
639,420
772,118
781,269
909,67
587,637
816,210
789,125
553,629
813,58
657,450
580,524
537,654
753,261
806,124
899,42
557,624
734,186
876,54
696,423
822,65
798,71
673,411
556,587
875,96
696,406
638,504
849,12
816,64
793,94
848,39
641,396
665,366
660,413
484,811
753,304
897,103
831,118
877,83
789,219
816,237
785,292
896,5
615,473
489,880
875,46
864,9
754,269
755,172
510,768
758,121
708,219
663,441
845,48
772,209
857,111
539,637
905,26
649,318
545,728
679,441
446,745
755,246
830,65
785,223
885,16
632,458
532,608
809,92
793,164
650,458
597,643
605,517
856,114
539,666
416,951
834,80
794,190
571,713
804,113
625,393
411,853
732,265
691,380
791,63
764,270
619,473
524,723
829,25
431,852
680,220
884,77
726,309
848,62
866,115
541,574
833,143
476,673
793,218
836,1
740,269
625,499
625,437
548,709
717,317
403,936
563,616
850,71
780,61
831,86
628,413
769,233
593,622
694,277
508,768
813,104
738,300
806,193
584,493
801,195
804,126
853,102
617,502
651,427
627,506
694,354
581,507
739,189
885,76
829,4
447,807
793,45
671,373
752,173
686,313
772,191
666,475
867,104
778,99
554,530
734,288
842,190
782,333
799,164
687,409
464,681
667,438
829,11
628,458
881,40
826,90
791,231
802,150
813,144
720,356
732,255
808,133
749,318
764,233
832,108
650,506
804,150
764,184
441,770
568,554
754,167
648,471
916,15
652,416
498,735
727,315
799,242
803,74
854,93
536,769
676,419
824,87
759,205
785,266
773,87
876,55
742,278
638,526
643,370
874,90
863,120
559,710
839,109
524,572
306,968
811,35
872,48
400,913
840,136
529,587
841,117
621,392
605,609
465,811
660,400
743,259
880,44
749,316
770,344
722,269
881,117
574,574
582,562
774,156
578,536
817,150
660,422
813,113
520,743
772,273
836,92
855,49
467,704
687,349
477,693
835,127
712,193
836,58
877,161
617,506
847,56
902,57
697,401
866,3
759,140
873,33
458,801
704,214
615,404
625,386
597,556
742,232
859,122
801,193
795,19
579,549
755,279
780,106
818,182
723,358
724,375
488,711
650,434
464,801
625,450
547,594
774,131
655,334
755,275
795,226
753,316
766,197
862,19
799,226
767,158
830,153
299,1107
745,405
849,111
845,262
781,80
841,187
808,66
781,151
828,84
766,203
692,265
574,449
702,309
715,271
710,211
658,435
913,71
387,958
726,243
462,820
801,71
777,305
791,81
756,175
835,51
848,135
545,681
867,55
626,485
634,458
669,508
545,645
660,345
855,41
616,441
778,130
335,1015
333,1058
683,322
849,12
526,705
643,558
851,171
762,240
722,295
944,1
638,446
639,451
694,410
585,667
567,443
542,691
812,6
619,452
414,915
845,119
713,238
826,95
681,354
675,303
578,618
570,674
714,362
673,422
657,357
748,273
734,239
517,570
748,178
695,325
892,65
645,405
818,8
504,663
748,253
535,532
685,397
783,123
710,362
814,155
815,24
804,176
827,10
697,459
800,193
880,15
684,283
636,384
642,324
767,209
852,28
683,410
629,464
399,831
824,2
681,363
434,853
601,481
751,294
503,611
623,416
713,394
719,303
586,592
633,554
483,797
521,716
801,120
735,285
631,462
776,58
419,837
894,117
821,84
492,714
741,173
478,666
889,104
509,678
696,226
723,425
681,357
840,24
755,188
868,117
876,47
757,246
764,273
769,160
857,6
620,443
487,857
822,91
857,24
794,166
546,640
815,166
804,218
848,97
834,74
593,556
742,219
625,529
522,662
493,692
921,22
805,293
708,349
833,60
745,215
535,561
544,609
784,256
854,146
666,421
555,521
810,154
743,334
680,322
749,293
598,524
737,154
789,275
809,207
398,773
808,143
696,376
684,462
817,225
714,368
638,452
889,6
632,493
553,603
739,274
694,417
708,270
460,665
831,22
604,565
577,703
609,477
689,286
764,67
520,791
549,559
510,663
625,417
495,682
841,119
843,56
703,249
751,234
779,92
807,124
622,546
697,255
636,456
732,348
684,438
661,396
689,382
937,16
769,222
630,417
801,194
642,456
763,335
848,75
865,14
827,74
861,74
675,444
773,161
784,163
881,67
591,478
787,114
529,541
732,297
796,119
791,345
897,25
746,183
408,838
844,157
645,334
487,643
688,296
615,520
382,940
542,728
779,243
783,166
451,747
791,138
381,904
817,47
623,410
748,323
660,547
642,359
900,138
610,377
626,472
743,340
738,191
717,315
873,93
638,402
719,448
700,384
475,819
763,330
622,460
749,175
647,402
774,177
874,106
598,568
589,561
677,308
415,853
722,319
817,127
713,378
380,949
860,13
817,137
632,501
582,592
822,199
875,70
543,660
828,131
564,603
808,159
602,546
478,736
678,365
863,7
566,656
812,110
914,136
731,276
685,379
832,151
684,375
765,268
563,516
340,961
648,485
910,60
423,806
693,450
757,300
817,114
831,50
642,569
572,541
893,3
705,349
546,612
744,264
849,100
496,839
696,296
763,255
868,43
443,759
549,679
458,883
631,566
777,184
643,547
923,31
814,129
693,495
649,398
606,596
696,331
791,158
754,253
497,655
657,491
756,295
795,182
559,519
615,482
861,134
632,423
803,118
785,85
546,627
804,136
808,76
791,75
917,34
775,379
817,95
722,297
492,658
920,35
568,629
859,146
558,583
932,10
857,63
736,259
780,332
494,702
651,505
870,88
594,523
677,371
658,443
862,16
260,1061
562,691
819,78
823,67
636,429
678,330
623,431
898,16
572,515
894,35
643,433
687,367
551,640
801,11
861,64
721,368
663,460
723,277
451,848
502,609
796,248
483,772
485,725
770,78
825,238
792,168
802,291
726,214
740,190
446,771
719,271
834,112
900,28
667,380
493,741
897,3
504,665
527,585
735,273
465,749
552,597
658,419
468,824
560,607
754,193
576,493
524,691
770,180
807,60
590,555
455,797
723,408
547,592
559,606
827,12
536,671
552,659
656,441
749,213
722,342
809,45
868,51
747,240
774,252
860,185
506,717
894,9
841,53
546,667
731,269
554,630
866,106
644,499
649,325
624,415
738,349
762,275
552,643
663,463
821,57
550,570
858,118
478,732
794,77
870,107
689,337
