1940,4
1999,3
1913,4
2044,10
1979,10
1893,1
1999,1
1927,14
1949,1
1949,20
2083,1
1908,11
2003,6
1965,6
1925,17
1973,42
1940,1
1917,7
1941,13
1996,9
2004,1
1997,12
2044,3
1900,1
1934,2
1968,6
2000,5
1922,18
1907,14
1999,16
1963,26
1977,1
1982,6
1983,1
2081,4
2044,17
1930,5
1902,20
2009,7
1958,17
1936,16
1925,2
1929,8
1944,1
1907,5
1917,9
1907,4
2007,30
2008,1
1930,8
1939,2
1958,21
2057,10
2058,3
1930,3
1973,1
1951,37
2028,3
1965,8
1988,7
1935,1
1876,13
1968,8
1982,10
1917,8
1874,2
2070,4
2011,8
2009,5
2019,7
2022,4
1843,43
1978,9
1998,7
1910,11
2073,1
2016,3
2013,7
1938,2
1946,2
1991,6
1915,5
2015,7
1999,13
1892,18
1997,6
1963,4
1870,19
1938,4
1919,1
1951,18
2025,17
1886,1
1962,17
1972,6
1886,5
2108,7
1980,10
1886,17
1954,7
1952,12
2015,1
1984,14
1995,1
1979,3
1905,1
1956,2
2005,4
2026,27
2042,5
1960,2
1977,7
1890,20
2034,8
1910,6
1995,10
1925,10
2009,2
1930,6
2052,7
1975,7
1952,12
1950,15
1890,7
2000,3
1972,8
1976,3
1925,10
1928,2
1990,7
2034,10
2012,4
1930,3
2048,1
1968,5
1878,15
1941,2
1915,4
1941,5
1871,13
1985,8
2004,3
1953,20
2035,9
1945,11
1906,14
1965,3
1962,18
1933,11
1984,12
1936,11
1982,15
2016,12
1943,3
1895,4
1886,6
1857,4
1991,17
1909,15
1986,21
1904,17
2012,5
1964,26
1995,7
1981,6
1850,27
1988,2
1919,7
1877,9
2045,1
1959,6
1968,7
2023,2
1914,6
1940,6
1968,2
1961,11
1887,18
1973,10
1955,10
1969,6
1882,41
2038,13
1935,37
1955,25
2009,1
1976,7
1935,29
1984,10
1972,14
1998,8
1914,6
2019,4
1978,9
1981,8
1940,19
1951,8
1846,1
1905,6
1958,4
1946,2
1885,13
1957,14
1901,14
1940,18
1995,9
2012,1
2026,10
2021,24
1967,1
2035,1
1876,34
1954,1
1977,3
1983,15
1969,2
2020,1
1885,21
1948,9
1984,3
1933,3
1975,6
1959,4
1950,15
2067,1
1884,7
2008,11
1929,12
1902,6
1912,7
1937,22
1892,3
1958,1
1990,6
1973,3
1886,4
1916,8
1958,16
2001,1
1956,19
1989,2
1912,14
1953,6
2032,1
1976,5
1954,10
1887,8
2037,21
1954,5
1906,3
1781,33
2040,10
1958,8
1998,4
1985,21
1866,12
1844,4
1989,6
2015,5
1926,2
1998,2
1919,5
1975,28
1919,10
1993,6
1951,4
2017,9
2031,2
1981,1
1974,1
1963,6
1936,10
1909,6
1992,14
1907,6
2012,2
1982,10
1915,36
1931,2
1906,2
1795,9
1882,4
1923,15
1919,5
1988,21
1924,7
2011,21
1980,34
1969,26
2016,34
2031,2
1984,33
1933,3
1946,16
1887,3
1907,23
1982,13
1896,11
1983,3
1893,5
1941,8
2067,3
1887,2
1932,6
1967,13
1828,35
1932,5
1904,10
1940,2
1983,6
1955,8
1912,7
1930,12
1931,3
1894,8
1891,2
1866,10
1889,2
1913,3
1944,13
1986,13
1948,3
1982,13
1900,7
2050,1
2015,1
1990,22
1987,44
1981,4
1861,7
1881,6
1989,3
1873,13
1938,2
1944,7
1954,2
2016,1
1983,3
1969,26
1992,16
1869,13
1916,3
1972,2
2049,3
1874,16
1920,4
2009,1
1908,8
1897,3
2004,3
2035,1
1996,1
2090,9
2018,2
1970,4
1973,1
2045,8
1981,18
2011,14
1960,1
1937,16
1971,2
2007,9
1882,24
1897,5
1829,7
1978,18
2004,3
1868,3
1888,18
1901,3
1992,5
1834,2
1942,1
1927,9
2003,3
1938,13
1835,29
1881,13
1985,4
1969,17
1916,12
1926,16
1897,7
1905,2
1949,8
1929,2
1957,4
1968,3
2009,6
1936,18
1967,9
1969,1
1936,4
1987,16
1941,24
1856,16
1969,1
1911,6
1930,4
1976,4
1960,17
1852,9
2036,8
1913,4
1917,5
1958,17
2029,4
1995,6
1902,19
1968,3
2027,1
2039,2
1931,28
2002,7
1986,6
1967,23
1963,34
1889,12
1961,6
2027,29
1930,18
1981,16
1913,6
1926,12
1980,10
2063,2
1906,22
2015,2
1889,3
1981,28
1918,6
1917,35
1868,10
1901,3
1920,10
1869,10
1938,7
1884,33
2015,1
1994,11
1900,7
1968,14
1987,2
1970,12
2015,10
1964,1
2014,4
2008,13
1938,9
1921,14
1902,10
1963,5
1922,3
1907,3
1962,6
1967,1
1968,5
1909,2
1910,2
2017,7
1965,3
1884,2
1849,5
1980,25
1997,1
1940,9
2048,13
1947,8
1889,1
1876,4
1976,14
2028,7
1971,11
1925,10
1931,20
1963,4
1999,12
1937,6
1985,2
1947,12
1930,5
2001,1
1955,7
1950,2
1917,3
1957,5
1932,16
2005,10
1981,2
1896,22
1886,32
1899,8
1968,17
1937,12
1971,6
2023,2
1968,1
1910,6
1938,28
1851,32
1965,2
1951,4
2060,6
1966,8
1917,5
1976,7
1982,26
1959,2
1925,8
1987,4
2005,8
2046,12
1924,18
1953,4
1944,5
1889,12
1844,7
1983,4
1986,17
2002,12
1927,6
1941,1
1946,1
1968,5
2014,15
1919,1
1961,6
1961,4
1940,10
1812,10
1955,1
1856,6
1957,20
1939,5
1984,3
1868,2
1987,1
1883,16
1931,2
1935,4
1920,7
1998,2
1958,11
1957,9
2006,7
1929,4
1857,19
2008,7
1990,7
1983,8
2022,9
1994,2
1971,1
2040,11
1884,11
1994,23
1997,3
1987,2
1948,16
1986,14
1945,6
1968,9
1978,1
1964,2
1892,17
1923,13
2057,8
2012,7
1957,3
1922,23
2026,5
1991,14
2044,5
1844,23
1975,29
1909,8
1961,8
1968,19
1912,4
1958,3
2084,2
1883,5
1935,6
1980,4
1964,3
1945,10
2080,9
1937,15
1964,11
1982,5
1956,9
1930,3
1966,19
2016,3
1944,5
1981,21
1993,7
1833,39
1959,6
1922,38
1911,10
1927,13
1909,6
2024,4
2033,11
2076,3
2026,10
1951,1
1888,11
1918,7
1872,20
1923,11
1989,2
2000,10
1973,7
1958,15
2031,5
1978,21
1972,4
1930,2
1976,18
2064,2
1980,10
1901,5
1940,11
1923,2
1935,7
1933,2
2029,2
1996,1
1853,17
2016,5
1884,4
1942,3
1905,15
1943,4
1921,25
1871,11
1941,5
1950,14
1957,6
1982,5
1951,28
1946,1
1958,9
1943,7
1969,2
1937,14
1906,21
2100,3
1955,6
1950,7
2020,1
1937,16
1980,1
1928,4
1908,17
1985,15
2006,2
1988,6
1850,5
2033,10
1945,10
1912,6
1836,22
1966,5
1909,11
1866,3
1935,7
2014,3
1859,24
2018,1
2015,12
2014,7
1959,18
1865,30
1875,15
2048,13
2011,1
1907,10
1938,8
1889,2
1903,1
1965,4
1852,8
1959,3
1955,1
1944,11
2032,4
1998,6
1966,5
1997,3
2050,1
1924,3
2061,25
1961,2
1922,18
2010,3
2007,2
1973,10
1942,4
1966,2
1900,2
1978,13
1883,5
2018,7
1929,4
1939,21
1938,14
1991,2
1864,11
1951,6
1872,10
1962,3
1993,2
2031,1
1855,33
1982,7
1962,32
1884,5
1927,1
1920,9
2005,18
1921,6
2011,7
2029,2
1989,4
1936,16
1962,5
1982,4
1909,20
1961,3
2053,4
1856,2
2011,3
1858,3
2002,7
1949,1
1857,1
2044,4
1916,43
1926,8
1967,27
1943,3
2030,5
1912,4
1879,3
1933,2
1960,6
1929,7
2060,7
1999,3
1926,4
1932,16
1938,7
1979,3
2005,5
1933,10
1989,2
1973,14
2041,6
1961,4
1968,2
1934,1
1917,4
1909,12
1998,2
2039,3
1930,12
2035,1
1927,11
1923,10
1925,30
1944,44
1871,21
1990,5
1975,1
2009,3
1958,7
1933,1
1898,14
2040,14
1942,2
1981,12
1956,12
1974,20
2011,21
2002,3
1942,14
1934,9
2046,5
1943,2
1999,8
1972,33
2003,12
1921,14
2038,9
2004,23
1955,8
1989,3
1952,16
1963,10
2035,3
2048,16
2005,10
1964,18
1970,9
1952,20
1984,3
1916,5
1998,1
1905,1
1986,12
1960,10
1959,22
1849,16
1878,5
1971,5
1948,3
2002,2
1997,4
1874,8
2040,1
1833,4
1956,13
1921,4
1897,1
2016,1
2003,16
1958,3
1946,1
1906,1
1975,25
1983,6
1923,9
1851,16
1910,2
2012,2
1967,1
1891,12
1919,3
1970,9
2001,17
2011,7
1973,6
2029,2
2029,27
1901,23
1954,3
2008,2
1961,1
2023,6
2049,2
1972,4
1997,3
2005,9
1928,21
1933,5
1970,3
1903,11
1955,16
1997,10
1985,5
2052,3
1951,8
1931,5
1968,27
2024,10
1913,38
1987,7
1961,6
1969,6
1909,5
2041,3
2010,24
1978,3
2022,4
1884,7
1931,1
2000,2
1944,12
2024,8
2009,4
2014,11
2010,4
1932,5
1913,25
1916,8
1881,29
1999,5
1964,1
1973,5
1963,4
2015,5
2018,2
1935,6
1942,16
1973,6
1914,34
1931,17
1974,2
1923,26
1964,14
2005,3
1982,3
1951,19
1918,2
1959,21
2041,13
1942,17
1995,7
1925,15
1982,14
1944,1
1994,1
2047,1
1849,7
1986,5
2035,5
1951,13
1979,5
1918,26
2033,4
1910,2
1980,6
1918,5
1924,15
1952,4
1962,1
1939,6
2001,13
1976,6
1958,4
1901,1
1936,1
1960,9
2043,3
1963,12
2084,22
1945,6
1997,3
1946,9
1976,14
1942,9
1999,5
2053,1
2031,25
1821,14
2012,3
1974,6
1928,11
1905,44
1874,33
1965,7
1970,2
1892,11
2006,4
1985,1
1980,13
2009,4
1993,7
1964,20
1918,2
1916,2
1919,9
2050,5
1949,12
1861,2
2005,2
1977,6
1987,19
2037,21
1963,3
1898,27
1970,5
1917,1
1990,14
1844,13
1902,13
2017,20
1987,5
1913,7
2046,2
2063,4
1869,11
1924,4
1969,11
1962,23
1906,5
1990,6
1919,10
2051,2
2023,1
2098,7
1969,5
1926,4
1921,2
1944,8
1972,3
