1943,11
2007,2
1978,4
1919,5
2024,11
1954,6
1931,2
1975,1
1957,4
1979,4
1819,8
2071,3
2017,8
1923,6
1893,19
2004,8
1954,4
1917,74
1973,13
1986,9
1963,1
1871,1
1943,2
2021,5
1963,15
2021,23
1951,2
1968,5
2021,4
2013,18
1910,6
1924,23
1966,13
1967,20
1918,8
1935,4
1948,1
2007,3
1903,7
1925,12
1905,1
1969,13
1926,12
1905,19
1969,31
1995,6
1909,9
1939,2
1954,5
1914,12
1950,4
1995,8
2059,3
1908,3
1877,7
1966,1
1922,32
1979,3
1959,5
1906,6
1933,11
2052,5
1876,1
1910,13
2078,3
1876,17
1959,10
2008,9
1962,8
1880,14
1932,1
1937,11
2051,4
2042,9
1986,5
2039,14
1909,16
1947,8
1930,13
2001,19
2088,13
2003,8
2019,1
1911,3
1985,7
1899,4
1992,6
1987,1
1996,14
1960,5
1854,12
1986,5
1965,4
1922,15
1926,6
2018,16
2063,8
1931,2
1843,37
1975,9
1911,1
1885,22
1951,7
1888,5
2066,9
1976,11
1927,17
1990,7
1965,10
2007,20
1914,1
1923,1
1996,1
2076,5
2003,3
1955,5
2009,5
1936,1
1889,15
2016,12
1977,11
1938,10
1919,7
2065,7
1936,11
1956,1
2019,28
2054,2
2021,11
1997,9
1955,6
1908,4
1927,1
1938,1
1870,13
2056,10
1987,2
1954,7
1875,2
1868,19
2031,9
2040,2
1968,21
1892,9
1863,9
1962,8
1929,2
1970,12
1907,3
1959,15
1995,3
1971,3
1973,13
2101,6
1942,5
1942,13
1874,4
1905,1
1964,15
1939,7
1896,1
1993,1
1851,14
1851,50
2036,1
1979,8
1930,7
1925,11
2041,2
1945,6
1917,8
1970,12
1918,6
1948,8
1954,9
1977,4
1936,28
2023,14
1945,44
1879,6
2000,1
1944,18
1933,30
1956,13
1979,12
1966,9
1966,10
1994,5
1926,7
2038,3
2005,12
1967,7
1919,8
1922,17
1904,1
1916,5
1991,2
1871,14
1933,14
1902,13
1929,13
1965,21
1982,17
1939,1
1958,1
1912,5
1982,8
1987,27
2003,3
1873,38
1938,2
1961,1
2005,3
1884,15
2008,10
2000,2
2024,3
1875,25
1914,14
1950,4
1945,11
1923,2
1923,2
1947,16
2075,11
1962,14
1914,14
1933,6
1964,1
1872,4
1977,5
1944,7
1947,16
1979,1
1930,23
1904,1
1898,19
1979,1
1896,13
1958,4
1959,8
2022,1
1943,5
1892,2
1995,2
2076,11
1958,10
2015,2
1860,34
2000,5
2016,12
2001,10
1882,10
1890,1
2016,8
1965,3
1992,2
1973,7
1930,3
1971,25
1962,3
2014,2
1943,2
1986,7
1952,4
2012,4
1995,1
1972,2
1922,6
1954,7
1962,6
1961,18
2016,1
1938,8
1944,24
1948,2
1892,7
1861,7
1975,7
1956,7
2013,36
1945,21
1993,31
2031,4
1944,40
1944,3
1928,3
1928,23
1876,10
1977,3
1921,3
1976,11
2032,11
1884,33
1953,7
1892,12
1908,3
1990,7
1954,7
1944,8
1915,7
2067,3
1904,15
1925,1
1940,7
1860,2
1847,13
1931,1
1954,3
1988,7
1938,17
2057,2
1909,9
1959,10
1944,8
2007,1
1923,2
1919,1
1964,21
2012,7
1979,4
1980,12
1873,11
1991,6
1965,4
2018,9
1883,6
1933,2
1983,1
2034,23
1955,21
1983,14
1992,11
1868,2
1964,3
2009,17
1930,8
1893,9
1969,4
2011,3
1967,2
1963,1
1998,4
1987,4
1912,2
1909,9
1902,17
2015,11
1901,2
1937,14
1947,2
1890,25
1937,3
1922,10
1910,17
2007,3
1957,13
1855,2
1922,2
1993,5
1982,3
1964,12
1847,29
1981,3
1899,10
1942,12
1959,2
1922,10
1919,9
2023,2
1944,13
2028,9
1904,3
1957,5
1932,16
1877,36
1945,1
1958,6
1991,18
1937,25
1854,12
1915,3
1941,7
1937,11
1945,18
1965,5
2018,3
1982,18
1851,7
2059,10
1940,15
1997,5
1922,7
1986,3
2055,2
1990,7
2000,8
1940,13
1948,24
1959,34
1925,1
1955,7
1889,20
1965,15
1941,37
1963,9
1941,6
1947,4
1946,1
1897,6
1928,36
1909,30
1917,11
1967,2
1955,2
1942,3
2066,3
1911,4
1991,11
2031,2
1957,13
1923,5
1955,19
2009,7
2000,8
1925,1
1882,16
2028,4
1932,6
2033,12
1899,10
1976,31
1938,7
2039,4
1957,3
1977,10
1868,3
1978,6
1928,1
1905,3
1865,32
2056,17
1836,2
1965,3
1878,4
1808,7
1944,5
1966,14
1943,5
1949,5
1939,20
1978,15
1997,2
1903,11
2012,14
1892,8
1996,16
1986,27
1982,2
2016,8
1936,13
1925,7
2024,7
1899,43
1927,13
1940,11
1932,1
1980,11
1928,23
1919,7
1914,7
1930,49
1932,3
1928,2
1868,6
1996,4
2046,10
2019,2
1934,5
1890,31
1881,10
1931,1
1990,15
1946,4
1967,2
1957,8
1922,1
1949,6
1907,9
1930,2
2038,9
1900,2
1960,8
1927,10
1945,9
1950,3
1927,1
2009,4
1997,6
1886,2
2018,12
1931,23
1956,2
1976,5
1938,4
1887,11
1959,27
2020,13
1981,50
2007,6
1984,3
1941,1
1902,5
1997,16
1965,3
1933,2
1986,4
2016,4
1933,1
1895,11
1944,19
1943,15
1956,8
1988,6
1897,4
1920,7
1968,3
1968,3
1911,11
1955,2
1992,5
1959,4
1969,7
2045,2
1996,1
1987,7
2006,14
2000,4
2002,9
1933,10
1916,2
1980,2
2093,3
1966,12
1986,16
1975,7
1872,4
2018,11
1920,6
2008,9
1984,2
1909,19
1950,3
1893,17
1863,22
1968,2
1984,8
1946,17
1921,3
1952,5
2049,2
1874,7
1953,8
1984,15
1919,8
2073,8
1968,10
1920,11
1970,3
1970,5
1964,25
2014,5
1921,4
2002,26
2045,14
1895,3
1878,42
1932,10
1998,8
2021,16
2090,3
1975,10
1979,6
1890,27
1886,11
1851,4
1948,9
1968,9
1944,3
2018,4
2001,8
1952,6
1907,12
1991,5
1937,15
1988,6
2036,21
1906,3
1911,7
1917,10
1990,11
2076,2
1920,10
1984,17
1965,3
1931,32
1942,3
2052,3
2014,1
1901,12
1946,7
1949,14
1975,3
1931,12
1955,4
1915,22
1934,17
1935,14
1931,12
1958,36
1935,14
1930,3
2033,3
1938,11
1926,4
1932,18
2082,3
2014,21
1970,6
2010,20
2047,7
1954,13
1983,2
1970,4
1930,29
2051,8
1975,23
1892,18
1919,16
1965,13
2009,3
1966,9
1988,39
1954,20
1880,9
1964,3
2003,14
2105,10
1942,3
1909,9
1928,9
1986,2
1978,5
1948,3
1879,3
1909,7
2037,4
1843,23
2003,1
1891,27
2049,13
1961,1
1926,4
1945,3
1935,9
1962,9
1869,2
1920,1
1938,29
1903,1
1913,3
1903,5
1957,3
1980,18
1961,5
1964,3
2058,9
1949,4
1935,7
2074,21
1985,1
1938,2
1944,21
1961,2
1994,1
1950,11
1960,13
1859,6
1926,5
2004,10
2095,7
1869,26
1901,4
1940,19
1932,1
1897,25
1958,1
2020,1
1945,6
1999,22
1884,13
1960,7
1883,4
1965,3
1992,4
2004,5
1871,26
1980,7
1990,31
2010,6
1904,7
1875,3
1981,11
1940,27
1980,7
1982,7
1928,32
1961,5
1929,2
1950,3
2068,4
1981,1
1947,2
1980,2
2036,3
1856,3
1946,1
1907,11
1941,18
1834,1
2014,12
1984,5
1925,28
1938,4
2011,9
1889,4
1958,2
1939,5
1920,6
1848,17
2039,8
1980,22
1984,21
1986,1
1987,6
1967,3
1947,15
2035,2
2010,5
1988,16
2011,1
1938,2
1964,6
1927,13
1953,4
1966,10
1941,5
1971,3
2032,3
1970,14
1934,14
2026,1
1919,12
1938,7
1916,27
1850,16
1931,30
1940,18
1994,6
1956,24
1920,13
1873,3
1928,10
1908,13
1896,6
1986,1
1945,25
1927,1
1966,5
1973,12
1961,15
1932,4
2014,12
2008,6
1981,29
1985,10
2034,12
1918,8
1996,4
2003,17
2006,6
2019,2
1990,11
2009,2
2006,4
1980,9
1911,16
2023,1
1930,6
1985,10
1948,13
1898,1
1948,10
1948,18
1943,3
1939,22
1883,9
1859,9
1852,6
1848,3
1947,14
1979,7
1926,7
1978,1
1881,2
1995,1
1967,2
1989,4
2023,2
1979,19
2032,4
1932,1
1898,4
1935,13
1921,9
1929,1
1913,2
1975,3
1974,6
1986,1
1856,12
1929,3
1961,10
1997,15
1947,11
1960,12
1895,1
1975,35
1929,23
1965,7
2041,3
1919,16
1975,3
1965,3
1960,30
2063,6
1910,6
2003,12
1969,3
2004,10
2006,6
1987,16
1960,3
1953,6
2035,5
1916,12
1907,3
2017,8
1965,7
1947,7
1929,5
1954,9
2003,8
1903,3
2006,12
1996,3
1849,5
1974,2
1890,1
2042,8
2041,2
1910,2
1971,12
1914,5
1929,8
1904,1
2009,5
2092,2
1975,32
1885,11
1957,14
1984,3
1943,6
1908,3
1957,10
1974,8
1917,25
1991,1
1914,8
1965,21
1948,5
2004,8
1977,9
1940,14
1954,6
1928,18
1957,9
1957,26
2001,1
1941,38
1982,3
1973,19
1922,35
1919,2
1970,20
1940,16
1947,10
1911,8
1972,1
1997,12
1949,1
2008,3
2028,1
2003,7
2029,4
1927,20
1882,24
1993,4
1932,6
1989,5
1977,4
1988,1
1971,7
1933,12
1961,10
1950,5
1930,12
1905,2
1977,1
1968,6
2079,3
1877,9
1955,14
2056,31
1998,4
1965,5
1936,7
2016,3
1999,5
2017,2
1940,30
1963,4
1886,5
2052,3
2022,7
1875,15
1936,12
1937,2
1922,1
1950,2
1920,10
2003,6
2004,4
1951,17
1918,34
1935,10
2004,2
2022,25
1951,5
2013,5
1911,2
1953,3
1851,29
2018,18
1843,10
1984,5
1987,22
2003,24
1955,4
1943,28
1958,1
1920,1
1936,4
1996,14
1878,1
1973,20
2022,11
1968,24
2007,1
2030,1
1963,2
1876,5
2004,1
2110,4
1981,11
1985,13
1884,4
1951,5
2021,4
2012,10
2065,7
1920,2
2037,4
1900,3
1960,1
2010,3
1944,39
1913,5
1948,1
1885,14
