1940,4
1881,42
1999,3
1912,4
2044,10
1976,10
1893,1
1999,1
1927,14
1949,1
1949,20
1956,5
2083,1
1993,8
1908,11
2002,6
1964,6
1993,34
1941,1
1917,7
1941,13
2001,9
2004,1
1998,12
2044,3
1900,1
1934,2
1968,6
2000,5
1922,18
1907,14
2006,16
1958,26
1977,1
1981,6
1983,1
2081,4
2045,17
1924,6
1910,20
2009,7
1974,2
1958,17
1935,16
1925,2
1929,8
1943,1
1907,5
1917,9
1895,4
2006,30
2008,1
1930,8
1939,2
1958,21
2058,10
2058,3
1930,3
1968,1
1951,37
2030,3
1970,5
1988,7
1935,1
1876,13
1968,8
1982,10
1917,8
1874,2
2070,4
2011,8
2009,5
2019,7
2018,4
1844,43
1978,9
1998,7
1907,11
2073,1
1995,8
2014,7
1938,2
1946,2
1990,6
1914,5
2015,7
1998,13
2002,11
1892,18
1953,4
1872,18
1938,4
1919,1
1951,18
2026,17
1886,1
1962,17
1972,6
1880,5
2107,7
1980,10
1891,17
1954,7
1961,13
1990,15
1984,14
1995,1
1979,3
1905,1
1957,2
2005,4
2026,27
2042,5
1926,1
1960,2
1974,7
1891,20
2034,8
1993,10
1925,10
2008,2
1930,6
2052,7
1975,7
1952,12
1950,15
1890,7
1997,2
1972,8
1979,3
1925,10
1928,2
1990,7
2034,10
2011,4
1927,2
2048,1
1964,6
1878,15
1930,2
1915,4
1939,5
1871,13
1991,8
2005,3
1953,20
2035,9
1923,51
1905,14
1965,3
1971,20
1933,11
1984,12
1931,11
1982,15
2015,12
1943,3
1895,4
1887,6
1857,4
1991,17
1910,15
1983,17
1903,18
2012,5
1964,26
1995,7
1980,6
1873,37
1989,2
1919,7
1877,9
2046,1
1960,6
1963,7
2023,2
1914,6
1940,6
1966,2
1969,14
1888,18
1976,10
1955,10
1969,6
1881,41
2038,13
1935,37
1954,25
2006,1
1976,7
1941,29
1984,10
1973,14
1998,8
1914,6
2019,4
1973,9
1981,8
1939,19
1952,8
1846,1
1905,6
1960,5
1946,2
1914,2
1960,12
1901,14
1951,20
1995,9
2012,1
2016,2
2021,24
1967,1
1896,18
2030,1
1879,34
1944,3
1977,3
1982,15
1962,2
2020,1
1879,21
1948,9
1984,3
1937,3
1975,6
1956,5
1949,15
2059,1
1887,7
2007,11
1929,12
1898,6
1915,7
1939,19
1892,3
1958,1
1986,6
1973,3
1886,4
1916,8
1958,16
2001,1
1960,19
1989,2
1912,14
1965,6
2031,1
1978,5
1954,10
1886,8
2038,21
1954,5
1906,3
1771,22
2034,23
1958,8
1933,22
1998,4
1985,21
1866,12
1844,4
1989,6
2015,5
1927,2
1998,2
1919,5
1979,29
1919,10
1993,6
1951,4
2017,9
2030,2
1970,1
1974,1
1963,6
1937,10
1909,6
1992,14
1907,6
2012,2
1913,36
1931,2
1906,2
1795,9
1888,4
1923,16
1919,5
1922,46
2012,20
1980,34
1971,26
2017,34
2031,2
1931,4
1984,33
1933,3
1947,16
1887,3
1907,23
1981,13
1896,11
1982,3
1893,5
1941,8
2067,3
1887,2
1932,6
1972,13
1830,35
1932,5
1945,11
1907,10
1939,2
1983,6
1955,8
1915,7
1929,12
1930,3
1894,8
1887,3
1866,10
1889,2
1914,3
1947,13
1986,13
1948,3
1982,13
1900,7
2050,1
2015,1
1990,22
1984,44
1981,4
1861,7
1881,6
1989,3
1870,13
1944,7
1954,2
2016,1
1983,3
1969,26
1992,16
1915,2
1868,13
1916,3
1899,34
2049,3
1948,18
1885,5
1920,4
2008,1
1908,8
1898,3
2005,3
2035,1
1911,1
1997,1
1904,4
2090,9
2018,2
1970,4
1972,1
2045,8
1981,18
2010,14
1960,1
1949,13
1931,16
1971,2
2007,9
1885,24
1897,5
1825,7
1929,12
1981,18
2004,3
1867,3
1887,18
1913,2
1995,5
1834,2
1929,2
1866,4
1927,9
2004,3
1938,13
1835,29
1875,12
1983,4
1969,17
1926,12
1925,16
1897,7
1905,2
1949,8
1929,3
1967,4
1968,3
1957,1
2009,6
1936,18
1967,9
1972,1
1936,4
1992,16
1942,24
1856,16
1968,1
1911,6
1930,4
1976,4
1960,17
1852,9
1870,13
1878,43
1955,17
2029,4
1995,6
1902,19
1956,12
2027,1
2039,2
2002,7
1986,6
1966,23
1968,34
1889,12
1960,6
2027,31
1930,20
1981,16
1906,6
1927,12
1979,10
2063,2
1945,27
1908,21
2013,3
1971,8
1889,3
1982,28
1919,6
1917,35
1868,10
1901,3
1925,2
1865,12
1938,7
1884,33
2015,1
1982,14
1901,7
1970,14
1979,4
1970,12
2015,10
1964,1
2015,4
2008,13
1939,9
1921,14
1899,10
1963,5
1922,3
1904,3
1961,6
1967,1
1966,5
1909,2
1913,2
2016,7
1963,3
1884,2
1835,7
1980,25
1998,1
1944,9
2048,13
1950,8
1889,1
1875,4
1979,14
1971,11
2045,3
1935,10
1930,20
1963,4
1994,12
1937,6
1985,2
1948,12
1929,5
2001,1
1949,7
1949,2
1909,3
1957,5
1932,16
1991,11
1981,2
1897,22
1885,32
1898,8
1968,17
1937,12
1970,6
2023,2
1968,1
1910,6
1938,28
1847,31
1965,2
1951,4
2060,6
1966,8
1914,5
1976,7
1976,16
1959,2
1925,8
1986,4
2005,8
2042,12
1936,18
1957,2
1953,4
1944,5
1892,12
1844,9
1976,16
1987,17
1997,10
1927,6
1941,1
1945,1
1971,5
2013,15
1919,1
1961,6
1966,4
1946,10
1813,10
1955,1
1856,6
1958,20
1939,5
1984,3
1868,2
1987,1
1883,16
1931,2
1935,4
1920,7
1998,2
1959,11
1958,9
2006,7
1952,10
1929,4
1857,19
1964,4
2021,7
1997,7
1983,8
2022,9
1994,2
1970,1
2040,11
1877,17
1992,22
1997,3
1987,2
1949,16
1987,15
1945,6
1957,10
1956,8
1892,17
1923,13
2057,8
2012,7
1955,3
1928,22
2025,5
1992,14
2041,5
1843,23
1909,8
1961,8
1973,19
1912,4
1958,3
2088,2
1884,5
1935,6
1980,4
1964,3
1946,14
2080,9
1937,15
1964,11
1982,5
1955,9
1930,3
1963,10
1965,19
2016,3
1943,5
1980,21
1993,7
1835,26
1947,8
1907,48
1911,10
1927,13
1909,6
2024,4
2029,11
2076,3
2025,10
1951,1
1887,11
1918,7
1872,20
1922,11
1989,2
1916,7
1973,7
2000,10
1973,7
1958,15
2031,5
1982,21
1972,4
1930,2
1977,18
2066,6
1980,10
1902,5
1925,1
1924,2
1946,7
1930,2
2029,2
1995,1
1887,5
2022,4
1886,1
1942,3
1908,15
1943,4
1924,25
1840,7
1871,11
1941,5
1950,14
1957,6
1982,5
1957,37
1945,1
1958,9
1942,7
1970,2
1938,14
1906,21
2100,3
1955,6
1950,7
2020,1
1936,16
1981,1
1942,31
2017,3
1908,17
1959,2
2001,2
1989,6
1850,5
2033,10
1947,2
1912,6
1836,22
1966,5
1908,11
1865,3
1935,7
2014,3
1859,24
2018,1
2013,6
2014,7
1959,18
1865,30
1875,15
2048,13
2011,1
1908,10
1938,8
1890,2
1903,1
1965,4
1852,8
1959,3
1955,1
1944,11
2032,4
1995,6
1975,1
2049,1
1924,3
2060,25
1961,2
1924,18
2004,5
1998,8
1973,10
1942,4
1967,2
1900,2
1978,13
1883,5
2018,7
1929,4
1950,21
1937,14
1991,2
1865,11
1946,6
1871,10
1966,3
1991,2
2030,1
1855,33
1982,7
1960,28
1884,5
1923,1
1943,8
1901,2
1922,9
2004,18
2011,7
2029,2
1989,4
1942,20
1982,4
1945,24
1909,20
1950,3
2049,4
1873,2
2011,3
2002,7
1958,12
1857,1
2044,4
1991,2
1914,44
1926,8
1967,27
1943,3
1913,4
1879,3
1933,2
2012,1
1960,6
1929,7
2060,7
1975,22
1932,16
1944,7
1979,3
2007,5
1933,10
1988,2
1967,5
1973,14
2041,6
1965,4
1963,2
1934,1
1917,4
1904,11
2003,2
2040,3
1930,12
1961,26
2035,1
1928,11
1923,10
1925,30
1830,8
1921,27
1870,21
1988,5
1975,1
2008,3
1958,7
1933,1
1898,14
2040,14
1942,2
1969,12
1956,12
1976,20
2011,21
2003,3
1942,14
1934,9
2046,5
1943,2
1999,8
1974,33
2004,12
1921,14
2040,9
2004,23
1954,1
1951,8
1989,3
1965,15
1962,10
2035,3
2048,16
2005,10
1965,17
1966,11
1952,20
1984,3
1916,5
1998,1
1905,1
1985,12
1960,10
1920,6
1943,22
1878,5
1968,5
1948,3
2003,2
1997,4
1874,8
2034,1
1921,4
1992,2
1901,4
2015,1
1997,4
1958,3
1946,1
1906,1
1975,25
1983,6
2043,4
1923,9
1851,16
1904,7
2012,2
1967,1
1893,12
1919,3
1971,10
2001,17
2011,7
1973,6
2029,2
2029,27
1901,23
1952,3
2008,2
1961,1
2027,6
1972,4
2005,9
1928,21
1933,5
1970,3
1905,11
1954,16
1998,10
1985,5
2053,3
1951,8
1931,5
1968,27
2026,9
1920,38
1987,7
1961,6
1967,6
1886,13
1909,5
2040,3
2019,24
2021,4
1884,7
1931,1
2000,2
1998,31
1934,12
2016,5
2024,8
1987,15
2014,11
1998,4
1933,5
1913,25
1916,8
1881,29
1999,5
1964,1
1967,5
1972,4
2014,5
2017,2
1935,6
1942,16
1973,6
1914,34
1932,17
1974,2
1925,26
1965,14
2006,3
1982,3
1950,19
1916,1
1959,21
2041,13
1941,17
1989,3
1925,15
1980,14
1944,1
1994,1
2047,1
1847,7
1986,5
2039,5
1948,13
1979,5
1919,26
2033,4
1910,2
1980,6
1918,5
1924,15
1953,4
1962,1
1938,6
2001,13
1977,6
1957,4
1901,1
1936,1
1947,1
1960,9
2043,3
1963,12
2089,22
1992,3
1946,9
1971,9
1942,9
1999,5
2053,1
2039,25
1820,14
2012,3
1974,6
1932,15
1911,43
1872,33
1965,7
1970,2
1892,11
2006,4
1985,1
1989,12
2009,4
1989,7
1963,20
1916,2
1918,9
1966,8
1948,12
1861,2
1977,6
1987,19
2037,21
1958,3
1898,27
1967,7
1917,1
1990,14
1844,13
1902,13
2017,20
