0,1105
0,1087
0,1107
0,821
0,998
0,1123
0,1137
0,571
0,659
0,1134
0,1007
0,1000
0,1123
0,934
0,748
0,1049
0,978
0,546
0,900
0,1039
0,675
0,1169
0,883
0,872
0,971
0,492
0,973
0,1069
0,602
0,797
0,1160
0,931
0,780
0,867
0,1038
0,1095
0,1165
0,1081
0,1043
0,824
0,882
0,293
0,780
0,1041
0,955
0,543
0,852
0,1006
0,266
0,1107
0,985
0,954
0,948
0,995
0,1035
0,558
0,923
0,1023
0,1086
0,1142
0,974
0,1039
0,855
0,153
0,998
0,478
0,1007
0,1015
0,1041
0,1043
0,1004
0,623
0,988
0,1045
0,1082
0,1053
0,951
0,426
0,741
0,1006
0,1093
0,876
0,900
0,152
0,1051
0,1023
0,1198
0,965
0,1048
0,297
0,995
0,766
0,116
0,256
0,380
0,1168
0,1063
0,1151
0,993
0,866
0,154
0,738
0,120
0,916
0,1022
0,1101
0,1065
0,1037
0,873
0,666
0,851
0,989
0,953
0,1036
0,831
0,970
0,141
0,789
0,1045
0,1185
0,993
0,1145
0,623
0,551
0,1061
0,1193
0,1176
0,1030
0,770
0,1008
0,1153
0,527
0,804
0,891
0,1018
0,760
0,1027
0,1170
0,944
0,578
0,1201
0,1085
0,1023
0,1144
0,1055
0,966
0,1072
0,1139
0,1086
0,862
0,733
0,894
0,694
0,1095
0,535
0,1181
0,936
0,919
0,881
0,1205
0,612
0,324
0,913
0,1116
0,890
0,618
0,227
0,1121
0,1090
0,858
0,449
0,1138
0,734
0,620
0,1081
0,142
0,764
0,1109
0,1132
0,889
0,870
0,845
0,1058
0,265
0,1082
0,812
0,123
0,809
0,1154
0,884
0,1140
0,1148
0,820
0,944
0,1093
0,1081
0,1030
0,1082
0,778
0,682
0,1144
0,1180
0,988
0,841
0,831
0,1038
0,1076
0,320
0,1104
0,1140
0,993
0,705
0,738
0,1160
0,957
0,822
0,1047
0,848
0,966
0,1094
0,1047
0,1067
0,929
0,988
0,962
0,992
0,1121
0,1039
0,1137
0,738
0,1096
0,1134
0,694
0,1114
0,1129
0,999
0,752
0,1112
0,1032
0,860
0,1115
0,1015
0,1113
0,938
0,906
0,846
0,909
0,269
0,921
0,848
0,1122
0,1037
0,1085
0,781
0,888
0,790
0,1204
0,1050
0,1127
0,616
0,870
0,1120
0,981
0,934
0,1048
0,895
0,1068
0,1061
0,499
0,667
0,1013
0,892
0,828
0,1148
0,1026
0,1043
0,1224
0,399
0,912
0,1227
0,889
0,27
0,1004
0,942
0,1051
0,498
0,857
0,1163
0,597
0,877
0,943
0,928
0,698
0,896
0,967
0,1109
0,997
0,1048
0,880
0,841
0,1085
0,954
0,1021
0,1212
0,1101
0,1091
0,941
0,749
0,997
0,1107
0,1122
0,878
0,358
0,457
0,189
0,967
0,657
0,1083
0,875
0,1009
0,1189
0,204
0,1046
0,1096
0,1188
0,1052
0,1113
0,733
0,1109
0,483
0,255
0,1058
0,236
0,478
0,1108
0,1035
0,927
0,1133
0,860
0,1124
0,794
0,1032
0,1094
0,1017
0,1081
0,754
0,1149
0,971
0,936
0,977
0,867
0,1053
0,995
0,582
0,997
0,510
0,1127
0,37
0,1083
0,1017
0,1100
0,914
0,1124
0,73
0,1101
0,728
0,1188
0,805
0,687
0,1034
0,1073
0,1142
0,1023
0,1137
0,803
0,1059
0,907
0,1093
0,959
0,1129
0,938
0,15
0,1064
0,1156
0,1079
0,1057
0,1008
0,1089
0,857
0,799
0,1066
0,1015
0,925
0,935
0,871
0,169
0,1162
0,1018
0,904
0,455
0,1037
0,962
0,591
0,1109
0,1059
0,1022
0,1063
0,1087
0,919
0,800
0,1041
0,873
0,971
0,1015
0,1100
0,839
0,725
0,1203
0,1013
0,898
0,822
0,914
0,882
0,823
0,742
0,815
0,159
0,494
0,1072
0,769
0,534
0,1081
0,1002
0,587
0,698
0,1020
0,841
0,473
0,842
0,1142
0,1086
0,926
0,541
0,903
0,1170
0,1058
0,1095
0,1085
0,967
0,954
0,1103
0,1068
0,1051
0,1012
0,853
0,918
0,1145
0,1068
0,872
0,1150
0,835
0,378
0,779
0,699
0,672
0,438
0,871
0,947
0,1052
0,804
0,434
0,275
0,1086
0,994
0,1148
0,842
0,1178
0,808
0,1105
0,944
0,250
0,1086
0,711
0,1119
0,735
0,1111
0,1057
0,950
0,1006
0,1069
0,1019
0,1103
0,1065
0,1137
0,997
0,1062
0,649
0,956
0,704
0,1151
0,915
0,560
0,129
0,529
0,1044
0,1066
0,891
0,1191
0,1054
0,383
0,792
0,1141
0,1093
0,919
0,971
0,7
0,498
0,652
0,1035
0,537
0,869
0,971
0,886
0,1172
0,569
0,704
0,780
0,788
0,1034
0,858
0,923
0,1164
0,1122
0,1092
0,1006
0,1079
0,1082
0,1048
0,296
0,1117
0,971
0,1054
0,1052
0,768
0,1149
0,1218
0,947
0,962
0,661
0,611
0,815
0,1049
0,4
0,1034
0,1008
0,1104
0,1060
0,820
0,1093
0,721
0,384
0,720
0,927
0,657
0,1117
0,1059
0,979
0,1112
0,702
0,1054
0,996
0,171
0,952
0,1165
0,980
0,1057
0,1135
0,171
0,673
0,1076
0,595
0,676
0,724
0,975
0,1099
0,761
0,158
0,959
0,382
0,914
0,917
0,1093
0,988
0,89
0,543
0,214
0,1002
0,1011
0,1097
0,894
0,941
0,925
0,416
0,1097
0,872
0,732
0,1087
0,1147
0,1143
0,1089
0,86
0,456
0,1238
0,1093
0,1137
0,997
0,583
0,1075
0,1116
0,1122
0,828
0,744
0,993
0,1184
0,712
0,986
0,1034
0,875
0,1136
0,1000
0,837
0,941
0,1007
0,994
0,773
0,1135
0,1136
0,1168
0,1019
0,804
0,462
0,1220
0,656
0,1047
0,1034
0,1072
0,1000
0,1030
0,533
0,703
0,1138
0,1085
0,792
0,1057
0,790
0,1058
0,1087
0,593
0,895
0,1028
0,1032
0,644
0,287
0,1003
0,981
0,303
0,439
0,553
0,167
0,1099
0,355
0,1170
0,1223
0,929
0,786
0,1058
0,1007
0,1058
0,1140
0,88
0,1012
0,948
0,488
0,1004
0,994
0,856
0,960
0,774
0,960
0,1065
0,967
0,537
0,886
0,1018
0,1244
0,499
0,46
0,1131
0,1118
0,970
0,1014
0,822
0,1125
0,1177
0,1014
0,1162
0,817
0,35
0,1164
0,434
0,955
0,992
0,740
0,1080
0,1086
0,1043
0,153
0,1088
0,991
0,990
0,139
0,1029
0,893
0,943
0,901
0,1085
0,637
0,873
0,805
0,1153
0,1062
0,705
0,1145
0,215
0,598
0,1076
0,1015
0,995
0,890
0,1068
0,1176
0,1048
0,337
0,421
0,899
0,1013
0,612
0,851
0,1097
0,1014
0,1059
0,1063
0,1020
0,1092
0,702
0,1043
0,1080
0,457
0,368
0,701
0,351
0,877
0,513
0,986
0,1023
0,940
0,1162
0,1118
0,1123
0,848
0,635
0,996
0,993
0,618
0,1066
0,1011
0,957
0,1144
0,379
0,1044
0,987
0,912
0,1022
0,1135
0,1046
0,1057
0,885
0,407
0,724
0,1064
0,1031
0,1046
0,1097
0,1171
0,1041
0,376
0,1018
0,964
0,896
0,1114
0,1094
0,1108
0,1139
0,385
0,974
0,975
0,1069
0,939
0,1081
0,882
0,1039
0,985
0,1001
0,939
0,758
0,1048
0,1084
0,674
0,996
0,322
0,471
0,1029
0,700
0,1090
0,684
0,1141
0,858
0,1039
0,957
0,864
0,662
0,1011
0,766
0,884
0,1166
0,516
0,581
0,1122
0,1103
0,1132
0,1057
0,596
0,1053
0,1140
0,801
0,54
0,989
0,867
0,1111
0,1094
0,996
0,1004
0,391
0,1080
0,1014
0,1030
0,302
0,877
0,1027
0,1019
0,1082
0,1083
0,1035
0,909
0,1015
0,921
0,920
0,1081
0,723
0,1063
0,599
0,408
0,326
0,79
0,498
0,971
0,1046
0,643
0,1187
0,987
0,1114
0,68
0,933
0,1123
0,1149
0,1055
0,1058
0,666
0,514
0,1165
0,703
0,125
0,36
0,756
0,914
0,1125
0,966
0,930
0,1066
0,365
0,976
0,79
0,397
0,1036
0,872
0,864
0,1191
0,930
0,982
0,931
0,17
0,1002
0,859
0,1015
0,1012
0,803
0,845
0,663
0,1153
0,1140
0,831
0,1146
0,683
0,1011
0,999
0,789
0,1013
0,1088
0,1072
0,1004
0,605
0,509
0,1169
0,579
0,951
0,633
0,988
0,1030
0,191
0,1082
0,958
0,1030
0,592
0,12
0,1020
0,765
0,802
0,993
0,1036
0,621
0,113
0,1077
0,1145
0,850
0,986
0,1075
0,1097
0,1140
0,996
0,977
0,891
0,952
0,1096
0,945
0,896
0,998
0,1135
0,832
0,1161
0,680
0,1000
0,1196
0,1219
0,983
0,1036
0,693
0,788
0,860
0,956
0,725
0,212
0,804
0,1154
0,947
0,1227
0,441
0,921
0,516
0,707
0,1122
0,1024
0,987
0,956
0,962
0,563
0,560
0,1120
0,546
0,756
0,1127
