703,361
699,300
575,501
772,56
709,369
826,101
646,408
857,64
730,361
714,231
790,224
689,202
901,59
834,102
755,171
791,156
775,122
828,83
654,471
803,72
819,160
813,75
905,44
831,65
675,461
868,119
720,181
571,540
739,232
858,90
566,541
757,160
571,538
733,238
881,42
726,179
817,52
802,43
825,35
830,99
854,13
580,514
563,554
852,185
869,10
616,425
758,195
766,255
802,212
766,213
880,3
709,311
752,87
615,494
687,297
819,115
870,100
865,150
815,117
833,46
834,127
880,67
756,248
599,579
860,101
746,220
920,67
669,409
829,117
717,314
847,47
748,295
722,139
765,357
812,108
762,231
796,21
877,88
610,444
544,610
755,237
710,178
828,52
860,16
863,49
873,31
784,229
646,469
829,30
764,179
774,160
802,243
862,50
667,395
656,447
818,87
733,232
725,227
747,234
607,547
809,119
782,99
473,801
824,22
677,340
843,154
590,451
504,779
701,285
824,50
802,220
807,141
762,178
783,202
903,13
844,21
709,288
727,324
760,162
831,69
780,162
734,235
780,139
913,58
768,229
795,167
829,48
811,193
573,592
622,448
644,403
762,311
833,33
729,308
702,428
825,216
638,394
916,21
877,63
921,12
906,43
608,390
710,322
766,29
700,236
843,24
464,733
885,120
850,40
790,71
479,621
901,56
716,280
750,298
757,172
885,101
804,106
886,29
858,65
830,105
514,604
852,142
587,603
769,158
707,330
866,8
663,391
727,144
838,111
639,373
669,320
905,29
725,376
829,81
841,90
713,380
838,114
791,139
826,113
653,433
850,110
570,569
637,464
843,121
696,355
915,22
751,152
776,110
647,342
766,201
823,117
707,309
594,475
702,268
566,553
783,29
832,50
787,81
741,233
672,323
905,51
752,187
618,515
847,62
742,363
472,695
904,60
936,25
639,362
907,66
708,310
740,277
733,215
905,7
765,142
788,176
637,500
631,423
565,524
820,127
700,364
432,713
736,215
737,199
548,637
794,136
850,74
763,225
869,56
829,84
750,248
668,347
661,390
723,282
671,275
724,147
803,129
805,45
716,209
738,302
758,57
706,413
733,379
769,180
857,141
861,66
904,31
678,410
874,46
647,392
657,321
800,146
815,100
784,64
792,131
572,468
842,31
692,296
783,198
799,111
883,1
875,22
768,188
677,361
773,100
693,346
833,67
828,80
838,51
732,208
696,311
630,344
772,84
861,140
837,114
898,23
916,37
732,263
833,190
796,114
569,551
817,58
792,197
775,164
836,90
804,117
894,34
857,99
788,101
892,8
717,387
827,65
818,67
732,358
825,65
400,905
686,421
612,447
793,87
872,34
728,310
728,302
831,112
826,136
901,103
889,77
799,178
877,47
826,205
898,5
780,127
581,557
879,42
886,8
829,73
771,142
573,525
778,57
733,149
736,240
862,27
593,530
907,20
658,214
863,173
699,356
756,240
764,185
841,57
874,8
666,411
639,400
829,84
707,235
822,105
635,555
853,56
670,335
873,92
777,133
800,71
826,80
807,172
616,548
820,101
658,296
509,697
738,241
688,330
812,42
820,163
651,400
610,502
826,22
524,634
702,167
887,57
750,241
909,65
877,77
528,594
786,207
882,7
762,246
647,552
787,242
591,542
618,480
848,58
777,59
829,85
766,223
835,227
798,85
688,349
801,106
656,384
818,106
876,75
647,375
856,84
640,431
718,293
832,71
776,121
894,69
827,4
674,321
585,612
789,39
709,289
798,121
710,239
787,153
846,12
860,103
799,84
615,447
806,169
814,119
804,146
704,254
522,578
697,378
829,11
769,232
891,37
829,85
786,199
813,144
846,43
730,299
744,228
857,17
615,432
772,186
732,328
846,10
777,171
474,686
619,340
780,157
760,243
602,512
754,238
805,188
815,4
895,10
762,224
654,422
778,166
781,78
873,50
732,187
718,365
774,120
884,85
877,55
691,331
588,545
845,100
557,516
506,597
869,44
441,742
849,102
607,442
843,99
728,124
694,354
558,602
758,208
750,237
819,113
801,113
781,277
812,19
865,86
630,522
818,69
829,133
741,301
817,110
554,605
808,227
833,121
868,48
586,437
689,327
596,478
810,136
775,147
849,54
845,49
889,43
719,271
808,37
851,18
765,155
869,28
533,630
735,182
640,290
756,111
673,421
879,84
941,30
941,19
598,476
868,18
702,375
864,84
798,166
718,359
748,254
529,607
733,255
591,456
812,77
748,263
800,203
873,98
797,135
867,12
833,162
780,150
861,75
768,289
861,24
886,145
786,76
849,95
845,76
811,73
756,197
809,66
772,124
730,175
732,186
720,386
929,40
486,660
789,148
492,722
797,72
794,252
807,50
843,50
842,131
618,597
650,425
667,405
708,315
648,361
790,145
789,272
695,281
892,8
418,855
434,845
803,79
848,12
608,491
855,161
761,201
762,147
944,1
786,236
662,394
769,214
674,368
774,105
609,428
813,6
701,354
498,730
597,414
757,221
714,207
688,333
743,373
733,218
720,330
877,158
704,311
512,821
764,176
598,434
750,165
798,202
899,59
680,264
822,11
723,268
601,409
758,226
721,322
788,102
829,161
742,260
674,464
827,30
883,53
833,11
809,175
795,185
794,171
672,352
894,1
783,193
888,104
680,384
513,632
822,17
878,9
716,259
439,748
677,408
750,264
806,102
605,389
724,245
726,242
689,440
698,269
756,202
733,257
773,56
708,294
918,105
824,76
588,537
460,724
744,160
682,438
889,89
610,446
755,145
710,324
808,124
890,72
883,43
792,220
860,10
806,70
637,395
569,526
813,79
854,21
815,115
756,296
832,131
802,211
849,92
835,65
830,127
721,197
680,454
577,495
522,589
919,22
859,198
694,272
854,49
875,44
563,469
635,401
839,224
875,50
744,259
648,356
827,138
733,266
839,59
750,126
792,228
558,596
834,118
807,165
735,317
725,292
650,385
891,6
639,422
701,328
833,19
753,313
758,210
520,547
828,17
724,291
749,150
773,161
774,100
696,226
655,497
564,486
568,375
837,190
505,528
835,67
713,135
769,217
815,99
645,399
738,231
757,179
871,16
698,355
702,351
723,348
935,15
802,195
651,377
807,183
760,287
856,63
858,13
875,24
844,157
804,102
879,7
652,390
591,326
723,270
814,87
820,288
841,11
882,2
747,173
873,11
846,74
661,305
866,70
698,252
650,448
644,502
843,168
797,146
552,600
807,112
505,654
830,32
738,212
777,286
793,235
773,122
726,345
699,211
898,124
664,235
668,422
645,424
786,61
704,278
731,228
733,403
701,332
645,464
759,288
854,55
688,266
806,142
881,102
804,150
520,718
738,270
817,125
728,322
500,615
860,10
855,41
683,317
862,125
886,58
599,500
845,123
812,136
776,64
624,427
566,578
858,39
860,7
629,416
840,67
923,114
658,487
861,119
752,239
792,206
654,436
519,609
813,146
909,59
822,207
735,352
825,145
827,61
861,38
832,48
694,403
627,390
894,6
710,316
663,324
792,243
918,21
766,164
763,186
802,193
887,17
879,39
733,321
501,593
647,446
727,363
713,394
799,64
662,468
820,169
822,128
728,317
708,277
840,22
763,238
528,552
665,399
855,125
815,146
628,421
833,194
820,94
782,112
630,416
823,78
837,36
890,16
744,351
834,42
867,44
542,567
919,32
771,103
864,145
601,463
783,74
936,11
661,390
853,60
919,21
798,214
674,358
685,416
873,84
813,108
616,438
692,311
876,18
854,15
373,819
593,513
874,19
834,64
680,354
981,38
689,342
904,9
832,53
720,362
905,19
685,356
681,253
584,482
809,1
878,47
745,297
706,321
763,155
575,582
709,364
654,468
557,626
773,58
846,222
794,150
852,132
771,159
733,148
634,320
817,54
905,21
696,292
577,543
837,108
835,28
814,193
765,224
805,293
617,434
726,359
665,363
772,84
826,100
761,180
842,5
582,548
812,140
811,36
780,150
501,672
787,87
619,473
821,9
678,330
719,330
671,387
765,202
723,318
823,43
861,27
775,162
770,143
672,433
668,524
891,9
853,27
636,462
749,228
596,510
880,94
676,425
701,251
737,262
788,199
810,123
655,457
633,399
859,131
543,594
781,82
853,86
819,138
742,322
482,705
851,46
593,514
747,130
772,71
631,346
673,336
882,58
685,412
844,34
768,176
781,144
622,592
501,626
825,60
621,433
822,133
888,9
824,147
734,251
842,72
730,170
818,48
910,14
854,89
583,513
549,535
634,368
876,82
694,300
718,125
863,81
898,14
724,273
735,248
678,408
799,120
693,318
687,302
708,297
718,316
864,89
331,927
837,15
591,507
814,177
880,89
864,24
653,377
870,33
838,121
775,220
825,133
742,282
849,141
607,319
864,83
774,179
525,624
608,369
734,241
566,621
768,59
699,339
798,174
831,23
907,22
408,762
802,136
798,205
787,269
764,174
901,59
711,284
827,65
697,276
860,111
