1883,9
1793,3
1820,4
1786,7
1848,8
1725,21
1806,4
1760,15
1771,29
1841,37
1834,5
1776,28
1802,12
1862,4
1769,14
1777,5
1739,23
1802,19
1803,6
1795,2
1718,25
1783,10
1874,13
1757,7
1832,5
1836,1
1767,21
1901,6
1791,13
1832,16
1738,10
1796,16
1742,1
1767,38
1788,1
1742,2
1780,16
1852,8
1684,67
1792,22
1775,8
1733,10
1702,16
1734,8
1824,8
1756,7
1840,1
1823,1
1766,31
1849,1
1798,1
1802,9
1755,2
1875,2
1774,12
1794,1
1679,21
1821,18
1838,5
1726,9
1825,2
1785,16
1739,13
1871,4
1704,28
1819,6
1795,6
1804,7
1831,3
1882,25
1774,1
1881,1
1825,27
1862,15
1760,1
1822,2
1824,3
1718,18
1855,13
1799,1
1787,3
1761,21
1813,3
1733,8
1795,8
1748,1
1807,47
1829,2
1776,1
1856,1
1702,16
1818,15
1875,3
1856,9
1844,24
1832,8
1791,9
1883,3
1760,10
1721,6
1728,35
1864,4
1771,7
1673,5
1825,3
1778,10
1807,5
1810,4
1732,45
1860,1
1856,16
1733,23
1747,12
1827,1
1833,1
1805,21
1772,19
1850,2
1816,15
1792,13
1739,14
1813,13
1802,2
1781,18
1807,2
1789,34
1782,17
1796,9
1714,54
1864,3
1866,41
1711,6
1803,21
1834,1
1814,4
1758,21
1803,7
1738,62
1762,18
1775,3
1811,12
1843,6
1798,2
1774,19
1878,13
1767,16
1804,11
1862,16
1772,1
1676,27
1878,4
1786,1
1839,3
1819,16
1783,19
1832,16
1709,31
1873,1
1762,2
1766,25
1812,10
1848,1
1899,6
1835,13
1837,2
1746,39
1841,7
1780,18
1760,42
1798,7
1849,9
1834,26
1847,11
1755,10
1787,4
1946,13
1751,25
1885,10
1802,31
1807,9
1814,7
1671,38
1814,7
1811,6
1834,12
1805,7
1789,10
1720,1
1721,31
1791,11
1805,4
1716,8
1826,1
1773,4
1738,1
1782,12
1846,7
1787,2
1784,32
1837,7
1726,56
1864,6
1686,30
1768,20
1756,1
1826,17
1813,26
1776,4
1722,2
1839,20
1734,4
1813,12
1734,4
1744,12
1792,15
1748,55
1798,4
1840,2
1742,11
1780,28
1865,2
1757,4
1760,25
1798,8
1751,21
1772,14
1708,30
1776,10
1704,2
1757,18
1852,4
1815,7
1795,2
1828,35
1799,5
1777,8
1747,26
1854,10
1789,31
1753,19
1806,21
1752,4
1777,9
1751,30
1758,9
1746,16
1713,10
1743,7
1795,36
1711,14
1745,17
1825,16
1768,7
1823,13
1781,43
1815,1
1793,16
1780,1
1876,2
1808,12
1803,16
1823,3
1782,10
1844,5
1741,4
1792,2
1852,3
1860,8
1801,8
1710,9
1823,6
1866,8
1811,1
1790,7
1807,5
1809,12
1826,4
1820,5
1706,34
1812,18
1890,2
1831,11
1790,9
1822,20
1752,4
1765,14
1764,6
1774,2
1698,20
1825,14
1786,31
1902,1
1792,2
1691,20
1789,2
1778,16
1742,5
1837,6
1773,5
1756,15
1748,21
1783,2
1826,16
1803,3
1819,58
1796,9
1835,8
1793,2
1823,12
1873,22
1779,4
1810,5
1819,2
1847,1
1804,1
1810,6
1818,1
1729,15
1873,6
1737,7
1716,4
1780,25
1813,29
1826,25
1774,6
1773,39
1860,21
1767,16
1810,9
1754,6
1777,26
1794,3
1750,34
1828,39
1832,25
1804,7
1832,26
1818,8
1860,10
1745,4
1854,11
1808,9
1749,9
1766,5
1727,21
1794,20
1715,11
1791,5
1699,47
1831,11
1782,2
1845,14
1842,20
1679,3
1831,12
1839,25
1874,29
1828,5
1683,21
1835,27
1786,2
1780,2
1781,4
1873,2
1790,14
1730,15
1836,1
1783,19
1911,12
1766,3
1760,24
1812,8
1791,10
1785,14
1812,4
1836,4
1785,5
1820,4
1835,1
1819,5
1755,8
1776,14
1739,3
1796,5
1805,2
1838,1
1806,10
1804,5
1776,6
1801,1
1792,29
1786,6
1833,1
1783,10
1763,5
1700,30
1837,4
1740,36
1779,31
1806,1
1837,14
1747,16
1782,14
1785,21
1790,32
1822,5
1862,3
1871,1
1755,33
1797,4
1841,14
1786,11
1794,5
1840,1
1781,4
1739,40
1842,6
1847,3
1766,8
1782,5
1887,3
1796,1
1803,16
1890,6
1819,2
1755,81
1804,4
1759,15
1748,4
1794,14
1822,1
1805,34
1796,2
1792,13
1861,3
1899,6
1748,11
1778,8
1720,3
1788,2
1763,30
1741,11
1824,6
1760,7
1862,12
1742,1
1759,4
1768,11
1870,13
1767,77
1777,1
1757,24
1790,15
1874,19
1770,12
1797,39
1706,8
1741,20
1810,23
1844,25
1844,18
1709,11
1796,14
1800,11
1911,2
1862,8
1851,13
1686,40
1805,3
1843,7
1806,7
1766,2
1805,54
1899,1
1681,44
1829,13
1801,11
1734,64
1879,5
1804,13
1781,3
1775,21
1813,1
1804,24
1744,1
1763,10
1786,5
1810,29
1792,2
1835,16
1813,10
1760,12
1753,22
1899,11
1820,20
1838,1
1840,2
1807,10
1732,10
1859,8
1903,11
1707,37
1770,15
1721,20
1864,3
1809,32
1744,19
1678,18
1779,6
1820,1
1723,12
1823,5
1732,13
1780,1
1722,1
1804,5
1789,25
1753,26
1723,4
1810,3
1761,44
1788,2
1749,44
1865,13
1873,15
1716,6
1788,1
1848,6
1830,8
1742,24
1747,3
1759,3
1856,45
1803,17
1804,20
1831,18
1855,3
1774,1
1801,34
1759,17
1806,24
1862,8
1760,12
1839,5
1842,2
1819,6
1782,10
1871,3
1711,7
1894,26
1754,3
1774,4
1705,7
1809,3
1746,10
1839,8
1806,20
1908,17
1819,3
1729,6
1733,59
1744,10
1770,45
1714,13
1814,12
1710,13
1795,4
1782,16
1756,15
1825,14
1776,8
1800,13
1874,7
1760,13
1777,14
1816,5
1746,12
1855,9
1765,7
1772,5
1812,11
1846,9
1790,17
1767,11
1750,17
1861,12
1831,10
1789,1
1828,4
1841,13
1696,23
1816,6
1806,14
1744,11
1674,19
1810,1
1804,5
1756,13
1805,4
1763,67
1814,2
1825,7
1710,4
1778,19
1717,43
1804,23
1749,2
1828,29
1832,2
1836,10
1821,5
1803,20
1806,7
1831,19
1769,30
1827,5
1809,1
1838,1
1782,18
1810,12
1813,27
1846,42
1729,7
1879,10
1803,2
1717,29
1770,3
1798,10
1855,10
1823,24
1856,3
1754,5
1772,7
1773,5
1868,11
1783,3
1806,3
1764,32
1912,6
1835,10
1807,3
1875,1
1790,4
1821,10
1750,2
1787,34
1809,7
1904,3
1809,28
1743,5
1796,16
1841,20
1770,10
1747,9
1686,36
1711,18
1784,10
1849,6
1799,2
1774,5
1799,18
1819,17
1825,3
1847,3
1717,11
1775,12
1765,17
1744,6
1720,49
1745,60
1781,7
1835,6
1832,3
1734,2
1744,8
1793,42
1796,9
1776,8
1846,8
1808,24
1816,1
1795,16
1760,2
1751,1
1711,2
1883,5
1838,13
1739,9
1829,5
1742,7
1891,1
1816,22
1772,24
1769,8
1793,12
1761,15
1812,5
1865,5
1781,18
1761,32
1793,3
1695,9
1811,15
1798,19
1849,13
1797,6
1697,34
1784,14
1817,43
1768,9
1760,2
1842,5
1765,14
1748,1
1863,12
1795,1
1805,3
1879,2
1742,5
1824,27
1800,7
1741,1
1725,11
1796,76
1846,7
1729,50
1727,14
1810,5
1868,8
1785,13
1788,1
1818,18
1832,30
1879,18
1800,12
1745,4
1743,11
1724,11
1717,34
1854,4
1778,29
1779,24
1834,6
1774,26
1841,6
1770,6
1811,7
1823,15
1809,13
1809,2
1791,20
1775,5
1775,4
1787,4
1779,3
1789,14
1865,5
1834,45
1798,22
1817,2
1703,11
1886,13
1814,8
1815,5
1807,3
1702,21
1788,6
1894,4
1832,7
1882,5
1841,1
1817,11
1835,29
1742,10
1767,4
1849,12
1841,1
1844,22
1736,3
1829,48
1905,4
1835,1
1791,4
1854,2
1817,5
1839,2
1779,3
1822,24
1829,16
1782,12
1866,5
1786,48
1794,4
1787,16
1748,3
1745,19
1811,2
1851,4
1694,10
1726,6
1768,7
1864,4
1803,8
1814,8
1773,17
1779,7
1862,15
1803,13
1740,7
1701,5
1830,2
1694,18
1784,3
1711,35
1735,4
1791,14
1751,36
1698,21
1711,3
1775,5
1762,3
1797,4
1728,14
1845,5
1783,6
1785,5
1754,8
1729,3
1749,4
1768,17
1801,30
1841,3
1724,8
1761,23
1816,23
1814,3
1833,7
1726,12
1886,8
1798,2
1768,19
1777,37
1795,2
1799,24
1750,2
1854,15
1798,20
1856,5
1757,15
1819,18
1807,9
1767,21
1736,8
1771,1
1828,17
1876,20
1805,49
1723,5
1730,18
1720,9
1800,5
1788,1
1802,2
1821,1
1790,2
1732,15
1827,7
1693,23
1921,6
1774,10
1770,3
1848,41
1808,1
1832,4
1826,11
1763,17
1734,3
1821,4
1749,10
1728,6
1822,7
1604,29
1771,3
1808,4
1870,7
1848,25
1771,18
1806,4
1730,20
1798,15
1844,7
1874,4
1817,31
1859,10
1755,3
1806,28
1842,25
1834,21
1839,1
1726,10
1850,1
1773,24
1767,1
1749,10
1815,16
1824,4
1770,24
1741,4
1813,17
1727,11
1744,12
1732,14
1864,1
1874,1
1827,19
1745,10
1788,3
1827,20
1894,6
1832,12
1669,40
1763,31
1765,5
1808,6
1770,8
1815,9
1811,1
1785,13
1832,1
1757,1
1786,4
1838,11
1762,3
1744,4
1785,12
1776,16
1722,18
1752,1
1815,19
1775,13
1782,3
1843,21
1792,11
1739,7
1763,5
1775,3
1784,9
1800,1
1854,1
1842,19
1846,3
1832,12
1778,12
1843,8
1820,15
1804,21
1777,1
1800,17
1794,8
1867,2
1848,7
1804,6
1828,6
1765,20
1700,51
1826,7
1745,3
1892,20
1791,22
1702,7
1861,10
1798,11
1732,6
1776,4
1778,1
1852,9
1788,3
1841,5
1785,7
1827,3
1757,4
1758,6
1812,19
1756,8
1798,9
1756,7
1773,9
1764,4
1738,28
1720,11
1722,23
1843,8
1832,8
1895,5
1736,19
1828,3
1766,8
1858,1
1840,8
1791,5
