0.006,8162
0.006,8505
0.006,8221
0.006,8581
0.006,8317
0.006,8157
0.006,7957
0.006,8080
0.006,8369
0.006,8566
0.006,8512
0.006,7630
0.006,8348
0.006,8575
0.006,8321
0.006,8340
0.006,8224
0.006,8649
0.006,7698
0.006,8080
0.006,8556
0.006,8323
0.006,8105
0.006,8487
0.006,8210
0.006,8149
0.006,8622
0.006,8427
0.006,7855
0.006,8273
0.006,8095
0.006,8367
0.006,8521
0.006,7541
0.006,8263
0.006,8276
0.006,8226
0.006,8713
0.006,8380
0.006,8511
0.006,8370
0.006,8565
0.006,7441
0.006,8648
0.006,8742
0.006,8346
0.006,8331
0.006,7977
0.006,7825
0.006,8599
0.006,7535
0.006,7722
0.006,8096
0.006,8588
0.006,8667
0.006,8296
0.006,7940
0.006,8098
0.006,8615
0.006,8157
0.006,7893
0.006,8559
0.006,8675
0.006,7711
0.006,8299
0.006,7937
0.006,8475
0.006,8611
0.006,8352
0.006,7971
0.006,8457
0.006,8539
0.006,8587
0.006,8444
0.006,8279
0.006,8290
0.006,7996
0.006,8536
0.006,8470
0.006,8416
0.006,7986
0.006,8115
0.006,8724
0.006,8554
0.006,8679
0.006,8437
0.006,8124
0.006,7877
0.006,8456
0.006,8161
0.006,8431
0.006,8582
0.006,8493
0.006,8505
0.006,8545
0.006,8136
0.006,8265
0.006,8308
0.006,7683
0.006,8207
0.006,8640
0.006,8501
0.006,7972
0.006,8190
0.006,7411
0.006,8297
0.006,8228
0.006,8489
0.006,8595
0.006,7575
0.006,8268
0.006,8508
0.006,8289
0.006,8177
0.006,8430
0.006,8537
0.006,8268
0.006,8518
0.006,7863
0.006,8372
0.006,8365
0.006,7979
0.006,8527
0.006,7534
0.006,8175
0.006,7743
0.006,8661
0.006,8405
0.006,8474
0.006,7620
0.006,8412
0.006,8078
0.006,8331
0.006,8109
0.006,8383
0.006,8239
0.006,8589
0.006,8311
0.006,7892
0.006,8369
0.006,8412
0.006,8639
0.006,8438
0.006,8525
0.006,8213
0.006,8350
0.006,8635
0.006,8195
0.006,7990
0.006,8305
0.006,8640
0.006,8323
0.006,8368
0.006,8450
0.006,8489
0.006,8701
0.006,8329
0.006,8630
0.006,8336
0.006,8403
0.006,8492
0.006,8378
0.006,8471
0.006,8563
0.006,8573
0.006,8649
0.006,8336
0.006,8547
0.006,8283
0.006,7390
0.006,8500
0.006,8311
0.006,8368
0.006,8240
0.006,8247
0.006,8036
0.006,8167
0.006,8512
0.006,8562
0.006,8461
0.006,8426
0.006,8458
0.006,7307
0.006,7937
0.006,8188
0.006,8539
0.006,8448
0.006,7163
0.006,8422
0.006,8449
0.006,8613
0.006,8556
0.006,8433
0.006,8539
0.006,8131
0.006,8288
0.006,8129
0.006,8595
0.006,8369
0.006,8141
0.006,8210
0.006,8534
0.006,7721
0.006,8191
0.006,8356
0.006,8606
0.006,8572
0.006,8223
0.006,8741
0.006,8344
0.006,8348
0.006,8027
0.006,8704
0.006,8473
0.006,8299
0.006,8641
0.006,8503
0.006,8489
0.006,8480
0.006,8489
0.006,8342
0.006,8255
0.006,8008
0.006,8374
0.006,8650
0.006,8100
0.006,7988
0.006,8490
0.006,8185
0.006,8439
0.006,8058
0.006,8393
0.006,8257
0.006,8313
0.006,7982
0.006,8549
0.006,8105
0.006,7961
0.006,8414
0.006,7884
0.006,8242
0.006,8576
0.006,8251
0.006,8381
0.006,8558
0.006,8301
0.006,8601
0.006,8617
0.006,7564
0.006,7175
0.006,8498
0.006,7266
0.006,8442
0.006,8430
0.006,8613
0.006,8418
0.006,8344
0.006,8225
0.006,8704
0.006,8386
0.006,8348
0.006,8411
0.006,8540
0.006,8299
0.006,8364
0.006,7701
0.006,7979
0.006,8117
0.006,8491
0.006,8562
0.006,8149
0.006,8143
0.006,8545
0.006,8267
0.006,8258
0.006,8518
0.006,6863
0.006,8644
0.006,8162
0.006,8279
0.006,8188
0.006,8237
0.006,8607
0.006,8466
0.006,8363
0.006,8492
0.006,8606
0.006,8420
0.006,7893
0.006,8178
0.006,8041
0.006,8392
0.006,8369
0.006,8481
0.006,8522
0.006,8323
0.006,8516
0.006,8483
0.006,8511
0.006,8656
0.006,8628
0.006,8357
0.006,8323
0.006,8137
0.006,8333
0.006,7926
0.006,8407
0.006,8464
0.006,8732
0.006,8624
0.006,8435
0.006,8064
0.006,8296
0.006,8411
0.006,8281
0.006,8351
0.006,8528
0.006,8365
0.006,7563
0.006,8151
0.006,8378
0.006,8238
0.006,8334
0.006,8546
0.006,8627
0.006,8431
0.006,8266
0.006,8561
0.006,7919
0.006,8466
0.006,7825
0.006,8428
0.006,8219
0.006,8268
0.006,8025
0.006,8451
0.006,8179
0.006,8405
0.006,7867
0.006,7812
0.006,8458
0.006,8058
0.006,8506
0.006,8136
0.006,7871
0.006,8417
0.006,8612
0.006,8218
0.006,8503
0.006,8173
0.006,8568
0.006,8411
0.006,8492
0.006,8539
0.006,8404
0.006,7717
0.006,8731
0.006,8174
0.006,8016
0.006,4141
0.006,8489
0.006,7840
0.006,8467
0.006,8549
0.006,8820
0.006,8570
0.006,8602
0.006,8442
0.006,8470
0.006,8301
0.006,8716
0.006,8766
0.006,8611
0.006,8394
0.006,8578
0.006,8551
0.006,8317
0.006,8320
0.006,8608
0.006,8132
0.006,8756
0.006,6981
0.006,8390
0.006,8019
0.006,8600
0.006,8427
0.006,8348
0.006,8484
0.006,8343
0.006,8396
0.006,8007
0.006,8487
0.006,8521
0.006,8659
0.006,8335
0.006,8699
0.006,8359
0.006,8663
0.006,8336
0.006,8261
0.006,8300
0.006,8390
0.006,8485
0.006,8761
0.006,8299
0.006,7515
0.006,8738
0.006,7713
0.006,8366
0.006,8362
0.006,8344
0.006,8383
0.006,8552
0.006,8503
0.006,8504
0.006,8234
0.006,7417
0.006,8600
0.006,8151
0.006,8304
0.006,8248
0.006,8322
0.006,8591
0.006,8271
0.006,8389
0.006,8440
0.006,7932
0.006,7987
0.006,8685
0.006,8767
0.006,8364
0.006,8595
0.006,7818
0.006,8524
0.006,8462
0.006,8044
0.006,8570
0.006,8046
0.006,8140
0.006,8440
0.006,8227
0.006,8474
0.006,8251
0.006,8421
0.006,8437
0.006,8597
0.006,8602
0.006,8468
0.006,8485
0.006,2704
0.006,8607
0.006,8275
0.006,8332
0.006,8521
0.006,7954
0.006,8702
0.006,8485
0.006,8517
0.006,8452
0.006,8511
0.006,8476
0.006,8394
0.006,8587
0.006,8414
0.006,8535
0.006,8636
0.006,8333
0.006,8361
0.006,8554
0.006,8320
0.006,8173
0.006,7967
0.006,8140
0.006,8038
0.006,8459
0.006,8456
0.006,8246
0.006,8269
0.006,8286
0.006,8218
0.006,7266
0.006,8010
0.006,8160
0.006,8007
0.006,8664
0.006,8261
0.006,7438
0.006,8015
0.006,8536
0.006,8330
0.006,8488
0.006,8597
0.006,8249
0.006,8477
0.006,8557
0.006,8693
0.006,8209
0.006,8407
0.006,8397
0.006,8200
0.006,8532
0.006,8218
0.006,8625
0.006,8577
0.006,8393
0.006,8769
0.006,8502
0.006,7730
0.006,8057
0.006,8231
0.006,8306
0.006,8409
0.006,8741
0.006,8503
0.006,8028
0.006,8678
0.006,8409
0.006,8300
0.006,8087
0.006,8550
0.006,8468
0.006,8511
0.006,8453
0.006,8561
0.006,8075
0.006,8030
0.006,8317
0.006,8659
0.006,8000
0.006,8284
0.006,8623
0.006,8329
0.006,8173
0.006,8118
0.006,7948
0.006,8771
0.006,7718
0.006,8298
0.006,8415
0.006,8550
0.006,7288
0.006,8499
0.006,8272
0.006,8151
0.006,8682
0.006,8477
0.006,8485
0.006,8461
0.006,8511
0.006,8789
0.006,8305
0.006,7387
0.006,7963
0.006,8268
0.006,7479
0.006,7852
0.006,8658
0.006,8411
0.006,8527
0.006,8566
0.006,8344
0.006,8546
0.006,8184
0.006,8500
0.006,8522
0.006,8480
0.006,8369
0.006,8210
0.006,8171
0.006,7994
0.006,8503
0.006,8695
0.006,8192
0.006,8309
0.006,8305
0.006,8559
0.006,7386
0.006,8340
0.006,8600
0.006,8652
0.006,8550
0.006,8612
0.006,8635
0.006,8193
0.006,8391
0.006,8137
0.006,8250
0.006,8486
0.006,8136
0.006,8318
0.006,8466
0.006,8197
0.006,8144
0.006,8629
0.006,7338
0.006,8583
0.006,8323
0.006,8479
0.006,8521
0.006,8707
0.006,8221
0.006,8681
0.006,8117
0.006,8381
0.006,8211
0.006,8107
0.006,8283
0.006,8086
0.006,8676
0.006,7690
0.006,8471
0.006,8480
0.006,8777
0.006,8257
0.006,8554
0.006,8566
0.006,8677
0.006,8354
0.006,8476
0.006,8505
0.006,8313
0.006,8387
0.006,8524
0.006,8052
0.006,8683
0.006,8336
0.006,8315
0.006,7738
0.006,8241
0.006,7696
0.006,8738
0.006,8038
0.006,8460
0.006,8009
0.006,8581
0.006,8549
0.006,8684
0.006,7562
0.006,8364
0.006,8599
0.006,8588
0.006,8172
0.006,8743
0.006,8584
0.006,8176
0.006,8589
0.006,8265
0.006,8387
0.006,7129
0.006,7472
0.006,8331
0.006,8253
0.006,8542
0.006,8271
0.006,8510
0.006,8102
0.006,7891
0.006,8140
0.006,8262
0.006,8320
0.006,8206
0.006,8092
0.006,8460
0.006,7955
0.006,8546
0.006,8433
0.006,8457
0.006,8494
0.006,7785
0.006,8457
0.006,8445
0.006,8414
0.006,8397
0.006,8320
0.006,8125
0.006,8372
0.006,8354
0.006,8513
0.006,8347
0.006,8277
0.006,8349
0.006,8081
0.006,8364
0.006,8667
0.006,8205
0.006,8416
0.006,8401
0.006,8591
0.006,8371
0.006,8132
0.006,8092
0.006,7522
0.006,8283
0.006,8602
0.006,7483
0.006,7925
0.006,8747
0.006,8295
0.006,7967
0.006,8094
0.006,8133
0.006,8551
0.006,7666
0.006,8686
0.006,8461
0.006,8257
0.006,8537
0.006,8517
0.006,8326
0.006,8490
0.006,8507
0.006,8422
0.006,8558
0.006,8570
0.006,8555
0.006,8496
0.006,7300
0.006,8474
0.006,8328
0.006,8616
0.006,8494
0.006,8083
0.006,7884
0.006,7269
0.006,8434
0.006,8633
0.006,8213
0.006,8588
0.006,8494
0.006,8481
0.006,8522
0.006,8579
0.006,7808
0.006,8522
0.006,8378
0.006,8105
0.006,8524
0.006,8477
0.006,8059
0.006,8660
0.006,8175
0.006,8438
0.006,8538
0.006,8455
0.006,8101
0.006,8438
0.006,8394
0.006,8278
0.006,7908
0.006,8687
0.006,8173
0.006,8694
0.006,7811
0.006,7745
0.006,8285
0.006,8556
0.006,7929
0.006,7507
0.006,8587
0.006,8649
0.006,8795
0.006,8041
0.006,8533
0.006,7859
0.006,8496
0.006,8258
0.006,8448
0.006,8664
0.006,8483
0.006,8549
0.006,7995
0.006,7446
0.006,8253
0.006,8300
0.006,7485
0.006,8092
0.006,8294
0.006,8272
0.006,5514
0.006,7199
0.006,8501
0.006,8336
0.006,7973
0.006,8141
0.006,8663
0.006,8492
0.006,7279
0.006,8433
0.006,8659
0.006,8188
0.006,8586
0.006,7746
0.006,8625
0.006,8062
0.006,8557
0.006,8135
0.006,8481
0.006,7934
0.006,8435
0.006,7240
0.006,7449
0.006,8631
0.006,8372
0.006,8345
0.006,8618
0.006,8293
0.006,8557
0.006,8267
0.006,8466
0.006,8176
0.006,8576
0.006,8689
0.006,8543
0.006,7888
0.006,8118
0.006,8452
0.006,8239
0.006,8225
0.006,8696
0.006,8677
0.006,8638
0.006,8487
0.006,7746
0.006,8722
0.006,8408
0.006,8142
0.006,8311
0.006,8280
0.006,8371
0.006,6553
0.006,8499
0.006,8287
0.006,8033
0.006,8299
0.006,8172
0.006,8164
0.006,8472
0.006,8353
0.006,8634
0.006,7970
0.006,7933
0.006,8389
0.006,8444
0.006,8260
0.006,8375
0.006,8532
0.006,7949
0.006,8020
0.006,8463
0.006,8009
0.006,8312
0.006,8447
0.006,8421
0.006,8258
0.006,8084
0.006,7752
0.006,8447
0.006,8543
0.006,8623
0.006,8163
0.006,7819
0.006,8090
0.006,8588
0.006,8564
0.006,7937
0.006,7995
0.006,8392
0.006,8304
0.006,7897
0.006,8394
0.006,8335
0.006,8503
0.006,7993
0.006,6776
0.006,8625
0.006,8674
0.006,8704
0.006,8389
0.006,8519
0.006,8061
0.006,7925
0.006,8397
0.006,8392
0.006,8727
0.006,8330
0.006,7007
0.006,8314
0.006,8439
0.006,8600
0.006,8360
0.006,8573
0.006,8443
0.006,8079
0.006,8652
0.006,8640
0.006,7762
0.006,8438
0.006,8279
0.006,8627
0.006,8348
0.006,7787
0.006,8692
0.006,8216
0.006,8687
0.006,8273
0.006,8678
0.006,8693
0.006,8082
0.006,8360
0.006,8574
0.006,8706
0.006,8297
0.006,8528
0.006,8237
0.006,8399
0.006,8661
0.006,8386
0.006,7828
0.006,8454
0.006,8738
0.006,8353
0.006,8372
0.006,8357
0.006,8542
0.006,7289
0.006,7303
0.006,8509
0.006,8425
0.006,8650
0.006,8344
0.006,8359
0.006,8520
0.006,8316
0.006,8046
0.006,8528
0.006,8402
0.006,8464
0.006,8167
0.006,8270
0.006,8213
0.006,8636
0.006,8253
0.006,8548
0.006,8223
0.006,8629
0.006,8320
0.006,8403
0.006,8529
0.006,8186
0.006,8680
0.006,8196
0.006,8248
0.006,8317
0.006,8616
0.006,8508
0.006,8394
0.006,8381
0.006,8611
0.006,8281
0.006,8266
0.006,8190
0.006,7509
0.006,8383
0.006,8332
0.006,8216
0.006,8533
0.006,8714
0.006,8595
0.006,8647
0.006,8322
0.006,8574
0.006,8068
0.006,8633
0.006,8599
0.006,8168
0.006,7783
0.006,8465
0.006,8294
0.006,8172
0.006,8435
0.006,8134
0.006,8606
0.006,8056
0.006,8436
0.006,8428
0.006,7939
0.006,8260
0.006,8653
0.006,8619
0.006,8388
0.006,8341
0.006,8562
0.006,8037
0.006,7458
0.006,8157
0.006,8118
0.006,8888
0.006,8385
0.006,8164
0.006,8546
