0.004,3116
0.004,1892
0.004,7460
0.004,5542
0.004,7957
0.004,7549
0.004,7258
0.004,8264
0.004,6715
0.004,6934
0.004,6594
0.004,7165
0.004,6622
0.004,6688
0.004,8342
0.004,6853
0.004,7588
0.004,7990
0.004,7452
0.004,8642
0.004,6454
0.004,5922
0.004,8464
0.004,7551
0.004,7358
0.004,7357
0.004,8165
0.004,7972
0.004,8338
0.004,8272
0.004,8235
0.004,8069
0.004,5209
0.004,8072
0.004,4710
0.004,7869
0.004,8358
0.004,8219
0.004,5840
0.004,8191
0.004,8164
0.004,8107
0.004,8144
0.004,5423
0.004,3350
0.004,7381
0.004,6962
0.004,8445
0.004,7707
0.004,8383
0.004,5352
0.004,7241
0.004,8212
0.004,8188
0.004,7596
0.004,8220
0.004,7972
0.004,7830
0.004,8051
0.004,7707
0.004,7063
0.004,7644
0.004,7588
0.004,7039
0.004,7535
0.004,6965
0.004,8331
0.004,6742
0.004,3700
0.004,7979
0.004,7782
0.004,7744
0.004,7487
0.004,6653
0.004,5935
0.004,7061
0.004,8655
0.004,6891
0.004,7193
0.004,8467
0.004,7620
0.004,2782
0.004,7561
0.004,7729
0.004,7276
0.004,1192
0.004,8003
0.004,8133
0.004,7978
0.004,7333
0.004,6915
0.004,6353
0.004,7632
0.004,7191
0.004,7049
0.004,7744
0.004,8057
0.004,7664
0.004,7821
0.004,8015
0.004,8221
0.004,7497
0.004,7515
0.004,7449
0.004,7298
0.004,7701
0.004,6983
0.004,6866
0.004,7435
0.004,7075
0.004,7992
0.004,8147
0.004,7160
0.004,7250
0.004,8152
0.004,3799
0.004,7241
0.004,7949
0.004,7651
0.004,8644
0.004,8160
0.004,8045
0.004,7867
0.004,8316
0.004,8082
0.004,7907
0.004,7589
0.004,5956
0.004,7598
0.004,6937
0.004,7264
0.004,8054
0.004,6197
0.004,8045
0.004,7052
0.004,8024
0.004,7526
0.004,7840
0.004,6441
0.004,8041
0.004,7413
0.004,5590
0.004,8133
0.004,6485
0.004,7533
0.004,7409
0.004,5685
0.004,7863
0.004,8495
0.004,7586
0.004,7806
0.004,5929
0.004,8122
0.004,7576
0.004,7833
0.004,6185
0.004,10
0.004,6633
0.004,7612
0.004,7714
0.004,7537
0.004,8170
0.004,8093
0.004,7919
0.004,7997
0.004,8248
0.004,8186
0.004,6327
0.004,7413
0.004,7434
0.004,8272
0.004,7629
0.004,5193
0.004,7403
0.004,5962
0.004,8097
0.004,3227
0.004,6908
0.004,7830
0.004,7552
0.004,363
0.004,7393
0.004,8419
0.004,7128
0.004,7362
0.004,8074
0.004,6607
0.004,4222
0.004,3686
0.004,7754
0.004,7683
0.004,5463
0.004,6044
0.004,7673
0.004,8374
0.004,7864
0.004,6720
0.004,6688
0.004,6946
0.004,7169
0.004,7572
0.004,7546
0.004,7335
0.004,7650
0.004,8082
0.004,1946
0.004,7284
0.004,7747
0.004,7854
0.004,6032
0.004,7942
0.004,8198
0.004,8229
0.004,6526
0.004,8009
0.004,7409
0.004,6457
0.004,7586
0.004,8145
0.004,3381
0.004,8195
0.004,7474
0.004,8181
0.004,6640
0.004,7878
0.004,7486
0.004,8447
0.004,7739
0.004,5196
0.004,8339
0.004,7334
0.004,7399
0.004,6814
0.004,8319
0.004,4772
0.004,4982
0.004,6628
0.004,7373
0.004,7972
0.004,7513
0.004,6207
0.004,8120
0.004,7265
0.004,7917
0.004,5597
0.004,7440
0.004,7307
0.004,7687
0.004,8045
0.004,5565
0.004,7485
0.004,6949
0.004,7078
0.004,8386
0.004,7474
0.004,8409
0.004,7435
0.004,6459
0.004,4354
0.004,6622
0.004,7407
0.004,6340
0.004,8112
0.004,8110
0.004,8287
0.004,6549
0.004,7221
0.004,7225
0.004,8593
0.004,7508
0.004,7761
0.004,7467
0.004,8170
0.004,7522
0.004,1882
0.004,8057
0.004,8052
0.004,7301
0.004,8489
0.004,4668
0.004,7153
0.004,8153
0.004,6429
0.004,7099
0.004,8368
0.004,8016
0.004,7944
0.004,7183
0.004,7643
0.004,8014
0.004,6224
0.004,7684
0.004,8048
0.004,6602
0.004,5672
0.004,6980
0.004,7878
0.004,2885
0.004,7944
0.004,8166
0.004,8401
0.004,7561
0.004,7671
0.004,8334
0.004,6836
0.004,6791
0.004,7033
0.004,5269
0.004,7953
0.004,7219
0.004,8306
0.004,5601
0.004,8109
0.004,7868
0.004,7713
0.004,7394
0.004,8246
0.004,7767
0.004,5488
0.004,7631
0.004,6999
0.004,5807
0.004,6545
0.004,7329
0.004,8336
0.004,7789
0.004,8152
0.004,6399
0.004,7704
0.004,7941
0.004,7805
0.004,7688
0.004,7563
0.004,5686
0.004,5520
0.004,7039
0.004,8068
0.004,8146
0.004,5987
0.004,7149
0.004,8093
0.004,7986
0.004,8164
0.004,7777
0.004,6991
0.004,8055
0.004,6657
0.004,6995
0.004,8198
0.004,7116
0.004,8395
0.004,6781
0.004,7954
0.004,6762
0.004,6917
0.004,5166
0.004,7762
0.004,7112
0.004,7547
0.004,7461
0.004,5375
0.004,6759
0.004,7442
0.004,7007
0.004,7456
0.004,8299
0.004,7143
0.004,7538
0.004,6203
0.004,7438
0.004,6939
0.004,7809
0.004,7861
0.004,4665
0.004,8376
0.004,7392
0.004,7481
0.004,8500
0.004,7330
0.004,7499
0.004,8445
0.004,6963
0.004,7403
0.004,7935
0.004,7084
0.004,6698
0.004,7488
0.004,7219
0.004,7110
0.004,8405
0.004,7783
0.004,3266
0.004,8247
0.004,8325
0.004,8140
0.004,7768
0.004,7961
0.004,7831
0.004,7268
0.004,8146
0.004,91
0.004,7769
0.004,7070
0.004,7349
0.004,7656
0.004,7720
0.004,7019
0.004,6503
0.004,6464
0.004,7529
0.004,8230
0.004,6491
0.004,7882
0.004,7217
0.004,8331
0.004,6097
0.004,7520
0.004,4884
0.004,8199
0.004,7295
0.004,6764
0.004,8022
0.004,6730
0.004,7840
0.004,7986
0.004,7868
0.004,7614
0.004,5938
0.004,4809
0.004,8185
0.004,8374
0.004,8441
0.004,4987
0.004,8098
0.004,5777
0.004,8023
0.004,7962
0.004,7198
0.004,8383
0.004,6891
0.004,6816
0.004,6632
0.004,7032
0.004,7795
0.004,7413
0.004,8092
0.004,8182
0.004,7451
0.004,6721
0.004,4810
0.004,7472
0.004,6202
0.004,7525
0.004,7684
0.004,7191
0.004,6120
0.004,7667
0.004,8153
0.004,6387
0.004,7686
0.004,6833
0.004,6142
0.004,8783
0.004,7697
0.004,7759
0.004,7662
0.004,6738
0.004,8401
0.004,8054
0.004,1655
0.004,5855
0.004,6631
0.004,5534
0.004,7576
0.004,6770
0.004,6601
0.004,7059
0.004,6670
0.004,6646
0.004,8195
0.004,8073
0.004,6060
0.004,8162
0.004,7125
0.004,6989
0.004,7981
0.004,7564
0.004,8151
0.004,6546
0.004,6779
0.004,6999
0.004,7333
0.004,7461
0.004,7547
0.004,7374
0.004,7862
0.004,7137
0.004,8013
0.004,7524
0.004,8147
0.004,7891
0.004,8307
0.004,7293
0.004,7502
0.004,6394
0.004,7551
0.004,8097
0.004,7672
0.004,7757
0.004,7456
0.004,8520
0.004,2597
0.004,7057
0.004,7160
0.004,7933
0.004,7344
0.004,8011
0.004,8057
0.004,6526
0.004,7776
0.004,8410
0.004,8697
0.004,7190
0.004,5855
0.004,8291
0.004,7599
0.004,8138
0.004,8143
0.004,7268
0.004,8387
0.004,8111
0.004,7486
0.004,8253
0.004,5330
0.004,7040
0.004,5793
0.004,6911
0.004,5290
0.004,8355
0.004,3177
0.004,7234
0.004,7749
0.004,7651
0.004,6938
0.004,6899
0.004,7551
0.004,8367
0.004,7125
0.004,6145
0.004,6815
0.004,7396
0.004,5205
0.004,6813
0.004,6633
0.004,7969
0.004,6048
0.004,8029
0.004,7724
0.004,7924
0.004,7342
0.004,7894
0.004,8372
0.004,4416
0.004,5974
0.004,6709
0.004,5811
0.004,6414
0.004,8411
0.004,6988
0.004,7355
0.004,7085
0.004,7706
0.004,7377
0.004,7742
0.004,7006
0.004,8250
0.004,7551
0.004,3509
0.004,6715
0.004,7239
0.004,7743
0.004,8359
0.004,6565
0.004,8470
0.004,7404
0.004,7943
0.004,7412
0.004,7693
0.004,5707
0.004,8115
0.004,8116
0.004,7269
0.004,1376
0.004,7736
0.004,8188
0.004,7661
0.004,8080
0.004,7920
0.004,6982
0.004,6568
0.004,8184
0.004,5623
0.004,7119
0.004,7205
0.004,6744
0.004,7203
0.004,8290
0.004,6975
0.004,8466
0.004,7545
0.004,7796
0.004,7420
0.004,5817
0.004,7620
0.004,6804
0.004,8059
0.004,7159
0.004,7113
0.004,5620
0.004,4988
0.004,2404
0.004,6806
0.004,8269
0.004,7601
0.004,4324
0.004,6697
0.004,8149
0.004,7851
0.004,7412
0.004,7152
0.004,7142
0.004,6644
0.004,7858
0.004,7902
0.004,6807
0.004,5993
0.004,8100
0.004,4590
0.004,6900
0.004,7866
0.004,7964
0.004,7030
0.004,6676
0.004,4084
0.004,6707
0.004,8160
0.004,7659
0.004,8335
0.004,6023
0.004,7752
0.004,7906
0.004,4677
0.004,8599
0.004,7836
0.004,7877
0.004,5882
0.004,8171
0.004,7796
0.004,7237
0.004,6964
0.004,8054
0.004,7543
0.004,7545
0.004,241
0.004,7406
0.004,2958
0.004,6209
0.004,7893
0.004,5053
0.004,7064
0.004,7618
0.004,7754
0.004,7838
0.004,7417
0.004,8197
0.004,6395
0.004,5273
0.004,8157
0.004,6040
0.004,8156
0.004,5594
0.004,8276
0.004,8174
0.004,7777
0.004,8347
0.004,8188
0.004,7104
0.004,7912
0.004,7010
0.004,3609
0.004,7824
0.004,8227
0.004,8134
0.004,7768
0.004,5981
0.004,7626
0.004,6376
0.004,7552
0.004,7824
0.004,7949
0.004,7785
0.004,7556
0.004,7241
0.004,7874
0.004,8020
0.004,5493
0.004,7854
0.004,6551
0.004,8144
0.004,7849
0.004,6886
0.004,7808
0.004,1408
0.004,8019
0.004,6538
0.004,7891
0.004,6495
0.004,6364
0.004,5693
0.004,7405
0.004,5867
0.004,7532
0.004,8124
0.004,7979
0.004,7217
0.004,6226
0.004,7610
0.004,8283
0.004,7514
0.004,5954
0.004,7496
0.004,5437
0.004,7257
0.004,7375
0.004,8364
0.004,2369
0.004,628
0.004,5914
0.004,8171
0.004,8271
0.004,7739
0.004,8021
0.004,6045
0.004,7380
0.004,7996
0.004,6433
0.004,7212
0.004,5348
0.004,6769
0.004,6208
0.004,8266
0.004,8006
0.004,6254
0.004,7931
0.004,8086
0.004,5898
0.004,8400
0.004,6786
0.004,5928
0.004,8178
0.004,7909
0.004,3985
0.004,7904
0.004,7193
0.004,6094
0.004,7573
0.004,8266
0.004,7544
0.004,6673
0.004,5592
0.004,8057
0.004,7754
0.004,7563
0.004,6584
0.004,7448
0.004,7830
0.004,7236
0.004,6883
0.004,6913
0.004,8412
0.004,8139
0.004,6672
0.004,8224
0.004,7329
0.004,8397
0.004,7700
0.004,6893
0.004,8315
0.004,8301
0.004,8092
0.004,6438
0.004,6480
0.004,8011
0.004,8258
0.004,844
0.004,7928
0.004,4980
0.004,7540
0.004,5943
0.004,336
0.004,7635
0.004,5227
0.004,7130
0.004,6093
0.004,6870
0.004,6850
0.004,6883
0.004,6845
0.004,7932
0.004,7275
0.004,8577
0.004,7900
0.004,8303
0.004,8733
0.004,7102
0.004,4663
0.004,7277
0.004,6242
0.004,6987
0.004,6892
0.004,7353
0.004,7326
0.004,2022
0.004,7037
0.004,5705
0.004,8341
0.004,8059
0.004,5744
0.004,7749
0.004,4005
0.004,6810
0.004,5976
0.004,6117
0.004,6340
0.004,7735
0.004,8257
0.004,6474
0.004,7580
0.004,7840
0.004,7983
0.004,4934
0.004,7104
0.004,937
0.004,8507
0.004,8089
0.004,8594
0.004,7860
0.004,7948
0.004,8114
0.004,7527
0.004,8014
0.004,7605
0.004,8148
0.004,7969
0.004,8022
0.004,7543
0.004,6698
0.004,7678
0.004,7673
0.004,6927
0.004,7088
0.004,7353
0.004,7991
0.004,7819
0.004,7681
0.004,4456
0.004,5550
0.004,6941
0.004,6490
0.004,8381
0.004,7647
0.004,8065
0.004,5203
0.004,5902
0.004,7407
0.004,7160
0.004,6668
0.004,6263
0.004,8307
0.004,8328
0.004,2229
0.004,7887
0.004,8285
0.004,7520
0.004,6777
0.004,6891
0.004,7698
0.004,8361
0.004,7145
0.004,8342
0.004,8027
0.004,7547
0.004,6657
0.004,8504
0.004,6878
0.004,8463
0.004,604
0.004,7797
0.004,7778
0.004,6971
0.004,7559
0.004,7376
0.004,8410
0.004,6488
0.004,5895
0.004,7548
0.004,8366
0.004,413
0.004,7150
0.004,8441
0.004,7529
0.004,8544
0.004,7606
0.004,6157
0.004,8231
0.004,7309
0.004,6975
0.004,8359
0.004,8321
0.004,5511
0.004,6391
0.004,8609
0.004,5405
0.004,8537
0.004,7640
0.004,7043
0.004,6380
0.004,7255
0.004,8501
0.004,7959
0.004,7396
0.004,6690
0.004,7320
0.004,8049
0.004,7738
0.004,8303
0.004,7935
0.004,6996
0.004,8169
0.004,1487
0.004,6782
0.004,8172
0.004,3330
0.004,6740
0.004,7445
0.004,8066
0.004,7728
0.004,7927
0.004,7538
0.004,1349
0.004,8323
0.004,7822
0.004,7753
0.004,5857
0.004,7819
0.004,7633
0.004,7866
0.004,7483
0.004,8291
0.004,7306
0.004,4996
0.004,8316
0.004,8461
0.004,8194
0.004,7867
0.004,7817
0.004,7964
0.004,8272
0.004,8159
0.004,7339
0.004,7141
0.004,7688
0.004,3811
0.004,6748
0.004,8137
0.004,7756
0.004,4960
0.004,7005
0.004,8080
0.004,7863
0.004,7752
0.004,7946
0.004,4312
0.004,7994
0.004,7236
0.004,7085
0.004,7454
0.004,7119
0.004,7729
0.004,6296
0.004,2590
0.004,6908
0.004,1366
0.004,2046
0.004,6955
0.004,8115
0.004,7866
0.004,7671
0.004,6806
0.004,7099
