0.004,3065
0.004,7460
0.004,8133
0.004,7613
0.004,8380
0.004,9088
0.004,6760
0.004,8105
0.004,7246
0.004,8081
0.004,9399
0.004,2050
0.004,7371
0.004,7257
0.004,7784
0.004,5495
0.004,6539
0.004,3450
0.004,7562
0.004,5926
0.004,4861
0.004,2121
0.004,6248
0.004,7924
0.004,6118
0.004,8688
0.004,4344
0.004,728
0.004,812
0.004,7257
0.004,4790
0.004,8745
0.004,2352
0.004,6708
0.004,8919
0.004,2324
0.004,6791
0.004,804
0.004,5241
0.004,292
0.004,7864
0.004,8542
0.004,5876
0.004,7617
0.004,3133
0.004,7882
0.004,8477
0.004,3703
0.004,5283
0.004,1641
0.004,5439
0.004,7007
0.004,2265
0.004,7181
0.004,8289
0.004,3959
0.004,8077
0.004,5600
0.004,6347
0.004,8346
0.004,2700
0.004,8051
0.004,6085
0.004,1837
0.004,7229
0.004,6166
0.004,6120
0.004,6856
0.004,8529
0.004,6796
0.004,6983
0.004,8841
0.004,7430
0.004,3013
0.004,1192
0.004,3924
0.004,683
0.004,7506
0.004,6982
0.004,7891
0.004,8211
0.004,2492
0.004,6058
0.004,1936
0.004,7983
0.004,8530
0.004,7535
0.004,2640
0.004,6033
0.004,8883
0.004,8126
0.004,7361
0.004,7504
0.004,4996
0.004,6253
0.004,6715
0.004,8916
0.004,8772
0.004,8726
0.004,6326
0.004,4214
0.004,8982
0.004,2171
0.004,7629
0.004,6051
0.004,8535
0.004,8110
0.004,7820
0.004,8526
0.004,4496
0.004,7964
0.004,4435
0.004,7724
0.004,7195
0.004,7936
0.004,6695
0.004,743
0.004,3490
0.004,6385
0.004,3978
0.004,5506
0.004,6246
0.004,6679
0.004,7139
0.004,8467
0.004,8011
0.004,8005
0.004,2626
0.004,7955
0.004,5431
0.004,6701
0.004,6559
0.004,7517
0.004,7616
0.004,4346
0.004,6745
0.004,6957
0.004,7762
0.004,7449
0.004,3759
0.004,6041
0.004,6213
0.004,3392
0.004,5202
0.004,7730
0.004,6128
0.004,7192
0.004,8083
0.004,8029
0.004,8517
0.004,6538
0.004,8197
0.004,6203
0.004,3950
0.004,7763
0.004,6097
0.004,5360
0.004,4386
0.004,8195
0.004,6724
0.004,1366
0.004,9188
0.004,7638
0.004,8435
0.004,4319
0.004,5285
0.004,4830
0.004,3616
0.004,8562
0.004,9118
0.004,2379
0.004,5706
0.004,7937
0.004,3085
0.004,5253
0.004,8134
0.004,6848
0.004,696
0.004,49
0.004,8492
0.004,7543
0.004,8105
0.004,4464
0.004,5509
0.004,8253
0.004,4617
0.004,5693
0.004,6793
0.004,7923
0.004,4302
0.004,7721
0.004,3319
0.004,5726
0.004,7284
0.004,6355
0.004,7254
0.004,1612
0.004,6324
0.004,7669
0.004,8002
0.004,7886
0.004,6479
0.004,8656
0.004,7795
0.004,1323
0.004,2718
0.004,5932
0.004,5357
0.004,6841
0.004,8652
0.004,6637
0.004,305
0.004,7886
0.004,7166
0.004,5304
0.004,2421
0.004,4304
0.004,7093
0.004,6755
0.004,8127
0.004,7298
0.004,8460
0.004,8710
0.004,3983
0.004,7924
0.004,8414
0.004,5331
0.004,8219
0.004,586
0.004,5075
0.004,8638
0.004,2310
0.004,7687
0.004,6039
0.004,8712
0.004,3863
0.004,8870
0.004,5955
0.004,7042
0.004,8846
0.004,7821
0.004,8394
0.004,5068
0.004,8032
0.004,8972
0.004,7575
0.004,7206
0.004,8298
0.004,4322
0.004,1867
0.004,4985
0.004,8425
0.004,6652
0.004,7193
0.004,7912
0.004,7205
0.004,5555
0.004,6381
0.004,1427
0.004,6786
0.004,7401
0.004,4693
0.004,4718
0.004,7935
0.004,6773
0.004,8055
0.004,8486
0.004,6046
0.004,229
0.004,7871
0.004,6876
0.004,6993
0.004,5385
0.004,7956
0.004,4701
0.004,4982
0.004,7920
0.004,6289
0.004,7062
0.004,8226
0.004,2254
0.004,8495
0.004,2347
0.004,5235
0.004,7781
0.004,8547
0.004,5404
0.004,3425
0.004,1916
0.004,2534
0.004,6156
0.004,5821
0.004,7112
0.004,8057
0.004,636
0.004,7190
0.004,8790
0.004,7341
0.004,8440
0.004,6617
0.004,2967
0.004,5651
0.004,7110
0.004,6523
0.004,8047
0.004,4542
0.004,33
0.004,6238
0.004,8194
0.004,6032
0.004,7603
0.004,7554
0.004,6369
0.004,7295
0.004,5786
0.004,7864
0.004,6753
0.004,5811
0.004,4512
0.004,8213
0.004,7143
0.004,4122
0.004,8377
0.004,7626
0.004,4275
0.004,5506
0.004,9091
0.004,7568
0.004,6936
0.004,8530
0.004,8569
0.004,2524
0.004,4807
0.004,6461
0.004,5139
0.004,5659
0.004,1278
0.004,8941
0.004,337
0.004,9008
0.004,7083
0.004,7927
0.004,8368
0.004,6922
0.004,8391
0.004,7834
0.004,1598
0.004,8118
0.004,2500
0.004,9330
0.004,4086
0.004,4586
0.004,8768
0.004,8374
0.004,3704
0.004,6944
0.004,7194
0.004,8325
0.004,8600
0.004,2680
0.004,7426
0.004,7926
0.004,7223
0.004,8165
0.004,8879
0.004,4672
0.004,4476
0.004,6603
0.004,7630
0.004,2500
0.004,3184
0.004,7759
0.004,8487
0.004,7482
0.004,5985
0.004,8190
0.004,8591
0.004,383
0.004,7004
0.004,5306
0.004,8262
0.004,6482
0.004,6751
0.004,8220
0.004,4501
0.004,3114
0.004,7264
0.004,7309
0.004,7524
0.004,7361
0.004,4883
0.004,7219
0.004,3081
0.004,7716
0.004,8261
0.004,3658
0.004,7324
0.004,8413
0.004,4091
0.004,8009
0.004,885
0.004,6409
0.004,6817
0.004,7737
0.004,3176
0.004,7229
0.004,528
0.004,4043
0.004,3464
0.004,2195
0.004,6287
0.004,6840
0.004,3755
0.004,7026
0.004,4740
0.004,632
0.004,6726
0.004,6053
0.004,5533
0.004,3680
0.004,3998
0.004,3922
0.004,8582
0.004,7734
0.004,7099
0.004,8732
0.004,8504
0.004,6449
0.004,41
0.004,8272
0.004,7942
0.004,3488
0.004,2609
0.004,7523
0.004,8473
0.004,6576
0.004,8341
0.004,6135
0.004,5094
0.004,7915
0.004,4494
0.004,869
0.004,7044
0.004,8408
0.004,8404
0.004,4921
0.004,7034
0.004,8620
0.004,7343
0.004,4512
0.004,7767
0.004,786
0.004,3345
0.004,5103
0.004,7215
0.004,3432
0.004,8645
0.004,8449
0.004,4899
0.004,6119
0.004,8298
0.004,7377
0.004,5812
0.004,5720
0.004,6105
0.004,2509
0.004,5054
0.004,9236
0.004,7333
0.004,6763
0.004,6338
0.004,9072
0.004,7946
0.004,8304
0.004,5702
0.004,4068
0.004,6192
0.004,5960
0.004,7614
0.004,4475
0.004,6607
0.004,8292
0.004,8150
0.004,4909
0.004,7636
0.004,4488
0.004,8526
0.004,1257
0.004,4880
0.004,6654
0.004,8732
0.004,7809
0.004,3443
0.004,8205
0.004,8419
0.004,8014
0.004,8729
0.004,7038
0.004,4001
0.004,8103
0.004,8277
0.004,5459
0.004,8746
0.004,6123
0.004,4792
0.004,8655
0.004,7985
0.004,7691
0.004,8250
0.004,1788
0.004,6746
0.004,4297
0.004,7378
0.004,7228
0.004,7412
0.004,8133
0.004,6932
0.004,5487
0.004,6684
0.004,7578
0.004,6447
0.004,7754
0.004,2850
0.004,5292
0.004,8594
0.004,8843
0.004,8672
0.004,6030
0.004,9004
0.004,8445
0.004,2263
0.004,2913
0.004,6853
0.004,4996
0.004,8367
0.004,1602
0.004,7641
0.004,3375
0.004,9042
0.004,7506
0.004,5631
0.004,4893
0.004,6608
0.004,3486
0.004,4630
0.004,5692
0.004,8913
0.004,8034
0.004,7118
0.004,7876
0.004,8187
0.004,8696
0.004,7548
0.004,7226
0.004,8565
0.004,8660
0.004,7940
0.004,4351
0.004,1139
0.004,5193
0.004,3157
0.004,6981
0.004,7673
0.004,8077
0.004,6995
0.004,6156
0.004,6364
0.004,7829
0.004,9115
0.004,972
0.004,7836
0.004,5490
0.004,663
0.004,8398
0.004,9238
0.004,3257
0.004,2637
0.004,4661
0.004,4766
0.004,6440
0.004,2964
0.004,3711
0.004,8743
0.004,4895
0.004,6076
0.004,8620
0.004,8327
0.004,6950
0.004,7898
0.004,8616
0.004,7030
0.004,6491
0.004,2512
0.004,4807
0.004,8153
0.004,7981
0.004,9142
0.004,1775
0.004,4495
0.004,4767
0.004,8566
0.004,5130
0.004,6392
0.004,4839
0.004,7137
0.004,1572
0.004,3679
0.004,8164
0.004,8808
0.004,8469
0.004,1070
0.004,747
0.004,7011
0.004,8672
0.004,1596
0.004,515
0.004,9045
0.004,4583
0.004,8073
0.004,3094
0.004,2688
0.004,3302
0.004,4149
0.004,7577
0.004,7987
0.004,7722
0.004,7198
0.004,7384
0.004,7511
0.004,8331
0.004,8571
0.004,7357
0.004,1594
0.004,2853
0.004,2875
0.004,8559
0.004,7932
0.004,6904
0.004,8044
0.004,7726
0.004,6907
0.004,8615
0.004,5791
0.004,8661
0.004,2525
0.004,5913
0.004,2510
0.004,4894
0.004,4201
0.004,6440
0.004,8121
0.004,4876
0.004,3957
0.004,6094
0.004,3745
0.004,8446
0.004,7544
0.004,8033
0.004,6074
0.004,3783
0.004,4464
0.004,4317
0.004,7990
0.004,6099
0.004,668
0.004,8542
0.004,9054
0.004,4277
0.004,7969
0.004,5569
0.004,6103
0.004,8130
0.004,6859
0.004,7715
0.004,8468
0.004,9191
0.004,4796
0.004,8317
0.004,3865
0.004,5093
0.004,8602
0.004,5945
0.004,5844
0.004,7651
0.004,7469
0.004,6504
0.004,7722
0.004,6748
0.004,5810
0.004,6824
0.004,6182
0.004,8315
0.004,8815
0.004,8508
0.004,8074
0.004,7449
0.004,9200
0.004,5160
0.004,2564
0.004,5593
0.004,7044
0.004,781
0.004,909
0.004,8659
0.004,7643
0.004,6717
0.004,6164
0.004,2777
0.004,8663
0.004,8093
0.004,6097
0.004,7639
0.004,6953
0.004,962
0.004,5924
0.004,7764
0.004,2053
0.004,526
0.004,988
0.004,8817
0.004,7266
0.004,4876
0.004,8127
0.004,8487
0.004,6377
0.004,5924
0.004,5299
0.004,1791
0.004,8905
0.004,6601
0.004,7464
0.004,8120
0.004,6211
0.004,7754
0.004,3695
0.004,6810
0.004,6082
0.004,6336
0.004,5498
0.004,6854
0.004,8790
0.004,8844
0.004,3572
0.004,7997
0.004,8330
0.004,3855
0.004,4354
0.004,2959
0.004,6878
0.004,8187
0.004,8088
0.004,7821
0.004,1762
0.004,6802
0.004,2443
0.004,5634
0.004,263
0.004,3994
0.004,8273
0.004,7816
0.004,8400
0.004,4315
0.004,2732
0.004,2732
0.004,152
0.004,761
0.004,2390
0.004,4513
0.004,4105
0.004,7655
0.004,4206
0.004,4793
0.004,4933
0.004,6211
0.004,4818
0.004,6757
0.004,5292
0.004,3350
0.004,4322
0.004,8507
0.004,8791
0.004,8866
0.004,7384
0.004,8184
0.004,7613
0.004,8563
0.004,5319
0.004,9300
0.004,8362
0.004,8135
0.004,8404
0.004,4659
0.004,623
0.004,8577
0.004,8425
0.004,6484
0.004,7719
0.004,7919
0.004,2005
0.004,3022
0.004,8796
0.004,8505
0.004,8401
0.004,2131
0.004,8802
0.004,6353
0.004,2278
0.004,6496
0.004,8848
0.004,4944
0.004,7674
0.004,5842
0.004,8589
0.004,7542
0.004,7848
0.004,8564
0.004,7461
0.004,4437
0.004,1104
0.004,2370
0.004,7373
0.004,7030
0.004,6906
0.004,4599
0.004,8178
0.004,1810
0.004,1582
0.004,7155
0.004,8370
0.004,8218
0.004,2139
0.004,7348
0.004,6693
0.004,7228
0.004,7728
0.004,7658
0.004,5429
0.004,7566
0.004,6687
0.004,2384
0.004,7024
0.004,7272
0.004,6667
0.004,3995
0.004,5529
0.004,6633
0.004,3282
0.004,6269
0.004,5420
0.004,4986
0.004,9096
0.004,1235
0.004,2819
0.004,3504
0.004,7789
0.004,739
0.004,6967
0.004,1812
0.004,8785
0.004,6436
0.004,7240
0.004,7589
0.004,7026
0.004,6220
0.004,8608
0.004,8766
0.004,5936
0.004,6435
0.004,5910
0.004,8806
0.004,5926
0.004,9158
0.004,5767
0.004,6761
0.004,3539
0.004,6200
0.004,8656
0.004,3628
0.004,8236
0.004,8013
0.004,8353
0.004,6238
0.004,4294
0.004,6478
0.004,8366
0.004,6160
0.004,7085
0.004,8251
0.004,5019
0.004,5776
0.004,8717
0.004,6741
0.004,3655
0.004,5775
0.004,1871
0.004,8315
0.004,7711
0.004,6169
0.004,7331
0.004,8817
0.004,302
0.004,6558
0.004,6893
0.004,9176
0.004,8480
0.004,8979
0.004,840
0.004,6153
0.004,7203
0.004,5379
0.004,6426
0.004,7963
0.004,5719
0.004,365
0.004,8225
0.004,7234
0.004,3512
0.004,3970
0.004,7075
0.004,3667
0.004,8756
0.004,5054
0.004,8341
0.004,9419
0.004,8490
0.004,7884
0.004,3026
0.004,6031
0.004,7150
0.004,487
0.004,6055
0.004,8121
0.004,7464
0.004,6718
0.004,3960
0.004,5931
0.004,6511
0.004,7259
0.004,8252
0.004,8363
0.004,1547
0.004,7280
0.004,8577
0.004,7977
0.004,5635
0.004,6889
0.004,7554
0.004,8462
0.004,7439
0.004,3114
0.004,3842
0.004,1911
0.004,8066
0.004,3147
0.004,4307
0.004,8656
0.004,8301
0.004,5761
0.004,3379
0.004,4778
0.004,7631
0.004,9236
0.004,8219
0.004,4859
0.004,2163
0.004,5996
0.004,7834
0.004,5779
0.004,6050
0.004,6619
0.004,9149
0.004,8669
0.004,7216
0.004,7143
0.004,3959
0.004,5874
0.004,1014
0.004,8219
0.004,3849
0.004,7131
0.004,7790
0.004,8739
0.004,8647
0.004,6156
0.004,8213
0.004,7653
0.004,6927
0.004,7039
0.004,5305
0.004,2830
0.004,2501
0.004,4603
0.004,4041
0.004,4149
0.004,6754
0.004,5877
0.004,287
0.004,5825
0.004,4914
0.004,7097
