0.004,2705
0.004,1127
0.004,7199
0.004,2835
0.004,7747
0.004,7227
0.004,6759
0.004,7711
0.004,6084
0.004,6388
0.004,6171
0.004,6797
0.004,6088
0.004,5316
0.004,8086
0.004,7274
0.004,7861
0.004,7050
0.004,8512
0.004,5968
0.004,5153
0.004,8302
0.004,7121
0.004,7074
0.004,6837
0.004,7358
0.004,7583
0.004,7180
0.004,8019
0.004,7990
0.004,7762
0.004,7863
0.004,3802
0.004,7507
0.004,7150
0.004,8026
0.004,5220
0.004,7864
0.004,7895
0.004,7672
0.004,7984
0.004,4428
0.004,2964
0.004,7138
0.004,1893
0.004,7751
0.004,7456
0.004,7833
0.004,4573
0.004,6941
0.004,7908
0.004,7633
0.004,7366
0.004,8039
0.004,7782
0.004,7573
0.004,7807
0.004,7316
0.004,6430
0.004,7127
0.004,7343
0.004,6713
0.004,7328
0.004,6200
0.004,7580
0.004,5990
0.004,2489
0.004,7653
0.004,7438
0.004,6979
0.004,5898
0.004,5583
0.004,6824
0.004,8262
0.004,6372
0.004,6594
0.004,8303
0.004,5202
0.004,2066
0.004,7283
0.004,7530
0.004,6899
0.004,748
0.004,7655
0.004,7929
0.004,7742
0.004,6945
0.004,6566
0.004,5493
0.004,7440
0.004,6824
0.004,6723
0.004,7537
0.004,7839
0.004,7237
0.004,7506
0.004,6759
0.004,7717
0.004,6569
0.004,7140
0.004,7079
0.004,7751
0.004,6175
0.004,5996
0.004,7178
0.004,6842
0.004,7758
0.004,7787
0.004,6784
0.004,6520
0.004,7595
0.004,2886
0.004,6651
0.004,7766
0.004,7132
0.004,8380
0.004,7584
0.004,7729
0.004,7480
0.004,8022
0.004,7180
0.004,7672
0.004,7298
0.004,5472
0.004,7370
0.004,6388
0.004,7102
0.004,7747
0.004,5757
0.004,7695
0.004,6769
0.004,7836
0.004,7034
0.004,7565
0.004,6157
0.004,7894
0.004,7108
0.004,4789
0.004,7911
0.004,6043
0.004,6844
0.004,7133
0.004,3715
0.004,7169
0.004,8360
0.004,7302
0.004,7006
0.004,5464
0.004,7941
0.004,7170
0.004,7517
0.004,5680
0.004,9
0.004,5606
0.004,7157
0.004,7502
0.004,6769
0.004,7936
0.004,7661
0.004,7637
0.004,7725
0.004,8039
0.004,7972
0.004,5887
0.004,5880
0.004,7018
0.004,8095
0.004,7421
0.004,4664
0.004,6358
0.004,5463
0.004,7815
0.004,2135
0.004,6624
0.004,7374
0.004,7295
0.004,328
0.004,6963
0.004,8205
0.004,6652
0.004,6801
0.004,7651
0.004,6312
0.004,3720
0.004,2878
0.004,7510
0.004,7352
0.004,5243
0.004,7359
0.004,8153
0.004,7592
0.004,5993
0.004,6021
0.004,6708
0.004,6817
0.004,7000
0.004,7215
0.004,4890
0.004,7394
0.004,7575
0.004,991
0.004,6965
0.004,7515
0.004,7236
0.004,5610
0.004,7718
0.004,7961
0.004,7992
0.004,5567
0.004,7128
0.004,7149
0.004,6025
0.004,6790
0.004,7728
0.004,2590
0.004,8069
0.004,7079
0.004,6276
0.004,6728
0.004,7067
0.004,8132
0.004,7189
0.004,4686
0.004,7967
0.004,7073
0.004,6729
0.004,6516
0.004,7940
0.004,4350
0.004,4445
0.004,6299
0.004,6415
0.004,7756
0.004,6948
0.004,5914
0.004,2542
0.004,6986
0.004,7606
0.004,4742
0.004,7204
0.004,6585
0.004,7452
0.004,7844
0.004,4755
0.004,7146
0.004,4992
0.004,6594
0.004,7922
0.004,6989
0.004,8187
0.004,6996
0.004,6144
0.004,3740
0.004,6202
0.004,6346
0.004,5073
0.004,7955
0.004,7639
0.004,7753
0.004,5928
0.004,6973
0.004,6708
0.004,8337
0.004,6074
0.004,7559
0.004,7478
0.004,7734
0.004,7282
0.004,1356
0.004,7405
0.004,7765
0.004,1077
0.004,7363
0.004,1058
0.004,6781
0.004,7796
0.004,7319
0.004,8218
0.004,7793
0.004,7709
0.004,6597
0.004,7353
0.004,5674
0.004,7283
0.004,7793
0.004,6376
0.004,5266
0.004,6585
0.004,7699
0.004,2415
0.004,7658
0.004,7873
0.004,8156
0.004,7335
0.004,7306
0.004,8123
0.004,6541
0.004,6182
0.004,6780
0.004,4935
0.004,7645
0.004,1202
0.004,8099
0.004,4590
0.004,7843
0.004,7509
0.004,7166
0.004,7030
0.004,7809
0.004,7476
0.004,4821
0.004,7060
0.004,6619
0.004,2927
0.004,5841
0.004,6950
0.004,8140
0.004,7552
0.004,7888
0.004,5568
0.004,7297
0.004,7551
0.004,7331
0.004,7171
0.004,7112
0.004,5161
0.004,4644
0.004,6715
0.004,7757
0.004,7567
0.004,5488
0.004,6400
0.004,7769
0.004,7473
0.004,6725
0.004,7232
0.004,6255
0.004,6745
0.004,6297
0.004,6409
0.004,7048
0.004,6451
0.004,6605
0.004,4438
0.004,7464
0.004,6028
0.004,6585
0.004,7187
0.004,4926
0.004,6247
0.004,7003
0.004,6940
0.004,6882
0.004,8054
0.004,6884
0.004,7392
0.004,5790
0.004,7219
0.004,5893
0.004,7525
0.004,7221
0.004,3576
0.004,8036
0.004,7088
0.004,7191
0.004,8080
0.004,5826
0.004,6882
0.004,8208
0.004,6161
0.004,7080
0.004,7665
0.004,6757
0.004,6495
0.004,7093
0.004,6948
0.004,6822
0.004,7496
0.004,7516
0.004,1120
0.004,7959
0.004,8163
0.004,938
0.004,7782
0.004,7143
0.004,7167
0.004,7685
0.004,80
0.004,7521
0.004,6174
0.004,6808
0.004,7246
0.004,7406
0.004,6766
0.004,6116
0.004,5883
0.004,7258
0.004,7893
0.004,6076
0.004,7478
0.004,6859
0.004,8021
0.004,2065
0.004,7220
0.004,5893
0.004,7979
0.004,6789
0.004,6424
0.004,7665
0.004,5450
0.004,7492
0.004,7584
0.004,7546
0.004,6997
0.004,5534
0.004,5759
0.004,8049
0.004,8090
0.004,4100
0.004,7919
0.004,5410
0.004,7826
0.004,7692
0.004,6853
0.004,8057
0.004,5253
0.004,6545
0.004,4749
0.004,6455
0.004,7587
0.004,7176
0.004,7696
0.004,7920
0.004,7075
0.004,6166
0.004,4002
0.004,7130
0.004,5715
0.004,7258
0.004,7138
0.004,6468
0.004,7416
0.004,7817
0.004,1036
0.004,7491
0.004,6536
0.004,5736
0.004,8339
0.004,7380
0.004,7306
0.004,7269
0.004,6485
0.004,8200
0.004,7841
0.004,560
0.004,7339
0.004,6298
0.004,4752
0.004,6746
0.004,6414
0.004,6099
0.004,6835
0.004,6393
0.004,6049
0.004,8004
0.004,7762
0.004,3686
0.004,7757
0.004,6372
0.004,7437
0.004,7648
0.004,7122
0.004,7899
0.004,6177
0.004,5833
0.004,6585
0.004,7042
0.004,7226
0.004,7255
0.004,7148
0.004,7224
0.004,6442
0.004,7728
0.004,2341
0.004,7130
0.004,8066
0.004,6747
0.004,7312
0.004,5564
0.004,7261
0.004,7860
0.004,7340
0.004,7310
0.004,7154
0.004,8201
0.004,1456
0.004,6804
0.004,6877
0.004,7685
0.004,7114
0.004,6986
0.004,7799
0.004,6016
0.004,7361
0.004,8121
0.004,8433
0.004,6965
0.004,5462
0.004,7945
0.004,6569
0.004,7949
0.004,7868
0.004,6779
0.004,8016
0.004,7305
0.004,7163
0.004,8041
0.004,4707
0.004,6764
0.004,5237
0.004,6612
0.004,8045
0.004,2396
0.004,6787
0.004,7439
0.004,7088
0.004,6691
0.004,6437
0.004,7225
0.004,7263
0.004,6892
0.004,6138
0.004,6401
0.004,7203
0.004,3960
0.004,6261
0.004,6416
0.004,7762
0.004,5591
0.004,7679
0.004,7472
0.004,7574
0.004,7287
0.004,7183
0.004,8072
0.004,3856
0.004,4733
0.004,6008
0.004,5142
0.004,5936
0.004,8188
0.004,6541
0.004,6913
0.004,6702
0.004,7344
0.004,7047
0.004,7554
0.004,6636
0.004,8003
0.004,7300
0.004,1763
0.004,6119
0.004,6048
0.004,8176
0.004,5923
0.004,8014
0.004,6636
0.004,7802
0.004,7009
0.004,6908
0.004,4726
0.004,7815
0.004,7820
0.004,6074
0.004,1116
0.004,7517
0.004,8012
0.004,7219
0.004,7899
0.004,7747
0.004,6468
0.004,6133
0.004,7937
0.004,4990
0.004,6584
0.004,6859
0.004,5044
0.004,6663
0.004,8097
0.004,6166
0.004,8236
0.004,7183
0.004,7510
0.004,7090
0.004,4358
0.004,7204
0.004,5533
0.004,7728
0.004,6483
0.004,2299
0.004,529
0.004,1198
0.004,6496
0.004,5728
0.004,7049
0.004,3731
0.004,6340
0.004,2486
0.004,7674
0.004,6683
0.004,6849
0.004,6626
0.004,4737
0.004,7661
0.004,7446
0.004,6550
0.004,5551
0.004,7863
0.004,2955
0.004,6349
0.004,7722
0.004,7627
0.004,5534
0.004,6273
0.004,2637
0.004,5898
0.004,7905
0.004,6934
0.004,8110
0.004,4788
0.004,7358
0.004,7435
0.004,3580
0.004,8333
0.004,7470
0.004,7598
0.004,4944
0.004,7827
0.004,7590
0.004,6493
0.004,6437
0.004,7656
0.004,7251
0.004,7302
0.004,207
0.004,7081
0.004,2153
0.004,5797
0.004,7642
0.004,1881
0.004,6730
0.004,7080
0.004,7417
0.004,6983
0.004,7180
0.004,8010
0.004,6128
0.004,4594
0.004,7644
0.004,5469
0.004,7611
0.004,5066
0.004,7999
0.004,7925
0.004,7054
0.004,7675
0.004,7503
0.004,6769
0.004,7321
0.004,6666
0.004,3253
0.004,7531
0.004,7976
0.004,7798
0.004,7502
0.004,5698
0.004,7264
0.004,5653
0.004,7093
0.004,7549
0.004,7482
0.004,7021
0.004,6847
0.004,7673
0.004,7085
0.004,4351
0.004,7484
0.004,5711
0.004,7969
0.004,7600
0.004,6451
0.004,7550
0.004,1154
0.004,7641
0.004,6182
0.004,7303
0.004,5822
0.004,5872
0.004,5104
0.004,7041
0.004,5259
0.004,7257
0.004,7483
0.004,7653
0.004,6943
0.004,5708
0.004,7068
0.004,7936
0.004,2871
0.004,5215
0.004,6503
0.004,5005
0.004,6650
0.004,6823
0.004,2678
0.004,121
0.004,521
0.004,5484
0.004,7523
0.004,7887
0.004,7517
0.004,7115
0.004,5300
0.004,6763
0.004,7754
0.004,6343
0.004,6763
0.004,2568
0.004,6225
0.004,5673
0.004,8055
0.004,7802
0.004,5469
0.004,7652
0.004,7908
0.004,5574
0.004,8076
0.004,6334
0.004,5550
0.004,7960
0.004,7531
0.004,4547
0.004,7557
0.004,6823
0.004,815
0.004,7304
0.004,8038
0.004,7188
0.004,6319
0.004,4798
0.004,7602
0.004,7229
0.004,7232
0.004,2389
0.004,6105
0.004,6668
0.004,7555
0.004,6891
0.004,4840
0.004,6474
0.004,8194
0.004,7626
0.004,6366
0.004,7923
0.004,7129
0.004,8106
0.004,7203
0.004,6585
0.004,5820
0.004,8145
0.004,7466
0.004,4966
0.004,5840
0.004,7772
0.004,8082
0.004,1619
0.004,7625
0.004,4485
0.004,7192
0.004,5346
0.004,139
0.004,7328
0.004,4210
0.004,6760
0.004,4896
0.004,6460
0.004,6528
0.004,6534
0.004,6361
0.004,7612
0.004,6969
0.004,7957
0.004,7347
0.004,7934
0.004,7783
0.004,6710
0.004,3947
0.004,6990
0.004,6396
0.004,6538
0.004,6776
0.004,1176
0.004,6367
0.004,5044
0.004,7996
0.004,7819
0.004,4920
0.004,7256
0.004,2827
0.004,6404
0.004,4880
0.004,5691
0.004,5812
0.004,7522
0.004,6348
0.004,6215
0.004,3849
0.004,5550
0.004,7097
0.004,4522
0.004,6312
0.004,559
0.004,8301
0.004,7021
0.004,8407
0.004,7601
0.004,7621
0.004,7805
0.004,7321
0.004,7764
0.004,7403
0.004,7685
0.004,7785
0.004,6858
0.004,7140
0.004,6158
0.004,7172
0.004,5905
0.004,6431
0.004,6505
0.004,7024
0.004,7519
0.004,7358
0.004,7457
0.004,3944
0.004,4903
0.004,6786
0.004,6085
0.004,8072
0.004,7096
0.004,7760
0.004,2764
0.004,5284
0.004,7052
0.004,6662
0.004,4870
0.004,5913
0.004,6925
0.004,8103
0.004,1830
0.004,7443
0.004,8087
0.004,7139
0.004,5998
0.004,6460
0.004,7372
0.004,1744
0.004,6833
0.004,7931
0.004,7645
0.004,6257
0.004,8311
0.004,5262
0.004,8208
0.004,237
0.004,7631
0.004,6955
0.004,6696
0.004,6974
0.004,6841
0.004,8173
0.004,5690
0.004,5452
0.004,7080
0.004,8153
0.004,363
0.004,6615
0.004,8224
0.004,7135
0.004,8289
0.004,6839
0.004,5847
0.004,8030
0.004,7048
0.004,6716
0.004,8120
0.004,8049
0.004,4785
0.004,4585
0.004,8258
0.004,4611
0.004,8261
0.004,7369
0.004,6342
0.004,5094
0.004,5565
0.004,8348
0.004,7736
0.004,6993
0.004,6256
0.004,6767
0.004,5960
0.004,7250
0.004,8126
0.004,7608
0.004,6633
0.004,7872
0.004,1196
0.004,6490
0.004,7909
0.004,2988
0.004,6437
0.004,7225
0.004,7729
0.004,7193
0.004,7601
0.004,6766
0.004,1124
0.004,7785
0.004,7793
0.004,7491
0.004,5528
0.004,7581
0.004,7139
0.004,7329
0.004,4821
0.004,7914
0.004,6970
0.004,4269
0.004,8033
0.004,7102
0.004,7953
0.004,7652
0.004,7582
0.004,7681
0.004,7966
0.004,7832
0.004,6848
0.004,6810
0.004,7405
0.004,3085
0.004,6443
0.004,7880
0.004,6979
0.004,3711
0.004,6580
0.004,7870
0.004,7428
0.004,7516
0.004,7632
0.004,3520
0.004,7605
0.004,6789
0.004,6462
0.004,7223
0.004,6797
0.004,7333
0.004,5968
0.004,2153
0.004,6611
0.004,1160
0.004,1139
0.004,6559
0.004,7721
0.004,7475
0.004,7515
0.004,6377
0.004,7069
0.004,5763
0.004,5310
0.004,7548
0.004,7366
0.004,4864
0.004,7215
0.004,6592
0.004,8130
0.004,7937
0.004,1772
0.004,7536
0.004,6791
0.004,6331
0.004,7600
0.004,5417
0.004,7347
0.004,7922
0.004,7469
0.004,6673
0.004,7354
0.004,7271
0.004,7346
