0.004,7160
0.004,9567
0.004,8453
0.004,9431
0.004,9504
0.004,9717
0.004,9867
0.004,9731
0.004,9405
0.004,9641
0.004,9724
0.004,9359
0.004,9494
0.004,6593
0.004,7310
0.004,9510
0.004,9281
0.004,9578
0.004,9677
0.004,8914
0.004,9896
0.004,9281
0.004,6974
0.004,6035
0.004,8755
0.004,8424
0.004,4424
0.004,8902
0.004,8859
0.004,9512
0.004,8372
0.004,8632
0.004,9698
0.004,7398
0.004,2070
0.004,8222
0.004,1174
0.004,9271
0.004,9310
0.004,8030
0.004,8896
0.004,9857
0.004,7896
0.004,9117
0.004,2006
0.004,7753
0.004,5925
0.004,9484
0.004,8979
0.004,9565
0.004,9764
0.004,8665
0.004,9513
0.004,7330
0.004,9414
0.004,9759
0.004,8982
0.004,8760
0.004,6075
0.004,9895
0.004,9759
0.004,9050
0.004,9786
0.004,9648
0.004,9313
0.004,9623
0.004,9338
0.004,7575
0.004,7955
0.004,9636
0.004,1786
0.004,9690
0.004,9850
0.004,9361
0.004,9749
0.004,9444
0.004,8895
0.004,3623
0.004,9242
0.004,9176
0.004,9481
0.004,9470
0.004,8758
0.004,9157
0.004,9531
0.004,9328
0.004,9010
0.004,9497
0.004,9807
0.004,9777
0.004,9396
0.004,9498
0.004,9418
0.004,5499
0.004,9858
0.004,9573
0.004,9589
0.004,1761
0.004,5602
0.004,8287
0.004,9292
0.004,8647
0.004,9629
0.004,9477
0.004,6685
0.004,8925
0.004,8220
0.004,9873
0.004,4604
0.004,9642
0.004,9408
0.004,8205
0.004,9436
0.004,9347
0.004,9384
0.004,9263
0.004,8063
0.004,9852
0.004,8476
0.004,9691
0.004,6011
0.004,9711
0.004,8877
0.004,3999
0.004,9587
0.004,9587
0.004,9508
0.004,7281
0.004,9583
0.004,9008
0.004,9724
0.004,9471
0.004,9502
0.004,9720
0.004,6784
0.004,8254
0.004,9332
0.004,7900
0.004,8085
0.004,6832
0.004,9349
0.004,9161
0.004,9199
0.004,8298
0.004,9683
0.004,8720
0.004,7404
0.004,9580
0.004,9672
0.004,8556
0.004,9732
0.004,2053
0.004,9250
0.004,9370
0.004,9235
0.004,9609
0.004,9588
0.004,9829
0.004,9114
0.004,9593
0.004,9328
0.004,9469
0.004,9376
0.004,8917
0.004,9146
0.004,8224
0.004,7978
0.004,9533
0.004,9541
0.004,8855
0.004,8817
0.004,7348
0.004,9516
0.004,9618
0.004,9762
0.004,9364
0.004,9852
0.004,9182
0.004,9744
0.004,9322
0.004,8604
0.004,9475
0.004,9359
0.004,3305
0.004,7610
0.004,9015
0.004,9431
0.004,9932
0.004,8334
0.004,9372
0.004,9770
0.004,7629
0.004,9716
0.004,8290
0.004,9589
0.004,8936
0.004,9768
0.004,9290
0.004,8333
0.004,9207
0.004,9556
0.004,4537
0.004,7784
0.004,9695
0.004,9678
0.004,9412
0.004,8551
0.004,9516
0.004,6518
0.004,9517
0.004,2361
0.004,9724
0.004,9884
0.004,9460
0.004,9885
0.004,8281
0.004,8432
0.004,9609
0.004,7721
0.004,8704
0.004,8422
0.004,3601
0.004,9681
0.004,75
0.004,9609
0.004,9642
0.004,8835
0.004,9630
0.004,9150
0.004,8845
0.004,8883
0.004,8882
0.004,8600
0.004,9839
0.004,9419
0.004,6638
0.004,9518
0.004,9726
0.004,8238
0.004,5948
0.004,4907
0.004,7984
0.004,9328
0.004,8943
0.004,9496
0.004,9588
0.004,5821
0.004,9084
0.004,9081
0.004,9038
0.004,8771
0.004,8862
0.004,7066
0.004,8079
0.004,9619
0.004,8890
0.004,9670
0.004,8946
0.004,9647
0.004,8899
0.004,9205
0.004,9249
0.004,9747
0.004,9443
0.004,9411
0.004,9278
0.004,8422
0.004,8528
0.004,9771
0.004,8223
0.004,9777
0.004,9440
0.004,9025
0.004,8027
0.004,9235
0.004,9066
0.004,8952
0.004,9822
0.004,9069
0.004,9865
0.004,9358
0.004,9657
0.004,9643
0.004,9803
0.004,9835
0.004,9640
0.004,9453
0.004,9717
0.004,8238
0.004,6655
0.004,6338
0.004,8768
0.004,9594
0.004,9495
0.004,9317
0.004,9353
0.004,9547
0.004,8338
0.004,8557
0.004,9281
0.004,9593
0.004,9495
0.004,8224
0.004,8907
0.004,9729
0.004,8939
0.004,9790
0.004,8717
0.004,9576
0.004,9681
0.004,9533
0.004,9673
0.004,9757
0.004,9198
0.004,9628
0.004,9661
0.004,8641
0.004,9307
0.004,9704
0.004,8879
0.004,9051
0.004,7148
0.004,9652
0.004,9861
0.004,9647
0.004,8370
0.004,9436
0.004,9373
0.004,8355
0.004,9702
0.004,9197
0.004,8632
0.004,9683
0.004,9238
0.004,9837
0.004,4197
0.004,9760
0.004,9132
0.004,9505
0.004,9330
0.004,9411
0.004,8876
0.004,6786
0.004,9627
0.004,9153
0.004,8739
0.004,9172
0.004,9852
0.004,9132
0.004,9505
0.004,9687
0.004,9322
0.004,9619
0.004,9338
0.004,189
0.004,7636
0.004,9188
0.004,9493
0.004,9404
0.004,9530
0.004,9740
0.004,8495
0.004,9402
0.004,8313
0.004,9291
0.004,8984
0.004,9260
0.004,9414
0.004,9411
0.004,9042
0.004,8725
0.004,9559
0.004,9368
0.004,9234
0.004,7033
0.004,9907
0.004,8954
0.004,9242
0.004,9828
0.004,9526
0.004,9562
0.004,9746
0.004,7997
0.004,9102
0.004,9821
0.004,9284
0.004,9819
0.004,8593
0.004,9653
0.004,3415
0.004,9225
0.004,9457
0.004,8368
0.004,8408
0.004,7844
0.004,9803
0.004,1356
0.004,9409
0.004,9451
0.004,9575
0.004,9229
0.004,9708
0.004,7212
0.004,8257
0.004,9571
0.004,3709
0.004,9859
0.004,7161
0.004,9897
0.004,9066
0.004,8698
0.004,8774
0.004,7780
0.004,9622
0.004,8016
0.004,9002
0.004,9307
0.004,9547
0.004,9714
0.004,4214
0.004,7595
0.004,9216
0.004,9573
0.004,9649
0.004,9473
0.004,9651
0.004,9727
0.004,8847
0.004,8647
0.004,6509
0.004,2670
0.004,9324
0.004,9772
0.004,5711
0.004,9521
0.004,9720
0.004,9702
0.004,9635
0.004,9341
0.004,9090
0.004,8549
0.004,8474
0.004,9612
0.004,9786
0.004,8390
0.004,9596
0.004,9658
0.004,5718
0.004,9671
0.004,9301
0.004,9327
0.004,9771
0.004,4374
0.004,9846
0.004,7155
0.004,9229
0.004,9462
0.004,8599
0.004,8522
0.004,9662
0.004,9438
0.004,9266
0.004,9633
0.004,8703
0.004,9666
0.004,7764
0.004,8625
0.004,9654
0.004,6978
0.004,8409
0.004,6313
0.004,8192
0.004,9551
0.004,6947
0.004,5445
0.004,8871
0.004,8574
0.004,9504
0.004,9569
0.004,8979
0.004,9323
0.004,8830
0.004,9933
0.004,8210
0.004,7427
0.004,5410
0.004,9093
0.004,9451
0.004,7801
0.004,9414
0.004,9382
0.004,8524
0.004,9546
0.004,9071
0.004,9281
0.004,8183
0.004,6683
0.004,7783
0.004,8946
0.004,9440
0.004,7818
0.004,9675
0.004,9759
0.004,9797
0.004,9261
0.004,7254
0.004,9551
0.004,6882
0.004,6890
0.004,9351
0.004,9344
0.004,9485
0.004,9720
0.004,9663
0.004,9551
0.004,9753
0.004,9782
0.004,8115
0.004,9689
0.004,7855
0.004,7080
0.004,1573
0.004,8920
0.004,9875
0.004,9675
0.004,9246
0.004,9712
0.004,9648
0.004,8940
0.004,9549
0.004,9685
0.004,9571
0.004,8387
0.004,9520
0.004,9848
0.004,7419
0.004,9520
0.004,8763
0.004,9580
0.004,9720
0.004,8498
0.004,6979
0.004,8725
0.004,8326
0.004,8568
0.004,9595
0.004,9637
0.004,8978
0.004,8495
0.004,8896
0.004,9824
0.004,4250
0.004,8282
0.004,8568
0.004,9144
0.004,9909
0.004,9293
0.004,9315
0.004,9228
0.004,8688
0.004,6387
0.004,9758
0.004,9691
0.004,9084
0.004,7977
0.004,8770
0.004,3712
0.004,9401
0.004,9533
0.004,9204
0.004,9072
0.004,5192
0.004,9366
0.004,9792
0.004,9695
0.004,7655
0.004,9347
0.004,9808
0.004,9760
0.004,9513
0.004,9082
0.004,9347
0.004,8691
0.004,9511
0.004,9725
0.004,9738
0.004,6830
0.004,9218
0.004,8943
0.004,8989
0.004,9469
0.004,9782
0.004,9791
0.004,7663
0.004,3767
0.004,7802
0.004,9139
0.004,9146
0.004,8645
0.004,9677
0.004,9338
0.004,8393
0.004,7502
0.004,1811
0.004,9441
0.004,9414
0.004,9608
0.004,9182
0.004,9734
0.004,8618
0.004,8028
0.004,9517
0.004,9335
0.004,9075
0.004,9706
0.004,7549
0.004,9745
0.004,6923
0.004,8609
0.004,9767
0.004,9904
0.004,9658
0.004,9858
0.004,9821
0.004,9587
0.004,8615
0.004,9935
0.004,9884
0.004,9672
0.004,6471
0.004,4285
0.004,9713
0.004,9538
0.004,7800
0.004,9736
0.004,9815
0.004,4461
0.004,9583
0.004,9806
0.004,8260
0.004,9425
0.004,9941
0.004,9278
0.004,8239
0.004,9619
0.004,7963
0.004,9301
0.004,1685
0.004,8353
0.004,9813
0.004,9855
0.004,9541
0.004,9531
0.004,9776
0.004,9518
0.004,9795
0.004,9625
0.004,9263
0.004,7536
0.004,9694
0.004,3838
0.004,9696
0.004,9598
0.004,5165
0.004,2190
0.004,6809
0.004,8542
0.004,8816
0.004,8158
0.004,9121
0.004,9684
0.004,9257
0.004,9550
0.004,9197
0.004,9665
0.004,9581
0.004,9570
0.004,9548
0.004,9062
0.004,6597
0.004,4112
0.004,9129
0.004,9765
0.004,5203
0.004,9025
0.004,5668
0.004,9719
0.004,9012
0.004,9962
0.004,6359
0.004,9322
0.004,5538
0.004,9885
0.004,6990
0.004,9454
0.004,9489
0.004,9175
0.004,9694
0.004,9169
0.004,9326
0.004,9683
0.004,9010
0.004,9449
0.004,9179
0.004,9678
0.004,9881
0.004,8337
0.004,7490
0.004,8749
0.004,9064
0.004,9465
0.004,132
0.004,9388
0.004,9634
0.004,1401
0.004,9513
0.004,8914
0.004,9556
0.004,9699
0.004,9264
0.004,9363
0.004,9714
0.004,9812
0.004,9223
0.004,9263
0.004,5479
0.004,6169
0.004,9560
0.004,9795
0.004,9641
0.004,8659
0.004,2222
0.004,9749
0.004,8884
0.004,9680
0.004,7900
0.004,911
0.004,6598
0.004,9426
0.004,9699
0.004,9515
0.004,7928
0.004,9684
0.004,9450
0.004,8644
0.004,9262
0.004,7482
0.004,9726
0.004,8422
0.004,9558
0.004,9564
0.004,9372
0.004,8366
0.004,8861
0.004,9171
0.004,8988
0.004,9709
0.004,9411
0.004,9872
0.004,1889
0.004,9586
0.004,5049
0.004,8133
0.004,8964
0.004,7986
0.004,9869
0.004,9542
0.004,9611
0.004,9540
0.004,9635
0.004,9628
0.004,9689
0.004,8888
0.004,9823
0.004,9403
0.004,7019
0.004,6291
0.004,8733
0.004,7477
0.004,8548
0.004,9054
0.004,8917
0.004,8258
0.004,9153
0.004,6127
0.004,9481
0.004,7800
0.004,9535
0.004,9675
0.004,9327
0.004,9640
0.004,9079
0.004,7504
0.004,9533
0.004,7818
0.004,9694
0.004,500
0.004,8963
0.004,8849
0.004,9769
0.004,9897
0.004,9079
0.004,9506
0.004,9741
0.004,9412
0.004,8853
0.004,9659
0.004,9328
0.004,9143
0.004,8922
0.004,9805
0.004,9847
0.004,9437
0.004,9314
0.004,9764
0.004,9084
0.004,9591
0.004,4156
0.004,8151
0.004,9398
0.004,9430
0.004,9529
0.004,8529
0.004,5989
0.004,8734
0.004,9618
0.004,9243
0.004,9442
0.004,9501
0.004,9017
0.004,7163
0.004,9756
0.004,9177
0.004,9717
0.004,431
0.004,9505
0.004,8495
0.004,8659
0.004,9309
0.004,5718
0.004,117
0.004,9270
0.004,9857
0.004,9535
0.004,9164
0.004,9726
0.004,8557
0.004,5209
0.004,6957
0.004,9564
0.004,9477
0.004,9806
0.004,9444
0.004,6269
0.004,5046
0.004,9169
0.004,9418
0.004,5801
0.004,1149
0.004,8799
0.004,9800
0.004,9310
0.004,5958
0.004,9424
0.004,9652
0.004,9562
0.004,9134
0.004,8980
0.004,9941
0.004,3908
0.004,9876
0.004,9786
0.004,9698
0.004,9513
0.004,4699
0.004,8900
0.004,9391
0.004,7139
0.004,9207
0.004,4730
0.004,9034
0.004,9919
0.004,9437
0.004,8906
0.004,9245
0.004,9541
0.004,5533
0.004,9130
0.004,9666
0.004,2553
0.004,9754
0.004,9493
0.004,9129
0.004,8876
0.004,6917
0.004,7989
0.004,9402
0.004,9583
0.004,8197
0.004,8560
0.004,8049
0.004,8684
0.004,9721
0.004,8440
0.004,9622
0.004,9803
0.004,9786
0.004,7627
0.004,9738
0.004,8137
0.004,9575
0.004,35
0.004,6632
0.004,8370
0.004,9673
0.004,9712
0.004,8096
0.004,9322
0.004,8239
0.004,9507
0.004,8822
0.004,9069
0.004,9784
0.004,9534
0.004,9842
0.004,9718
0.004,9820
0.004,9524
0.004,9142
0.004,9493
0.004,9647
0.004,8732
0.004,9975
0.004,9643
0.004,9742
0.004,9476
0.004,8096
0.004,8286
0.004,9808
0.004,9738
0.004,9800
0.004,8841
0.004,6762
0.004,9903
0.004,9573
0.004,9511
0.004,9639
0.004,8201
0.004,9772
0.004,9683
0.004,9669
0.004,7723
0.004,8287
0.004,9669
0.004,8931
0.004,8646
0.004,9469
0.004,9510
0.004,4951
0.004,9804
0.004,9865
0.004,8904
0.004,8226
0.004,7986
0.004,9124
0.004,9209
0.004,9119
0.004,8726
0.004,9314
0.004,9621
0.004,2048
0.004,9759
0.004,1024
0.004,9542
0.004,7876
0.004,3094
0.004,9532
0.004,7830
0.004,9129
0.004,9258
0.004,8687
0.004,9446
0.004,9752
0.004,9739
0.004,8278
0.004,7649
0.004,6658
0.004,9281
0.004,9669
0.004,9210
0.004,7053
0.004,9388
0.004,9406
0.004,9052
0.004,9441
0.004,9605
0.004,544
0.004,9749
0.004,9612
0.004,7238
