0.006,8758
0.006,8892
0.006,8612
0.006,8982
0.006,8365
0.006,8795
0.006,8858
0.006,8767
0.006,9092
0.006,8365
0.006,9013
0.006,8993
0.006,8769
0.006,8817
0.006,8998
0.006,8964
0.006,8782
0.006,8677
0.006,9144
0.006,8996
0.006,9012
0.006,8591
0.006,9048
0.006,8822
0.006,8906
0.006,8919
0.006,8518
0.006,8734
0.006,8946
0.006,8996
0.006,8718
0.006,8330
0.006,8810
0.006,8594
0.006,8878
0.006,8940
0.006,8003
0.006,8723
0.006,8710
0.006,8639
0.006,9118
0.006,9041
0.006,9014
0.006,8906
0.006,8961
0.006,9040
0.006,9018
0.006,9158
0.006,8850
0.006,8827
0.006,8362
0.006,9071
0.006,9006
0.006,8816
0.006,8983
0.006,8491
0.006,9007
0.006,9004
0.006,8775
0.006,8112
0.006,8617
0.006,9056
0.006,8567
0.006,9007
0.006,8601
0.006,8617
0.006,9037
0.006,9065
0.006,8302
0.006,8835
0.006,8571
0.006,9014
0.006,8952
0.006,8968
0.006,8844
0.006,8981
0.006,8981
0.006,8945
0.006,8937
0.006,9162
0.006,8695
0.006,8467
0.006,8989
0.006,8970
0.006,8928
0.006,8990
0.006,8422
0.006,8569
0.006,9024
0.006,9082
0.006,9021
0.006,8828
0.006,8693
0.006,8979
0.006,8864
0.006,8419
0.006,8852
0.006,8970
0.006,8934
0.006,8993
0.006,8524
0.006,9131
0.006,8857
0.006,8755
0.006,8689
0.006,8790
0.006,8378
0.006,8679
0.006,9020
0.006,8913
0.006,8411
0.006,8849
0.006,8686
0.006,8207
0.006,8875
0.006,8735
0.006,9023
0.006,8987
0.006,8940
0.006,8622
0.006,8928
0.006,9130
0.006,8742
0.006,8857
0.006,8965
0.006,8712
0.006,8986
0.006,9165
0.006,8973
0.006,8774
0.006,8961
0.006,8957
0.006,8054
0.006,8606
0.006,8405
0.006,9108
0.006,8738
0.006,8913
0.006,8372
0.006,9142
0.006,8927
0.006,8495
0.006,8706
0.006,8733
0.006,8962
0.006,8806
0.006,9103
0.006,8712
0.006,8721
0.006,8900
0.006,8898
0.006,9046
0.006,9050
0.006,9052
0.006,8678
0.006,8976
0.006,9036
0.006,8874
0.006,8436
0.006,8795
0.006,9040
0.006,8783
0.006,8894
0.006,8882
0.006,8833
0.006,8916
0.006,8897
0.006,9074
0.006,8891
0.006,9073
0.006,9086
0.006,8778
0.006,9052
0.006,8700
0.006,8895
0.006,8963
0.006,9033
0.006,9005
0.006,8801
0.006,8934
0.006,8861
0.006,8216
0.006,8950
0.006,8780
0.006,8942
0.006,8798
0.006,8822
0.006,8556
0.006,8736
0.006,8970
0.006,9143
0.006,8863
0.006,8987
0.006,8865
0.006,8293
0.006,8934
0.006,8963
0.006,8881
0.006,9163
0.006,7745
0.006,8853
0.006,9069
0.006,9178
0.006,8991
0.006,8865
0.006,8937
0.006,8613
0.006,8936
0.006,9070
0.006,9097
0.006,8797
0.006,8736
0.006,9126
0.006,8896
0.006,8291
0.006,8740
0.006,8679
0.006,8922
0.006,9022
0.006,8696
0.006,9179
0.006,9036
0.006,9038
0.006,8446
0.006,9057
0.006,8880
0.006,8794
0.006,9089
0.006,8920
0.006,9116
0.006,8941
0.006,9092
0.006,8802
0.006,8645
0.006,8371
0.006,8775
0.006,9229
0.006,8470
0.006,8445
0.006,8985
0.006,8856
0.006,8894
0.006,8614
0.006,8856
0.006,8711
0.006,9095
0.006,8531
0.006,9029
0.006,8683
0.006,8349
0.006,8845
0.006,8379
0.006,8663
0.006,8960
0.006,8716
0.006,9044
0.006,9019
0.006,8888
0.006,9143
0.006,9031
0.006,8141
0.006,8483
0.006,8878
0.006,7877
0.006,8903
0.006,8923
0.006,8999
0.006,9023
0.006,8878
0.006,8660
0.006,9132
0.006,8998
0.006,8799
0.006,8838
0.006,8907
0.006,8752
0.006,8889
0.006,8321
0.006,8910
0.006,8741
0.006,8983
0.006,9051
0.006,8982
0.006,8665
0.006,9010
0.006,9045
0.006,8796
0.006,8928
0.006,8980
0.006,9133
0.006,8629
0.006,8709
0.006,8770
0.006,9125
0.006,9085
0.006,8794
0.006,8876
0.006,8949
0.006,8974
0.006,8906
0.006,8969
0.006,8547
0.006,8887
0.006,8472
0.006,8943
0.006,8868
0.006,8965
0.006,8976
0.006,8765
0.006,8991
0.006,8920
0.006,9141
0.006,9087
0.006,9072
0.006,8795
0.006,8904
0.006,9092
0.006,8715
0.006,8748
0.006,8947
0.006,8954
0.006,9093
0.006,9035
0.006,8968
0.006,8493
0.006,8877
0.006,8939
0.006,8835
0.006,8863
0.006,9022
0.006,8924
0.006,9033
0.006,8934
0.006,8666
0.006,8892
0.006,9103
0.006,8744
0.006,8935
0.006,9078
0.006,8968
0.006,8806
0.006,9013
0.006,8388
0.006,8886
0.006,8614
0.006,8971
0.006,8838
0.006,8865
0.006,8951
0.006,9015
0.006,8616
0.006,8990
0.006,9037
0.006,8438
0.006,8629
0.006,9009
0.006,8933
0.006,9116
0.006,8487
0.006,8929
0.006,8669
0.006,8733
0.006,8935
0.006,9007
0.006,8994
0.006,8891
0.006,8952
0.006,8994
0.006,8810
0.006,8486
0.006,9051
0.006,9126
0.006,8882
0.006,8953
0.006,8906
0.006,8844
0.006,8639
0.006,5199
0.006,9006
0.006,8600
0.006,8885
0.006,8858
0.006,9157
0.006,9105
0.006,9014
0.006,8851
0.006,9095
0.006,8851
0.006,8656
0.006,9085
0.006,9166
0.006,8991
0.006,8792
0.006,8966
0.006,9001
0.006,8823
0.006,8956
0.006,9047
0.006,8819
0.006,8664
0.006,8919
0.006,8880
0.006,8841
0.006,9019
0.006,8456
0.006,8917
0.006,8934
0.006,9028
0.006,8803
0.006,9170
0.006,8873
0.006,9051
0.006,8503
0.006,8915
0.006,9019
0.006,9171
0.006,8749
0.006,9074
0.006,8770
0.006,9032
0.006,8822
0.006,9020
0.006,9012
0.006,8866
0.006,8865
0.006,9145
0.006,8715
0.006,8062
0.006,9114
0.006,8335
0.006,8823
0.006,8784
0.006,9058
0.006,8883
0.006,8956
0.006,8929
0.006,8896
0.006,8955
0.006,8964
0.006,8723
0.006,8999
0.006,8666
0.006,8674
0.006,8997
0.006,8857
0.006,9060
0.006,8765
0.006,8859
0.006,8884
0.006,8920
0.006,8720
0.006,9077
0.006,9112
0.006,8830
0.006,8998
0.006,8597
0.006,8265
0.006,8931
0.006,8937
0.006,8988
0.006,8607
0.006,8561
0.006,8943
0.006,8542
0.006,8561
0.006,8911
0.006,8656
0.006,9140
0.006,8921
0.006,8740
0.006,8863
0.006,8840
0.006,8981
0.006,8990
0.006,9000
0.006,8907
0.006,8388
0.006,9082
0.006,8888
0.006,8800
0.006,8979
0.006,9019
0.006,9097
0.006,9189
0.006,8977
0.006,8892
0.006,8875
0.006,8874
0.006,8891
0.006,8856
0.006,8967
0.006,8869
0.006,8957
0.006,9125
0.006,8706
0.006,9056
0.006,8877
0.006,8638
0.006,8800
0.006,8935
0.006,8873
0.006,8924
0.006,6855
0.006,8678
0.006,8733
0.006,8692
0.006,8924
0.006,8644
0.006,8996
0.006,8769
0.006,8496
0.006,9030
0.006,8842
0.006,8542
0.006,8582
0.006,8878
0.006,8925
0.006,8877
0.006,8971
0.006,8749
0.006,8874
0.006,9175
0.006,9062
0.006,8546
0.006,8836
0.006,8923
0.006,8650
0.006,8910
0.006,8812
0.006,9038
0.006,8939
0.006,8477
0.006,8871
0.006,9150
0.006,8891
0.006,8228
0.006,8793
0.006,8662
0.006,8808
0.006,8973
0.006,9158
0.006,8966
0.006,8739
0.006,9057
0.006,8954
0.006,8749
0.006,8528
0.006,8947
0.006,9085
0.006,8928
0.006,9015
0.006,8960
0.006,8926
0.006,8570
0.006,8800
0.006,9030
0.006,8780
0.006,8746
0.006,9080
0.006,8797
0.006,8686
0.006,8541
0.006,9149
0.006,9202
0.006,8125
0.006,8775
0.006,8996
0.006,9014
0.006,8056
0.006,8954
0.006,8723
0.006,8570
0.006,9014
0.006,8860
0.006,8870
0.006,8893
0.006,8986
0.006,9164
0.006,8799
0.006,8185
0.006,8456
0.006,8661
0.006,8274
0.006,8981
0.006,8988
0.006,8905
0.006,9037
0.006,9042
0.006,9059
0.006,8931
0.006,8717
0.006,8972
0.006,8968
0.006,8924
0.006,8890
0.006,8755
0.006,8661
0.006,8585
0.006,9087
0.006,8935
0.006,9032
0.006,8576
0.006,8658
0.006,8684
0.006,8911
0.006,8481
0.006,8804
0.006,9030
0.006,9046
0.006,8921
0.006,8984
0.006,9157
0.006,8701
0.006,8708
0.006,8986
0.006,8752
0.006,9000
0.006,8714
0.006,8777
0.006,8863
0.006,8984
0.006,8600
0.006,9065
0.006,7953
0.006,8944
0.006,8820
0.006,8942
0.006,8931
0.006,9072
0.006,8843
0.006,9104
0.006,8680
0.006,8808
0.006,8727
0.006,8545
0.006,8971
0.006,8612
0.006,9051
0.006,8259
0.006,8854
0.006,8932
0.006,9116
0.006,8015
0.006,8753
0.006,8967
0.006,9020
0.006,9025
0.006,9048
0.006,8910
0.006,8878
0.006,9002
0.006,8705
0.006,8788
0.006,8770
0.006,8994
0.006,8632
0.006,9049
0.006,8709
0.006,8754
0.006,8480
0.006,8658
0.006,8292
0.006,9204
0.006,8846
0.006,8817
0.006,8580
0.006,8839
0.006,8925
0.006,9075
0.006,9037
0.006,8782
0.006,9035
0.006,9054
0.006,8718
0.006,9107
0.006,9041
0.006,8937
0.006,9102
0.006,8719
0.006,8928
0.006,7654
0.006,8273
0.006,8784
0.006,8804
0.006,9011
0.006,8936
0.006,9161
0.006,8606
0.006,8344
0.006,8581
0.006,8618
0.006,8812
0.006,8652
0.006,8503
0.006,8906
0.006,8942
0.006,8922
0.006,8803
0.006,8936
0.006,8858
0.006,8415
0.006,8768
0.006,8980
0.006,8855
0.006,8887
0.006,8993
0.006,8792
0.006,8807
0.006,8865
0.006,9014
0.006,8763
0.006,9009
0.006,8879
0.006,8564
0.006,8847
0.006,9062
0.006,8656
0.006,8868
0.006,8805
0.006,9053
0.006,8807
0.006,8483
0.006,9103
0.006,8402
0.006,8659
0.006,9077
0.006,8059
0.006,8557
0.006,9188
0.006,8756
0.006,8631
0.006,8864
0.006,8804
0.006,8883
0.006,8985
0.006,8901
0.006,9009
0.006,8925
0.006,8879
0.006,8897
0.006,8931
0.006,8771
0.006,8900
0.006,8913
0.006,9075
0.006,9146
0.006,9035
0.006,8930
0.006,8916
0.006,8431
0.006,8957
0.006,8902
0.006,9019
0.006,8858
0.006,8516
0.006,8417
0.006,9058
0.006,8941
0.006,9033
0.006,8576
0.006,9211
0.006,8906
0.006,9093
0.006,9011
0.006,9063
0.006,8619
0.006,8984
0.006,8978
0.006,8720
0.006,6481
0.006,8914
0.006,8931
0.006,8505
0.006,9091
0.006,8878
0.006,8860
0.006,9177
0.006,8894
0.006,8528
0.006,8827
0.006,8956
0.006,8683
0.006,8298
0.006,8593
0.006,9000
0.006,8479
0.006,9000
0.006,8766
0.006,8514
0.006,8466
0.006,8488
0.006,9005
0.006,9113
0.006,9147
0.006,8679
0.006,8981
0.006,8267
0.006,8913
0.006,9129
0.006,8821
0.006,9080
0.006,9024
0.006,8976
0.006,9026
0.006,8546
0.006,8018
0.006,9145
0.006,8860
0.006,7947
0.006,8849
0.006,8720
0.006,8889
0.006,8424
0.006,8037
0.006,8832
0.006,8694
0.006,8952
0.006,8478
0.006,8604
0.006,9006
0.006,8914
0.006,8330
0.006,8922
0.006,9036
0.006,8747
0.006,9091
0.006,9059
0.006,8261
0.006,9008
0.006,8566
0.006,8939
0.006,8640
0.006,9191
0.006,8470
0.006,8846
0.006,7987
0.006,7998
0.006,8961
0.006,8741
0.006,8784
0.006,9100
0.006,9118
0.006,8980
0.006,8750
0.006,8857
0.006,8991
0.006,8973
0.006,9075
0.006,8922
0.006,8317
0.006,8476
0.006,9001
0.006,8517
0.006,8688
0.006,9035
0.006,8889
0.006,8862
0.006,9063
0.006,9077
0.006,8944
0.006,8457
0.006,9131
0.006,8840
0.006,8507
0.006,8767
0.006,8713
0.006,8900
0.006,8966
0.006,8891
0.006,8720
0.006,8609
0.006,8694
0.006,8551
0.006,8651
0.006,8891
0.006,8887
0.006,9152
0.006,8810
0.006,8841
0.006,8947
0.006,8896
0.006,8715
0.006,8726
0.006,8887
0.006,8552
0.006,8513
0.006,8906
0.006,8804
0.006,8821
0.006,8739
0.006,8932
0.006,8700
0.006,8608
0.006,8215
0.006,8967
0.006,8924
0.006,8953
0.006,8698
0.006,8398
0.006,8609
0.006,9032
0.006,8958
0.006,8676
0.006,8587
0.006,8858
0.006,8834
0.006,9015
0.006,8785
0.006,8862
0.006,8908
0.006,8480
0.006,8656
0.006,9169
0.006,9056
0.006,9054
0.006,8844
0.006,8953
0.006,8969
0.006,8791
0.006,8893
0.006,8918
0.006,9148
0.006,8827
0.006,7880
0.006,8974
0.006,8852
0.006,8995
0.006,8714
0.006,9009
0.006,8886
0.006,8641
0.006,9108
0.006,9002
0.006,8741
0.006,9125
0.006,8664
0.006,9078
0.006,8967
0.006,8745
0.006,9103
0.006,8926
0.006,9146
0.006,8693
0.006,9035
0.006,9068
0.006,8716
0.006,8844
0.006,8718
0.006,8890
0.006,9180
0.006,8778
0.006,8967
0.006,8684
0.006,8989
0.006,9074
0.006,8741
0.006,8296
0.006,8886
0.006,9076
0.006,8932
0.006,8828
0.006,8767
0.006,8970
0.006,7805
0.006,8854
0.006,8956
0.006,8892
0.006,8916
0.006,9039
0.006,8997
0.006,8856
0.006,8947
0.006,8830
0.006,8610
0.006,8513
0.006,8981
0.006,8807
0.006,9082
0.006,9074
0.006,8660
0.006,8602
0.006,8997
0.006,8632
0.006,8914
0.006,8659
0.006,9116
0.006,8912
0.006,8853
0.006,8944
0.006,8680
0.006,9140
0.006,8691
0.006,9047
0.006,8971
0.006,9008
0.006,8937
0.006,8859
0.006,8826
0.006,9109
0.006,8984
