0.1,4438
0.1,4339
0.1,4449
0.1,4409
0.1,4443
0.1,4402
0.1,4285
0.1,4312
0.1,4524
0.1,4425
0.1,4325
0.1,4420
0.1,4511
0.1,4225
0.1,4335
0.1,4505
0.1,4410
0.1,4361
0.1,4540
0.1,4328
0.1,4398
0.1,4352
0.1,4400
0.1,4387
0.1,4610
0.1,4453
0.1,4423
0.1,4521
0.1,4382
0.1,4301
0.1,4497
0.1,4406
0.1,4333
0.1,4467
0.1,4471
0.1,4311
0.1,4335
0.1,4308
0.1,4463
0.1,4479
0.1,4338
0.1,4279
0.1,4348
0.1,4308
0.1,4400
0.1,4559
0.1,4419
0.1,4508
0.1,4323
0.1,4343
0.1,4397
0.1,4342
0.1,4363
0.1,4350
0.1,4397
0.1,4370
0.1,4311
0.1,4432
0.1,4278
0.1,4375
0.1,4414
0.1,4271
0.1,4415
0.1,4444
0.1,4365
0.1,4474
0.1,4339
0.1,4360
0.1,4339
0.1,4370
0.1,4383
0.1,4463
0.1,4466
0.1,4514
0.1,4409
0.1,4465
0.1,4433
0.1,4394
0.1,4367
0.1,4549
0.1,4306
0.1,4357
0.1,4568
0.1,4589
0.1,4589
0.1,4306
0.1,4388
0.1,4342
0.1,4409
0.1,4318
0.1,4238
0.1,4503
0.1,4336
0.1,4504
0.1,4445
0.1,4400
0.1,4481
0.1,4578
0.1,4474
0.1,4412
0.1,4259
0.1,4447
0.1,4458
0.1,4345
0.1,4324
0.1,4446
0.1,4377
0.1,4344
0.1,4341
0.1,4421
0.1,4299
0.1,4466
0.1,4389
0.1,4384
0.1,4335
0.1,4328
0.1,4454
0.1,4417
0.1,4358
0.1,4488
0.1,4319
0.1,4398
0.1,4262
0.1,4454
0.1,4225
0.1,4239
0.1,4355
0.1,4412
0.1,4377
0.1,4418
0.1,4321
0.1,4358
0.1,4363
0.1,4383
0.1,4383
0.1,4490
0.1,4382
0.1,4362
0.1,4402
0.1,4418
0.1,4338
0.1,4146
0.1,4386
0.1,4264
0.1,4429
0.1,4461
0.1,4234
0.1,4351
0.1,4377
0.1,4388
0.1,4371
0.1,4467
0.1,4443
0.1,4465
0.1,4377
0.1,4403
0.1,4392
0.1,4464
0.1,4537
0.1,4211
0.1,4486
0.1,4440
0.1,4335
0.1,4441
0.1,4420
0.1,4423
0.1,4449
0.1,4322
0.1,4308
0.1,4416
0.1,4380
0.1,4383
0.1,4302
0.1,4376
0.1,4433
0.1,4466
0.1,4517
0.1,4387
0.1,4310
0.1,4361
0.1,4594
0.1,4432
0.1,4489
0.1,4519
0.1,4435
0.1,4371
0.1,4419
0.1,4452
0.1,4380
0.1,4485
0.1,4373
0.1,4424
0.1,4570
0.1,4314
0.1,4318
0.1,4377
0.1,4467
0.1,4369
0.1,4458
0.1,4410
0.1,4371
0.1,4594
0.1,4499
0.1,4348
0.1,4460
0.1,4479
0.1,4224
0.1,4358
0.1,4235
0.1,4321
0.1,4384
0.1,4341
0.1,4433
0.1,4237
0.1,4494
0.1,4306
0.1,4479
0.1,4447
0.1,4448
0.1,4410
0.1,4402
0.1,4551
0.1,4444
0.1,4326
0.1,4511
0.1,4451
0.1,4463
0.1,4388
0.1,4474
0.1,4307
0.1,4441
0.1,4350
0.1,4339
0.1,4398
0.1,4596
0.1,4517
0.1,4341
0.1,4477
0.1,4563
0.1,4247
0.1,4323
0.1,4554
0.1,4304
0.1,4412
0.1,4440
0.1,4425
0.1,4393
0.1,4486
0.1,4321
0.1,4450
0.1,4301
0.1,4391
0.1,4344
0.1,4292
0.1,4519
0.1,4440
0.1,4366
0.1,4475
0.1,4483
0.1,4391
0.1,4413
0.1,4337
0.1,4419
0.1,4444
0.1,4287
0.1,4555
0.1,4488
0.1,4444
0.1,4374
0.1,4383
0.1,4372
0.1,4412
0.1,4466
0.1,4444
0.1,4248
0.1,4369
0.1,4323
0.1,4415
0.1,4400
0.1,4300
0.1,4409
0.1,4506
0.1,4439
0.1,4395
0.1,4242
0.1,4370
0.1,4389
0.1,4275
0.1,4348
0.1,4561
0.1,4369
0.1,4537
0.1,4315
0.1,4399
0.1,4403
0.1,4349
0.1,4415
0.1,4490
0.1,4517
0.1,4390
0.1,4472
0.1,4434
0.1,4446
0.1,4350
0.1,4394
0.1,4369
0.1,4494
0.1,4445
0.1,4459
0.1,4525
0.1,4182
0.1,4450
0.1,4491
0.1,4345
0.1,4285
0.1,4409
0.1,4319
0.1,4514
0.1,4358
0.1,4440
0.1,4347
0.1,4488
0.1,4322
0.1,4377
0.1,4366
0.1,4410
0.1,4400
0.1,4520
0.1,4364
0.1,4483
0.1,4288
0.1,4461
0.1,4377
0.1,4541
0.1,4364
0.1,4377
0.1,4440
0.1,4293
0.1,4367
0.1,4399
0.1,4402
0.1,4331
0.1,4428
0.1,4363
0.1,4370
0.1,4272
0.1,4366
0.1,4374
0.1,4376
0.1,4517
0.1,4318
0.1,4358
0.1,4303
0.1,4451
0.1,4570
0.1,4383
0.1,4388
0.1,4391
0.1,4382
0.1,4590
0.1,4302
0.1,4369
0.1,4323
0.1,4447
0.1,4344
0.1,4386
0.1,4416
0.1,4429
0.1,4346
0.1,4513
0.1,4325
0.1,4584
0.1,4431
0.1,4366
0.1,4555
0.1,4478
0.1,4418
0.1,4437
0.1,4323
0.1,4387
0.1,4348
0.1,4461
0.1,4566
0.1,4469
0.1,4350
0.1,4451
0.1,4376
0.1,4435
0.1,4513
0.1,4362
0.1,4413
0.1,4413
0.1,4443
0.1,4396
0.1,4526
0.1,4326
0.1,4400
0.1,4346
0.1,4218
0.1,4476
0.1,4368
0.1,4277
0.1,4460
0.1,4388
0.1,4176
0.1,4518
0.1,4341
0.1,4360
0.1,4314
0.1,4378
0.1,4476
0.1,4475
0.1,4334
0.1,4330
0.1,4468
0.1,4397
0.1,4359
0.1,4326
0.1,4439
0.1,4435
0.1,4306
0.1,4404
0.1,4373
0.1,4496
0.1,4392
0.1,4450
0.1,4361
0.1,4403
0.1,4413
0.1,4269
0.1,4365
0.1,4498
0.1,4525
0.1,4300
0.1,4593
0.1,4362
0.1,4350
0.1,4425
0.1,4408
0.1,4515
0.1,4377
0.1,4544
0.1,4223
0.1,4386
0.1,4448
0.1,4330
0.1,4393
0.1,4398
0.1,4353
0.1,4470
0.1,4418
0.1,4578
0.1,4449
0.1,4452
0.1,4458
0.1,4221
0.1,4437
0.1,4309
0.1,4424
0.1,4401
0.1,4482
0.1,4526
0.1,4357
0.1,4497
0.1,4247
0.1,4352
0.1,4493
0.1,4336
0.1,4361
0.1,4452
0.1,4556
0.1,4434
0.1,4371
0.1,4264
0.1,4335
0.1,4413
0.1,4427
0.1,4379
0.1,4282
0.1,4351
0.1,4215
0.1,4230
0.1,4351
0.1,4420
0.1,4434
0.1,4332
0.1,4412
0.1,4368
0.1,4369
0.1,4465
0.1,4459
0.1,4311
0.1,4435
0.1,4517
0.1,4490
0.1,4438
0.1,4494
0.1,4505
0.1,4387
0.1,4347
0.1,4307
0.1,4328
0.1,4216
0.1,4390
0.1,4535
0.1,4247
0.1,4316
0.1,4338
0.1,4353
0.1,4507
0.1,4400
0.1,4373
0.1,4407
0.1,4389
0.1,4479
0.1,4349
0.1,4421
0.1,4489
0.1,4435
0.1,4252
0.1,4437
0.1,4472
0.1,4306
0.1,4374
0.1,4472
0.1,4490
0.1,4415
0.1,4421
0.1,4577
0.1,4373
0.1,4372
0.1,4463
0.1,4519
0.1,4473
0.1,4339
0.1,4360
0.1,4515
0.1,4523
0.1,4441
0.1,4392
0.1,4335
0.1,4350
0.1,4381
0.1,4381
0.1,4363
0.1,4397
0.1,4353
0.1,4448
0.1,4393
0.1,4464
0.1,4427
0.1,4378
0.1,4436
0.1,4398
0.1,4383
0.1,4428
0.1,4356
0.1,4406
0.1,4363
0.1,4459
0.1,4295
0.1,4384
0.1,4455
0.1,4353
0.1,4292
0.1,4397
0.1,4436
0.1,4448
0.1,4421
0.1,4435
0.1,4344
0.1,4470
0.1,4499
0.1,4395
0.1,4455
0.1,4345
0.1,4547
0.1,4325
0.1,4296
0.1,4494
0.1,4320
0.1,4437
0.1,4375
0.1,4385
0.1,4408
0.1,4469
0.1,4422
0.1,4393
0.1,4389
0.1,4411
0.1,4339
0.1,4533
0.1,4385
0.1,4430
0.1,4453
0.1,4346
0.1,4309
0.1,4452
0.1,4473
0.1,4544
0.1,4536
0.1,4589
0.1,4449
0.1,4497
0.1,4347
0.1,4533
0.1,4393
0.1,4291
0.1,4252
0.1,4326
0.1,4428
0.1,4316
0.1,4319
0.1,4317
0.1,4362
0.1,4469
0.1,4334
0.1,4413
0.1,4391
0.1,4388
0.1,4414
0.1,4425
0.1,4498
0.1,4324
0.1,4312
0.1,4325
0.1,4539
0.1,4397
0.1,4363
0.1,4463
0.1,4352
0.1,4570
0.1,4340
0.1,4423
0.1,4403
0.1,4375
0.1,4403
0.1,4429
0.1,4422
0.1,4409
0.1,4382
0.1,4332
0.1,4366
0.1,4319
0.1,4426
0.1,4328
0.1,4328
0.1,4246
0.1,4415
0.1,4444
0.1,4401
0.1,4618
0.1,4260
0.1,4389
0.1,4352
0.1,4390
0.1,4550
0.1,4461
0.1,4456
0.1,4337
0.1,4369
0.1,4392
0.1,4543
0.1,4372
0.1,4442
0.1,4435
0.1,4382
0.1,4277
0.1,4447
0.1,4423
0.1,4230
0.1,4396
0.1,4380
0.1,4470
0.1,4422
0.1,4390
0.1,4406
0.1,4420
0.1,4426
0.1,4335
0.1,4356
0.1,4516
0.1,4422
0.1,4339
0.1,4455
0.1,4395
0.1,4444
0.1,4453
0.1,4500
0.1,4444
0.1,4160
0.1,4396
0.1,4328
0.1,4513
0.1,4342
0.1,4430
0.1,4495
0.1,4349
0.1,4376
0.1,4368
0.1,4566
0.1,4377
0.1,4374
0.1,4382
0.1,4211
0.1,4298
0.1,4285
0.1,4342
0.1,4353
0.1,4514
0.1,4466
0.1,4452
0.1,4427
0.1,4393
0.1,4343
0.1,4361
0.1,4564
0.1,4445
0.1,4384
0.1,4383
0.1,4484
0.1,4415
0.1,4305
0.1,4452
0.1,4399
0.1,4361
0.1,4361
0.1,4331
0.1,4264
0.1,4283
0.1,4340
0.1,4484
0.1,4377
0.1,4455
0.1,4358
0.1,4394
0.1,4468
0.1,4396
0.1,4389
0.1,4514
0.1,4472
0.1,4461
0.1,4373
0.1,4427
0.1,4386
0.1,4441
0.1,4324
0.1,4337
0.1,4401
0.1,4405
0.1,4360
0.1,4505
0.1,4463
0.1,4566
0.1,4285
0.1,4393
0.1,4289
0.1,4422
0.1,4395
0.1,4416
0.1,4517
0.1,4578
0.1,4451
0.1,4350
0.1,4443
0.1,4373
0.1,4318
0.1,4307
0.1,4345
0.1,4438
0.1,4403
0.1,4286
0.1,4490
0.1,4447
0.1,4386
0.1,4481
0.1,4283
0.1,4353
0.1,4466
0.1,4448
0.1,4344
0.1,4500
0.1,4390
0.1,4367
0.1,4517
0.1,4409
0.1,4312
0.1,4251
0.1,4436
0.1,4405
0.1,4436
0.1,4366
0.1,4258
0.1,4407
0.1,4349
0.1,4326
0.1,4382
0.1,4407
0.1,4522
0.1,4337
0.1,4554
0.1,4542
0.1,4443
0.1,4290
0.1,4486
0.1,4362
0.1,4355
0.1,4463
0.1,4571
0.1,4473
0.1,4456
0.1,4357
0.1,4464
0.1,4405
0.1,4434
0.1,4291
0.1,4431
0.1,4450
0.1,4377
0.1,4495
0.1,4477
0.1,4326
0.1,4194
0.1,4499
0.1,4419
0.1,4437
0.1,4360
0.1,4455
0.1,4530
0.1,4279
0.1,4470
0.1,4495
0.1,4502
0.1,4347
0.1,4407
0.1,4371
0.1,4339
0.1,4529
0.1,4363
0.1,4332
0.1,4410
0.1,4304
0.1,4373
0.1,4425
0.1,4429
0.1,4406
0.1,4502
0.1,4326
0.1,4528
0.1,4282
0.1,4472
0.1,4463
0.1,4410
0.1,4382
0.1,4410
0.1,4443
0.1,4517
0.1,4470
0.1,4567
0.1,4358
0.1,4349
0.1,4437
0.1,4332
0.1,4511
0.1,4370
0.1,4285
0.1,4306
0.1,4532
0.1,4396
0.1,4430
0.1,4348
0.1,4413
0.1,4477
0.1,4335
0.1,4330
0.1,4437
0.1,4467
0.1,4380
0.1,4347
0.1,4378
0.1,4323
0.1,4374
0.1,4381
0.1,4486
0.1,4299
0.1,4432
0.1,4325
0.1,4253
0.1,4327
0.1,4350
0.1,4357
0.1,4429
0.1,4502
0.1,4458
0.1,4405
0.1,4328
0.1,4396
0.1,4432
0.1,4385
0.1,4422
0.1,4343
0.1,4382
0.1,4340
0.1,4485
0.1,4350
0.1,4344
0.1,4312
0.1,4392
0.1,4511
0.1,4413
0.1,4337
0.1,4409
0.1,4396
0.1,4228
0.1,4470
0.1,4641
0.1,4326
0.1,4501
0.1,4349
0.1,4482
0.1,4443
0.1,4564
0.1,4304
0.1,4486
0.1,4393
0.1,4466
0.1,4334
0.1,4258
0.1,4359
0.1,4420
0.1,4351
0.1,4400
0.1,4390
0.1,4435
0.1,4330
0.1,4461
0.1,4479
0.1,4477
0.1,4413
0.1,4447
0.1,4347
0.1,4488
0.1,4424
0.1,4605
0.1,4497
0.1,4424
0.1,4540
0.1,4319
0.1,4432
0.1,4440
0.1,4325
0.1,4434
0.1,4282
0.1,4400
0.1,4345
0.1,4452
0.1,4382
0.1,4412
0.1,4445
0.1,4391
0.1,4354
0.1,4487
0.1,4414
0.1,4485
0.1,4443
0.1,4461
0.1,4395
0.1,4387
0.1,4369
0.1,4395
0.1,4453
0.1,4432
0.1,4482
0.1,4476
0.1,4591
0.1,4369
0.1,4527
0.1,4414
0.1,4368
0.1,4339
0.1,4447
0.1,4378
0.1,4263
0.1,4502
0.1,4342
0.1,4374
0.1,4190
0.1,4412
0.1,4454
0.1,4383
0.1,4386
0.1,4392
0.1,4411
0.1,4345
0.1,4309
0.1,4439
0.1,4430
0.1,4296
0.1,4467
0.1,4282
