0.02,9135
0.02,9127
0.02,9114
0.02,9105
0.02,9120
0.02,9000
0.02,9142
0.02,9134
0.02,9095
0.02,9188
0.02,9188
0.02,9126
0.02,9071
0.02,9123
0.02,9188
0.02,9119
0.02,9139
0.02,9130
0.02,9082
0.02,9149
0.02,9107
0.02,9167
0.02,9161
0.02,9143
0.02,9088
0.02,9090
0.02,9095
0.02,9063
0.02,9173
0.02,9136
0.02,9109
0.02,9115
0.02,9130
0.02,9116
0.02,9091
0.02,9043
0.02,9098
0.02,9121
0.02,9149
0.02,9081
0.02,9102
0.02,9084
0.02,9168
0.02,9111
0.02,9108
0.02,9073
0.02,9125
0.02,9086
0.02,9150
0.02,9106
0.02,9032
0.02,9097
0.02,9148
0.02,9080
0.02,9096
0.02,9135
0.02,9066
0.02,9062
0.02,9086
0.02,9119
0.02,9054
0.02,9146
0.02,9084
0.02,9091
0.02,9115
0.02,9097
0.02,9021
0.02,9084
0.02,9104
0.02,9103
0.02,9103
0.02,9141
0.02,9090
0.02,9060
0.02,9108
0.02,9099
0.02,9098
0.02,9029
0.02,9190
0.02,9146
0.02,9108
0.02,9131
0.02,9127
0.02,9111
0.02,9162
0.02,9106
0.02,9116
0.02,9104
0.02,9129
0.02,9229
0.02,9069
0.02,9134
0.02,9191
0.02,9122
0.02,9158
0.02,9061
0.02,9070
0.02,9172
0.02,9085
0.02,9114
0.02,9058
0.02,9105
0.02,9083
0.02,9131
0.02,9121
0.02,9130
0.02,9110
0.02,9149
0.02,9108
0.02,9109
0.02,9086
0.02,9093
0.02,9135
0.02,9157
0.02,9080
0.02,9058
0.02,9094
0.02,9079
0.02,9122
0.02,9065
0.02,9104
0.02,9061
0.02,9071
0.02,9075
0.02,9143
0.02,9124
0.02,9108
0.02,9125
0.02,9053
0.02,9098
0.02,9136
0.02,9151
0.02,9196
0.02,9084
0.02,9128
0.02,9124
0.02,9154
0.02,9063
0.02,9108
0.02,9080
0.02,9079
0.02,9109
0.02,9080
0.02,9022
0.02,9127
0.02,9141
0.02,9147
0.02,9109
0.02,9111
0.02,9164
0.02,9083
0.02,9114
0.02,9088
0.02,9178
0.02,9054
0.02,9069
0.02,9101
0.02,9134
0.02,9042
0.02,9136
0.02,9169
0.02,9075
0.02,9103
0.02,9098
0.02,9084
0.02,9162
0.02,9067
0.02,9081
0.02,9133
0.02,9103
0.02,9041
0.02,9127
0.02,9087
0.02,9136
0.02,9114
0.02,9136
0.02,9134
0.02,9078
0.02,9128
0.02,9123
0.02,9060
0.02,9151
0.02,9113
0.02,9139
0.02,9098
0.02,9147
0.02,9013
0.02,9065
0.02,9120
0.02,9164
0.02,9118
0.02,9166
0.02,9167
0.02,9063
0.02,9119
0.02,9189
0.02,9114
0.02,9109
0.02,9150
0.02,9047
0.02,9180
0.02,9148
0.02,9088
0.02,9023
0.02,9092
0.02,9124
0.02,9064
0.02,9124
0.02,9132
0.02,9133
0.02,9135
0.02,9116
0.02,9145
0.02,9067
0.02,9113
0.02,9175
0.02,9099
0.02,9111
0.02,9070
0.02,9064
0.02,9104
0.02,9142
0.02,9112
0.02,9119
0.02,9169
0.02,9115
0.02,9133
0.02,9153
0.02,9066
0.02,9201
0.02,9113
0.02,9103
0.02,9155
0.02,9029
0.02,9201
0.02,9134
0.02,9090
0.02,9094
0.02,9188
0.02,9131
0.02,9142
0.02,9064
0.02,9098
0.02,9095
0.02,9136
0.02,9113
0.02,9069
0.02,9129
0.02,9082
0.02,9085
0.02,9132
0.02,9096
0.02,9067
0.02,9145
0.02,9115
0.02,9161
0.02,9126
0.02,9161
0.02,9192
0.02,9112
0.02,9100
0.02,9165
0.02,9112
0.02,9169
0.02,9097
0.02,9166
0.02,9112
0.02,9101
0.02,9120
0.02,9096
0.02,9026
0.02,9137
0.02,9047
0.02,9078
0.02,9084
0.02,9084
0.02,9121
0.02,9103
0.02,9112
0.02,9096
0.02,9067
0.02,9119
0.02,9062
0.02,9158
0.02,9056
0.02,9076
0.02,9134
0.02,9082
0.02,9093
0.02,9087
0.02,9069
0.02,9109
0.02,9148
0.02,9120
0.02,9086
0.02,9057
0.02,9069
0.02,9139
0.02,9141
0.02,9129
0.02,9105
0.02,9084
0.02,9084
0.02,9053
0.02,9123
0.02,9104
0.02,9139
0.02,9168
0.02,9090
0.02,9123
0.02,9164
0.02,9104
0.02,9106
0.02,9094
0.02,9098
0.02,9072
0.02,9066
0.02,9133
0.02,9088
0.02,9080
0.02,9214
0.02,9134
0.02,9131
0.02,9136
0.02,9150
0.02,9166
0.02,9134
0.02,9151
0.02,9093
0.02,9171
0.02,9108
0.02,9093
0.02,9181
0.02,9102
0.02,9107
0.02,9111
0.02,9168
0.02,9101
0.02,9123
0.02,9092
0.02,9148
0.02,9077
0.02,9054
0.02,9138
0.02,9142
0.02,9072
0.02,9156
0.02,9098
0.02,9105
0.02,9112
0.02,9149
0.02,9137
0.02,9090
0.02,9086
0.02,9147
0.02,9073
0.02,9163
0.02,9124
0.02,9076
0.02,9164
0.02,9046
0.02,9087
0.02,9140
0.02,9097
0.02,9053
0.02,9123
0.02,9106
0.02,9096
0.02,9095
0.02,9101
0.02,9088
0.02,9141
0.02,9109
0.02,9183
0.02,9109
0.02,9106
0.02,9116
0.02,8996
0.02,9171
0.02,9109
0.02,9052
0.02,9134
0.02,9058
0.02,9089
0.02,9092
0.02,9054
0.02,9168
0.02,9112
0.02,9086
0.02,9110
0.02,9120
0.02,9131
0.02,9138
0.02,9129
0.02,9086
0.02,9135
0.02,9043
0.02,9152
0.02,9110
0.02,9050
0.02,9157
0.02,9095
0.02,9151
0.02,9109
0.02,9161
0.02,9059
0.02,9084
0.02,9077
0.02,9128
0.02,9082
0.02,9138
0.02,9090
0.02,9124
0.02,9152
0.02,9124
0.02,9166
0.02,9152
0.02,8988
0.02,9152
0.02,9153
0.02,9169
0.02,9094
0.02,9014
0.02,9172
0.02,9152
0.02,9049
0.02,9138
0.02,9132
0.02,9168
0.02,9108
0.02,9164
0.02,9117
0.02,9213
0.02,9140
0.02,9152
0.02,9088
0.02,9098
0.02,9109
0.02,9113
0.02,9158
0.02,9094
0.02,9139
0.02,9098
0.02,9168
0.02,9174
0.02,9084
0.02,9067
0.02,9122
0.02,9123
0.02,9101
0.02,9072
0.02,9116
0.02,9185
0.02,9150
0.02,9072
0.02,9172
0.02,9080
0.02,9083
0.02,9144
0.02,9039
0.02,9089
0.02,9138
0.02,9137
0.02,9077
0.02,9116
0.02,9076
0.02,9100
0.02,9056
0.02,9155
0.02,9106
0.02,9105
0.02,9136
0.02,9146
0.02,9153
0.02,9148
0.02,9124
0.02,9065
0.02,9165
0.02,9116
0.02,9151
0.02,9087
0.02,9063
0.02,9108
0.02,9057
0.02,9034
0.02,9179
0.02,9078
0.02,9147
0.02,9104
0.02,9175
0.02,9130
0.02,9117
0.02,9103
0.02,9116
0.02,9027
0.02,9073
0.02,9071
0.02,9132
0.02,9009
0.02,9039
0.02,9135
0.02,9103
0.02,9153
0.02,9074
0.02,9100
0.02,9083
0.02,9036
0.02,9060
0.02,9113
0.02,9181
0.02,9035
0.02,9083
0.02,9118
0.02,9098
0.02,9108
0.02,9186
0.02,9112
0.02,9109
0.02,9055
0.02,9128
0.02,9171
0.02,9186
0.02,9140
0.02,9126
0.02,9158
0.02,9192
0.02,9149
0.02,9118
0.02,9113
0.02,9130
0.02,9142
0.02,9164
0.02,9059
0.02,9090
0.02,9099
0.02,9064
0.02,9154
0.02,9123
0.02,9155
0.02,9078
0.02,9045
0.02,9076
0.02,9150
0.02,9085
0.02,9108
0.02,9100
0.02,9105
0.02,9060
0.02,9095
0.02,9130
0.02,9099
0.02,9134
0.02,9160
0.02,9063
0.02,9059
0.02,9089
0.02,9184
0.02,9144
0.02,9133
0.02,9134
0.02,9104
0.02,9128
0.02,9118
0.02,9133
0.02,9122
0.02,9063
0.02,9117
0.02,9078
0.02,9030
0.02,9157
0.02,9158
0.02,9091
0.02,9162
0.02,9115
0.02,9137
0.02,9115
0.02,9086
0.02,9066
0.02,9051
0.02,9091
0.02,9153
0.02,9123
0.02,9065
0.02,9103
0.02,9107
0.02,9142
0.02,9126
0.02,9068
0.02,9120
0.02,9109
0.02,9062
0.02,9174
0.02,9129
0.02,9057
0.02,9118
0.02,9153
0.02,9102
0.02,9100
0.02,9135
0.02,9048
0.02,9133
0.02,9157
0.02,9161
0.02,9135
0.02,9078
0.02,9079
0.02,9137
0.02,9101
0.02,9197
0.02,9097
0.02,9097
0.02,9180
0.02,9109
0.02,9130
0.02,9193
0.02,9178
0.02,9110
0.02,9104
0.02,9169
0.02,9075
0.02,9179
0.02,9066
0.02,9054
0.02,9095
0.02,9096
0.02,9124
0.02,9075
0.02,9200
0.02,9110
0.02,9104
0.02,9171
0.02,9084
0.02,9071
0.02,9165
0.02,9132
0.02,9131
0.02,9103
0.02,9129
0.02,9130
0.02,9067
0.02,9149
0.02,9125
0.02,9077
0.02,9111
0.02,9100
0.02,9081
0.02,9091
0.02,9119
0.02,9117
0.02,9146
0.02,9040
0.02,9032
0.02,9107
0.02,9102
0.02,9089
0.02,9032
0.02,9116
0.02,9113
0.02,9164
0.02,9135
0.02,9108
0.02,9137
0.02,9095
0.02,8978
0.02,9121
0.02,9107
0.02,9143
0.02,9163
0.02,9088
0.02,9037
0.02,9094
0.02,9103
0.02,9155
0.02,9046
0.02,9149
0.02,9004
0.02,9108
0.02,9111
0.02,9115
0.02,9183
0.02,9060
0.02,9171
0.02,9046
0.02,9118
0.02,9137
0.02,9075
0.02,9119
0.02,9102
0.02,9119
0.02,9107
0.02,9118
0.02,9168
0.02,9070
0.02,9143
0.02,9129
0.02,9106
0.02,9094
0.02,9167
0.02,9210
0.02,9128
0.02,9125
0.02,9074
0.02,9144
0.02,9168
0.02,9154
0.02,9140
0.02,9114
0.02,9061
0.02,9104
0.02,9122
0.02,9110
0.02,9108
0.02,9087
0.02,9140
0.02,9064
0.02,9092
0.02,9144
0.02,9094
0.02,9126
0.02,9125
0.02,9120
0.02,9081
0.02,9062
0.02,9140
0.02,9095
0.02,9107
0.02,9067
0.02,9097
0.02,9202
0.02,9098
0.02,9107
0.02,9130
0.02,9132
0.02,9138
0.02,9108
0.02,9131
0.02,9204
0.02,9111
0.02,9089
0.02,9041
0.02,9062
0.02,9132
0.02,9077
0.02,9116
0.02,9154
0.02,9185
0.02,9154
0.02,9142
0.02,9112
0.02,9102
0.02,9141
0.02,9128
0.02,9101
0.02,9140
0.02,9097
0.02,9156
0.02,9079
0.02,9122
0.02,9162
0.02,9148
0.02,9095
0.02,9135
0.02,9146
0.02,9117
0.02,9150
0.02,9125
0.02,9111
0.02,9076
0.02,9117
0.02,9180
0.02,9113
0.02,9141
0.02,9056
0.02,9074
0.02,9143
0.02,9145
0.02,9091
0.02,9017
0.02,9163
0.02,9061
0.02,9124
0.02,9091
0.02,9139
0.02,9150
0.02,9126
0.02,9113
0.02,9116
0.02,9187
0.02,9124
0.02,9080
0.02,9159
0.02,9041
0.02,9055
0.02,9069
0.02,9147
0.02,9103
0.02,9101
0.02,9065
0.02,9113
0.02,9100
0.02,9084
0.02,9078
0.02,9115
0.02,9115
0.02,9113
0.02,9063
0.02,9178
0.02,9094
0.02,9096
0.02,9113
0.02,9183
0.02,9026
0.02,9143
0.02,9122
0.02,9151
0.02,9223
0.02,9144
0.02,9094
0.02,9135
0.02,9119
0.02,9151
0.02,9162
0.02,9106
0.02,9066
0.02,9139
0.02,9106
0.02,9097
0.02,9041
0.02,9117
0.02,9182
0.02,9182
0.02,9091
0.02,9115
0.02,9072
0.02,9102
0.02,9125
0.02,9075
0.02,9103
0.02,9139
0.02,9089
0.02,9079
0.02,9125
0.02,9128
0.02,9049
0.02,9091
0.02,9178
0.02,9105
0.02,9066
0.02,9110
0.02,9087
0.02,9117
0.02,9171
0.02,9134
0.02,9159
0.02,9007
0.02,9152
0.02,9121
0.02,9119
0.02,9105
0.02,9160
0.02,9063
0.02,9084
0.02,9180
0.02,9084
0.02,9104
0.02,9090
0.02,9102
0.02,9099
0.02,9194
0.02,9113
0.02,9077
0.02,9164
0.02,9142
0.02,9167
0.02,9158
0.02,9098
0.02,9134
0.02,9130
0.02,9042
0.02,9128
0.02,9073
0.02,9149
0.02,9196
0.02,9085
0.02,9170
0.02,9161
0.02,9102
0.02,9108
0.02,9145
0.02,9078
0.02,9141
0.02,9044
0.02,9116
0.02,9092
0.02,9128
0.02,9147
0.02,9194
0.02,9121
0.02,9093
0.02,9093
0.02,9066
0.02,9135
0.02,9166
0.02,9103
0.02,9117
0.02,9097
0.02,9115
0.02,9118
0.02,9012
0.02,9176
0.02,9162
0.02,9084
0.02,9112
0.02,9150
0.02,9073
0.02,9094
0.02,9128
0.02,9120
0.02,9049
0.02,9074
0.02,9129
0.02,9061
0.02,9145
0.02,9123
0.02,9162
0.02,9049
0.02,9071
0.02,9125
0.02,9119
0.02,9102
0.02,9151
0.02,9117
0.02,9120
0.02,9059
0.02,9146
0.02,9194
0.02,9141
0.02,9107
0.02,9106
0.02,9162
0.02,9120
0.02,9070
0.02,9106
0.02,9130
0.02,9117
0.02,9120
0.02,9139
0.02,9080
0.02,9097
0.02,9141
0.02,9081
0.02,9085
0.02,9079
0.02,9177
0.02,9127
0.02,9078
0.02,9056
0.02,9113
0.02,9153
0.02,9158
0.02,9120
0.02,9144
0.02,9085
0.02,9158
0.02,9048
0.02,9137
0.02,9082
0.02,9119
0.02,9121
0.02,9104
0.02,9109
0.02,9106
0.02,9085
0.02,9123
0.02,9100
0.02,9125
0.02,9130
0.02,9123
0.02,9187
0.02,9148
0.02,9137
0.02,9175
0.02,9117
0.02,9119
0.02,9099
0.02,9178
0.02,9157
0.02,9109
0.02,9081
0.02,9092
0.02,9103
0.02,9105
0.02,9104
0.02,9101
0.02,9027
0.02,9079
0.02,9075
0.02,9138
0.02,9157
0.02,9094
