0.04,9138
0.04,9128
0.04,9118
0.04,9083
0.04,9044
0.04,9063
0.04,9121
0.04,9053
0.04,9060
0.04,9130
0.04,9116
0.04,9154
0.04,9106
0.04,9086
0.04,9097
0.04,9154
0.04,9135
0.04,9119
0.04,9091
0.04,9076
0.04,9128
0.04,9155
0.04,9091
0.04,9149
0.04,9100
0.04,9198
0.04,9143
0.04,9101
0.04,9092
0.04,9100
0.04,9054
0.04,9078
0.04,9044
0.04,9120
0.04,9102
0.04,9122
0.04,9106
0.04,9184
0.04,9092
0.04,9116
0.04,9041
0.04,9073
0.04,9063
0.04,9115
0.04,9047
0.04,9092
0.04,9159
0.04,9116
0.04,9136
0.04,9096
0.04,9109
0.04,9171
0.04,9129
0.04,9142
0.04,9156
0.04,9066
0.04,9136
0.04,9096
0.04,9127
0.04,9168
0.04,9111
0.04,9067
0.04,9113
0.04,9149
0.04,9108
0.04,9051
0.04,9162
0.04,9163
0.04,9158
0.04,9078
0.04,9147
0.04,9100
0.04,9143
0.04,9181
0.04,9183
0.04,9108
0.04,9145
0.04,9114
0.04,9057
0.04,9030
0.04,9110
0.04,9110
0.04,9158
0.04,9144
0.04,9128
0.04,9108
0.04,9170
0.04,9123
0.04,9082
0.04,9195
0.04,9117
0.04,9131
0.04,9124
0.04,9112
0.04,9094
0.04,9150
0.04,9142
0.04,9076
0.04,9139
0.04,9199
0.04,9086
0.04,9085
0.04,9163
0.04,9143
0.04,9078
0.04,9155
0.04,9174
0.04,9125
0.04,9079
0.04,9206
0.04,9096
0.04,9109
0.04,9082
0.04,9094
0.04,9165
0.04,9091
0.04,9047
0.04,9141
0.04,9112
0.04,9126
0.04,9068
0.04,9166
0.04,9146
0.04,9137
0.04,9101
0.04,9150
0.04,9124
0.04,9131
0.04,9083
0.04,9097
0.04,9094
0.04,9073
0.04,9098
0.04,9137
0.04,9040
0.04,9148
0.04,9128
0.04,9131
0.04,9170
0.04,9148
0.04,9177
0.04,9094
0.04,9093
0.04,9118
0.04,9106
0.04,9106
0.04,9119
0.04,9086
0.04,9150
0.04,9134
0.04,9129
0.04,9091
0.04,9104
0.04,9116
0.04,9060
0.04,9128
0.04,9061
0.04,9066
0.04,9151
0.04,9120
0.04,9117
0.04,9110
0.04,9170
0.04,9177
0.04,9077
0.04,9104
0.04,9163
0.04,9169
0.04,9148
0.04,9093
0.04,9196
0.04,9195
0.04,9167
0.04,9202
0.04,9103
0.04,9115
0.04,9173
0.04,9163
0.04,9124
0.04,9121
0.04,9111
0.04,9137
0.04,9090
0.04,9083
0.04,9173
0.04,9085
0.04,9122
0.04,9212
0.04,9124
0.04,9108
0.04,9142
0.04,9115
0.04,9107
0.04,9114
0.04,9091
0.04,9119
0.04,9095
0.04,9148
0.04,9148
0.04,9179
0.04,9096
0.04,9136
0.04,9112
0.04,9124
0.04,9097
0.04,9150
0.04,9124
0.04,9064
0.04,9129
0.04,9133
0.04,9152
0.04,9096
0.04,9139
0.04,9099
0.04,9129
0.04,9070
0.04,9153
0.04,9078
0.04,9009
0.04,9096
0.04,9163
0.04,9139
0.04,9044
0.04,9219
0.04,9092
0.04,9155
0.04,9150
0.04,9163
0.04,9187
0.04,9113
0.04,9046
0.04,9052
0.04,9133
0.04,9107
0.04,9130
0.04,9080
0.04,9084
0.04,9041
0.04,9100
0.04,9083
0.04,9115
0.04,9094
0.04,9097
0.04,9030
0.04,9072
0.04,9144
0.04,9133
0.04,9086
0.04,9070
0.04,9086
0.04,9172
0.04,9094
0.04,9139
0.04,9090
0.04,9093
0.04,9106
0.04,9095
0.04,9140
0.04,9077
0.04,9072
0.04,9113
0.04,9109
0.04,9206
0.04,9075
0.04,9132
0.04,9084
0.04,9063
0.04,9158
0.04,9112
0.04,9160
0.04,9109
0.04,9061
0.04,9185
0.04,9084
0.04,9057
0.04,9140
0.04,9076
0.04,9168
0.04,9158
0.04,9138
0.04,9141
0.04,9126
0.04,9124
0.04,9044
0.04,9212
0.04,9073
0.04,9148
0.04,9141
0.04,9041
0.04,9115
0.04,9139
0.04,9043
0.04,9156
0.04,9055
0.04,9098
0.04,9124
0.04,9127
0.04,9163
0.04,9093
0.04,9128
0.04,9105
0.04,9068
0.04,9128
0.04,9079
0.04,9107
0.04,9124
0.04,9127
0.04,9093
0.04,9173
0.04,9137
0.04,9081
0.04,9148
0.04,9101
0.04,9129
0.04,9086
0.04,9120
0.04,9066
0.04,9090
0.04,9112
0.04,9153
0.04,9101
0.04,9144
0.04,9115
0.04,9092
0.04,9120
0.04,9074
0.04,9134
0.04,9100
0.04,9070
0.04,9097
0.04,9133
0.04,9063
0.04,9147
0.04,9134
0.04,9118
0.04,9087
0.04,9112
0.04,9119
0.04,9184
0.04,9162
0.04,9103
0.04,9168
0.04,9199
0.04,9093
0.04,9051
0.04,9122
0.04,9079
0.04,9184
0.04,9089
0.04,9080
0.04,9104
0.04,9196
0.04,9067
0.04,9052
0.04,9119
0.04,9088
0.04,9105
0.04,9143
0.04,9152
0.04,9148
0.04,9052
0.04,9123
0.04,9074
0.04,9104
0.04,9126
0.04,9148
0.04,9054
0.04,9106
0.04,9139
0.04,9129
0.04,9106
0.04,9030
0.04,9092
0.04,9128
0.04,9099
0.04,9157
0.04,9173
0.04,9115
0.04,9147
0.04,9094
0.04,9084
0.04,9104
0.04,9084
0.04,9075
0.04,9143
0.04,9132
0.04,9188
0.04,9144
0.04,9131
0.04,9180
0.04,9195
0.04,9115
0.04,9102
0.04,9134
0.04,9110
0.04,9091
0.04,9081
0.04,9095
0.04,9120
0.04,9158
0.04,9086
0.04,9116
0.04,9102
0.04,9102
0.04,9063
0.04,9070
0.04,9009
0.04,9180
0.04,9079
0.04,9085
0.04,9148
0.04,9113
0.04,9094
0.04,9124
0.04,9114
0.04,9082
0.04,9171
0.04,9159
0.04,9170
0.04,9157
0.04,9091
0.04,9113
0.04,9121
0.04,9126
0.04,9117
0.04,9127
0.04,9088
0.04,9101
0.04,9111
0.04,9106
0.04,9152
0.04,9098
0.04,9115
0.04,9075
0.04,9215
0.04,9166
0.04,9088
0.04,9056
0.04,9191
0.04,9101
0.04,9123
0.04,9103
0.04,9148
0.04,9172
0.04,9092
0.04,9133
0.04,9111
0.04,9115
0.04,9163
0.04,9081
0.04,9040
0.04,9137
0.04,9120
0.04,9065
0.04,9096
0.04,9152
0.04,9134
0.04,9149
0.04,9016
0.04,9068
0.04,9049
0.04,9054
0.04,9128
0.04,9064
0.04,9148
0.04,9140
0.04,9128
0.04,9148
0.04,9076
0.04,9051
0.04,9138
0.04,9053
0.04,9114
0.04,9150
0.04,9168
0.04,9210
0.04,9094
0.04,9101
0.04,9109
0.04,9150
0.04,9094
0.04,9067
0.04,9138
0.04,9115
0.04,9182
0.04,9115
0.04,9153
0.04,9096
0.04,9073
0.04,9105
0.04,9081
0.04,9099
0.04,9108
0.04,9102
0.04,9201
0.04,9183
0.04,9117
0.04,9168
0.04,9095
0.04,9073
0.04,9064
0.04,9104
0.04,9145
0.04,9064
0.04,9093
0.04,9118
0.04,9156
0.04,9036
0.04,9071
0.04,9064
0.04,9059
0.04,9139
0.04,9136
0.04,9151
0.04,9170
0.04,9094
0.04,9121
0.04,9156
0.04,9094
0.04,9103
0.04,9151
0.04,9045
0.04,9154
0.04,9118
0.04,9207
0.04,9085
0.04,9116
0.04,9158
0.04,9088
0.04,9086
0.04,9145
0.04,9099
0.04,9138
0.04,9104
0.04,9124
0.04,9093
0.04,9112
0.04,9127
0.04,9120
0.04,9123
0.04,9118
0.04,9095
0.04,9152
0.04,9116
0.04,9107
0.04,9085
0.04,9037
0.04,9176
0.04,9155
0.04,9108
0.04,9115
0.04,9095
0.04,9141
0.04,9166
0.04,9126
0.04,9108
0.04,9113
0.04,9119
0.04,9150
0.04,9109
0.04,9116
0.04,9134
0.04,9095
0.04,9107
0.04,9060
0.04,9136
0.04,9049
0.04,9113
0.04,9171
0.04,9102
0.04,9084
0.04,9084
0.04,9101
0.04,9165
0.04,9125
0.04,9100
0.04,9091
0.04,9180
0.04,9197
0.04,9120
0.04,9097
0.04,9071
0.04,9126
0.04,9133
0.04,9113
0.04,9121
0.04,9090
0.04,9074
0.04,9142
0.04,9070
0.04,9090
0.04,9161
0.04,9101
0.04,9110
0.04,9111
0.04,9103
0.04,9182
0.04,9080
0.04,9060
0.04,9140
0.04,9178
0.04,9083
0.04,9133
0.04,9189
0.04,9139
0.04,9072
0.04,9123
0.04,9123
0.04,9129
0.04,9080
0.04,9127
0.04,9158
0.04,9150
0.04,9195
0.04,9073
0.04,9104
0.04,9062
0.04,9117
0.04,9126
0.04,9136
0.04,9195
0.04,9143
0.04,9068
0.04,9089
0.04,9118
0.04,9118
0.04,9138
0.04,9171
0.04,9136
0.04,9084
0.04,9175
0.04,9019
0.04,9082
0.04,9110
0.04,9029
0.04,9133
0.04,9129
0.04,9210
0.04,9134
0.04,9118
0.04,9136
0.04,9034
0.04,9109
0.04,9083
0.04,9155
0.04,9160
0.04,9090
0.04,9143
0.04,9116
0.04,9207
0.04,9157
0.04,9087
0.04,9165
0.04,9094
0.04,9069
0.04,9137
0.04,9108
0.04,9127
0.04,9097
0.04,9081
0.04,9085
0.04,9148
0.04,9140
0.04,9152
0.04,9094
0.04,9137
0.04,9068
0.04,9145
0.04,9117
0.04,9045
0.04,9072
0.04,9117
0.04,9114
0.04,9124
0.04,9104
0.04,9074
0.04,9187
0.04,9114
0.04,9129
0.04,9116
0.04,9094
0.04,9088
0.04,9024
0.04,9128
0.04,9048
0.04,9129
0.04,9116
0.04,9120
0.04,9051
0.04,9106
0.04,9155
0.04,9088
0.04,9081
0.04,9123
0.04,9148
0.04,9139
0.04,9126
0.04,9116
0.04,9096
0.04,9046
0.04,9086
0.04,9141
0.04,9121
0.04,9182
0.04,9154
0.04,9159
0.04,9078
0.04,9122
0.04,9127
0.04,9088
0.04,9145
0.04,9090
0.04,9153
0.04,9132
0.04,9143
0.04,9172
0.04,9149
0.04,9088
0.04,9065
0.04,9089
0.04,9120
0.04,9083
0.04,9179
0.04,9121
0.04,9142
0.04,9093
0.04,9173
0.04,9129
0.04,9059
0.04,9075
0.04,9167
0.04,9089
0.04,9076
0.04,9096
0.04,9118
0.04,9106
0.04,9191
0.04,9207
0.04,9089
0.04,9084
0.04,9146
0.04,9045
0.04,9116
0.04,9166
0.04,9145
0.04,9071
0.04,9158
0.04,9174
0.04,9079
0.04,9120
0.04,9103
0.04,9171
0.04,9164
0.04,9104
0.04,9143
0.04,9152
0.04,9116
0.04,9086
0.04,9077
0.04,9123
0.04,9152
0.04,9119
0.04,9084
0.04,9106
0.04,9146
0.04,9103
0.04,9133
0.04,9100
0.04,9157
0.04,9162
0.04,9148
0.04,9146
0.04,9130
0.04,9085
0.04,9155
0.04,9103
0.04,9133
0.04,9069
0.04,9111
0.04,9050
0.04,9063
0.04,9214
0.04,9123
0.04,9135
0.04,9169
0.04,9094
0.04,9129
0.04,9147
0.04,9175
0.04,9148
0.04,9126
0.04,9102
0.04,9082
0.04,9192
0.04,9132
0.04,9067
0.04,9113
0.04,9093
0.04,9120
0.04,9166
0.04,9123
0.04,9104
0.04,9120
0.04,9108
0.04,9162
0.04,9220
0.04,9150
0.04,9123
0.04,9103
0.04,9140
0.04,9186
0.04,9099
0.04,9097
0.04,9162
0.04,9111
0.04,9100
0.04,9149
0.04,9055
0.04,9134
0.04,9086
0.04,9062
0.04,9209
0.04,9125
0.04,9193
0.04,9132
0.04,9018
0.04,9136
0.04,9131
0.04,9065
0.04,9104
0.04,9173
0.04,9127
0.04,9143
0.04,9145
0.04,9077
0.04,9089
0.04,9075
0.04,9100
0.04,9163
0.04,9147
0.04,9191
0.04,9003
0.04,9079
0.04,9182
0.04,9121
0.04,9047
0.04,9058
0.04,9137
0.04,9140
0.04,9093
0.04,9180
0.04,9079
0.04,9100
0.04,9088
0.04,9110
0.04,9063
0.04,9122
0.04,9073
0.04,9066
0.04,9119
0.04,9153
0.04,9132
0.04,9142
0.04,9071
0.04,9113
0.04,9179
0.04,9155
0.04,9116
0.04,9189
0.04,9151
0.04,9128
0.04,9078
0.04,9048
0.04,9128
0.04,9074
0.04,9131
0.04,9156
0.04,9062
0.04,9067
0.04,9082
0.04,9151
0.04,9158
0.04,9032
0.04,9078
0.04,9128
0.04,9132
0.04,9136
0.04,9111
0.04,9121
0.04,9164
0.04,9074
0.04,9120
0.04,9203
0.04,9106
0.04,9124
0.04,9189
0.04,9100
0.04,9135
0.04,9174
0.04,9162
0.04,9072
0.04,9135
0.04,9192
0.04,9048
0.04,9119
0.04,9152
0.04,9138
0.04,9125
0.04,9119
0.04,9136
0.04,9134
0.04,9120
0.04,9160
0.04,9122
0.04,9044
0.04,9115
0.04,9148
0.04,9082
0.04,9095
0.04,9112
0.04,9104
0.04,9204
0.04,9153
0.04,9088
0.04,9128
0.04,9191
0.04,9093
0.04,9195
0.04,9114
0.04,9095
0.04,9086
0.04,9101
0.04,9119
0.04,9048
0.04,9102
0.04,9088
0.04,9083
0.04,9130
0.04,9128
0.04,9091
0.04,9113
0.04,9164
0.04,9132
0.04,9189
0.04,9079
0.04,9131
0.04,9167
0.04,9099
0.04,9131
0.04,9110
0.04,9125
0.04,9169
0.04,9132
0.04,9075
0.04,9133
0.04,9204
0.04,9124
0.04,9172
0.04,9094
0.04,9070
0.04,9171
0.04,9045
0.04,9115
0.04,9155
0.04,9079
0.04,9147
0.04,9144
0.04,9151
0.04,9030
0.04,9167
0.04,9061
0.04,9150
0.04,9148
0.04,9083
0.04,9108
0.04,9159
0.04,9087
0.04,9159
0.04,9124
0.04,9146
0.04,9153
0.04,9109
0.04,9074
0.04,9025
0.04,9096
0.04,9121
0.04,9172
0.04,9073
0.04,9048
0.04,9086
0.04,9143
0.04,9131
0.04,9151
0.04,9082
0.04,9029
0.04,9112
0.04,9078
0.04,9082
0.04,9102
0.04,9141
