0.006,9944
0.006,9980
0.006,9966
0.006,9941
0.006,9957
0.006,9978
0.006,9976
0.006,9956
0.006,9941
0.006,10013
0.006,9964
0.006,9981
0.006,9993
0.006,9948
0.006,9957
0.006,9939
0.006,9972
0.006,9975
0.006,9982
0.006,9987
0.006,10034
0.006,10008
0.006,9976
0.006,9946
0.006,9949
0.006,9969
0.006,10031
0.006,9952
0.006,10034
0.006,9976
0.006,9981
0.006,9954
0.006,9978
0.006,9959
0.006,9948
0.006,9996
0.006,9934
0.006,9977
0.006,9996
0.006,9956
0.006,10013
0.006,9977
0.006,9949
0.006,10003
0.006,9941
0.006,9931
0.006,9958
0.006,9991
0.006,10006
0.006,9960
0.006,9983
0.006,9964
0.006,9955
0.006,9990
0.006,9962
0.006,9976
0.006,9981
0.006,9930
0.006,9977
0.006,9937
0.006,9973
0.006,10003
0.006,10005
0.006,9996
0.006,9999
0.006,9963
0.006,9969
0.006,10013
0.006,9982
0.006,9971
0.006,9976
0.006,9979
0.006,9990
0.006,10010
0.006,10011
0.006,9989
0.006,9977
0.006,9984
0.006,9977
0.006,9935
0.006,9947
0.006,9967
0.006,10002
0.006,9955
0.006,9973
0.006,9951
0.006,9988
0.006,10049
0.006,9963
0.006,9972
0.006,9960
0.006,9984
0.006,9967
0.006,9977
0.006,9969
0.006,10028
0.006,9980
0.006,10009
0.006,9954
0.006,10020
0.006,9932
0.006,9931
0.006,9973
0.006,9976
0.006,9982
0.006,9945
0.006,9897
0.006,9996
0.006,10028
0.006,9951
0.006,9994
0.006,9972
0.006,10003
0.006,9968
0.006,9950
0.006,9990
0.006,9984
0.006,10009
0.006,9997
0.006,9944
0.006,9995
0.006,10034
0.006,9943
0.006,9961
0.006,9974
0.006,9971
0.006,9961
0.006,9976
0.006,9945
0.006,9998
0.006,9946
0.006,10004
0.006,9930
0.006,9962
0.006,9960
0.006,9955
0.006,9978
0.006,9897
0.006,9977
0.006,9997
0.006,10001
0.006,9936
0.006,9956
0.006,9997
0.006,9980
0.006,9956
0.006,9979
0.006,10019
0.006,9928
0.006,9975
0.006,9963
0.006,9996
0.006,10009
0.006,9954
0.006,9946
0.006,9972
0.006,9981
0.006,9974
0.006,9965
0.006,9993
0.006,9951
0.006,9950
0.006,9974
0.006,10002
0.006,9951
0.006,9979
0.006,10020
0.006,9985
0.006,9994
0.006,9992
0.006,9959
0.006,9987
0.006,9998
0.006,9916
0.006,9999
0.006,9977
0.006,9983
0.006,9994
0.006,9961
0.006,9974
0.006,10003
0.006,9885
0.006,9987
0.006,9998
0.006,9940
0.006,10036
0.006,9971
0.006,9961
0.006,9991
0.006,9978
0.006,9994
0.006,9931
0.006,10025
0.006,10027
0.006,9980
0.006,9977
0.006,9970
0.006,10004
0.006,10008
0.006,9965
0.006,9976
0.006,9960
0.006,9968
0.006,10005
0.006,9996
0.006,9997
0.006,9991
0.006,9999
0.006,9960
0.006,9917
0.006,9964
0.006,9968
0.006,9997
0.006,9953
0.006,9991
0.006,9986
0.006,9995
0.006,9994
0.006,10013
0.006,9951
0.006,9968
0.006,10000
0.006,9986
0.006,9958
0.006,10035
0.006,9945
0.006,9999
0.006,9952
0.006,9962
0.006,9954
0.006,9981
0.006,9957
0.006,9980
0.006,9975
0.006,9976
0.006,9954
0.006,9992
0.006,10010
0.006,9987
0.006,9955
0.006,10006
0.006,10020
0.006,9968
0.006,10008
0.006,9985
0.006,9972
0.006,9976
0.006,10005
0.006,9960
0.006,9976
0.006,9986
0.006,10016
0.006,10016
0.006,9975
0.006,9983
0.006,9961
0.006,9988
0.006,10021
0.006,9954
0.006,9970
0.006,9980
0.006,9985
0.006,10039
0.006,10005
0.006,9959
0.006,9987
0.006,9981
0.006,9948
0.006,9962
0.006,9963
0.006,9993
0.006,9951
0.006,9965
0.006,9999
0.006,9976
0.006,9965
0.006,10017
0.006,9932
0.006,9933
0.006,9965
0.006,9999
0.006,10008
0.006,9980
0.006,10016
0.006,9986
0.006,9962
0.006,9991
0.006,9986
0.006,9962
0.006,9974
0.006,9994
0.006,9955
0.006,9989
0.006,9996
0.006,9956
0.006,9940
0.006,9998
0.006,9957
0.006,9980
0.006,9974
0.006,9998
0.006,10013
0.006,9915
0.006,9961
0.006,10028
0.006,9987
0.006,9958
0.006,9985
0.006,9985
0.006,9998
0.006,9998
0.006,9974
0.006,9985
0.006,9953
0.006,9988
0.006,9969
0.006,9975
0.006,9958
0.006,10009
0.006,10001
0.006,10016
0.006,9977
0.006,9984
0.006,9975
0.006,9960
0.006,10007
0.006,9963
0.006,9965
0.006,9951
0.006,9997
0.006,9961
0.006,9964
0.006,9956
0.006,9952
0.006,10021
0.006,10002
0.006,10006
0.006,10038
0.006,9975
0.006,9968
0.006,9986
0.006,9974
0.006,10009
0.006,10025
0.006,9818
0.006,9980
0.006,9906
0.006,9963
0.006,9997
0.006,9957
0.006,9991
0.006,9981
0.006,9996
0.006,9952
0.006,10003
0.006,9982
0.006,9962
0.006,9967
0.006,9974
0.006,9973
0.006,9948
0.006,10006
0.006,9946
0.006,9972
0.006,9960
0.006,9939
0.006,9988
0.006,9996
0.006,9997
0.006,9949
0.006,9947
0.006,9969
0.006,9914
0.006,9981
0.006,9994
0.006,9953
0.006,10031
0.006,9978
0.006,9969
0.006,9956
0.006,10015
0.006,9952
0.006,9996
0.006,9951
0.006,9978
0.006,9926
0.006,9981
0.006,10024
0.006,9957
0.006,10011
0.006,9990
0.006,9970
0.006,10032
0.006,10006
0.006,9956
0.006,9991
0.006,10006
0.006,9961
0.006,9975
0.006,9965
0.006,9998
0.006,10009
0.006,9957
0.006,9990
0.006,10022
0.006,10006
0.006,10011
0.006,9966
0.006,9997
0.006,9990
0.006,9999
0.006,9967
0.006,9999
0.006,9960
0.006,9989
0.006,9968
0.006,10024
0.006,9963
0.006,9955
0.006,9969
0.006,10004
0.006,9953
0.006,9923
0.006,9935
0.006,10005
0.006,9966
0.006,9906
0.006,10010
0.006,9976
0.006,10027
0.006,9966
0.006,9979
0.006,9987
0.006,9912
0.006,9984
0.006,9908
0.006,9957
0.006,9905
0.006,9969
0.006,9975
0.006,9948
0.006,9971
0.006,9977
0.006,10005
0.006,9944
0.006,9980
0.006,10017
0.006,9963
0.006,9917
0.006,10001
0.006,9964
0.006,9936
0.006,10006
0.006,9945
0.006,9980
0.006,10008
0.006,9950
0.006,9994
0.006,9975
0.006,9922
0.006,9933
0.006,9980
0.006,9998
0.006,9982
0.006,10004
0.006,9971
0.006,9984
0.006,9973
0.006,9977
0.006,9904
0.006,10010
0.006,10049
0.006,9928
0.006,9993
0.006,10034
0.006,9986
0.006,9953
0.006,9940
0.006,9963
0.006,9975
0.006,9976
0.006,9992
0.006,9993
0.006,9958
0.006,10006
0.006,9948
0.006,9997
0.006,9944
0.006,9947
0.006,10000
0.006,9959
0.006,9996
0.006,9970
0.006,9948
0.006,9997
0.006,9980
0.006,9969
0.006,9968
0.006,9957
0.006,9988
0.006,9996
0.006,10013
0.006,9995
0.006,10009
0.006,10004
0.006,10013
0.006,9986
0.006,9963
0.006,9983
0.006,10029
0.006,9975
0.006,9979
0.006,9997
0.006,9915
0.006,9967
0.006,10013
0.006,9967
0.006,10006
0.006,9984
0.006,9982
0.006,9974
0.006,9982
0.006,9972
0.006,9989
0.006,9988
0.006,9997
0.006,9943
0.006,9952
0.006,9978
0.006,9897
0.006,9998
0.006,9981
0.006,9945
0.006,9981
0.006,9941
0.006,9976
0.006,9947
0.006,9953
0.006,9969
0.006,9991
0.006,9970
0.006,9953
0.006,10029
0.006,10016
0.006,9984
0.006,10013
0.006,9966
0.006,9993
0.006,10015
0.006,9988
0.006,9971
0.006,9952
0.006,10016
0.006,9979
0.006,9949
0.006,9986
0.006,9991
0.006,9941
0.006,9959
0.006,10027
0.006,10005
0.006,10011
0.006,10010
0.006,9971
0.006,9990
0.006,9974
0.006,9987
0.006,9962
0.006,9979
0.006,9946
0.006,9959
0.006,9924
0.006,9993
0.006,9970
0.006,10000
0.006,9985
0.006,9975
0.006,9955
0.006,9976
0.006,9989
0.006,9975
0.006,9963
0.006,10016
0.006,9985
0.006,9995
0.006,9971
0.006,9992
0.006,9951
0.006,9984
0.006,9972
0.006,9942
0.006,9966
0.006,9987
0.006,9990
0.006,10001
0.006,9995
0.006,9966
0.006,9993
0.006,9959
0.006,9979
0.006,10012
0.006,9998
0.006,9972
0.006,9910
0.006,9982
0.006,10013
0.006,9952
0.006,9989
0.006,9958
0.006,9998
0.006,9970
0.006,10006
0.006,9997
0.006,9961
0.006,9965
0.006,9969
0.006,9960
0.006,9990
0.006,9966
0.006,10000
0.006,9965
0.006,10006
0.006,9998
0.006,10020
0.006,9941
0.006,9970
0.006,10007
0.006,9966
0.006,9986
0.006,9985
0.006,9996
0.006,9981
0.006,9934
0.006,9970
0.006,9962
0.006,9958
0.006,9993
0.006,10016
0.006,10019
0.006,9990
0.006,9994
0.006,9972
0.006,9964
0.006,10009
0.006,9977
0.006,9922
0.006,9957
0.006,9983
0.006,10010
0.006,9937
0.006,9987
0.006,9958
0.006,10010
0.006,9984
0.006,10003
0.006,9973
0.006,9982
0.006,9957
0.006,9995
0.006,9977
0.006,9952
0.006,9951
0.006,9981
0.006,9924
0.006,10001
0.006,9947
0.006,9984
0.006,9983
0.006,9989
0.006,9956
0.006,9977
0.006,9974
0.006,9958
0.006,9961
0.006,9935
0.006,9955
0.006,9943
0.006,10002
0.006,9953
0.006,9939
0.006,9964
0.006,10012
0.006,9958
0.006,9985
0.006,9974
0.006,9962
0.006,9956
0.006,9948
0.006,9984
0.006,9996
0.006,9935
0.006,9973
0.006,9983
0.006,9959
0.006,10010
0.006,9956
0.006,10021
0.006,9957
0.006,10022
0.006,9901
0.006,9975
0.006,9982
0.006,9975
0.006,9956
0.006,9928
0.006,9983
0.006,9971
0.006,9983
0.006,9929
0.006,9973
0.006,9974
0.006,9976
0.006,9979
0.006,9969
0.006,9976
0.006,9945
0.006,9987
0.006,9987
0.006,9974
0.006,10002
0.006,9977
0.006,9974
0.006,9990
0.006,9974
0.006,10007
0.006,9964
0.006,9971
0.006,9979
0.006,9944
0.006,10025
0.006,10025
0.006,10006
0.006,9980
0.006,9949
0.006,10012
0.006,9984
0.006,9979
0.006,9932
0.006,10009
0.006,9984
0.006,9998
0.006,9938
0.006,9980
0.006,10001
0.006,9977
0.006,9940
0.006,9965
0.006,9953
0.006,10012
0.006,9932
0.006,10013
0.006,9976
0.006,10005
0.006,9936
0.006,10026
0.006,9974
0.006,9950
0.006,9988
0.006,9999
0.006,9931
0.006,9964
0.006,9970
0.006,9932
0.006,9981
0.006,9974
0.006,10021
0.006,9994
0.006,10003
0.006,9965
0.006,9979
0.006,9964
0.006,9973
0.006,9953
0.006,9972
0.006,9965
0.006,10033
0.006,9972
0.006,9973
0.006,9960
0.006,10005
0.006,9940
0.006,9988
0.006,9992
0.006,9999
0.006,9973
0.006,10011
0.006,10021
0.006,9989
0.006,9978
0.006,9955
0.006,9997
0.006,10025
0.006,9970
0.006,9966
0.006,9958
0.006,9985
0.006,9944
0.006,9974
0.006,9975
0.006,9965
0.006,9987
0.006,9958
0.006,9935
0.006,9967
0.006,9990
0.006,9967
0.006,9932
0.006,9958
0.006,9998
0.006,9953
0.006,10002
0.006,9952
0.006,9982
0.006,9971
0.006,10017
0.006,9973
0.006,9951
0.006,9994
0.006,9954
0.006,9952
0.006,10021
0.006,9945
0.006,9956
0.006,9943
0.006,9937
0.006,9978
0.006,9994
0.006,9972
0.006,10027
0.006,9967
0.006,9930
0.006,9915
0.006,9994
0.006,9947
0.006,9987
0.006,9965
0.006,9971
0.006,9999
0.006,9974
0.006,9978
0.006,9958
0.006,9990
0.006,9977
0.006,9933
0.006,9978
0.006,10000
0.006,10001
0.006,9992
0.006,9965
0.006,9971
0.006,10008
0.006,9954
0.006,9975
0.006,10025
0.006,9991
0.006,9982
0.006,10008
0.006,9992
0.006,10029
0.006,10019
0.006,9968
0.006,9964
0.006,9984
0.006,9989
0.006,9941
0.006,9967
0.006,9960
0.006,10004
0.006,9967
0.006,9971
0.006,9993
0.006,9994
0.006,10013
0.006,10010
0.006,9977
0.006,10002
0.006,9973
0.006,9939
0.006,10012
0.006,9978
0.006,9996
0.006,9964
0.006,9959
0.006,10010
0.006,9926
0.006,9989
0.006,10001
0.006,9955
0.006,9969
0.006,9932
0.006,9947
0.006,10001
0.006,9953
0.006,9997
0.006,10013
0.006,9970
0.006,9965
0.006,9958
0.006,9988
0.006,9990
0.006,9974
0.006,10020
0.006,9985
0.006,9953
0.006,10016
0.006,9958
0.006,9988
0.006,9934
0.006,9965
0.006,9977
0.006,9971
0.006,9971
0.006,9980
0.006,9953
0.006,10008
0.006,9931
0.006,9944
0.006,9980
0.006,9991
0.006,10020
0.006,9982
0.006,9942
0.006,9970
0.006,9971
0.006,10013
0.006,9960
0.006,9984
0.006,9962
0.006,9961
0.006,10004
0.006,9983
0.006,9981
0.006,9997
0.006,9978
0.006,9979
0.006,9965
0.006,10004
0.006,9979
0.006,10012
0.006,9978
0.006,9963
0.006,9973
0.006,9917
0.006,9968
0.006,10006
0.006,9994
0.006,9973
0.006,9994
0.006,9951
0.006,9981
0.006,10000
0.006,10018
0.006,9997
0.006,9974
0.006,9996
0.006,9987
0.006,9970
0.006,10001
0.006,9944
0.006,9980
0.006,9973
0.006,10002
0.006,9991
0.006,9946
0.006,10018
0.006,9963
0.006,10016
0.006,9902
0.006,9959
0.006,9983
0.006,9980
0.006,10016
0.006,9940
0.006,9999
0.006,9968
0.006,9999
0.006,9963
0.006,10013
0.006,9947
0.006,9982
0.006,9977
0.006,9979
0.006,9993
0.006,9962
0.006,9970
0.006,9956
0.006,9984
0.006,9957
0.006,9955
0.006,9969
0.006,9972
0.006,9958
0.006,9968
0.006,9928
0.006,9989
0.006,9996
0.006,9951
0.006,9946
0.006,9993
0.006,9944
