0.01,9212
0.01,9219
0.01,9131
0.01,9270
0.01,9312
0.01,9222
0.01,9260
0.01,9239
0.01,9188
0.01,9193
0.01,9285
0.01,9290
0.01,9218
0.01,9262
0.01,9174
0.01,9240
0.01,9275
0.01,9267
0.01,9267
0.01,9276
0.01,9256
0.01,9216
0.01,9213
0.01,9297
0.01,9199
0.01,9153
0.01,9161
0.01,9271
0.01,9275
0.01,9250
0.01,9205
0.01,9233
0.01,9286
0.01,9334
0.01,9065
0.01,9280
0.01,9180
0.01,9300
0.01,9141
0.01,9155
0.01,9281
0.01,9253
0.01,9259
0.01,9278
0.01,9279
0.01,9283
0.01,9153
0.01,9133
0.01,9324
0.01,9286
0.01,9310
0.01,9254
0.01,9229
0.01,9291
0.01,9300
0.01,9242
0.01,9223
0.01,9276
0.01,9314
0.01,9216
0.01,9227
0.01,9175
0.01,9227
0.01,9265
0.01,9251
0.01,9276
0.01,9252
0.01,9103
0.01,9277
0.01,9184
0.01,9281
0.01,9255
0.01,9223
0.01,9183
0.01,9253
0.01,9196
0.01,9319
0.01,9247
0.01,9173
0.01,9194
0.01,9275
0.01,9113
0.01,9265
0.01,9177
0.01,9274
0.01,9271
0.01,9316
0.01,9272
0.01,9135
0.01,9298
0.01,9098
0.01,9147
0.01,9186
0.01,9273
0.01,9203
0.01,9263
0.01,9304
0.01,9195
0.01,9222
0.01,9322
0.01,9138
0.01,9230
0.01,9156
0.01,9186
0.01,9235
0.01,9286
0.01,9272
0.01,9155
0.01,9229
0.01,9154
0.01,9206
0.01,9266
0.01,9166
0.01,9204
0.01,9270
0.01,9175
0.01,9304
0.01,9235
0.01,9232
0.01,9241
0.01,9226
0.01,9218
0.01,9257
0.01,9223
0.01,9198
0.01,9248
0.01,9268
0.01,9199
0.01,9227
0.01,9173
0.01,9303
0.01,8885
0.01,9231
0.01,9276
0.01,9186
0.01,9099
0.01,9248
0.01,9135
0.01,9268
0.01,9287
0.01,9173
0.01,9210
0.01,9278
0.01,9276
0.01,9216
0.01,9265
0.01,9311
0.01,9144
0.01,9235
0.01,9286
0.01,9041
0.01,9259
0.01,9094
0.01,9243
0.01,9233
0.01,9245
0.01,9158
0.01,9198
0.01,9261
0.01,9196
0.01,9232
0.01,9010
0.01,9233
0.01,9237
0.01,9262
0.01,9284
0.01,9130
0.01,9225
0.01,9239
0.01,9308
0.01,9318
0.01,9234
0.01,9262
0.01,9320
0.01,9100
0.01,9305
0.01,9201
0.01,9227
0.01,9174
0.01,9218
0.01,9240
0.01,9288
0.01,9274
0.01,9168
0.01,9270
0.01,9253
0.01,9221
0.01,9307
0.01,9201
0.01,9128
0.01,9233
0.01,9250
0.01,9213
0.01,9261
0.01,9233
0.01,9270
0.01,9284
0.01,9252
0.01,9249
0.01,9243
0.01,9190
0.01,9274
0.01,9255
0.01,9284
0.01,9129
0.01,9291
0.01,9145
0.01,9251
0.01,9279
0.01,9248
0.01,9171
0.01,9304
0.01,9275
0.01,9201
0.01,9193
0.01,9291
0.01,9303
0.01,9293
0.01,9215
0.01,9181
0.01,9259
0.01,9198
0.01,9225
0.01,9201
0.01,9143
0.01,9244
0.01,9246
0.01,9213
0.01,9284
0.01,9204
0.01,9187
0.01,9272
0.01,9227
0.01,9319
0.01,9194
0.01,9246
0.01,9139
0.01,9190
0.01,9262
0.01,9321
0.01,9298
0.01,9234
0.01,9206
0.01,9258
0.01,9223
0.01,9266
0.01,9153
0.01,9285
0.01,9226
0.01,9275
0.01,9276
0.01,9136
0.01,9272
0.01,9298
0.01,9215
0.01,9200
0.01,9314
0.01,9181
0.01,9240
0.01,9250
0.01,9187
0.01,9299
0.01,9228
0.01,9156
0.01,9189
0.01,9235
0.01,9288
0.01,9307
0.01,9264
0.01,9199
0.01,9233
0.01,9311
0.01,9243
0.01,9140
0.01,9292
0.01,9286
0.01,9255
0.01,9111
0.01,9282
0.01,9206
0.01,9273
0.01,9264
0.01,9229
0.01,9280
0.01,9264
0.01,9217
0.01,9242
0.01,9287
0.01,9233
0.01,9187
0.01,9206
0.01,9322
0.01,9253
0.01,9190
0.01,9287
0.01,9244
0.01,9292
0.01,9284
0.01,9242
0.01,9183
0.01,9280
0.01,9221
0.01,9254
0.01,9295
0.01,9254
0.01,9254
0.01,9006
0.01,9260
0.01,9199
0.01,9241
0.01,9115
0.01,9241
0.01,9258
0.01,9274
0.01,9254
0.01,9174
0.01,9186
0.01,9065
0.01,9164
0.01,9273
0.01,9211
0.01,9173
0.01,9284
0.01,9220
0.01,9285
0.01,9260
0.01,9236
0.01,9303
0.01,9268
0.01,9154
0.01,9261
0.01,9145
0.01,9298
0.01,9301
0.01,9210
0.01,9249
0.01,9190
0.01,9229
0.01,9276
0.01,9222
0.01,9240
0.01,9248
0.01,9319
0.01,9099
0.01,9178
0.01,9212
0.01,9260
0.01,9152
0.01,9207
0.01,9274
0.01,9215
0.01,9224
0.01,9277
0.01,9134
0.01,9197
0.01,9201
0.01,9213
0.01,9192
0.01,9236
0.01,9250
0.01,9217
0.01,9283
0.01,9285
0.01,9264
0.01,9275
0.01,9281
0.01,9184
0.01,9201
0.01,9268
0.01,9255
0.01,9175
0.01,9204
0.01,9252
0.01,9126
0.01,9269
0.01,9338
0.01,9270
0.01,9174
0.01,9226
0.01,9221
0.01,9198
0.01,9305
0.01,9298
0.01,9293
0.01,9127
0.01,9313
0.01,9225
0.01,9214
0.01,9282
0.01,9291
0.01,9136
0.01,9207
0.01,9265
0.01,9070
0.01,9127
0.01,9269
0.01,9260
0.01,9162
0.01,9320
0.01,9194
0.01,9270
0.01,9083
0.01,9114
0.01,9287
0.01,9211
0.01,9307
0.01,9228
0.01,9298
0.01,9212
0.01,9274
0.01,9234
0.01,9296
0.01,9232
0.01,9202
0.01,9139
0.01,9286
0.01,9273
0.01,9244
0.01,9240
0.01,9253
0.01,9161
0.01,9285
0.01,9262
0.01,9262
0.01,9210
0.01,9186
0.01,9228
0.01,9213
0.01,9253
0.01,9192
0.01,9209
0.01,9098
0.01,9186
0.01,9153
0.01,9264
0.01,9209
0.01,9130
0.01,9195
0.01,9162
0.01,9223
0.01,9156
0.01,9283
0.01,9277
0.01,9058
0.01,9233
0.01,9275
0.01,9185
0.01,9334
0.01,9217
0.01,9132
0.01,9132
0.01,9272
0.01,9238
0.01,9023
0.01,9249
0.01,9248
0.01,9254
0.01,9200
0.01,9207
0.01,9145
0.01,9211
0.01,9146
0.01,9254
0.01,9149
0.01,9182
0.01,9267
0.01,9244
0.01,9241
0.01,9200
0.01,9315
0.01,8884
0.01,9332
0.01,9295
0.01,9254
0.01,9252
0.01,9284
0.01,9245
0.01,9275
0.01,9328
0.01,9222
0.01,9221
0.01,9159
0.01,9272
0.01,9234
0.01,9312
0.01,9254
0.01,9232
0.01,9106
0.01,9240
0.01,9155
0.01,9226
0.01,9199
0.01,9212
0.01,9252
0.01,9232
0.01,9201
0.01,9240
0.01,9240
0.01,9236
0.01,9258
0.01,9256
0.01,9233
0.01,9282
0.01,9162
0.01,9235
0.01,9260
0.01,9257
0.01,9199
0.01,9215
0.01,9286
0.01,9240
0.01,9182
0.01,9150
0.01,9172
0.01,9248
0.01,9296
0.01,9234
0.01,9232
0.01,9251
0.01,9159
0.01,9272
0.01,9217
0.01,9279
0.01,9283
0.01,9159
0.01,9097
0.01,9328
0.01,9279
0.01,9190
0.01,9180
0.01,9280
0.01,9103
0.01,9318
0.01,9280
0.01,9322
0.01,9298
0.01,9201
0.01,9242
0.01,9216
0.01,9231
0.01,9216
0.01,9279
0.01,9307
0.01,9243
0.01,9284
0.01,9180
0.01,9183
0.01,9239
0.01,9311
0.01,9256
0.01,9274
0.01,9273
0.01,9284
0.01,9233
0.01,9059
0.01,9202
0.01,9265
0.01,9176
0.01,9188
0.01,9267
0.01,9255
0.01,9205
0.01,9157
0.01,9172
0.01,9223
0.01,9276
0.01,9225
0.01,9258
0.01,9119
0.01,9256
0.01,9226
0.01,9271
0.01,9231
0.01,9266
0.01,9278
0.01,9205
0.01,9141
0.01,9073
0.01,9261
0.01,9295
0.01,9205
0.01,9231
0.01,9168
0.01,9252
0.01,9273
0.01,9261
0.01,9043
0.01,9253
0.01,9247
0.01,9191
0.01,9313
0.01,9250
0.01,9277
0.01,9155
0.01,9204
0.01,9221
0.01,9207
0.01,9238
0.01,9261
0.01,9161
0.01,9259
0.01,9060
0.01,9188
0.01,9324
0.01,9227
0.01,9277
0.01,9278
0.01,9258
0.01,9275
0.01,9187
0.01,9220
0.01,9213
0.01,9217
0.01,9191
0.01,9229
0.01,9102
0.01,9197
0.01,9290
0.01,9284
0.01,9244
0.01,9141
0.01,9187
0.01,9235
0.01,9275
0.01,9207
0.01,9272
0.01,9154
0.01,9214
0.01,9175
0.01,9069
0.01,9285
0.01,9226
0.01,9250
0.01,9300
0.01,9241
0.01,9187
0.01,9167
0.01,9281
0.01,9231
0.01,9244
0.01,9228
0.01,9235
0.01,9296
0.01,9247
0.01,9282
0.01,9151
0.01,9231
0.01,9209
0.01,9270
0.01,9254
0.01,9231
0.01,9108
0.01,9209
0.01,9191
0.01,9202
0.01,9137
0.01,9314
0.01,9219
0.01,9267
0.01,9222
0.01,9192
0.01,9256
0.01,9171
0.01,9303
0.01,9234
0.01,9230
0.01,9268
0.01,9226
0.01,9158
0.01,9299
0.01,9241
0.01,9281
0.01,9332
0.01,9177
0.01,9263
0.01,9157
0.01,9225
0.01,9173
0.01,9223
0.01,9258
0.01,9163
0.01,9261
0.01,9249
0.01,9313
0.01,9243
0.01,9296
0.01,9278
0.01,9149
0.01,9230
0.01,9197
0.01,9233
0.01,9265
0.01,9244
0.01,9263
0.01,9159
0.01,9162
0.01,9244
0.01,9219
0.01,9210
0.01,9293
0.01,9253
0.01,9278
0.01,9213
0.01,9278
0.01,9253
0.01,9184
0.01,9096
0.01,9278
0.01,9268
0.01,9255
0.01,9294
0.01,9169
0.01,9181
0.01,9026
0.01,9289
0.01,9102
0.01,9214
0.01,9158
0.01,9182
0.01,9239
0.01,9284
0.01,9309
0.01,9211
0.01,9243
0.01,9231
0.01,9200
0.01,9202
0.01,9143
0.01,9262
0.01,9231
0.01,9302
0.01,9076
0.01,9274
0.01,8815
0.01,9278
0.01,9280
0.01,9250
0.01,9177
0.01,9219
0.01,9252
0.01,9232
0.01,9309
0.01,9247
0.01,9225
0.01,9295
0.01,9111
0.01,9255
0.01,9257
0.01,9271
0.01,9203
0.01,9190
0.01,9166
0.01,9250
0.01,9245
0.01,9255
0.01,9232
0.01,9288
0.01,9014
0.01,9300
0.01,9243
0.01,9242
0.01,9131
0.01,9211
0.01,9206
0.01,9259
0.01,9267
0.01,8939
0.01,9251
0.01,9257
0.01,9260
0.01,9297
0.01,9289
0.01,9196
0.01,9256
0.01,9285
0.01,9241
0.01,9173
0.01,9089
0.01,9208
0.01,9211
0.01,9250
0.01,9284
0.01,9269
0.01,9260
0.01,9327
0.01,9167
0.01,9375
0.01,9261
0.01,9240
0.01,9231
0.01,9241
0.01,9302
0.01,9275
0.01,9237
0.01,9205
0.01,9124
0.01,9249
0.01,9266
0.01,9264
0.01,9310
0.01,9266
0.01,9199
0.01,9258
0.01,9236
0.01,9239
0.01,9257
0.01,9251
0.01,9293
0.01,9241
0.01,9227
0.01,9264
0.01,9251
0.01,9194
0.01,9117
0.01,9112
0.01,9171
0.01,9231
0.01,9280
0.01,9212
0.01,9254
0.01,9221
0.01,9274
0.01,9277
0.01,9228
0.01,9262
0.01,9196
0.01,9209
0.01,9221
0.01,9246
0.01,9238
0.01,9046
0.01,9208
0.01,9242
0.01,9267
0.01,9301
0.01,9249
0.01,9194
0.01,9220
0.01,9191
0.01,9262
0.01,9285
0.01,9200
0.01,9277
0.01,9286
0.01,9167
0.01,9261
0.01,9277
0.01,9232
0.01,9262
0.01,9252
0.01,9207
0.01,9292
0.01,9229
0.01,9265
0.01,9157
0.01,9260
0.01,9216
0.01,9220
0.01,9228
0.01,9223
0.01,9227
0.01,9207
0.01,9199
0.01,9256
0.01,9241
0.01,9319
0.01,9117
0.01,9173
0.01,9301
0.01,9217
0.01,9237
0.01,9236
0.01,9254
0.01,9173
0.01,9261
0.01,9257
0.01,9207
0.01,9224
0.01,9150
0.01,9232
0.01,9196
0.01,9264
0.01,9135
0.01,9178
0.01,9290
0.01,9190
0.01,9219
0.01,9209
0.01,9219
0.01,9301
0.01,9254
0.01,9232
0.01,9220
0.01,9301
0.01,9222
0.01,9179
0.01,9250
0.01,9168
0.01,9224
0.01,9275
0.01,9273
0.01,9181
0.01,9297
0.01,9308
0.01,9226
0.01,9094
0.01,9320
0.01,9287
0.01,9302
0.01,9237
0.01,9231
0.01,9215
0.01,9256
0.01,9170
0.01,9178
0.01,9240
0.01,9169
0.01,9280
0.01,9109
0.01,9137
0.01,9124
0.01,9209
0.01,9283
0.01,9192
0.01,9262
0.01,9077
0.01,9182
0.01,9281
0.01,9266
0.01,9244
0.01,9216
0.01,9262
0.01,9212
0.01,9282
0.01,9228
0.01,9241
0.01,9225
0.01,9247
0.01,9231
0.01,9317
0.01,9250
0.01,9278
0.01,9197
0.01,9181
0.01,9263
0.01,9206
0.01,9306
0.01,8873
0.01,9309
0.01,9247
0.01,9281
0.01,9205
0.01,9305
0.01,9279
0.01,9151
0.01,9289
0.01,9301
0.01,9266
0.01,9279
0.01,9234
0.01,9245
0.01,9204
0.01,9222
0.01,9289
0.01,9248
0.01,9292
0.01,9294
0.01,9250
0.01,9113
0.01,9256
0.01,9254
0.01,9211
0.01,9151
0.01,9136
0.01,9242
0.01,9230
0.01,9256
0.01,9336
0.01,9260
0.01,9216
0.01,9156
0.01,9181
0.01,9312
0.01,9126
0.01,9179
0.01,9292
0.01,9178
0.01,9227
0.01,9224
0.01,9245
0.01,9225
0.01,9297
0.01,9226
0.01,9235
0.01,9212
0.01,9214
0.01,9315
0.01,9165
0.01,9120
0.01,9067
