0.01,9482
0.01,9460
0.01,9453
0.01,9492
0.01,9539
0.01,9473
0.01,9557
0.01,9512
0.01,9502
0.01,9423
0.01,9515
0.01,9553
0.01,9535
0.01,9496
0.01,9454
0.01,9523
0.01,9510
0.01,9488
0.01,9532
0.01,9480
0.01,9395
0.01,9472
0.01,9561
0.01,9498
0.01,9544
0.01,9563
0.01,9566
0.01,9524
0.01,9473
0.01,9526
0.01,9550
0.01,9477
0.01,9487
0.01,9475
0.01,9403
0.01,9494
0.01,9517
0.01,9545
0.01,9465
0.01,9345
0.01,9570
0.01,9453
0.01,9582
0.01,9567
0.01,9437
0.01,9548
0.01,9546
0.01,9506
0.01,9560
0.01,9509
0.01,9532
0.01,9451
0.01,9386
0.01,9563
0.01,9514
0.01,9496
0.01,9519
0.01,9496
0.01,9498
0.01,9531
0.01,9519
0.01,9486
0.01,9538
0.01,9511
0.01,9537
0.01,9424
0.01,9485
0.01,9420
0.01,9462
0.01,9451
0.01,9516
0.01,9577
0.01,9534
0.01,9380
0.01,9507
0.01,9512
0.01,9508
0.01,9551
0.01,9530
0.01,9471
0.01,9455
0.01,9463
0.01,9550
0.01,9461
0.01,9414
0.01,9514
0.01,9550
0.01,9467
0.01,9273
0.01,9540
0.01,9456
0.01,9538
0.01,9562
0.01,9536
0.01,9477
0.01,9382
0.01,9500
0.01,9363
0.01,9462
0.01,9462
0.01,9524
0.01,9425
0.01,9570
0.01,9532
0.01,9446
0.01,9490
0.01,9481
0.01,9428
0.01,9457
0.01,9490
0.01,9481
0.01,9424
0.01,9505
0.01,9552
0.01,9544
0.01,9437
0.01,9416
0.01,9474
0.01,9471
0.01,9492
0.01,9563
0.01,9534
0.01,9484
0.01,9527
0.01,9560
0.01,9561
0.01,9506
0.01,9498
0.01,9494
0.01,9528
0.01,9416
0.01,9507
0.01,9489
0.01,9516
0.01,9512
0.01,9466
0.01,9532
0.01,9458
0.01,9534
0.01,9146
0.01,9522
0.01,9514
0.01,9534
0.01,9478
0.01,9522
0.01,9513
0.01,9440
0.01,9534
0.01,9542
0.01,9471
0.01,9511
0.01,9538
0.01,9499
0.01,9463
0.01,9533
0.01,9547
0.01,9404
0.01,9514
0.01,9513
0.01,9515
0.01,9515
0.01,9368
0.01,9521
0.01,9473
0.01,9491
0.01,9426
0.01,9484
0.01,9491
0.01,9464
0.01,9552
0.01,9491
0.01,9307
0.01,9476
0.01,9553
0.01,9530
0.01,9537
0.01,9393
0.01,9485
0.01,9519
0.01,9525
0.01,9542
0.01,9447
0.01,9507
0.01,9508
0.01,9387
0.01,9513
0.01,9520
0.01,9511
0.01,9516
0.01,9489
0.01,9520
0.01,9508
0.01,9502
0.01,9391
0.01,9497
0.01,9419
0.01,9455
0.01,9512
0.01,9370
0.01,9459
0.01,9513
0.01,9479
0.01,9487
0.01,9419
0.01,9526
0.01,9532
0.01,9525
0.01,9498
0.01,9499
0.01,9444
0.01,9530
0.01,9542
0.01,9551
0.01,9380
0.01,9534
0.01,9444
0.01,9527
0.01,9555
0.01,9492
0.01,9425
0.01,9511
0.01,9445
0.01,9470
0.01,9500
0.01,9529
0.01,9539
0.01,9536
0.01,9504
0.01,9517
0.01,9512
0.01,9481
0.01,9496
0.01,9485
0.01,9530
0.01,9436
0.01,9505
0.01,9522
0.01,9541
0.01,9517
0.01,9404
0.01,9540
0.01,9445
0.01,9573
0.01,9474
0.01,9502
0.01,9464
0.01,9530
0.01,9529
0.01,9543
0.01,9467
0.01,9557
0.01,9478
0.01,9460
0.01,9488
0.01,9448
0.01,9557
0.01,9526
0.01,9566
0.01,9495
0.01,9386
0.01,9530
0.01,9559
0.01,9503
0.01,9456
0.01,9521
0.01,9448
0.01,9496
0.01,9512
0.01,9542
0.01,9547
0.01,9529
0.01,9399
0.01,9498
0.01,9509
0.01,9546
0.01,9539
0.01,9500
0.01,9381
0.01,9406
0.01,9526
0.01,9551
0.01,9485
0.01,9372
0.01,9542
0.01,9521
0.01,9473
0.01,9516
0.01,9494
0.01,9512
0.01,9518
0.01,9544
0.01,9460
0.01,9496
0.01,9543
0.01,9483
0.01,9473
0.01,9528
0.01,9485
0.01,9455
0.01,9515
0.01,9561
0.01,9469
0.01,9473
0.01,9482
0.01,9517
0.01,9505
0.01,9597
0.01,9507
0.01,9466
0.01,9391
0.01,9534
0.01,9552
0.01,9522
0.01,9562
0.01,9508
0.01,9538
0.01,9282
0.01,9536
0.01,9458
0.01,9506
0.01,9427
0.01,9508
0.01,9489
0.01,9489
0.01,9597
0.01,9497
0.01,9436
0.01,9516
0.01,9431
0.01,9357
0.01,9532
0.01,9419
0.01,9488
0.01,9514
0.01,9477
0.01,9534
0.01,9501
0.01,9534
0.01,9505
0.01,9528
0.01,9523
0.01,9375
0.01,9507
0.01,9480
0.01,9532
0.01,9566
0.01,9443
0.01,9480
0.01,9446
0.01,9462
0.01,9529
0.01,9478
0.01,9465
0.01,9495
0.01,9562
0.01,9381
0.01,9539
0.01,9440
0.01,9531
0.01,9477
0.01,9500
0.01,9486
0.01,9491
0.01,9521
0.01,9452
0.01,9556
0.01,9400
0.01,9461
0.01,9453
0.01,9511
0.01,9497
0.01,9427
0.01,9476
0.01,9568
0.01,9524
0.01,9491
0.01,9477
0.01,9495
0.01,9521
0.01,9470
0.01,9479
0.01,9487
0.01,9492
0.01,9501
0.01,9532
0.01,9513
0.01,9488
0.01,9390
0.01,9532
0.01,9569
0.01,9523
0.01,9443
0.01,9533
0.01,9464
0.01,9416
0.01,9530
0.01,9524
0.01,9530
0.01,9454
0.01,9578
0.01,9500
0.01,9493
0.01,9530
0.01,9573
0.01,9419
0.01,9507
0.01,9492
0.01,9531
0.01,9369
0.01,9379
0.01,9519
0.01,9503
0.01,9417
0.01,9537
0.01,9509
0.01,9517
0.01,9340
0.01,9371
0.01,9575
0.01,9442
0.01,9522
0.01,9475
0.01,9565
0.01,9469
0.01,9546
0.01,9547
0.01,9536
0.01,9489
0.01,9523
0.01,9404
0.01,9463
0.01,9473
0.01,9465
0.01,9444
0.01,9439
0.01,9461
0.01,9515
0.01,9472
0.01,9487
0.01,9472
0.01,9500
0.01,9577
0.01,9515
0.01,9494
0.01,9529
0.01,9466
0.01,9495
0.01,9345
0.01,9438
0.01,9477
0.01,9533
0.01,9472
0.01,9486
0.01,9423
0.01,9530
0.01,9450
0.01,9499
0.01,9407
0.01,9539
0.01,9549
0.01,9341
0.01,9484
0.01,9551
0.01,9405
0.01,9569
0.01,9463
0.01,9382
0.01,9373
0.01,9550
0.01,9456
0.01,9291
0.01,9478
0.01,9450
0.01,9505
0.01,9408
0.01,9494
0.01,9428
0.01,9444
0.01,9409
0.01,9506
0.01,9412
0.01,9389
0.01,9494
0.01,9524
0.01,9540
0.01,9485
0.01,9514
0.01,9532
0.01,9487
0.01,9531
0.01,9538
0.01,9470
0.01,9539
0.01,9516
0.01,9474
0.01,9614
0.01,9471
0.01,9469
0.01,9419
0.01,9539
0.01,9500
0.01,9531
0.01,9556
0.01,9533
0.01,9466
0.01,9477
0.01,9499
0.01,9540
0.01,9456
0.01,9495
0.01,9512
0.01,9473
0.01,9484
0.01,9522
0.01,9469
0.01,9524
0.01,9523
0.01,9509
0.01,9468
0.01,9501
0.01,9443
0.01,9488
0.01,9479
0.01,9480
0.01,9506
0.01,9474
0.01,9527
0.01,9446
0.01,9448
0.01,9483
0.01,9427
0.01,9592
0.01,9546
0.01,9520
0.01,9498
0.01,9536
0.01,9417
0.01,9526
0.01,9522
0.01,9551
0.01,9550
0.01,9399
0.01,9503
0.01,9573
0.01,9544
0.01,9485
0.01,9457
0.01,9520
0.01,9391
0.01,9486
0.01,9512
0.01,9528
0.01,9539
0.01,9478
0.01,9485
0.01,9481
0.01,9579
0.01,9502
0.01,9550
0.01,9558
0.01,9513
0.01,9417
0.01,9422
0.01,9453
0.01,9542
0.01,9519
0.01,9517
0.01,9533
0.01,9514
0.01,9576
0.01,9529
0.01,9453
0.01,9346
0.01,9419
0.01,9580
0.01,9523
0.01,9438
0.01,9456
0.01,9524
0.01,9533
0.01,9510
0.01,9445
0.01,9330
0.01,9496
0.01,9479
0.01,9524
0.01,9518
0.01,9454
0.01,9531
0.01,9466
0.01,9499
0.01,9511
0.01,9514
0.01,9489
0.01,9514
0.01,9539
0.01,9370
0.01,9510
0.01,9491
0.01,9599
0.01,9478
0.01,9454
0.01,9514
0.01,9589
0.01,9513
0.01,9367
0.01,9506
0.01,9516
0.01,9464
0.01,9510
0.01,9480
0.01,9489
0.01,9357
0.01,9445
0.01,9516
0.01,9499
0.01,9515
0.01,9515
0.01,9408
0.01,9397
0.01,9333
0.01,9444
0.01,9530
0.01,9432
0.01,9512
0.01,9594
0.01,9426
0.01,9543
0.01,9500
0.01,9473
0.01,9515
0.01,9466
0.01,9477
0.01,9475
0.01,9480
0.01,9442
0.01,9442
0.01,9535
0.01,9531
0.01,9586
0.01,9441
0.01,9435
0.01,9536
0.01,9586
0.01,9509
0.01,9543
0.01,9411
0.01,9517
0.01,9549
0.01,9329
0.01,9523
0.01,9474
0.01,9541
0.01,9559
0.01,9472
0.01,9437
0.01,9412
0.01,9506
0.01,9486
0.01,9469
0.01,9547
0.01,9528
0.01,9499
0.01,9486
0.01,9516
0.01,9537
0.01,9535
0.01,9523
0.01,9398
0.01,9476
0.01,9458
0.01,9591
0.01,9488
0.01,9482
0.01,9381
0.01,9485
0.01,9516
0.01,9451
0.01,9378
0.01,9585
0.01,9432
0.01,9556
0.01,9480
0.01,9381
0.01,9488
0.01,9439
0.01,9504
0.01,9465
0.01,9521
0.01,9454
0.01,9526
0.01,9409
0.01,9536
0.01,9508
0.01,9541
0.01,9489
0.01,9469
0.01,9561
0.01,9354
0.01,9465
0.01,9411
0.01,9451
0.01,9519
0.01,9555
0.01,9573
0.01,9518
0.01,9472
0.01,9481
0.01,9518
0.01,9523
0.01,9467
0.01,9466
0.01,9427
0.01,9478
0.01,9507
0.01,9450
0.01,9492
0.01,9506
0.01,9482
0.01,9446
0.01,9428
0.01,9494
0.01,9541
0.01,9497
0.01,9537
0.01,9496
0.01,9514
0.01,9532
0.01,9473
0.01,9506
0.01,9437
0.01,9486
0.01,9522
0.01,9546
0.01,9517
0.01,9565
0.01,9394
0.01,9494
0.01,9391
0.01,9586
0.01,9363
0.01,9484
0.01,9581
0.01,9486
0.01,9493
0.01,9508
0.01,9538
0.01,9503
0.01,9510
0.01,9522
0.01,9517
0.01,9510
0.01,9465
0.01,9483
0.01,9491
0.01,9510
0.01,9427
0.01,9497
0.01,9507
0.01,9554
0.01,9560
0.01,9497
0.01,9446
0.01,9503
0.01,9519
0.01,9479
0.01,9513
0.01,9499
0.01,9540
0.01,9499
0.01,9343
0.01,9471
0.01,9533
0.01,9457
0.01,9483
0.01,9397
0.01,9480
0.01,9571
0.01,9541
0.01,9558
0.01,9556
0.01,9460
0.01,9554
0.01,9533
0.01,9480
0.01,9507
0.01,9560
0.01,9403
0.01,9525
0.01,9457
0.01,9507
0.01,9557
0.01,9200
0.01,9525
0.01,9477
0.01,9538
0.01,9517
0.01,9487
0.01,9498
0.01,9475
0.01,9518
0.01,9450
0.01,9439
0.01,9463
0.01,9494
0.01,9506
0.01,9523
0.01,9489
0.01,9523
0.01,9506
0.01,9519
0.01,9436
0.01,9475
0.01,9475
0.01,9550
0.01,9527
0.01,9525
0.01,9529
0.01,9471
0.01,9546
0.01,9494
0.01,9470
0.01,9462
0.01,9496
0.01,9518
0.01,9553
0.01,9576
0.01,9538
0.01,9456
0.01,9479
0.01,9485
0.01,9465
0.01,9487
0.01,9522
0.01,9493
0.01,9473
0.01,9501
0.01,9572
0.01,9477
0.01,9428
0.01,9388
0.01,9476
0.01,9347
0.01,9464
0.01,9480
0.01,9528
0.01,9476
0.01,9533
0.01,9489
0.01,9555
0.01,9531
0.01,9558
0.01,9469
0.01,9448
0.01,9564
0.01,9464
0.01,9524
0.01,9486
0.01,9490
0.01,9350
0.01,9403
0.01,9494
0.01,9502
0.01,9542
0.01,9548
0.01,9461
0.01,9491
0.01,9457
0.01,9505
0.01,9532
0.01,9452
0.01,9528
0.01,9544
0.01,9423
0.01,9567
0.01,9472
0.01,9592
0.01,9529
0.01,9511
0.01,9438
0.01,9522
0.01,9533
0.01,9495
0.01,9407
0.01,9545
0.01,9474
0.01,9552
0.01,9504
0.01,9488
0.01,9479
0.01,9472
0.01,9522
0.01,9534
0.01,9535
0.01,9488
0.01,9437
0.01,9473
0.01,9532
0.01,9452
0.01,9527
0.01,9586
0.01,9468
0.01,9480
0.01,9523
0.01,9519
0.01,9446
0.01,9494
0.01,9374
0.01,9492
0.01,9560
0.01,9502
0.01,9538
0.01,9437
0.01,9524
0.01,9502
0.01,9491
0.01,9492
0.01,9434
0.01,9568
0.01,9553
0.01,9455
0.01,9490
0.01,9548
0.01,9437
0.01,9427
0.01,9535
0.01,9471
0.01,9511
0.01,9528
0.01,9544
0.01,9462
0.01,9553
0.01,9517
0.01,9586
0.01,9468
0.01,9537
0.01,9491
0.01,9514
0.01,9534
0.01,9445
0.01,9515
0.01,9466
0.01,9430
0.01,9387
0.01,9533
0.01,9422
0.01,9455
0.01,9352
0.01,9442
0.01,9531
0.01,9421
0.01,9584
0.01,9536
0.01,9559
0.01,9323
0.01,9427
0.01,9526
0.01,9546
0.01,9497
0.01,9554
0.01,9594
0.01,9505
0.01,9527
0.01,9476
0.01,9506
0.01,9444
0.01,9549
0.01,9459
0.01,9596
0.01,9534
0.01,9576
0.01,9536
0.01,9483
0.01,9442
0.01,9546
0.01,9449
0.01,9521
0.01,9237
0.01,9514
0.01,9500
0.01,9529
0.01,9431
0.01,9474
0.01,9538
0.01,9418
0.01,9504
0.01,9512
0.01,9535
0.01,9479
0.01,9511
0.01,9539
0.01,9456
0.01,9500
0.01,9519
0.01,9516
0.01,9527
0.01,9534
0.01,9477
0.01,9353
0.01,9535
