37.3715
40.7015
43.3437
34.3024
39.3308
38.9932
35.2652
37.3732
39.6532
34.1627
32.3202
41.6338
48.3108
42.2587
40.4854
44.7284
34.4259
51.084
33.7295
41.3863
46.7806
49.0482
35.8046
41.659
37.4891
36.13
44.5896
31.9505
41.0513
41.6618
38.5906
42.0383
39.1855
38.1789
39.8491
47.0503
35.9413
37.224
38.2843
47.5026
39.9055
46.1432
32.3102
40.6115
34.9949
52.6631
33.9139
39.7227
45.6671
38.2505
40.2763
37.2432
44.0672
49.8242
40.6339
33.8372
38.5156
36.2099
38.6249
33.8418
40.2786
42.0482
36.3633
36.7425
40.3424
35.2112
37.3524
39.4832
42.7631
37.8838
35.9354
37.0388
43.618
38.143
38.7869
42.2375
38.5071
33.2089
39.3991
44.4299
35.8186
40.2943
37.4095
36.6211
38.825
34.9652
41.5737
41.4764
47.1133
40.6393
42.2832
33.5513
40.9902
36.0423
42.3449
39.2438
37.4545
41.9697
37.6427
37.7364
48.0315
39.9677
37.5275
38.915
41.7885
39.021
60.1759
42.0828
38.5933
40.4586
45.0082
35.4349
46.4277
39.3776
36.556
34.0166
38.4139
35.5876
43.8908
40.5694
39.7619
42.9839
37.5875
41.1942
45.0826
36.1928
45.8453
36.596
40.7466
41.1522
47.4413
43.2755
45.5211
42.2399
42.0453
46.4048
39.8127
33.8435
49.3558
41.4949
40.2899
38.8371
38.4031
36.8903
35.499
45.8563
32.9772
34.3696
40.7432
42.0661
36.7372
32.6124
30.2927
37.5933
31.3015
38.7995
41.9467
44.4268
38.173
40.7656
33.2552
41.0037
43.7604
36.3734
42.5932
43.9966
39.6525
35.7133
33.9214
42.0198
39.7912
37.9071
43.7484
41.6953
36.202
43.8083
37.0069
31.8079
33.9649
37.5918
38.5883
36.6552
43.7489
37.7701
37.0632
42.2095
34.3474
35.6789
38.7397
31.0131
31.8172
33.166
37.5874
50.1312
33.4936
37.4188
40.291
45.9418
39.6679
43.0822
39.3864
41.1837
37.1955
45.6566
35.2841
43.3791
43.396
39.4592
37.3157
40.2223
36.0232
49.1143
38.0679
50.6054
40.3788
31.6901
37.7438
43.5541
39.2263
34.4505
47.4215
42.1022
35.7853
34.8103
34.3683
33.9406
46.1374
47.9197
40.8382
41.8003
40.7109
45.5698
38.028
44.6793
49.5136
39.8469
34.0897
36.9406
32.5429
44.1763
41.673
37.1751
45.8646
43.8535
38.6731
30.1154
40.1469
36.8624
34.0577
41.2483
39.1873
40.0597
39.0627
48.7334
39.1834
39.5411
35.4111
38.773
38.8555
34.8711
37.2076
43.0727
50.4845
35.1359
34.4717
37.218
42.8293
39.9752
46.6529
34.7551
45.8139
31.2661
34.2162
43.6086
42.4937
40.6995
43.3218
40.9772
39.1927
43.0836
38.8555
37.3987
33.6778
37.7205
37.5756
44.3051
36.6356
37.6001
38.3856
43.587
34.1165
33.7281
31.1135
37.3466
43.2113
38.8075
33.5707
35.9662
39.2889
41.9057
46.6444
35.9247
34.3579
44.216
39.4245
41.4309
47.4401
40.4608
37.1817
30.8926
36.7746
36.378
46.16
36.5983
35.4524
34.9978
34.2898
40.9819
39.556
37.9463
38.2909
36.9414
39.4947
41.0829
40.7599
41.6045
36.0838
38.1731
43.3872
40.1466
39.5762
49.1078
42.5796
36.425
35.7498
40.2917
42.7435
42.1477
45.3515
35.5089
42.3911
32.4197
43.8935
41.9092
35.3486
38.1622
39.2359
37.3786
37.2724
43.7085
40.7394
40.2621
39.2657
37.9329
34.9828
35.5035
38.7859
43.2395
38.0017
37.9569
40.267
38.1354
46.6455
40.3248
39.9349
45.1858
39.6097
38.2135
43.5687
42.0818
46.1225
40.8562
32.693
39.4298
41.6131
35.8913
41.605
41.0536
42.1982
34.1154
34.5632
37.0743
39.2786
37.6757
40.8357
55.3657
47.1476
39.379
40.1766
47.6498
39.5292
35.0859
38.7099
55.6489
33.2442
38.1518
40.3439
38.205
34.8186
45.0845
42.2288
41.9461
48.5899
37.1864
37.1645
35.5985
34.5379
42.6144
41.988
36.9219
35.5804
34.8575
46.3761
40.7678
43.4345
35.3561
43.3568
41.4008
38.028
39.2773
46.4287
36.5787
40.672
43.9208
36.0586
44.6381
29.7867
40.5341
30.743
45.8115
41.6942
33.7805
37.928
36.23
44.5633
38.4701
35.1851
42.0065
36.8624
35.5486
29.7551
37.1875
39.1899
37.1109
36.6373
38.4967
37.0282
47.3804
40.696
47.9747
40.2605
41.7414
49.7823
42.8852
37.497
34.9456
31.5972
38.4939
35.4507
45.5474
33.2168
46.8437
53.1714
36.7799
43.8328
38.3136
34.9655
39.7913
37.0131
32.4332
34.9011
43.0976
34.3148
34.4645
41.3594
38.6198
39.5745
36.7904
31.7702
45.2326
37.6436
33.77
37.5573
32.0558
34.0283
38.207
41.4834
35.0921
39.0166
50.2444
45.8115
35.6586
36.8349
48.0738
57.9974
42.4692
44.9661
36.94
36.9037
41.2307
35.9272
33.8381
40.7216
35.5563
40.0733
35.9046
40.5377
39.7925
44.3058
41.4729
33.1899
49.9084
38.3179
39.2205
37.1251
38.2935
49.5491
44.935
40.1086
41.2686
34.1982
40.7066
43.4329
48.1178
37.1566
39.5472
37.0672
41.4031
41.6194
48.8193
41.2882
36.0253
31.9729
34.905
37.5349
40.358
39.8656
40.6831
33.3775
39.404
37.5665
41.3261
39.6657
33.044
37.7263
48.7604
40.0761
51.3517
39.9116
38.1473
41.0901
41.4477
39.6579
33.9716
54.4301
43.4148
35.6951
48.4347
33.102
36.395
42.1969
38.2302
38.2068
40.8349
38.1626
42.1079
38.8189
41.5477
34.1644
35.3698
39.0192
41.3771
37.4096
35.6617
49.3794
34.8919
34.6679
39.7106
33.1523
33.8055
33.238
35.5828
41.2909
33.9196
45.1642
35.9124
37.509
42.1691
39.1007
34.288
42.5139
36.9027
38.9273
41.4141
35.839
47.3986
34.5356
37.3994
42.3207
43.2058
37.3994
36.6375
37.1852
51.5595
36.3241
34.2967
45.3644
36.956
42.8941
39.3998
36.36
46.5221
32.7384
51.3341
41.6927
30.3845
39.7894
35.8991
39.9168
39.2942
32.1228
34.0949
38.3716
33.4524
34.9048
45.2081
44.7695
34.3589
37.6926
43.6277
41.9136
32.3147
33.852
51.2167
39.8577
37.2954
45.6164
38.8662
35.6575
40.9145
43.0393
37.5288
36.8068
53.6323
36.7087
52.3077
37.1356
40.6656
31.095
34.5114
43.3272
36.6307
34.8011
36.9737
42.9242
42.3947
37.4415
46.0233
33.6486
38.7704
42.0938
27.9684
54.1469
30.2586
52.1347
40.5021
31.2156
39.6046
46.526
39.0791
34.7266
44.8911
43.1935
48.7714
42.6001
36.6576
32.7562
38.0986
38.6004
41.3697
37.3574
33.0215
34.5353
37.995
41.3365
39.7426
34.1778
40.9504
35.4453
37.0654
42.8277
33.8389
34.3751
33.3827
34.3263
35.9472
46.9899
47.9541
34.7633
45.815
33.8191
37.4945
33.5773
38.2677
35.6458
36.96
38.2024
35.4541
41.6852
36.7465
33.0187
32.8364
44.45
44.6357
39.6435
36.1942
48.4947
39.3246
36.58
42.2689
59.5127
32.1862
43.4783
52.0646
36.6299
43.9879
39.204
34.9387
31.3398
34.3499
41.8732
44.0683
35.9856
43.6898
45.6219
36.9969
33.9922
42.0419
54.2679
42.9307
45.4974
35.6325
40.0864
37.3797
37.1237
40.2769
40.82
42.5026
35.7723
43.9357
37.7954
38.7339
37.3337
42.907
44.0569
41.1561
36.2513
43.9836
32.409
48.6132
38.5612
40.8935
46.2081
34.0544
36.2185
46.5084
40.7908
38.7637
41.2667
38.8993
36.348
30.1741
36.3791
39.0858
37.774
36.5995
34.4186
40.8702
30.5621
38.5523
32.7053
41.3673
36.2472
37.1137
35.0418
52.6843
34.4515
39.1059
37.9923
37.6193
39.8015
44.4964
35.5372
37.6639
44.1282
44.3056
33.3259
32.1298
36.7519
35.8573
53.2894
38.0927
52.4596
36.3804
46.0874
41.1171
33.9532
32.8344
31.129
53.9198
45.9341
37.3234
32.8423
44.5511
34.4396
38.0857
39.5046
35.9275
36.741
37.8097
41.9503
39.1631
45.4996
34.2388
40.3183
37.3762
44.6994
35.5226
38.6606
37.3074
40.8651
41.2049
41.1372
41.4871
33.6826
38.8557
38.9847
35.5289
39.4055
50.9193
39.9795
35.1795
43.8596
41.6073
41.5539
35.8884
32.7019
34.691
38.0497
44.1018
40.453
53.5256
41.9922
41.0926
33.823
32.8843
40.9838
35.8525
38.5877
41.3633
35.4122
44.1921
38.7443
37.932
39.9327
39.8261
34.5297
45.1899
44.1006
38.9598
36.0349
37.5863
38.2339
37.0667
39.5729
36.8574
33.3666
44.281
35.9003
36.8685
35.7955
38.6117
37.1765
43.4179
38.2913
41.707
36.8734
39.7516
39.4029
34.1949
41.73
35.8822
46.0503
36.386
40.0602
40.3373
36.91
36.4511
37.4845
41.6696
38.1024
42.5076
44.8215
34.4775
37.2092
42.8931
39.5976
40.8384
44.027
35.5127
42.9931
49.7188
40.8565
39.2187
45.3139
40.8783
34.0906
43.1447
36.831
39.0058
41.1141
35.8701
38.4626
45.8545
39.103
37.8041
36.7075
49.6411
48.9279
42.2232
39.5445
35.4135
39.6578
38.76
36.8712
46.0233
39.7654
34.4831
47.0314
42.2702
39.11
46.138
34.5963
39.5659
39.0271
39.3661
39.063
38.0242
39.534
43.0346
46.2859
41.5227
43.6981
36.0737
40.098
38.3966
41.188
40.2804
32.6863
34.712
42.2501
32.891
36.4635
44.4127
50.4912
37.6843
38.0395
32.7271
38.2231
41.3119
36.45
39.3508
39.0486
41.3089
39.1811
33.955
32.0668
35.9145
38.0852
39.0528
37.0674
33.8709
43.305
36.0343
44.6853
39.5378
34.9608
47.9749
36.2439
43.8435
32.9943
34.0116
33.9946
37.9097
52.3011
39.6134
34.289
41.2714
42.4379
36.6753
36.1921
40.89
43.1832
36.6271
42.5717
40.7229
38.6012
33.6121
35.2043
35.8019
38.1175
38.9271
38.1328
50.0248
46.8134
38.7814
40.4192
36.9338
41.9976
42.4909
41.3034
51.654
35.4922
37.0974
46.3621
42.1069
38.2844
40.4569
42.4055
33.8147
35.5734
36.752
34.878
36.5752
32.2525
56.0732
44.125
35.945
40.9357
35.5101
48.0526
34.7474
35.1845
34.3613
38.1533
34.4007
40.3105
33.1704
32.7349
31.8958
33.3405
37.6686
40.6049
34.6546
38.9578
35.3373
38.8901
36.9265
39.9304
36.5264
43.2171
48.2631
41.7589
33.7358
44.5406
49.8866
39.3512
35.7116
35.9017
39.6652
35.5371
37.8459
46.7396
34.5089
41.0925
45.3687
40.328
36.9415
36.1551
43.3401
38.9798
33.9443
46.4382
47.1196
37.1672
38.9563
36.5229
40.8424
38.688
38.8428
40.7331
40.5876
36.5781
49.2569
38.4381
55.916
40.6012
42.205
39.9518
36.9958
36.413
44.0326
36.7861
40.6712
38.4261
37.1563
34.3003
41.5706
41.3381
38.6415
41.7536
37.5377
39.1473
34.8215
35.232
37.566
35.3322
32.0212
35.1529
50.2678
41.0456
37.3284
39.0497
33.6569
30.6754
37.6408
38.8235
35.6733
42.1885
55.3992
45.9327
51.3551
43.0128
34.7461
43.5191
37.1039
38.9203
38.1228
40.2506
41.7299
39.9525
46.9954
33.3502
35.2509
40.738
38.3945
47.4663
46.8078
37.4136
37.5802
37.7556
43.047
43.4718
35.5568
40.7622
41.8184
37.6778
41.4211
43.1898
44.48
34.2184
37.7094
39.4347
40.3168
42.8926
37.1483
43.1265
36.8887
34.3539
42.3385
34.5604
38.2756
47.9373
49.6018
32.6094
43.0458
33.3286
36.2944
36.7782
29.7157
33.1359
35.2793
39.5113
47.3588
34.5477
32.9964
44.9554
40.8761
37.3108
38.2397
34.1427
40.7031
32.3489
35.4731
42.6371
39.8045
36.3282
44.1786
45.9387
43.7295
40.9471
44.0049
45.7492
33.7172
34.21
37.0281
33.9921
35.5288
39.2134
36.0941
39.8066
47.9148
41.7123
45.889
41.0574
39.0463
48.1237
42.6048
44.1567
36.4827
33.4761
44.0797
33.2924
37.8631
41.6387
46.0828
36.1842
33.308
37.8534
35.6032
36.7884
42.381
42.9738
37.0324
43.6148
39.4578
38.6634
43.1838
40.8811
40.3446
40.8369
33.7792
34.3596
35.7438
38.0036
39.9685
42.778
36.4591
37.6794
35.8333
36.7282
40.6779
38.5272
44.1673
34.9746
35.641
32.6971
37.7863
36.6345
34.5752
36.0277
44.6125
30.1643
32.2519
38.6425
43.7764
36.8122
42.4003
36.1126
35.6286
39.6064
37.7292
40.1628
43.9636
49.7191
44.827
50.6929
44.0803
38.4581
45.0315
41.1011
37.5064
35.9231
29.9693
35.9464
36.4007
37.0053
42.9603
36.6031
34.9126
42.1828
39.5529
37.3001
35.0459
37.2348
43.4624
33.7006
33.6243
35.9704
40.3604
42.2508
43.8754
41.702
38.7011
32.4263
39.4676
38.5055
45.3165
51.9071
45.012
35.4064
40.5983
37.6109
40.9175
40.875
44.3351
38.1927
45.3505
41.9553
36.3327
34.7835
40.0511
41.6163
33.8126
40.1638
34.0964
35.6999
40.2899
39.3457
42.6286
46.8096
40.7629
45.4841
41.0498
38.8562
39.9276
34.2955
39.4902
35.3336
42.6083
38.3159
54.4218
32.1967
42.5464
38.367
39.3562
33.4705
35.6659
37.2063
31.7718
37.5007
31.5106
48.5628
37.2305
39.5647
38.9064
40.5147
52.1024
35.2335
30.7105
38.254
33.9804
35.2442
34.5442
36.7148
37.755
41.7824
42.3538
48.6422
42.3072
40.7116
42.5127
37.0755
34.8399
42.2527
52.4072
36.196
42.4402
40.6647
36.7907
36.1167
37.5394
35.3917
35.5056
36.9485
38.4595
36.2778
32.8583
41.4138
39.3866
40.3671
40.4913
37.8637
44.0025
40.5319
35.1771
39.7743
37.3469
37.1637
40.5772
36.6006
34.4193
38.0302
34.9228
40.5657
40.0553
36.6881
36.7406
43.0683
40.2809
39.6369
35.597
45.7929
32.0932
33.8804
40.7023
45.6951
44.0425
40.9113
41.0538
43.7231
36.3318
44.3757
40.2487
34.2237
33.2376
37.0006
47.9979
38.561
38.1445
35.4409
44.9435
35.9669
36.9549
35.1522
50.4302
39.2922
37.3691
41.357
33.0782
42.5079
36.0155
36.1683
45.6752
37.3341
37.3794
38.8408
50.2059
43.9385
38.1003
33.2795
40.6588
39.4216
39.7022
40.1526
34.0201
36.4544
39.6419
35.6445
34.8191
41.2118
40.207
43.0623
41.3736
41.9579
42.1929
57.9999
41.8053
40.8842
40.1012
37.4161
34.7569
48.8991
38.412
39.5332
39.8867
34.6382
38.682
42.4403
43.2982
36.4399
38.1139
41.8832
40.343
36.8486
44.7737
38.78
37.1128
42.0474
40.6587
35.6081
39.0648
40.3876
33.2884
36.7575
49.9113
36.1855
37.3455
43.0223
36.5127
30.692
38.4265
41.2156
39.254
40.7645
34.6559
38.6314
30.6706
37.3797
40.1588
39.5925
43.8939
46.4291
41.1174
38.511
39.8509
41.2504
50.7188
36.7387
38.9237
42.3055
34.2257
37.9223
33.4288
42.0115
36.1109
38.8713
35.1839
33.8653
36.6355
40.9607
36.1427
48.8899
39.8988
34.2444
39.6491
36.2839
36.0093
38.2559
39.563
41.0269
41.0715
42.4488
37.7539
33.1204
35.923
44.0446
38.1915
33.6694
48.5517
36.4207
42.0924
32.8631
39.2585
39.2147
33.1985
38.5152
44.9189
35.3912
41.9897
41.8668
36.6888
47.0477
38.9428
48.643
44.9017
39.5859
46.7354
38.8664
35.2996
33.7063
37.5565
35.2594
40.9497
37.1086
43.2066
35.0838
33.251
33.7629
37.9882
36.9805
36.6435
45.4253
44.6362
31.9574
33.0599
44.2522
32.8899
38.7985
44.6654
47.7191
42.5708
35.1938
45.4693
38.6723
34.7098
40.7372
39.5945
39.9522
34.776
37.9868
39.4616
38.474
35.5145
33.5622
42.2383
37.8983
40.8536
37.3847
53.7945
40.2162
37.5428
32.615
34.6519
42.516
39.3144
38.5285
32.3687
46.131
33.7391
35.7867
50.1499
40.0149
42.4032
44.917
42.5542
42.1561
41.106
48.8699
39.0461
39.0678
39.9804
40.2251
39.137
44.4177
37.5347
37.3218
37.5595
40.7476
42.416
35.0511
35.2604
34.0977
34.9356
31.9676
38.7925
45.3739
40.4975
42.7693
40.3076
33.5233
37.4219
42.8814
38.1808
37.3331
41.3798
48.1532
37.934
38.318
36.9303
37.4116
37.9609
37.397
56.2562
43.1828
37.2473
43.0965
42.7629
39.5035
37.1753
31.8276
38.8938
48.5391
36.7293
38.3477
35.4643
33.6875
34.8959
47.2184
37.1902
34.2457
37.9971
45.632
43.2646
43.831
42.1397
38.1099
44.7898
36.8037
41.4438
39.9347
38.3911
35.7066
33.9465
33.0587
35.8617
41.0189
38.7159
40.565
40.5055
39.3239
41.6322
36.3718
35.6331
36.0564
47.3292
41.8147
41.559
40.9091
37.9018
49.0357
42.0496
38.9556
36.6446
41.4045
37.0001
35.7319
35.927
37.6411
38.1326
36.0033
37.6108
44.1389
31.6379
37.393
37.4913
44.6525
48.5344
36.5126
37.082
38.3347
43.9994
30.2964
41.3938
30.9611
36.8086
30.6035
36.9591
36.3225
32.7054
49.5199
37.7111
32.2013
40.1505
45.8878
32.495
35.1504
36.1601
42.9961
38.3276
36.6762
36.8697
34.1764
41.7574
34.1654
40.0808
42.794
60.5106
37.6124
38.1405
38.5131
35.0761
37.7474
38.219
42.5773
31.8906
41.1582
40.5762
40.0823
40.306
39.8448
45.6479
37.6079
37.9023
52.118
39.1819
42.1281
43.0071
35.8363
36.6068
38.4358
37.2691
44.2463
39.7724
43.5077
37.7556
37.0614
38.2682
40.7697
35.2559
40.7372
46.1353
38.963
43.3723
42.7854
53.2891
42.462
35.9549
39.3138
38.5452
35.5339
41.9575
37.1871
49.6044
35.3829
35.2195
45.0804
40.3585
38.2623
43.8465
42.6418
35.3968
34.2339
38.3317
37.1236
37.4052
42.0491
33.2531
43.0466
51.645
38.7568
38.2067
35.2678
45.993
36.3387
36.7861
48.6515
45.6911
33.4385
35.225
43.6712
47.0475
45.472
38.6768
38.5545
43.2019
46.601
36.2457
34.8038
37.4643
44.4447
35.1533
36.9216
43.6038
39.1579
45.3068
44.7612
35.3851
42.6912
34.8571
40.8569
37.4264
37.4742
41.6449
47.3313
50.6517
40.4474
46.4199
36.3631
42.553
39.9864
38.2908
44.7417
40.1259
34.4139
33.9773
39.0826
43.3691
37.0776
40.7726
33.2109
33.9194
37.3173
39.7862
38.303
47.0435
38.3353
46.4785
36.6465
38.7512
39.9839
40.3294
36.0682
39.1463
36.5325
41.6086
32.439
38.5919
41.9428
37.1015
40.374
36.1681
45.7805
48.974
38.3021
43.4538
36.1821
47.6645
52.5027
48.7781
46.4715
36.2019
38.0118
42.6797
39.7912
36.2413
36.3298
38.4204
32.8022
40.4966
41.8409
47.9352
40.0499
32.4957
47.2704
41.0514
40.8102
49.894
47.3371
42.0499
36.2576
37.7564
44.4664
36.7139
48.5986
45.4492
35.6558
33.408
48.1991
34.1758
36.587
43.1694
38.1645
43.8546
40.2963
35.6701
35.4958
35.2591
38.7539
39.285
39.1569
42.065
39.265
42.2582
34.2419
38.2517
37.3182
43.5796
36.8752
34.8431
32.4478
35.6532
34.285
44.6192
33.0124
47.3634
43.1042
43.2967
38.0489
40.2652
42.3222
41.9188
41.6221
48.4679
45.8141
49.6625
36.4867
33.6613
40.3506
37.847
37.4514
41.0695
43.2449
38.9416
37.52
37.2988
36.0432
41.7247
35.1063
35.4448
41.4422
39.3841
35.7775
35.2836
44.2083
40.2718
37.2801
43.7303
33.0614
39.6411
39.8373
38.324
45.4667
36.7328
38.4813
34.2985
35.4855
45.7141
39.9103
31.3197
43.031
38.0752
39.7949
36.2953
38.8765
43.1098
45.7115
35.0869
36.92
39.5497
36.281
36.2839
40.4715
37.8896
38.3391
40.3246
37.8767
48.0478
41.7058
32.4362
33.5184
38.1978
34.2584
32.1869
35.3871
43.898
34.322
37.075
43.2063
37.5437
41.1108
39.9577
42.3532
39.9659
50.4099
36.8351
40.7056
34.9885
51.7219
35.6154
47.4826
41.8725
37.5182
38.8878
34.3921
38.1325
32.5962
39.4818
36.4677
33.1383
42.4893
40.6232
33.9664
41.1089
40.1413
40.1079
36.3543
44.6482
43.6
47.543
33.4572
40.076
42.272
62.746
36.6785
34.5958
41.574
41.4482
40.99
37.609
36.8202
35.5078
43.6894
38.6968
31.087
37.6457
39.4073
41.7497
44.9404
38.3032
41.1387
48.6575
39.9357
32.9685
32.0943
39.7366
41.1258
39.2156
42.835
40.5729
38.5697
44.3402
36.8953
34.7175
35.5373
31.5126
47.2274
41.7571
32.3127
38.2423
38.1044
38.5189
40.6632
41.7271
35.2058
34.8231
36.5272
41.8147
37.6011
45.3999
39.674
37.9107
36.8158
37.2156
45.1314
41.3666
39.7404
36.6306
37.3955
39.7439
35.7285
39.952
40.7143
44.3752
32.922
40.3974
44.7799
42.1964
40.5828
42.1207
42.5301
40.8972
31.8327
43.0925
53.4252
36.1538
42.0913
41.0109
39.6043
34.7961
34.8722
38.4601
36.731
34.1529
38.0572
47.3172
39.4172
40.8166
32.5722
43.2333
39.6532
34.2542
34.2186
43.1288
35.4202
35.8479
38.3401
39.0925
34.301
45.0762
38.7901
37.4294
37.1599
33.8654
34.0775
32.7246
48.9979
41.5087
33.3791
37.6144
39.7911
37.2823
38.5734
48.105
38.2636
37.6104
43.4256
37.9155
44.159
36.3745
35.3007
44.6856
43.5284
36.4691
44.5632
37.7439
41.2823
44.8047
38.8071
37.1688
41.8698
32.0102
30.765
38.9305
32.4029
39.0727
39.9894
38.4211
38.3126
34.1373
39.1529
35.3472
37.7867
40.6113
37.7091
33.8333
49.1104
37.1774
41.2648
38.2526
44.4469
47.154
40.5861
45.9162
41.1582
47.7035
35.8503
39.5039
53.0483
53.4873
39.7201
37.163
39.6155
41.3886
39.2365
38.2343
37.8534
36.1319
37.8677
35.1987
38.4622
39.5735
33.6403
41.3312
39.052
33.1823
41.8299
49.9768
34.8748
49.0574
35.3116
36.0642
34.4426
40.7063
34.648
34.7969
42.5435
47.8694
36.7293
41.5236
37.1712
36.4644
37.2164
45.8598
42.5424
37.0113
39.3988
36.8585
31.6182
40.3552
35.0549
37.9929
37.4579
38.6164
35.4809
39.1878
43.1187
36.4973
43.337
52.8746
45.2682
39.9613
44.3076
47.0488
46.0357
37.2702
44.8824
32.1544
36.7655
36.1721
36.7019
41.071
47.5325
36.446
43.1639
36.7953
32.435
38.828
42.8737
42.1891
38.1485
35.664
39.5092
34.647
38.6833
36.3743
43.1641
38.6098
58.1472
36.9168
50.9163
38.5652
35.0768
41.3701
46.3956
35.5673
31.6238
38.5323
38.0166
44.6387
42.8267
37.8311
47.0069
36.8605
41.4909
33.6551
38.9733
42.5049
39.288
38.5734
42.0952
46.3539
36.1452
46.3365
43.0568
41.6852
50.4514
35.3932
35.3297
34.0247
33.5767
35.2856
33.4162
33.3472
35.4829
38.3211
43.9328
38.781
38.0341
34.3837
43.9895
40.7533
40.7189
44.5911
37.8121
41.7308
46.103
46.7191
39.2744
32.5973
37.5827
39.9958
53.7031
34.1659
39.3118
40.5146
35.5589
35.7915
37.5642
46.8852
37.8053
40.5941
54.214
36.1478
41.962
43.11
39.4657
35.8563
40.199
48.2205
35.3078
45.1051
33.6548
43.5972
30.8121
37.5191
42.6466
40.3211
39.6494
39.0835
33.1976
39.5847
36.6199
43.1603
35.659
39.7123
43.5271
46.8777
47.7745
38.096
32.2261
34.0278
36.9624
41.5143
40.4792
37.7051
36.8922
39.9563
38.8816
39.0336
33.0797
36.2392
42.0133
41.0571
40.809
38.5861
36.9345
35.2574
35.5902
47.1969
32.9385
41.2463
40.7124
33.2186
39.7579
37.251
42.2451
36.1285
36.815
41.2915
45.4055
44.7165
39.9686
36.4204
33.3379
34.8828
37.9295
37.3179
31.6385
43.1037
39.0972
48.728
35.8467
58.6994
38.175
42.904
35.7184
31.2053
35.8714
40.6591
36.4794
36.7912
39.2317
38.3586
39.0698
44.2386
41.5241
41.4689
30.2592
33.7299
39.2488
34.2139
40.7536
38.405
36.0407
46.7857
35.1995
37.3669
37.994
37.16
35.931
37.0421
40.4815
41.0154
42.6332
40.9326
42.0886
35.7663
42.1386
36.9745
39.2747
32.645
37.4485
34.408
39.4925
33.1626
46.1396
40.1236
38.21
43.4117
36.4344
36.9137
37.8743
43.3602
33.4927
46.9654
41.4047
39.7833
35.0799
40.3191
46.1419
42.7833
33.4745
35.414
34.8612
40.2093
41.4654
38.1458
38.069
41.0431
38.2293
36.6431
43.0674
37.6044
35.3157
34.4101
44.5885
38.7928
47.6375
35.5451
32.8859
35.7134
38.6537
33.5996
36.0693
35.4112
43.2488
37.1974
34.1065
38.9362
42.5804
39.8832
33.5271
47.1528
41.6006
40.0806
37.918
33.9099
41.2715
34.0212
34.913
37.9913
34.8193
41.4851
43.6936
34.6195
40.3566
37.972
41.4443
37.8586
37.5596
35.0214
31.4934
39.2581
36.487
33.5103
41.9648
36.1356
35.6218
64.1029
38.4913
33.976
40.1702
32.5409
36.4581
54.263
37.3342
62.3395
37.6851
31.9134
42.6389
40.0023
33.9627
41.3484
33.3614
42.0183
37.7558
40.0099
42.4476
42.8841
37.7685
37.1087
38.9866
47.1011
42.6446
32.3276
47.1995
37.541
39.8392
34.3498
49.6685
46.5745
34.399
35.0365
41.6542
34.7489
39.5228
39.6827
46.4512
41.095
37.1786
37.8542
38.8309
40.6436
41.4442
39.0776
39.9788
42.0739
40.32
41.188
40.42
40.6561
41.6135
37.6911
39.1818
44.9094
34.6063
41.3827
38.4338
42.9196
39.0161
34.7479
37.2952
46.0088
39.3808
45.9132
36.8979
42.7118
33.8876
41.9402
39.1159
44.9898
45.2247
32.4991
40.546
33.409
30.6325
32.2196
38.7122
43.7936
34.7507
43.0399
36.6651
36.9321
37.1541
30.968
35.8468
35.8332
34.292
51.8611
32.9785
34.5874
33.3214
41.5405
39.4261
34.0083
39.7409
42.6797
44.0794
42.2912
35.8994
38.8256
36.06
43.0983
38.0219
51.5808
37.0381
37.3271
45.8605
42.2883
36.4846
35.6569
37.7061
39.7349
42.1164
37.5405
38.2121
42.1953
34.1138
38.1655
42.5129
33.1288
36.4295
42.9314
41.0592
38.1916
42.4822
35.15
48.4459
46.6711
50.8645
36.2297
36.18
39.2244
41.5296
42.645
39.0487
46.3368
55.9116
35.2522
45.4512
36.8907
36.0005
39.0918
43.8283
34.3976
39.582
34.1963
43.6904
45.1569
51.2292
42.5057
41.7954
44.0236
41.1771
45.1156
41.4335
33.905
40.6675
52.0375
40.5367
40.2957
33.4583
39.8526
45.0893
38.2677
42.8427
40.7907
35.706
41.6656
42.8151
36.0246
39.142
38.4089
39.8933
36.8745
43.7928
38.6048
37.7995
35.9244
36.6921
35.9827
34.9774
40.0557
36.7443
39.3185
45.5474
40.0859
39.8454
45.3006
36.7505
40.6647
48.2914
44.5002
34.3309
37.9031
41.9113
40.5514
41.2324
35.2188
47.6233
47.7645
39.6358
36.0998
41.1088
34.1822
35.4246
38.6662
48.5412
52.2022
40.4291
34.1979
38.5454
31.7908
36.2503
48.9422
47.2445
41.5536
31.3849
41.5451
44.8657
38.0623
44.9764
36.9226
39.1832
34.2312
37.3057
33.1216
33.536
37.9517
38.7062
37.24
39.0578
54.9118
33.5473
37.4916
36.048
33.253
40.9003
37.028
46.5958
45.2404
42.2358
39.0215
33.0076
44.6132
40.153
42.0158
40.8265
37.0308
36.7334
42.2591
48.2839
38.4808
35.1434
35.6413
38.6489
41.8595
39.6363
40.5437
38.4601
42.9309
30.659
42.8609
40.7819
38.2962
39.9604
44.0285
49.9499
41.6231
36.8683
37.088
38.5257
39.4409
45.0596
37.7473
39.6981
40.5641
44.4056
41.243
44.2018
41.823
48.5617
48.2558
37.9704
50.7073
43.0472
32.486
42.9885
40.8449
37.1095
41.9772
39.1007
40.1008
44.0069
35.1892
38.7935
39.6038
32.975
35.4699
37.2508
36.4012
38.2324
40.2906
37.8883
37.3791
36.5926
38.4794
43.4714
36.2922
31.8445
37.4303
34.3068
41.7352
37.2638
37.0488
35.455
35.0496
37.2424
48.0541
38.9821
42.4078
38.5879
38.6682
42.3913
40.2344
34.4104
44.0754
47.1135
32.1485
41.4913
42.0631
38.6961
36.4074
46.1866
36.6296
39.757
37.3777
32.6557
44.257
37.5827
39.4084
32.7896
45.5293
46.5547
34.0265
43.607
38.0049
42.4883
37.2669
38.8823
35.8525
44.0935
43.6029
38.7422
38.3757
42.9601
40.9046
43.0695
43.3645
43.1454
36.9638
41.2193
34.9124
40.4549
36.9412
39.1565
40.8901
37.0847
38.3603
39.5885
39.7837
39.895
36.0516
42.0263
40.814
33.5577
34.7153
37.2905
39.8719
43.38
35.6642
31.5568
33.6992
41.3951
47.9125
47.7446
38.8826
46.4135
40.4628
35.6319
40.6801
33.8693
41.7432
40.6047
46.9889
35.8282
38.7249
40.2057
38.6422
37.2956
38.9546
37.1704
30.8818
35.3069
44.2122
33.8806
43.6729
41.3585
38.0602
37.6676
37.129
38.6309
42.1826
44.7517
39.1608
37.2215
36.8659
34.9538
42.8369
45.9993
41.9353
41.2818
38.2196
39.0494
34.5259
36.8057
43.5106
36.8483
35.9162
48.882
36.4608
36.1075
33.9066
41.6267
43.5626
35.5124
38.8219
42.7634
35.0072
40.1284
40.2893
46.7387
39.1281
38.4438
30.6071
46.3073
46.4044
38.6419
42.7717
48.5064
45.119
36.4065
39.8537
46.5111
37.913
42.345
39.1644
35.0583
48.0339
40.6876
38.4549
41.8964
43.3263
44.688
35.7265
37.9444
48.373
38.2176
37.9425
47.8314
40.4736
37.7302
36.0733
35.6982
46.977
38.8274
31.6456
49.4409
38.7408
40.9828
35.969
44.8529
33.565
40.8527
46.9193
32.8607
43.5402
34.2364
38.077
41.1702
34.4592
36.1739
45.0307
41.6544
43.7859
43.5817
32.9184
37.9329
36.5157
38.2695
37.1496
36.5974
33.5036
40.635
38.789
41.0564
43.8574
40.6912
37.6637
39.1702
42.3975
39.0634
36.1823
29.3716
38.8925
38.2338
41.986
34.4176
34.6588
35.7676
38.6614
39.1298
41.7892
50.4241
43.164
38.0635
41.4301
34.594
49.2544
38.3876
38.149
44.8128
51.1781
35.3955
41.0989
39.8049
40.8263
39.3385
32.0879
37.1934
38.012
41.4625
36.8874
34.1232
40.0618
33.7717
39.6501
37.9614
39.7823
47.2763
30.9329
38.2995
35.301
46.2081
38.4321
47.6229
43.8862
36.9429
39.2509
43.2929
34.8938
41.4662
35.991
33.2316
40.7008
38.9502
42.8266
46.8605
39.7298
37.1466
35.8397
44.6433
34.1947
38.3377
35.8443
42.4494
38.5113
44.006
43.0606
37.83
45.9445
34.8207
35.6972
41.6109
48.0235
39.7186
33.4449
41.6771
34.3574
44.1936
33.2236
31.9856
51.0325
35.6755
43.4707
42.3438
40.0698
34.9615
38.7327
37.898
35.6209
35.3952
42.1985
34.699
36.7139
46.9611
43.9024
38.7872
43.755
38.1259
38.6763
38.6253
41.3931
33.6694
33.371
42.9049
36.6761
42.8685
42.5427
31.4747
38.22
38.8095
37.4218
36.6861
45.787
35.0089
37.2121
37.4283
39.4537
39.8219
38.8681
33.9864
44.444
61.3023
41.5395
35.7812
45.1525
37.0254
38.5101
35.6456
33.5001
35.333
36.2655
33.4743
42.3348
42.3831
36.54
43.0585
33.2116
33.5488
36.4942
38.8452
39.8188
40.7701
36.1573
44.9456
35.8402
39.1366
37.726
34.1599
41.7289
32.6634
40.7199
39.8136
32.9907
34.1559
42.7963
34.2104
38.0778
46.9673
37.9672
42.9513
44.816
44.5277
39.895
33.9171
38.2747
37.9547
39.5472
40.3413
38.9635
38.3515
55.6494
40.061
40.8546
38.2562
34.2905
39.6249
32.5297
45.9285
39.2377
34.2708
36.0447
40.683
37.7849
39.1972
48.1759
38.0959
43.638
47.629
45.2022
46.4586
39.0633
39.1381
53.0891
32.1471
38.6018
43.3445
38.7725
44.968
37.1357
41.2744
45.3273
44.6732
35.3966
37.3202
37.6986
33.5355
31.9905
47.1535
40.8083
38.4352
38.5909
33.7671
31.9059
37.5176
35.7682
39.3032
39.4806
36.4681
37.7767
36.2427
36.1164
33.2154
42.4754
36.536
40.272
55.615
41.722
40.5833
39.8012
34.3816
36.8685
39.344
39.8361
42.0228
47.3602
35.5008
41.0161
57.3329
34.5225
36.029
41.9058
41.0938
40.306
41.7331
43.4325
39.2637
35.2861
44.0479
41.319
37.2513
42.3568
34.8973
36.4501
36.7239
37.3467
39.5761
44.268
43.0218
40.6193
47.8115
35.3618
41.1574
39.3402
37.6491
41.7973
37.4326
47.0808
31.6736
34.616
35.1368
32.5674
39.4671
43.2304
32.5725
34.6497
41.3859
41.363
42.1111
37.7604
41.9539
39.8289
32.9403
40.5828
33.8965
37.8568
41.3275
43.1336
40.5121
43.0163
41.594
32.3451
37.1358
39.0519
39.2469
29.2458
33.7225
40.1227
39.6336
34.7987
38.8495
40.2318
42.4104
46.7328
39.2849
37.4651
46.7971
45.5644
36.9907
41.0049
36.9122
34.8812
35.2387
36.6037
33.9167
33.6726
43.7852
51.9849
35.5463
38.5683
36.8639
45.1196
34.9928
36.4749
39.932
42.0628
36.7954
46.7877
42.4493
36.9923
32.1879
44.2055
39.827
54.8211
36.0237
33.1451
38.4947
46.9503
42.3722
36.3908
40.1019
32.3054
47.8442
39.8126
44.9081
46.4492
36.9575
39.5967
46.3682
39.5332
40.3346
40.7472
41.3273
36.6349
42.1009
32.9647
40.8607
47.7133
36.2873
41.4139
30.3459
34.992
42.9096
37.3409
52.955
33.021
34.3806
43.2809
36.351
33.1832
37.1113
43.0309
39.5886
39.9034
35.7929
42.2683
45.3247
36.0523
35.9703
35.2576
38.0062
41.8893
39.5833
33.7127
39.9066
38.206
44.6515
36.0026
40.0915
36.5033
50.1136
46.142
43.9068
35.1155
35.6778
33.4703
41.3194
36.1407
43.6414
35.6102
45.6289
35.9858
39.7011
36.7897
36.7391
43.7769
33.1849
43.9632
37.2012
38.4478
34.0897
37.1286
32.8302
39.2931
42.5379
41.7217
32.6204
40.2821
35.2601
36.6187
45.7899
40.6584
33.6588
36.5943
45.9446
42.2557
33.8862
37.4674
35.1481
43.2854
40.8291
45.2809
33.8915
44.3272
50.1633
41.0462
35.6365
40.6032
36.4199
35.9414
39.8228
39.9383
40.1068
39.0088
37.1851
46.5491
33.0224
44.382
35.7065
37.1842
40.2584
37.2891
39.0384
39.4349
40.8454
43.7721
33.9668
39.3896
42.3369
40.5305
32.4587
36.8833
45.4323
37.0321
33.6922
39.7848
40.0402
43.2471
37.6946
38.4615
38.7512
38.3029
31.383
43.5221
33.7691
37.2981
33.3448
38.2604
39.1876
42.285
43.1943
36.6786
34.1718
48.1143
39.1105
38.5098
40.0008
46.4877
43.8077
36.8071
40.0612
48.0912
37.8273
34.6038
38.956
41.6054
42.6724
41.6277
40.4129
48.128
37.1545
33.6567
40.2346
48.6667
37.4627
37.5264
40.1403
43.8465
37.7688
42.0406
38.1311
35.8442
39.8659
33.6141
38.8079
37.4411
39.4346
47.4426
39.4429
35.0038
33.514
42.6825
47.6845
40.9759
39.826
46.4157
40.7522
48.0364
38.7616
42.1417
32.9701
33.9017
35.996
36.8837
38.4795
36.8762
35.9157
37.6197
34.9628
38.6795
36.1756
42.5784
37.2129
47.1184
37.0507
37.0511
44.5749
39.1563
32.1062
37.8847
34.3484
44.2844
34.1427
43.9321
46.995
55.9991
48.4975
46.0861
37.9975
44.2047
38.6817
40.6635
43.8297
44.0201
38.5338
37.8524
40.5598
41.5927
35.8554
35.0844
34.6149
41.7163
35.3066
43.3004
35.7302
55.2648
44.0183
36.0247
56.6845
38.0252
46.8904
34.102
44.5919
33.9645
42.6706
40.3825
44.6187
44.1586
34.4253
45.1269
40.9373
44.3812
36.6102
40.4752
38.039
40.2377
38.4236
46.5206
31.8081
33.8928
41.1045
33.5776
36.1105
38.7678
39.1604
35.1544
35.8033
40.3807
40.1001
38.3043
44.5527
34.5288
42.9116
34.9979
36.4907
38.3075
38.2647
38.6254
35.6488
32.1193
35.4468
44.4526
41.6736
37.2574
34.7251
40.7875
37.3121
37.9824
39.7092
45.9525
38.7866
45.9041
41.4381
38.5575
33.0405
34.1372
42.0508
43.8635
36.0285
35.9199
43.2591
37.3125
31.693
31.3884
43.7513
36.2418
36.2382
35.299
43.7593
44.5557
50.9385
35.7076
33.3976
38.6366
36.7475
33.4058
45.1362
37.4321
46.2099
42.3261
42.28
39.5158
38.0107
40.0587
41.3103
35.7025
39.7375
37.3814
44.6331
33.0798
37.6837
39.6623
32.8296
40.1585
37.3888
35.5119
39.5957
42.349
32.7987
49.5891
42.6619
41.0181
35.233
42.1713
39.5752
34.5682
28.7681
37.5864
32.5174
40.5677
33.523
34.3271
38.6488
43.3289
46.727
42.5551
42.1744
43.7168
46.0649
44.6034
44.6437
46.8529
37.001
44.5305
32.661
40.4042
44.8299
44.537
56.1729
36.07
35.916
39.6703
40.9262
35.9378
36.2004
36.9955
42.0436
44.8248
41.5509
35.0559
47.5099
42.0394
42.0327
36.8793
33.8011
43.0027
44.8624
53.1683
35.7109
29.6379
36.9518
39.2054
34.5879
44.4559
38.9896
36.2842
37.4847
36.1494
43.2345
38.879
37.5363
33.8621
38.9437
32.9396
40.9355
32.948
37.0134
33.7906
41.5041
35.6647
47.3813
31.6422
37.8598
41.3482
50.1182
39.8095
38.6391
36.6663
35.5075
41.7737
34.2571
35.3335
39.5545
36.7204
39.7263
38.0765
42.7951
40.3068
38.9188
45.0476
38.3973
32.4329
43.4395
39.0363
43.9452
32.215
35.4612
34.6258
59.8857
33.8014
35.4976
35.2298
35.0045
42.1398
41.3901
49.3735
39.8972
36.3374
44.2258
42.6093
43.3199
37.5552
38.5705
33.7859
33.7894
55.1585
42.0236
42.0484
38.1549
34.7882
46.3391
33.9638
37.9966
41.2421
33.7562
33.752
42.3722
43.6382
35.1538
40.2865
38.2707
34.3756
43.0951
36.0329
37.7732
38.335
40.2663
39.5657
46.9071
39.5486
47.7406
35.419
41.6343
38.1069
34.737
40.6767
39.4672
34.0695
48.9692
47.4015
38.0065
37.4939
36.7745
42.2875
37.1137
44.3315
39.9963
45.6242
43.1784
28.7076
34.3154
35.8653
41.0975
34.4432
39.0535
35.0067
36.7255
40.7401
40.1795
32.3914
34.6333
50.7292
36.8399
38.5773
40.6059
41.3429
41.977
33.0615
40.7607
38.5675
37.2491
37.3903
35.9306
52.3741
40.3426
39.7975
43.5317
38.7026
41.6845
38.7638
40.8496
45.9077
41.4035
34.5194
39.5029
38.6414
36.0585
40.1503
44.235
35.8234
57.0967
39.0392
32.0811
39.572
39.0523
36.3307
39.2644
34.0843
35.8584
33.4007
34.4355
35.6146
36.0891
34.6482
38.2472
48.2569
50.6498
37.5334
36.31
37.4326
38.4167
35.2642
43.3138
33.9883
35.7638
36.7883
39.3549
39.1841
37.0536
37.4778
40.6201
46.0239
35.5129
44.2959
40.3298
33.5248
38.754
40.7636
40.1381
37.4837
42.1428
33.8876
47.453
40.8975
37.6458
40.6228
38.7528
38.029
52.6542
41.5706
42.3175
34.823
51.2533
37.1812
33.0705
50.5852
41.049
36.59
37.1917
36.0041
35.3392
40.1733
40.9047
37.3772
41.8548
38.7906
34.8486
34.463
36.8315
45.284
39.3453
43.4522
39.95
41.8464
36.1598
33.3925
38.18
46.7398
41.12
38.7278
38.032
42.3675
40.3205
38.2436
36.5208
38.7242
41.4176
40.6734
42.3267
34.2532
41.3091
39.0716
36.7193
33.8173
40.2008
45.2712
31.3767
45.953
36.5672
36.4789
40.248
34.749
34.6761
33.4342
37.7294
38.9873
41.4865
44.1197
45.0222
38.2101
33.4906
42.6073
45.3916
39.8391
37.0176
39.4332
36.9293
36.1705
46.895
39.6005
34.9613
38.5639
42.9814
37.9594
34.8418
35.3188
34.6782
39.0908
45.0178
39.235
37.8179
49.8794
46.1973
36.9478
46.8176
35.4951
39.1234
33.9098
42.8861
44.9311
40.7918
39.7018
36.566
41.673
31.9127
35.0719
42.6281
35.9171
40.796
36.7731
38.5572
47.175
34.9337
36.0608
34.9479
42.6827
39.9709
36.5276
45.158
38.3206
38.7874
43.4954
49.2373
41.1638
34.0515
39.854
33.7366
38.4742
41.6155
35.1161
40.7546
35.8828
33.8387
42.4341
45.5625
37.1283
38.01
36.7036
40.536
39.6897
35.9702
36.4837
37.9481
32.2405
40.5943
39.0331
48.7231
42.6831
42.4447
44.5664
41.8991
38.4929
37.3845
38.3052
35.2988
35.7239
37.2189
36.6372
38.0979
59.384
40.833
45.9579
34.9282
37.5483
33.4476
36.3074
57.1046
36.1958
43.2516
41.0687
43.6207
36.0038
44.3423
38.1221
36.9707
38.5762
31.9526
37.03
43.8276
39.1153
41.2394
44.8618
44.0518
39.2207
37.5191
38.8748
43.5311
39.2494
34.3812
33.0771
32.653
35.6218
30.8135
32.5159
34.8772
42.7603
41.9296
35.375
49.1882
42.8779
39.1146
35.9127
41.1292
44.3193
34.9176
39.9859
36.3967
33.9113
50.7698
47.0007
43.6045
39.0701
39.5294
33.4752
40.7432
39.7403
40.8436
40.7007
39.4868
39.5312
35.5564
37.667
40.925
32.688
50.4068
37.7555
34.8579
41.8823
41.0849
39.9259
44.5999
36.1495
47.9375
38.6436
38.8292
40.4299
37.9507
36.2625
43.142
48.9974
32.3257
38.6472
40.4985
52.4619
37.4116
34.8156
39.8641
40.362
39.9106
45.3993
38.5943
36.2928
36.2803
39.5153
36.7377
40.127
53.1379
41.1081
40.4013
32.1862
40.9954
37.3902
35.2118
46.8837
36.9699
41.8101
35.6226
41.3485
40.7415
35.2093
36.0177
35.449
42.9685
35.4792
35.5714
45.8249
34.6445
38.9429
39.3527
38.1416
43.0021
41.48
40.5433
31.5567
42.5724
34.0157
44.1892
28.6611
43.6065
38.4834
52.5259
40.6539
37.398
37.9714
56.8518
43.4889
37.0347
38.9455
35.9249
34.6573
35.2037
41.1459
48.8401
38.085
35.1982
36.7342
45.8472
38.7178
40.8286
38.187
34.9421
42.1043
34.1673
45.078
38.8115
34.2506
33.6463
46.1374
37.8661
39.563
35.97
45.3098
37.3513
38.1668
39.2862
43.0656
35.2563
43.1411
42.9546
39.4496
39.0827
40.0555
37.1455
40.49
33.999
36.6914
40.7887
36.0137
31.6507
39.0426
37.849
34.0076
37.5376
46.4959
36.8073
35.4488
36.7438
47.5052
44.7596
37.6204
46.3385
37.7993
34.547
44.7578
38.8525
48.2222
39.5128
45.576
32.9714
46.0071
41.6575
42.3702
39.2004
35.1929
37.7495
33.0121
41.8569
40.9307
45.0883
41.8206
43.0627
40.455
38.6785
47.6227
38.0798
50.4037
36.9786
37.8127
38.6829
43.9747
38.8521
39.1596
42.4501
37.2084
40.5808
44.4875
38.1203
35.1312
47.3865
35.616
36.6523
40.9648
35.8711
38.8857
44.3059
40.9325
34.3367
33.2816
38.8724
36.5325
37.39
39.0504
33.3112
37.4716
37.5458
45.0645
38.8617
36.2972
37.1714
37.5899
49.7835
37.3826
37.8706
36.1047
44.0785
38.6256
32.7737
34.8952
38.509
35.9728
41.678
34.7965
47.6936
34.7959
37.3106
47.7953
37.0297
46.1515
44.2949
35.4608
34.9432
38.8223
44.4968
38.0732
34.0578
37.593
34.5524
40.827
41.9698
43.7185
41.4126
44.9124
37.7684
43.109
38.8344
34.6773
31.0097
47.0145
36.4012
62.0673
36.7026
38.0046
40.1649
39.918
39.6766
36.0823
32.3621
35.5013
34.2154
37.9187
38.4352
42.5768
38.5897
46.5472
33.4258
35.2408
37.6434
37.7052
48.1254
36.6453
36.5426
39.6095
37.1912
34.9915
40.404
53.6906
36.0399
47.2378
44.6305
34.3117
38.2729
32.7841
36.5765
38.5512
38.8313
37.4849
39.5131
40.9074
42.2382
35.4298
37.8892
36.8032
38.2254
36.1663
36.2284
45.4217
35.7764
39.2438
38.1406
35.1985
43.2522
37.4377
35.145
42.5125
36.8941
33.4867
39.2796
35.7008
47.3669
33.1882
46.8428
40.14
34.2535
51.3529
39.7791
36.8942
36.8093
38.6534
34.9633
35.7518
40.6297
45.2013
37.5161
43.3808
39.2303
39.0253
39.1618
35.5236
33.6102
42.7211
40.662
38.1939
46.6433
36.0253
39.2269
36.541
40.1308
33.9395
37.6893
37.4206
36.2513
35.51
38.3694
31.8918
36.7166
38.3349
43.9892
35.0918
33.8625
39.8406
42.1683
43.4351
43.3982
42.465
36.7825
43.2785
38.0493
39.3437
43.8596
44.1003
36.3222
44.2797
50.676
36.5911
39.6097
34.7057
43.6376
38.1204
37.3173
37.7343
43.6195
39.5413
34.2448
52.6608
38.6054
39.8162
37.2118
36.5191
41.6211
47.0628
33.6668
55.1373
43.9106
37.108
38.8728
43.6348
35.8379
34.1946
38.4446
38.2596
40.9266
40.1063
47.5525
33.237
44.5776
41.0391
37.4051
34.0409
35.4369
32.9883
41.7146
38.0874
46.1003
37.0352
43.7219
32.9793
40.2108
39.4502
41.0913
35.0978
38.72
40.6679
36.1622
34.9751
38.3165
36.1137
36.0816
43.6583
39.7924
40.7544
41.2349
36.5116
49.3366
41.8637
40.441
40.6608
29.7391
32.0991
43.8308
33.3938
31.9195
37.7587
39.2212
35.8576
36.9
42.1504
38.3626
33.5078
43.1711
40.2226
35.2978
40.9736
45.6691
37.9226
40.4718
36.6836
41.8727
49.6226
35.9165
46.0172
40.0457
30.6776
32.1216
33.8459
42.6807
44.824
47.6948
33.9133
38.0723
36.5596
38.4155
38.5108
39.9099
39.6061
38.7874
33.8859
37.3818
39.2691
39.3965
36.8974
36.6445
45.0048
44.1218
38.9753
40.5874
39.3406
38.8759
37.89
34.7846
54.1867
41.8602
43.2482
42.3442
40.8516
36.8
39.7026
45.2641
35.1232
43.0514
35.8077
33.6284
33.9874
37.7327
38.8834
53.9545
35.7255
38.8209
45.3133
35.2462
36.8928
32.3014
38.1963
33.0972
33.1844
35.6279
41.1221
36.5309
37.0326
35.239
44.7114
40.305
39.0159
47.5064
34.612
40.8364
31.4037
47.0249
42.7596
41.6594
45.9914
36.653
38.0146
41.2904
34.5454
35.0535
42.1346
38.4515
37.4222
35.7269
36.4837
32.9245
35.4452
34.2309
34.7941
53.2115
40.9115
44.8842
39.3704
33.3111
35.9125
43.6474
34.061
31.5271
40.4257
55.8456
35.4133
41.6823
35.545
38.3837
49.9916
45.605
31.6102
35.0706
36.8188
42.8902
45.2553
37.1529
36.4547
44.0919
47.1563
41.3379
38.792
33.2658
41.9157
36.082
39.4354
36.3008
40.0703
35.8322
40.1201
36.1035
45.916
51.4163
39.1059
32.4846
44.4585
36.3829
44.6197
37.2168
41.0489
41.6176
34.7875
36.8023
45.3105
46.7253
38.6591
37.6498
46.0824
38.8623
38.1077
40.6232
36.0196
51.8004
33.4202
37.307
32.3488
38.6603
34.344
33.0585
43.8352
42.9486
33.1488
37.5
42.1537
42.9413
39.0243
36.352
36.1439
38.9465
31.5867
33.841
40.799
35.6278
30.1977
41.6747
39.9901
33.953
35.0853
37.2752
44.974
37.006
41.3164
39.2523
34.4653
47.1097
45.2477
43.2788
41.7171
38.2638
42.1821
32.5611
34.2787
43.4536
35.983
38.2309
46.2259
50.8272
39.2314
42.1682
36.6522
40.1707
52.2192
46.5148
37.7948
37.8242
36.5486
36.1677
36.0667
33.0493
46.6898
43.1312
38.3494
42.413
43.3048
37.9884
39.1224
43.4116
39.9019
51.854
36.924
36.5146
41.8832
35.8783
42.4039
36.9663
47.43
34.8718
39.9123
40.1685
36.2217
38.4168
40.5178
34.0946
40.3844
41.3458
39.5618
42.0011
42.042
44.01
39.8173
40.2918
35.3447
38.2269
34.7318
35.578
50.9731
46.0233
48.866
40.3781
35.4986
37.2914
40.8901
40.1915
42.2881
36.3053
35.4518
39.7717
32.6606
54.6711
40.9008
37.0727
42.5201
42.9566
41.632
38.5141
42.9974
36.912
42.9497
47.8141
42.0712
43.228
33.7448
40.3249
43.6763
37.8048
45.0795
42.6342
37.8217
43.3851
43.4399
53.5544
37.5842
37.0059
44.4069
40.4621
33.7628
41.781
47.8063
40.484
42.1417
33.0457
52.7077
35.7969
41.8738
39.7707
36.5121
34.6154
38.3993
39.6118
35.9127
39.8896
50.012
40.5773
35.3675
49.8799
38.2904
35.9622
36.1965
40.4043
40.9839
34.2763
48.6822
57.1868
32.6211
31.7572
38.5338
46.1353
47.2864
44.5593
41.7379
37.4825
30.7136
36.1006
36.7629
49.2948
43.2633
50.2821
39.1373
39.7122
35.4116
38.3872
44.1274
42.6369
33.4618
37.089
35.6291
38.6321
38.7619
42.2146
38.4147
40.4086
37.3267
37.1175
40.6957
41.0536
45.8409
44.5278
37.5856
38.6215
44.1277
38.5542
39.9
39.8064
38.6431
35.369
41.6067
45.4323
37.9568
33.5514
38.9126
49.2941
41.6748
45.2904
38.5044
33.0747
34.4723
39.6781
40.5156
42.025
41.888
37.2627
35.9919
42.4666
34.7366
37.3069
38.5459
40.0944
37.9751
41.3351
39.9991
39.1011
33.5874
37.4433
43.9049
42.3594
36.4004
41.4932
36.9195
39.3608
35.4752
36.5759
34.8811
35.0492
31.8045
43.9586
36.9669
34.816
38.5557
38.6058
39.7847
43.0734
39.4998
38.6459
35.3003
38.902
35.3557
40.0477
41.0427
36.7949
36.5085
41.5674
41.3434
44.7972
36.1717
36.4876
35.3916
46.3985
41.7881
44.7849
37.4189
38.2803
39.1767
38.0505
33.9982
35.0437
32.3082
39.036
43.5774
38.2811
39.3157
36.2659
35.7952
40.5127
43.8355
39.1766
37.6687
44.9384
46.0453
37.9238
34.3545
46.0062
38.0383
53.9501
37.8948
39.1279
41.4752
40.9433
30.8294
40.9105
39.7202
42.4853
38.4408
34.9875
33.4048
37.9526
32.1146
39.1878
40.2774
38.5028
39.8363
36.9689
42.5982
36.901
40.7202
39.5845
37.7515
35.8222
35.6896
43.0335
35.5193
40.6148
44.6282
36.7246
29.9357
37.1043
37.4504
35.3398
41.7544
45.4964
40.1304
36.2685
39.0594
33.1405
51.0334
39.5146
45.1033
38.8719
38.2401
42.4691
33.1146
38.9689
41.027
29.7806
45.1943
41.236
43.1283
40.1666
40.1401
43.6175
41.5106
32.6542
44.4499
33.4204
36.8728
36.8519
44.9498
38.259
40.4493
38.6152
36.4131
45.3623
43.8807
42.7894
40.1796
36.1176
35.2111
33.323
48.4535
33.4559
45.48
36.4185
34.8514
35.705
37.9448
41.389
34.5607
41.2476
38.533
41.4946
34.0039
41.0654
45.0811
40.079
39.9326
37.6181
39.5065
43.2023
52.4341
34.4546
45.4941
38.2055
55.9
41.3412
32.8053
37.7087
35.8037
37.927
33.1358
47.7458
40.1081
34.1147
46.5454
39.3998
33.7872
39.3567
40.156
39.4087
42.7114
39.2774
37.8328
39.856
36.5181
44.6934
32.5763
41.9789
43.6854
40.7944
40.903
34.7731
39.1545
46.3517
35.1865
38.5891
45.7482
35.4878
49.0348
33.2045
33.0675
39.1811
51.5543
32.991
35.8428
40.4932
43.4996
34.9539
44.4463
42.238
35.9335
39.8314
41.9666
37.5947
31.5866
30.3291
38.0631
38.872
47.6544
38.6129
42.2425
43.7403
50.2924
37.8918
42.4768
46.5407
43.6089
34.3005
36.2383
44.8439
34.0976
41.5692
35.2375
38.6634
38.666
38.5951
31.0979
35.9611
33.9
52.1879
35.6845
37.9357
41.7967
45.5805
37.4844
37.934
37.5447
48.091
35.4658
33.3598
43.2114
35.7279
38.6594
32.9924
33.0723
40.6767
34.8681
45.3313
36.4746
37.567
41.6186
39.713
35.8314
37.0808
40.9968
39.4189
38.5661
35.7019
31.5589
42.2751
36.1525
40.2187
31.1835
33.6892
36.3775
38.4365
44.2926
33.7586
35.5227
35.9131
36.3777
36.2684
39.0317
42.5344
40.2393
38.788
40.1208
33.4416
31.9872
38.801
36.9464
36.1784
41.7908
39.7202
37.411
38.8747
42.803
36.9619
41.5441
40.0688
35.5831
38.4928
37.0289
41.4994
35.9969
49.6229
34.9258
41.5853
42.327
35.7241
40.9632
40.4099
43.0409
43.4805
43.8196
38.8603
41.1004
36.3174
31.0183
54.7646
42.1961
36.6874
37.2561
47.365
36.2548
43.1306
37.2428
39.4962
40.8246
39.8829
36.6763
34.1281
39.4201
34.4762
39.7083
38.2883
39.5977
47.5696
43.8958
39.9449
32.2005
33.1029
35.7111
35.5197
37.2362
40.7059
38.7039
34.9003
37.4022
42.3975
41.7067
37.2611
43.1819
44.1802
39.8658
46.919
41.5703
37.1398
36.9699
46.1218
42.1268
37.2147
40.5693
44.6844
38.8604
48.1055
38.1636
47.38
41.6715
42.4296
48.0227
37.0932
37.5934
42.9614
44.2197
43.7101
35.2978
45.6948
40.8645
34.6471
39.2287
43.2577
37.2175
37.2589
33.5642
36.7594
41.0373
37.9046
35.9859
36.0306
31.9033
35.0168
34.9914
33.9823
40.5049
39.8775
35.2697
39.0567
38.095
40.6709
44.1112
31.8746
34.5504
40.0309
43.807
54.1503
35.2222
43.9363
45.1041
43.5996
39.8305
32.7843
34.3371
41.9549
45.6945
43.4215
39.5716
42.283
35.6603
42.6575
38.1697
43.6837
39.3795
40.56
37.8075
40.1926
40.998
36.3725
39.6106
42.9443
39.6112
37.8926
39.5428
40.8085
41.9886
41.7913
36.4017
43.8179
39.4621
42.3117
40.0094
36.6048
48.7685
31.7668
37.5033
50.2801
46.5706
45.8946
45.8377
41.0179
43.121
33.8129
41.2858
40.4594
44.5038
37.2355
41.8878
37.7211
41.8613
47.5987
38.1195
41.0837
47.1488
39.7979
41.6225
41.9146
42.2393
38.9354
39.8657
41.7119
35.3098
35.0019
36.6881
35.6215
33.9963
43.3576
38.6399
35.7944
41.7021
42.6985
39.8709
44.2814
38.0196
33.1762
46.5807
45.7342
41.9238
41.5839
32.7765
31.5132
39.1563
36.8864
46.2657
40.5135
45.9138
33.7716
51.7775
39.5746
32.3648
40.1166
40.3299
43.618
39.5209
38.509
39.3617
46.1778
32.2044
42.2878
42.8052
35.6455
37.1289
39.5726
38.6484
38.3704
45.1273
34.0467
41.2641
34.4413
31.6741
35.7251
35.1254
31.4901
37.124
37.1851
41.8081
36.1281
44.1298
40.4377
35.9828
46.0788
39.0166
42.864
44.9848
48.9041
39.3322
42.9573
32.8686
32.4843
37.9586
35.8717
37.8471
44.1752
49.3892
45.4324
41.5611
37.2667
34.0005
38.8563
41.8518
36.7973
36.7463
43.6791
32.7691
37.0687
35.9795
37.2725
35.0828
36.6971
38.4402
39.5992
34.3169
35.1662
39.2521
34.6027
32.4656
35.6163
33.0805
39.9642
35.9145
38.3098
44.803
41.0786
39.4863
41.5996
33.6297
58.0074
45.2103
35.9773
40.7306
46.8331
34.6485
40.1973
44.8268
41.8192
37.2033
42.7157
37.4191
37.2847
45.1276
41.8183
42.4734
42.0681
38.3547
39.5788
36.6813
45.7053
44.3548
38.2422
39.6035
32.078
37.9006
48.0806
34.2712
45.9829
35.0583
34.9839
42.2483
42.3604
35.648
37.7425
35.6076
39.8683
41.8467
41.3804
34.1364
43.9213
42.5551
36.3905
41.2387
45.0897
41.9477
39.87
34.6625
42.2669
46.703
40.7537
36.7571
41.879
46.9713
35.3556
35.137
38.3405
39.102
48.8379
36.7983
42.3603
42.0437
38.2041
32.4763
34.5734
36.6159
44.6868
39.2749
38.3541
39.4351
34.6553
35.7456
41.4569
31.7488
34.4393
40.1645
34.3914
44.3675
35.6863
40.7823
35.309
31.4743
40.2243
39.4264
44.0733
34.0826
37.8823
32.0038
45.1372
43.6153
39.9037
35.9924
42.6133
41.9491
36.1839
40.0674
33.6473
37.054
35.356
37.9668
50.0373
37.3767
37.4373
48.5864
44.819
41.985
45.9231
36.4752
42.0703
37.0163
44.4579
43.4286
40.9217
38.6724
37.2247
39.398
43.5646
33.3574
35.6199
37.015
34.5073
41.7016
41.0565
37.8009
42.6186
47.3655
40.9547
39.2583
41.2286
41.7334
36.228
41.198
36.7945
38.1312
36.1972
41.34
37.3441
50.2736
48.9972
36.7223
37.4438
45.1894
43.4975
44.2542
34.7829
43.9929
41.121
37.3313
40.7683
35.6309
40.2556
57.3312
39.5036
49.1083
36.8601
49.9841
35.9119
38.4529
35.5205
38.12
35.11
40.1387
32.9676
38.3223
38.3405
43.7755
35.4605
40.1466
45.6174
34.6751
43.15
39.313
34.3296
43.1641
43.8529
36.8471
41.416
30.518
37.2526
35.2399
33.7323
35.8659
38.5356
39.7832
31.2577
47.5736
38.2657
46.1902
44.9566
44.1441
50.1541
41.2625
43.6851
33.4191
34.8785
42.4001
56.7015
43.5124
45.3808
38.4793
31.7559
36.3074
35.1704
38.65
39.6136
36.0441
42.5828
37.1539
34.6532
37.2279
45.8881
39.4197
38.9333
37.0634
38.5704
38.854
45.2184
37.5445
45.5608
41.5738
34.7909
47.8504
44.9746
41.5366
36.0325
35.844
43.4717
35.3492
30.3909
37.9331
39.6049
35.742
37.5808
42.7252
38.0027
48.8658
39.865
49.8594
39.8309
33.9982
43.5753
31.7429
36.3414
41.3025
39.5153
41.024
46.5401
47.4887
37.4094
34.542
34.7671
46.4439
41.0634
40.7029
38.2566
35.7434
38.312
45.9846
37.2469
40.3534
43.6469
37.578
45.0556
40.2679
35.6119
43.2895
39.4603
40.8676
38.7118
41.8693
40.1063
43.6268
43.2077
36.885
34.0396
35.1162
40.5831
34.7222
46.6978
35.2157
37.7275
49.4685
42.3275
40.5062
44.3352
41.2556
44.4912
43.6088
40.209
41.3362
32.1728
45.6535
38.9828
33.8507
36.356
34.5699
37.8516
36.4599
33.5396
33.2408
36.7455
37.1791
44.8727
36.8139
40.144
37.8551
35.5471
37.0513
36.8867
38.5243
35.2525
33.8937
38.6261
34.2637
34.5693
40.7793
45.2987
39.6827
35.7988
36.806
39.0282
38.1604
33.6173
40.829
37.5974
38.7082
39.9048
41.6746
42.0648
38.2714
39.9423
39.7497
46.6712
34.523
39.3315
36.7591
34.5759
34.5787
42.1017
42.3864
44.0685
39.6501
41.9822
34.1742
35.3994
38.4678
35.938
36.8582
34.3009
34.5978
34.1481
38.9011
41.4582
35.4555
30.4813
38.3449
40.1351
40.3605
37.6974
46.1408
41.7303
33.9746
37.5341
42.35
39.248
37.7952
31.7298
40.4769
46.6963
37.9836
52.3028
37.4753
39.5088
35.5947
38.7779
34.8191
31.1935
47.2705
39.3501
40.8208
34.0439
40.8647
34.059
43.3406
38.3576
45.3343
38.2136
37.5634
40.8658
41.4884
48.9444
37.4646
40.7501
41.2007
43.1159
37.8329
37.221
40.8755
46.0062
39.3463
39.0675
36.666
46.4363
31.3782
36.415
38.0548
41.8153
45.9386
36.8168
41.6941
41.107
39.202
34.995
41.3757
37.6567
37.2222
46.0277
58.1064
35.9427
37.593
42.6097
37.7983
36.4944
40.1846
36.6624
35.7373
42.3865
35.4212
36.8991
46.4495
38.469
35.6068
35.6826
38.5474
51.649
37.5828
36.8474
39.5535
45.493
34.7771
49.6254
50.5374
41.3619
52.2613
36.022
43.0716
34.6603
45.4623
39.8134
41.7561
39.8544
31.7597
44.42
42.316
44.6442
40.0967
38.8921
31.8245
35.468
42.7586
40.1345
36.9322
41.1434
34.9142
39.4302
31.7702
41.1515
34.6818
37.3203
38.7591
38.1029
32.8614
30.5871
36.5755
43.118
41.5685
35.7579
45.5144
39.3448
42.851
38.9095
35.7067
40.0769
42.0794
35.3893
36.7576
38.2563
34.8828
44.2333
48.6362
54.4095
31.6447
41.9612
42.5672
42.3712
34.6865
34.4899
41.6923
42.5483
42.8394
51.0823
32.4481
32.4026
40.1017
35.4667
33.8015
39.9173
41.5989
38.2119
36.244
39.7323
34.9405
42.5623
38.9525
45.5188
35.9763
44.6903
30.6191
37.1297
34.7305
34.404
38.2179
44.5852
35.6698
35.37
34.95
33.4769
35.0315
43.1066
32.9492
46.1668
42.4783
37.5052
47.9006
34.6937
36.7747
43.1075
35.0753
38.5448
35.9953
51.457
35.4613
37.6009
39.7481
43.9868
35.8714
35.3565
32.9511
44.999
44.714
35.6066
40.331
38.1531
39.423
40.7265
43.6796
36.553
37.2438
37.2441
33.8862
45.678
40.3563
37.4602
34.553
43.2198
38.7793
33.0501
37.3368
37.1152
43.1103
39.6116
45.7219
44.4215
40.373
36.9288
37.3191
40.7122
46.776
35.2049
38.1378
41.2958
41.9348
40.2473
34.782
45.1065
41.5153
39.1208
41.6898
54.9875
38.8353
43.4546
40.6133
42.5173
47.6204
43.8685
41.5405
36.3693
36.1132
45.4103
41.643
33.837
34.9158
43.1383
45.5137
41.5535
40.2186
32.2641
37.1339
34.3666
39.1631
31.0152
38.6082
38.196
39.2993
41.6891
37.099
46.2238
54.0124
46.5671
55.2552
39.6047
33.9737
45.3028
36.94
50.5092
38.6579
39.4148
38.5036
35.5977
41.7117
38.0076
38.914
45.4896
38.6713
37.5504
49.8005
32.7595
34.6439
34.2749
43.3404
43.859
40.23
37.0404
31.3518
37.518
40.5586
43.1584
41.8065
36.8431
40.683
41.6959
39.7423
39.0288
32.4682
40.5359
36.1504
46.756
33.3678
45.0168
36.9034
