38.454
37.8765
40.4338
37.9845
40.9969
41.1301
35.8861
37.7216
40.0934
34.6679
45.9676
42.2993
41.3188
37.0195
39.0557
34.7029
37.9497
39.4309
38.7238
35.1248
36.9589
46.0209
43.5379
41.61
42.3034
42.1943
42.0669
41.172
34.3127
37.3577
46.1405
34.6558
35.9948
38.5597
44.0254
42.7196
30.8965
35.3137
38.2506
52.182
36.5182
32.5413
38.2564
47.4524
33.6087
44.0154
48.7381
41.1818
35.3172
31.2679
39.8683
36.5262
33.5206
41.2774
48.2232
36.372
38.9509
43.2566
31.7909
38.7257
41.7428
43.0851
41.2908
42.1823
34.2281
44.0797
36.6297
37.5129
44.2866
43.9288
44.3675
37.9048
39.1069
39.8446
38.2183
36.5419
45.5755
31.3332
31.6129
36.7716
36.6665
37.2199
45.2451
32.4219
38.3212
44.6959
34.9077
46.2266
40.4235
45.7827
41.7055
51.8505
48.865
38.1447
36.2176
33.4083
43.8484
48.2281
39.5907
35.3175
43.6865
34.2309
39.5966
38.4599
44.2173
39.7607
43.3992
40.9311
53.9868
41.9593
46.2482
46.5876
34.8904
38.1522
38.012
45.4056
35.7555
36.562
33.7171
42.0185
41.4511
41.3599
38.6552
33.0401
41.579
46.3882
38.2278
44.4439
41.5103
37.0308
36.2152
46.0366
35.6543
36.2718
36.9938
36.6356
37.1888
41.2032
37.7316
37.4152
37.2292
34.3815
36.2564
44.8282
36.6196
40.0039
40.1381
44.273
42.5776
42.3057
37.8574
42.4118
34.9401
35.458
39.2788
36.7359
40.9852
31.436
36.6299
42.9469
36.2304
37.4952
36.3804
41.9451
42.6386
37.4036
38.1877
45.056
35.388
41.4977
37.0526
31.9217
43.5772
37.8632
42.2758
43.6696
32.2579
44.562
32.0098
39.2074
51.6762
35.5479
36.6219
43.1605
44.3664
52.6648
36.7573
39.4261
34.8583
33.5893
38.83
45.5534
37.0128
42.6407
41.1017
33.0821
42.102
44.8373
37.3777
35.8803
36.7442
43.3748
35.0733
43.559
35.4191
30.9432
39.1668
36.9028
38.28
36.8847
41.747
40.0284
38.5661
44.6263
36.7756
33.4307
46.8797
38.1499
33.6162
33.2923
37.8299
46.7066
35.1868
40.0954
37.4422
41.645
41.9128
35.3284
36.8674
38.8636
34.8087
37.5511
33.9581
37.7067
33.7217
35.5483
36.5153
32.9345
44.3391
42.7236
37.0519
41.2724
48.371
39.0917
35.2111
37.5597
38.5671
38.441
43.9362
48.7084
32.7207
35.2147
31.4278
36.0906
40.9278
45.2787
39.9097
44.4746
32.843
43.8816
37.4174
38.5249
37.4739
40.0773
40.286
39.3929
35.8583
34.4446
39.0541
37.8897
34.581
48.6853
39.1545
43.4849
41.3631
35.1812
35.3529
42.241
39.3994
49.8192
48.3409
52.6841
38.0096
37.0129
36.6757
37.2347
34.3442
34.7165
40.2895
43.7908
37.0405
36.4348
34.9668
49.4403
35.5899
39.9859
41.6254
43.11
46.6086
33.8506
36.8921
36.9502
33.146
40.8715
39.705
39.2448
39.4598
35.345
34.8745
33.5467
42.6807
42.189
38.4781
41.7882
41.3073
34.2455
40.9424
39.4706
36.6465
38.7066
40.0627
40.2988
36.3048
48.1228
38.4329
42.365
32.5828
40.8429
41.8258
38.8535
33.351
33.7592
31.1135
57.4036
36.4104
46.3334
35.0694
34.943
42.4101
38.7093
38.3632
42.3156
40.2918
37.2077
37.7293
38.2246
43.792
42.5144
37.7042
37.8764
36.2835
33.2195
33.4884
40.4467
35.3193
49.8373
39.6764
39.9483
40.2457
45.6709
41.2122
42.5944
37.3617
36.1033
30.656
40.6523
46.1853
43.7584
42.5961
38.1663
38.3228
36.8421
35.0889
34.3272
46.5321
39.5003
34.5668
36.8352
38.4719
37.2185
37.7969
33.8193
35.4555
38.8752
39.4994
43.0649
40.9389
43.3853
43.6118
33.4823
43.441
40.4088
36.1416
35.4852
33.1106
40.8661
33.5177
35.553
34.0977
36.1472
41.03
41.1403
41.7892
36.0404
29.5597
46.5598
37.3929
48.6272
34.2996
31.1719
38.6189
44.1425
42.5001
36.0563
36.7805
38.5592
36.9223
37.964
36.5542
38.4402
35.3268
38.874
35.6029
35.5658
44.6171
40.5195
41.9367
35.6052
31.7719
33.2671
33.8502
41.3135
47.6195
46.5061
47.3256
38.4406
38.2182
32.0355
39.3049
37.0453
37.1012
43.001
40.0497
43.75
38.1556
37.1035
41.4559
39.8398
37.9623
32.8968
35.2526
44.9811
31.1804
39.012
42.9447
36.2158
33.5256
38.1414
41.3579
44.7597
36.9464
33.781
45.6734
34.9415
57.9991
33.4163
41.4403
46.0004
58.5972
45.7726
37.9465
42.6747
43.9892
36.9468
50.0897
39.5182
39.6562
41.6719
40.0749
46.7084
34.6756
41.5752
36.5935
32.919
35.1875
30.1967
40.9578
37.6892
30.5126
41.0678
40.2924
40.7755
41.1848
37.9311
38.6282
39.7505
34.0981
36.8886
44.2665
36.9433
41.9617
45.7081
44.897
33.1955
37.5027
38.0989
41.0472
46.6651
32.7033
38.5353
36.7058
42.8459
45.0827
39.4787
38.933
33.0601
34.3265
48.7649
40.3088
45.7741
37.9462
42.4108
35.7846
41.4792
36.8983
37.9654
39.8657
37.87
42.662
33.5252
41.5185
46.5218
42.2373
41.3115
42.7388
41.8813
40.9443
35.3706
38.4769
38.3288
35.6208
42.0371
34.6911
46.2046
36.7983
33.7955
43.2015
39.1742
41.0742
38.6068
37.1876
38.215
42.6693
36.018
44.9102
45.4566
38.5914
45.5438
41.416
50.3126
38.2124
38.8552
43.0862
31.7381
39.6869
39.5956
42.2336
33.8484
46.9453
34.4133
34.8816
39.7605
39.6422
41.3218
37.1914
39.6261
45.9002
44.837
39.5127
37.1899
36.2159
47.5481
43.4995
35.2023
42.5896
36.087
39.0732
36.1195
40.7754
32.3201
42.594
34.9696
39.2928
40.637
37.9607
41.1342
48.8879
41.8726
37.4291
33.9033
41.9517
40.1814
43.4284
37.9311
38.5146
45.0498
37.3956
36.818
36.589
45.5426
36.2006
45.0881
44.2046
36.1215
40.8345
37.3424
41.4072
47.0179
39.8856
36.4624
42.6123
46.999
39.0089
31.8724
37.4539
44.2273
35.5111
42.3215
37.8342
40.8417
35.9719
55.2652
40.192
32.0272
35.7
42.0154
42.4486
37.4319
34.191
41.4129
40.6523
40.0801
39.1169
39.8763
35.4793
37.5922
38.8171
33.6887
38.6666
37.1657
46.505
39.9608
40.3247
42.8599
41.8122
40.4035
34.7841
41.3473
39.3678
40.3245
35.3778
34.8798
41.996
43.836
40.0432
41.2204
35.7569
41.557
40.4376
46.8838
42.8375
39.3977
38.0912
34.709
45.5183
35.8351
35.8685
32.8691
33.0647
34.4051
42.589
37.8436
47.0784
37.1381
49.6475
40.0397
38.7132
41.3125
41.7489
40.6363
44.3778
31.3999
37.0616
50.054
47.6015
41.5455
35.6437
33.8132
40.0639
44.4622
41.3539
36.3105
34.8957
44.7349
56.0873
38.8952
35.8416
49.6403
33.996
44.1867
40.1129
34.5012
35.8988
33.5309
40.1592
43.267
34.005
38.4824
37.3046
39.6806
52.5179
37.408
37.1062
38.647
49.5258
33.435
33.5173
32.0215
44.2616
41.6857
31.9585
39.3957
48.634
36.3553
38.3281
38.8105
36.5051
43.7633
37.068
42.1927
35.8416
38.5755
37.3616
35.8821
40.6381
38.1528
36.5415
43.8545
39.5602
37.3052
37.2493
38.1956
34.4408
40.5332
38.6789
38.5157
32.2942
43.3192
33.5368
48.2767
39.6357
46.1174
38.9299
39.8609
33.2136
34.664
37.301
35.6406
34.2215
45.2909
37.1038
43.789
33.3131
33.1754
35.9327
34.2716
40.3236
36.5336
39.7719
38.1975
38.0712
44.2449
36.2437
32.6563
40.0985
37.4822
44.5009
33.2263
32.6447
37.8177
50.2783
43.2402
42.4869
35.6463
41.6812
37.9385
45.5379
40.406
33.9702
36.794
36.0167
34.3762
39.0335
59.0126
37.0464
35.2951
39.4113
32.7063
43.2281
35.4198
33.4196
43.4707
39.3859
41.5937
39.6188
34.7731
32.6352
35.6833
40.1339
39.6559
50.5091
45.9649
45.0777
36.6188
41.0884
44.4396
33.8842
39.9837
37.0502
35.7103
39.9354
39.1388
42.8001
36.3206
38.8544
38.7286
38.8353
39.387
35.4723
41.4733
49.0871
34.5757
43.2994
43.1868
39.9743
37.5587
32.7635
42.2846
35.5408
39.3612
36.3299
32.0902
40.0077
41.3278
37.758
35.8742
36.8633
31.7447
35.6359
35.8248
46.1366
40.1954
45.198
49.8574
37.5392
35.3976
38.0703
37.5125
38.7912
42.6865
40.144
43.8275
39.4902
49.3733
34.0093
48.8102
41.3144
40.9648
40.3299
44.7098
36.4082
36.5296
37.7653
38.515
44.9265
44.5312
40.2241
36.6413
41.787
35.8103
31.317
39.3908
42.4364
39.9215
41.7642
49.6248
35.4075
44.323
35.9019
36.3888
34.524
35.7219
40.4202
36.3093
35.384
30.3508
40.8392
43.1549
38.0963
42.3567
40.9797
35.6697
47.9265
41.4293
33.7371
38.5401
55.255
34.4387
34.4388
40.2783
45.176
35.959
38.0091
41.3544
39.3703
36.7624
36.1146
51.2258
34.5088
46.6884
40.4952
41.9413
36.4344
32.7128
38.4281
34.477
35.4133
34.9246
42.9838
37.5655
41.836
40.3566
36.8139
32.1001
43.0748
42.6055
39.004
44.9794
36.045
41.5376
46.3424
36.5573
39.0366
39.1495
40.0287
34.7471
44.6395
41.62
49.9419
36.2254
41.7389
35.7933
36.6161
37.6316
43.0355
35.8566
36.0816
44.5739
41.3807
44.7814
33.926
37.4048
31.9997
44.6291
35.6692
42.9716
41.655
44.2933
32.316
53.8115
40.0125
38.5694
34.3587
37.9231
36.1346
40.0093
39.3768
37.0125
43.4438
33.9624
37.7852
30.4067
39.8581
39.7514
44.806
33.4684
35.8107
46.1024
42.6953
35.1203
44.1378
36.8762
40.8193
32.6072
47.4956
33.8012
38.836
34.8344
35.5062
41.0467
39.9863
51.4477
34.2333
38.5015
39.1561
40.4687
36.8087
48.317
43.1465
45.6041
40.2158
49.3503
34.6118
38.4093
43.4805
37.8116
36.4346
41.4972
45.5967
58.8437
33.4251
41.4477
33.8283
38.5081
45.9047
30.2029
44.6709
45.8387
37.3235
49.0745
42.7299
46.5245
48.8167
40.4195
38.5613
39.3386
35.0303
43.6652
41.9049
39.8891
40.3148
56.1576
36.8029
47.3777
40.6824
32.6091
42.9616
36.2659
35.6753
39.1491
38.3189
38.137
40.7208
41.1328
50.4451
36.4261
37.1606
36.5925
41.6403
38.7953
33.1033
35.3043
52.163
44.0269
42.5302
38.893
33.4766
43.6857
37.8553
36.8464
33.9738
33.904
41.6288
35.2788
37.5694
38.5033
44.8466
38.2857
52.6601
37.5124
37.4401
40.4467
34.0913
39.3285
43.4661
38.713
36.2836
33.8746
35.9074
39.9915
37.5474
35.7849
36.3319
40.1571
39.3306
49.6318
37.43
56.7279
39.4081
42.8339
37.2976
38.0572
40.9074
42.5761
44.9677
41.4498
46.5819
41.2285
37.3876
33.8571
33.036
39.3116
38.3468
43.3465
29.6596
43.9872
33.5108
48.4292
38.1357
38.3815
37.0642
39.1204
43.5955
38.0727
30.9334
42.7095
44.1449
40.7268
39.0439
46.2443
42.7955
41.4476
33.3456
38.7047
34.375
40.6661
42.9022
36.6386
34.041
38.4579
46.6445
41.1285
43.2438
42.2695
34.5552
33.7775
44.4397
39.6656
44.124
34.1476
45.6436
36.676
34.0646
34.4618
30.9243
46.5213
38.6022
36.5716
41.7916
35.3656
37.1106
36.6156
47.5316
42.06
41.7932
39.1255
46.0499
39.1124
38.2747
42.286
36.4512
37.2902
38.4275
41.1781
37.6633
40.8785
39.3456
39.9745
33.9556
42.7138
36.8696
53.4333
40.3017
37.9144
40.4293
36.7413
45.6433
43.7396
33.9716
39.8756
36.8735
40.6252
39.7233
41.3199
48.3145
36.4919
50.9409
39.1269
49.2912
42.6899
30.3803
41.0119
35.9202
41.4766
36.768
33.8899
38.6832
42.6587
41.346
51.4343
44.6872
45.295
35.6148
43.1088
43.4206
42.1487
37.313
41.1388
36.4413
40.0354
36.1604
31.4841
38.2276
39.9171
31.8171
46.197
35.0677
40.554
42.4648
39.7409
35.6137
47.5394
50.5304
51.3881
39.1319
42.9244
41.2959
37.8753
40.4661
41.4281
39.5822
50.2253
41.4037
47.2226
36.1582
43.7967
43.1854
33.6671
37.7921
36.1422
35.1
42.1551
37.9756
45.4393
35.6076
40.8065
44.482
39.6304
34.0088
39.1844
31.4592
36.2936
31.3699
38.7287
39.2205
37.183
38.7037
40.1036
42.8421
32.8453
40.1465
37.1564
43.9102
42.3948
43.3916
37.6469
36.6203
48.6834
41.9535
47.1301
34.3165
34.6103
44.0382
37.8231
36.4798
37.728
34.4885
45.4862
38.4456
38.7166
34.7956
39.3147
37.1184
38.5927
40.2001
35.7062
42.4454
34.8631
49.244
36.9974
34.1408
43.2615
35.299
51.7364
33.6867
42.398
44.8362
37.3197
45.1544
36.2094
38.5974
32.5501
39.2925
42.2309
30.8263
37.5994
38.1867
33.7625
33.8799
34.6299
41.2303
35.9482
38.9873
42.3355
37.9185
41.6116
37.2656
45.5035
40.5793
37.2264
42.9293
39.0025
39.0375
32.786
38.1983
43.1142
34.2617
36.6153
37.7263
36.4765
36.3014
35.7789
33.6452
43.2518
40.4318
39.7032
48.5451
36.0238
38.0592
35.6476
38.1505
41.2964
35.7251
33.9861
40.3209
46.0044
40.1268
38.7157
39.7934
35.8272
31.2493
43.8153
36.8707
32.8185
33.9788
37.9684
44.5518
45.0021
41.0705
39.1272
40.6405
33.995
41.2577
36.9287
37.9161
38.6113
39.0312
34.7765
36.1958
34.7132
38.4401
36.4726
34.6535
33.6579
36.7481
32.8242
34.8741
35.5716
44.7392
41.4084
31.768
35.5114
36.0162
41.4079
33.6469
36.6701
40.1225
39.6956
34.6731
37.7637
40.7398
46.2355
52.5437
39.043
36.329
37.6112
33.5728
39.0772
33.1469
44.4926
37.055
38.2216
44.9092
41.8024
35.4526
35.7359
40.0565
40.4788
47.8679
38.5615
46.4552
47.5586
36.181
36.9663
31.8481
36.6785
35.9454
34.4969
33.6296
40.309
38.9779
41.8604
39.4956
42.9947
35.561
33.3322
35.6901
53.7356
36.6962
42.3465
36.6578
33.251
38.6869
39.5665
46.4837
38.818
34.316
41.7803
51.0526
44.7986
34.5769
34.3826
39.2018
33.9284
39.6799
39.4873
43.3013
43.0287
37.0345
43.5151
37.6362
36.0895
38.7364
36.2228
34.6302
36.3865
35.493
36.9505
49.794
37.6602
48.3542
40.2481
37.4169
36.6475
40.3928
33.6995
31.9178
41.2522
34.7004
43.087
33.7157
38.1152
33.7234
36.6811
33.6893
38.2135
42.022
39.9521
38.3656
43.3725
40.7348
45.9886
36.8011
36.4625
39.8514
35.7725
35.1127
51.279
38.496
33.6905
37.9387
34.4411
34.5429
40.8874
35.1102
47.5574
37.2452
39.0311
43.2042
35.5582
52.0706
37.6375
31.117
37.0604
40.9938
38.7328
39.104
52.9313
42.4029
32.0795
38.2252
41.4741
43.1136
44.447
37.3349
36.0127
41.5531
35.0794
42.9535
39.6836
34.1036
40.3505
54.5077
46.1479
40.0253
33.7959
39.8961
42.57
39.7258
36.0086
39.2636
57.6784
47.6111
33.067
45.3051
38.8351
36.43
32.2782
39.0783
31.7187
35.6147
36.4486
41.8711
38.1191
48.4157
35.6411
50.645
36.5522
41.8054
40.8614
37.1792
37.6446
38.1417
36.6041
38.0603
37.6201
38.6336
39.3515
34.5568
42.3021
43.643
42.3935
41.6847
34.8015
47.1791
34.4844
32.9749
44.4075
33.7987
32.1118
37.9339
42.0225
46.0961
34.305
40.0756
38.6724
51.5173
39.8105
33.7087
35.4564
36.0586
37.0117
42.3715
40.5869
33.3289
54.1046
33.2615
60.7396
34.9788
45.164
33.2104
36.8825
54.342
37.6154
36.2907
36.1953
40.6593
40.6149
34.0253
31.1882
39.1751
41.0595
40.6973
39.5787
37.5951
45.1127
38.2762
40.6216
41.6835
37.4051
41.6904
37.1629
44.2756
33.6491
42.7661
39.1677
33.6968
41.779
37.6701
38.3315
52.2715
35.6279
40.5383
41.4885
39.5313
40.3081
42.9643
39.4741
35.83
34.0228
39.5725
40.1371
33.4325
42.3598
38.6236
43.718
38.5153
34.1411
41.3641
35.6024
34.6106
48.6804
52.1601
37.7224
45.2134
41.7988
38.472
38.8095
41.9611
36.2837
39.515
45.6428
38.7205
40.9219
39.7064
40.727
37.851
40.0027
40.0202
41.4628
39.0305
32.9001
33.2629
36.5976
37.0851
39.5793
40.6978
37.1041
42.834
38.1099
39.1392
35.0203
49.8581
42.5957
32.9752
45.2404
34.0482
37.9381
43.1423
42.0828
40.1572
36.1287
34.0423
39.253
38.2604
47.5145
46.2952
34.9599
41.2385
32.7596
49.1172
35.6324
38.0854
38.9342
35.4282
35.5712
35.9899
38.5956
37.6116
49.4795
42.3295
59.3945
33.3292
41.097
41.3714
33.9737
35.5422
51.257
49.0481
33.6243
33.4534
35.2962
33.5347
36.416
39.6556
58.5635
44.8747
41.9306
32.7731
39.4189
37.3042
39.5169
38.8289
36.0633
41.8396
37.5999
43.6517
47.5282
36.3371
32.7502
38.1621
39.1246
38.6572
47.1125
41.1655
35.1353
40.9685
36.0754
32.2809
38.2751
45.8545
43.2151
43.499
38.74
38.7254
38.5391
35.4613
42.0645
43.3846
32.4698
32.4118
36.0229
41.0293
42.8872
41.2608
39.1244
50.9074
40.7044
39.3956
51.9896
38.2091
46.1078
33.0092
36.5503
31.5358
37.1366
37.2266
48.0286
36.8452
35.9098
38.0388
40.705
35.6984
38.006
40.8035
35.9672
44.2406
37.9482
31.4472
44.767
40.6942
40.5658
39.3925
43.4662
44.3806
50.8185
44.4527
39.2785
42.6011
41.5965
32.8717
39.1358
35.3892
33.2915
42.9205
41.025
35.609
32.6529
41.8198
49.2513
36.5955
36.1501
45.3887
37.0104
37.1322
37.3074
34.3149
51.1874
42.5267
36.3276
45.1039
34.9814
34.4996
37.5143
51.713
34.3313
42.7176
36.2978
39.8193
40.8182
53.669
35.0791
38.9738
42.572
51.0117
39.04
34.0675
37.7324
39.7515
34.6086
37.9119
40.0331
38.8757
45.9014
32.7069
43.2421
39.9488
33.0175
39.4939
38.4531
33.2067
43.2228
35.2255
40.9596
41.9536
32.0939
49.243
43.8432
33.3132
37.4814
45.8851
35.7328
38.788
32.4273
37.628
33.6282
39.4925
41.3396
48.393
34.899
34.7676
37.4295
38.0461
33.495
49.123
37.8671
37.3371
41.1743
42.6777
30.1983
41.1802
48.4045
42.7231
45.1045
36.0126
32.2061
40.6219
41.5672
32.2758
72.573
43.8204
39.3323
44.9295
36.4198
43.8273
36.1296
35.29
36.5516
49.4044
39.6785
39.8353
39.1316
37.2972
37.2256
41.2099
43.2789
43.9622
35.1367
37.2011
46.4104
38.896
37.8315
36.3017
38.6096
36.9827
42.4152
45.1297
36.5583
30.2677
40.4544
37.1364
39.3171
33.6869
40.9269
35.7483
30.7401
37.2688
38.2064
34.4022
38.2275
37.5015
38.0322
43.9404
51.9873
38.593
35.5049
41.8969
32.5998
45.9593
38.003
36.5028
36.7654
51.4759
41.1781
37.3652
41.2945
31.6152
31.9293
42.9608
44.4004
41.0346
37.4163
39.3802
38.3231
35.7247
39.0207
32.2375
41.0086
38.6653
40.4027
40.6993
42.57
38.5083
45.1437
36.0834
37.5694
36.7997
41.5814
41.4601
33.1213
32.9102
41.0045
39.0846
35.8754
39.3306
40.2537
37.2138
40.7233
40.77
38.3273
38.0377
38.9786
34.7354
40.3637
43.7382
45.1436
39.9951
34.8847
39.6457
43.4852
35.3472
44.5757
40.3409
41.9914
41.1422
37.6563
32.8355
40.2769
41.7218
40.3559
45.4085
31.9184
42.7663
43.3127
47.209
36.4037
32.0699
39.1364
46.299
33.3934
38.5505
37.0113
44.1243
35.5357
37.0214
39.8972
43.3437
43.2017
44.2129
35.8624
41.2528
34.1469
56.6364
35.5525
42.9467
40.9112
43.2
52.9504
39.8348
38.7241
38.9115
37.0003
35.467
29.8971
47.731
36.4955
37.6052
41.8163
41.1539
41.5365
35.7552
38.3559
36.3658
38.4057
44.0332
38.7179
41.4105
34.0612
39.7417
42.9053
32.371
36.944
40.5151
46.0018
35.7055
42.182
40.5709
38.8506
42.0162
36.0047
37.493
42.9623
41.2277
55.2833
42.9898
42.469
39.2474
36.7814
33.8998
38.3219
40.3872
36.8692
44.5747
36.5852
47.3653
46.01
43.2029
37.6582
41.7848
33.5976
42.2515
43.7205
42.7797
42.6273
44.6358
40.4722
44.4831
36.4011
40.1932
33.4257
34.1624
40.1478
41.2143
39.6276
46.3534
40.3008
36.589
41.4727
45.937
36.0677
47.571
45.558
40.4727
38.9875
36.0517
38.8711
40.1838
41.2532
54.1665
36.8117
38.8172
41.3551
40.1848
33.8768
39.253
38.4233
32.9761
36.0349
38.9223
43.0428
38.2939
35.0291
38.6855
37.94
45.5399
33.9871
42.4454
36.1885
41.2538
36.0372
35.4859
30.1404
37.1674
32.4193
42.2022
36.7121
39.8685
41.0112
39.1505
40.1701
52.63
55.7216
37.5592
38.6332
50.3622
36.2063
35.7325
37.8568
33.3769
43.9664
36.353
40.384
38.74
53.1673
33.702
42.7984
41.9619
37.6387
36.5123
36.3666
33.5236
46.2185
33.9458
34.366
38.2871
35.0247
39.3028
37.6117
33.4511
39.7468
38.8966
32.2255
36.7224
39.9701
32.072
36.5117
34.0148
41.1982
40.0137
38.4094
36.7196
42.7822
41.5827
41.9234
41.9717
36.7419
38.4197
37.8679
43.1354
46.8065
35.1312
34.5741
39.1182
37.9908
41.108
44.0376
39.6487
37.8248
44.962
53.9836
37.6475
35.9288
39.5801
37.4564
36.6337
49.6274
44.6072
46.4598
35.7848
37.9819
40.8458
42.6777
39.3558
34.0298
40.9321
42.7352
42.9441
42.1044
47.1917
36.6432
40.6406
33.1852
41.2578
39.0753
45.5569
49.7974
43.2634
37.2932
36.1057
43.8841
41.1891
39.9379
35.6786
45.4316
34.2985
51.2693
38.4851
37.8689
52.8773
44.443
35.263
34.9742
35.8814
36.1206
38.0567
44.9013
34.2577
37.1768
40.0114
36.9822
36.3129
39.222
39.9142
33.0742
35.3053
41.1651
39.2992
44.5601
43.5151
33.7063
37.9156
43.3906
39.9698
41.0203
40.3692
37.4785
36.3587
40.0486
44.4059
35.4334
34.4923
38.9007
41.8932
35.8018
36.3397
42.8878
34.39
43.7686
40.9975
41.3922
43.2212
39.1655
37.0041
55.539
32.2601
41.9814
38.0931
39.1894
36.9058
39.5342
40.3499
37.7705
35.1619
41.8197
41.6765
42.655
36.4935
35.5955
40.3396
39.4823
41.5909
40.4136
41.3713
31.09
42.7346
46.3307
39.303
39.0137
43.2374
34.533
48.765
40.0431
35.7288
32.5874
32.9606
36.1417
51.5712
42.5517
39.8482
34.016
35.8548
33.6434
37.0008
43.6597
43.6667
45.8588
36.4246
35.8679
40.0528
41.5638
33.5592
36.4758
39.9163
34.9964
37.548
39.5108
40.312
31.1381
38.0066
42.0454
52.9692
41.6537
38.2919
32.8098
38.8758
44.7317
44.0626
39.9985
40.7854
35.07
36.2068
43.8211
31.4226
45.8437
36.4657
49.3179
34.9629
36.3002
37.144
43.1804
40.536
38.0945
37.8834
35.0027
42.2162
44.1224
49.4341
41.6111
37.1209
39.1505
33.5317
40.7235
32.4432
39.8667
42.3446
34.6038
36.3134
51.4037
42.6975
49.1923
35.497
42.3157
52.9497
35.2676
35.9586
39.0181
32.8892
36.1776
34.2381
35.6094
34.4782
37.6986
34.7828
37.6866
34.5439
37.2662
41.8092
41.1775
44.2772
39.8334
40.3063
42.8039
45.8893
39.3469
39.0032
37.3585
34.7381
33.8313
41.4503
51.2406
31.8144
43.6537
40.5209
33.1486
32.6366
38.968
40.3289
34.1437
39.2981
38.9896
37.7564
35.6515
32.3699
43.6093
37.8454
49.3266
38.4733
39.2861
33.7029
35.3131
38.5106
41.7288
40.6932
41.1258
41.0591
38.4797
35.6848
37.5509
48.9926
45.7975
38.3956
42.7111
47.1091
42.2742
39.2391
40.2239
34.2701
40.9262
42.5208
41.228
42.7804
45.8767
39.6808
34.3069
34.2963
43.4757
31.8731
38.3427
35.4532
34.7493
38.2624
38.3001
38.2084
39.016
41.2168
45.4191
38.8723
40.682
43.6883
36.8454
37.6795
38.6318
38.7991
44.7558
40.8424
36.046
36.0927
37.6417
44.3824
40.3283
37.1556
42.7312
43.9635
41.9451
40.8604
35.2629
38.6503
37.3019
39.2906
40.3836
34.9816
40.9458
38.3741
45.5314
35.3652
45.6069
39.0501
37.422
41.0734
36.1571
35.5369
48.7898
44.0885
36.4657
44.7388
33.6797
45.6244
38.556
34.6694
43.779
40.0767
36.5899
38.9646
37.4113
35.769
32.5944
38.7332
37.7452
40.1944
35.5831
43.9415
41.8794
40.0682
37.7527
32.4096
42.2879
36.2103
38.1391
37.0765
63.107
45.0168
36.8651
50.5104
36.2013
36.9822
35.6251
33.7384
40.5458
38.4428
44.3948
40.2199
41.1577
40.1639
38.2512
37.2014
39.2757
43.8423
38.8619
39.9201
33.097
33.1135
38.4919
41.9268
36.6526
42.1897
38.1356
37.7607
38.2935
31.2606
34.761
42.0942
47.2473
39.1207
41.1886
38.4715
43.2368
44.9741
35.6184
41.8384
34.8317
38.6175
47.7218
31.6536
57.6468
46.3853
40.3777
32.4561
40.7929
36.7158
40.8686
39.9169
36.2648
39.2182
38.1541
41.8114
38.8422
36.7342
38.3033
33.5316
37.0701
35.5168
36.8667
38.7627
43.009
36.3517
43.0076
37.9704
35.0004
39.0796
48.1741
44.8491
38.2509
40.3728
50.7635
37.6489
40.78
38.1444
43.129
36.6187
46.5453
37.9262
39.9817
43.3751
37.911
39.2372
40.1828
30.0961
43.9356
44.952
36.5727
33.1086
38.9432
41.602
36.8794
37.9762
32.7653
57.3728
43.645
40.498
45.8016
41.3844
48.5936
54.1036
46.9513
37.3965
45.3244
32.7058
41.9942
37.6259
49.1125
33.1953
48.1015
38.3261
53.7523
43.6692
35.3844
37.9807
40.8462
42.8486
39.6879
36.599
36.2562
45.7804
33.1267
54.3143
38.3032
32.258
40.2684
38.3786
33.9439
40.3806
40.8877
32.9398
40.039
36.097
37.2001
38.6726
41.3693
34.9603
42.1954
45.1771
37.3288
36.6625
36.3941
38.6196
59.8795
36.6604
40.4308
40.8416
37.5285
50.33
41.4044
50.711
36.7395
47.8297
33.7457
41.9505
43.9974
43.2033
38.1041
47.0788
28.7764
45.7844
47.4258
47.0275
37.9118
42.9798
43.9547
52.0303
35.9217
44.0782
32.8653
40.4449
39.6352
36.0784
35.1207
35.1338
38.9118
38.4468
36.7411
43.2368
49.4673
34.615
35.9121
35.7112
41.1675
36.2679
50.0253
36.3266
33.1803
37.9599
42.5208
39.173
37.1791
37.3111
38.7027
36.6357
35.0548
34.3428
38.8501
41.2221
41.5053
43.9695
46.3705
43.6932
43.9461
36.6568
37.2594
42.2414
38.9236
39.7589
35.393
48.2335
45.8738
46.5979
35.4091
40.7111
47.4218
38.4294
38.3631
34.9055
40.4779
39.5174
38.3445
31.4939
35.5192
36.5033
38.0123
36.7904
42.4204
39.7258
47.3398
32.4412
36.5169
39.0081
44.4316
45.6489
41.4227
37.2373
48.9827
42.4306
47.56
45.1086
43.9126
40.4749
41.8013
39.7864
31.8794
41.8078
37.693
36.7272
37.1712
36.5119
36.1633
33.6203
35.872
37.0642
31.8075
34.7605
33.679
37.1567
35.614
34.7923
42.8225
42.7899
38.5033
39.1152
34.3897
36.1832
35.8222
39.8029
31.6723
41.9098
37.2354
38.5048
32.7231
45.7524
35.8868
42.8442
37.3547
38.1334
42.0202
44.8663
42.6083
35.0586
35.3553
42.8102
40.6569
45.4118
40.3596
43.026
49.718
42.1367
37.1855
38.4795
45.0493
33.9047
41.0485
41.4991
43.7544
38.0304
49.8323
40.9761
39.6141
39.8214
38.4408
41.6066
42.8619
38.9861
44.8078
45.3273
41.5485
42.3533
44.6185
43.9533
41.2865
36.9066
41.2731
36.6027
33.4611
34.1969
34.9659
35.3887
39.207
35.2439
44.5226
35.0081
35.6998
39.3001
43.9964
36.922
32.7751
37.6218
42.9933
43.1278
38.1965
37.9066
38.4587
40.633
33.5111
33.9707
35.0759
32.38
41.3791
31.9775
33.4078
35.6677
41.8057
44.8447
42.1393
42.2985
39.1875
42.9573
42.5877
41.4881
36.9324
34.2833
37.0219
46.2069
47.8013
46.2987
37.882
35.043
32.6051
36.199
49.6345
44.3026
43.5439
44.177
32.4545
35.007
44.4594
39.3128
44.8007
36.5206
41.2416
33.3187
39.7746
41.1785
52.7126
44.1629
34.9114
40.8321
30.5389
39.2915
35.8767
37.608
36.5351
32.0381
42.1731
47.3209
50.1753
40.296
48.0665
45.6106
38.5316
40.2744
50.3322
42.3742
33.6151
42.493
35.6852
42.1053
37.2651
48.4736
37.2491
41.3801
39.9447
43.0546
45.5113
36.0614
36.4625
43.1184
37.8335
39.8033
34.8598
53.3434
40.6172
31.2487
45.8502
33.2901
34.1783
41.1266
36.3992
45.1081
41.8606
47.1007
36.1232
38.0695
37.0674
38.9099
41.9315
41.067
44.7813
43.7943
50.8299
39.0543
43.4415
35.928
36.6622
35.6981
38.8434
35.3967
40.2288
41.7315
38.0057
35.8933
35.9116
36.6773
38.9695
36.592
35.0366
39.7538
52.4947
39.4398
39.0293
40.2535
40.0555
39.2306
41.8902
36.6173
37.7823
40.0169
43.8159
39.1775
39.6514
32.2989
37.4638
38.2418
46.4776
36.877
40.0181
42.7635
48.7283
33.9033
35.7054
38.3786
42.2536
41.5969
34.3802
49.1298
39.0734
43.147
36.5706
49.3927
45.2911
39.6167
37.8151
42.6149
38.0688
45.8398
36.5062
42.2758
32.5828
41.7079
38.7039
45.3257
40.8732
36.3157
37.7367
43.8372
38.2752
39.7328
38.0105
34.1853
33.7678
44.2324
39.5861
43.1377
35.105
38.957
36.189
41.561
43.8359
39.093
35.0156
35.057
42.0969
37.4913
41.391
38.9451
36.8843
39.0237
33.8139
34.3286
46.2131
46.1276
41.4557
38.958
37.1616
43.6254
40.9871
38.8988
38.3892
41.5866
35.4469
31.9597
39.4773
39.2484
54.0806
38.1579
33.7839
45.4535
52.6674
36.5826
37.8505
36.6135
44.704
42.0864
44.7774
42.1385
36.4767
41.4822
37.0809
37.0514
47.1373
35.0005
39.9192
38.0946
41.3214
32.717
49.7607
36.2914
39.3623
45.9263
47.3499
31.793
38.662
40.4308
36.5214
36.5568
37.4372
38.5837
37.5435
47.9218
49.8745
43.877
36.3268
39.9361
40.0305
44.2437
39.9362
36.9771
35.12
35.9144
43.7553
37.9747
40.565
41.9307
37.2835
39.0056
43.6819
40.1892
36.274
44.0051
43.0251
35.0306
52.8757
31.3663
50.2835
38.0057
36.1299
34.6852
42.1583
40.9902
42.7009
54.5008
54.1071
40.1099
39.052
33.6853
36.3195
43.2861
42.8268
30.6857
36.4117
41.6889
44.0538
42.2348
37.1148
37.4814
43.4174
34.485
43.57
43.7355
36.3797
44.176
39.8335
49.6188
35.7632
45.8336
32.6754
43.5801
32.9765
37.2065
36.0575
40.5225
43.0196
35.4353
33.5295
39.9146
36.3642
50.4436
39.9354
40.0954
38.406
42.6747
37.6288
37.8118
41.0731
38.4315
35.0809
40.6682
40.7673
39.9476
43.6811
34.712
35.7071
35.3375
38.4405
33.6236
40.449
34.6969
33.644
46.3044
37.8289
35.1321
49.3571
41.226
38.686
31.4458
38.2442
36.5683
45.7682
37.4224
40.7747
53.7308
37.1712
45.1621
37.818
37.6761
37.3767
37.8704
36.3716
34.7992
46.8274
40.4422
43.8099
34.9243
41.5033
39.2557
41.727
47.235
32.6085
36.8939
39.2922
34.9779
35.2178
36.6392
33.0764
30.7876
38.4171
41.2761
37.3211
41.2115
38.2932
38.9547
35.6971
41.9236
40.4234
43.1163
33.1477
41.8712
40.4718
44.9697
35.5766
49.3993
44.643
48.3371
34.1027
45.1522
37.3389
36.061
39.211
34.764
38.208
40.6984
41.1625
34.1841
32.884
37.8495
38.0232
38.8705
48.5805
36.2712
39.0629
35.9815
36.5499
39.5346
38.5441
40.3981
32.3815
35.6869
37.2662
39.1273
43.9979
37.2359
51.2608
34.7362
35.4082
40.1422
34.5435
36.1143
35.4193
46.1695
40.7588
41.2578
34.8925
40.5086
42.2206
41.9664
38.266
40.5968
34.2319
36.1306
39.6822
31.3587
41.076
42.3212
47.8539
38.1521
44.0685
45.383
39.3825
47.9734
36.8966
42.2998
35.8372
38.3634
34.1803
40.8645
44.0881
37.2273
36.617
41.3802
51.3199
40.3303
34.6251
40.811
40.2882
37.1789
38.3744
52.1255
33.517
36.9762
35.9154
40.1148
39.5673
41.5504
35.9514
42.5101
34.8018
37.0111
43.6004
37.7763
38.302
38.7865
37.4673
38.7685
38.9897
44.5818
42.8048
32.4107
38.4491
37.7094
38.5251
36.1259
33.5564
36.5674
33.7512
39.622
34.5456
35.7378
44.3245
47.1241
40.5311
35.9989
31.2292
46.1149
38.511
38.0573
45.9658
36.1371
35.0406
43.2523
39.2659
36.6361
37.2215
41.5433
40.2906
38.6624
37.1802
33.5123
32.9056
38.8573
31.4733
32.9815
35.7061
37.5058
50.3166
46.6167
38.0787
40.8279
41.2217
33.9964
39.8723
39.9703
41.557
38.7086
42.8354
36.3634
37.4037
41.971
40.5053
36.5281
33.6518
40.4224
48.7341
40.7679
36.4005
35.6194
44.7463
36.0422
35.945
34.6634
43.0982
41.1836
35.8983
36.6483
38.4353
39.3762
41.6614
39.955
39.7091
48.7432
46.35
34.7225
43.1247
41.1771
37.2668
32.8762
41.7391
37.0443
44.1516
35.4224
38.9507
35.8278
40.171
39.3511
36.7701
36.2215
43.3586
36.4607
36.1784
40.5797
43.5299
39.252
44.354
37.4457
29.4096
41.449
40.0546
39.1198
36.2831
35.1779
37.3896
38.9291
35.1684
40.5393
45.1704
45.0322
39.9129
38.4163
41.8669
44.5487
36.0622
45.6741
41.1317
33.3113
35.9315
37.2219
50.1975
36.7787
36.9772
40.287
32.3423
35.8043
34.6699
37.0875
43.4992
38.5105
35.7966
37.6764
35.5794
39.5395
48.0189
35.4729
38.0949
41.3679
36.3325
36.4321
42.5042
36.3646
47.6956
45.2171
46.0509
42.6049
45.0984
31.6831
37.4425
39.2049
42.0431
35.7403
36.5787
42.7485
34.3222
32.5479
38.9169
34.4766
44.8839
48.3188
37.9133
40.486
42.3825
38.9352
37.3189
39.9053
40.4355
49.8502
32.644
36.545
42.4124
40.2656
36.4886
36.4633
40.0993
38.5254
45.303
37.703
49.1033
62.7506
39.8033
38.6301
43.8291
36.6072
34.2863
39.4165
39.6283
39.0289
40.2383
41.1373
40.2935
45.1432
34.1566
40.1745
33.683
38.9646
37.4446
34.6404
36.4051
37.6233
32.1715
40.2841
46.5511
40.5345
34.8607
34.3593
48.8774
36.5073
36.2236
53.0345
40.7369
38.2911
44.2439
38.163
42.1263
42.8088
45.7976
35.9115
33.44
38.9812
48.0288
43.1042
47.1465
31.5697
38.7114
39.7651
40.8067
49.8744
38.794
38.4181
35.6979
37.1573
36.0878
36.7291
44.5806
38.1304
55.9126
37.6069
41.9746
34.1977
33.0841
34.0104
37.0938
34.9872
44.4669
42.2225
37.6327
33.0231
36.1492
39.9026
44.1497
44.4183
44.9454
39.5857
38.1652
36.8858
46.4717
37.6219
38.2047
42.4244
44.2651
44.7634
45.8781
31.2179
36.1374
38.9029
36.7442
37.4441
37.5579
40.718
51.8345
37.6403
31.0192
35.1845
37.3052
40.0357
42.8871
48.1779
39.8404
40.3754
41.2403
42.117
45.1244
42.1194
38.8952
41.9297
37.9338
45.2344
33.4642
34.7928
36.1411
48.6964
48.0034
40.1807
36.9703
42.5382
39.2432
37.1818
39.101
36.4333
37.2162
34.0984
39.464
36.1913
36.2183
40.1489
39.5135
32.4286
46.0801
37.6559
37.7308
35.2327
43.2956
37.3161
36.716
48.2918
44.4433
37.3186
32.8235
48.3845
36.6309
44.3479
38.1531
41.1566
40.22
38.6061
36.1175
38.8954
53.6483
42.2866
39.2486
36.3525
37.6291
33.3023
50.3376
42.9932
37.8273
37.8535
39.4003
35.874
34.4071
49.3766
37.4179
33.7375
38.5733
48.2952
33.4738
42.7079
36.973
35.2079
42.3792
42.8552
29.4826
34.0956
39.2861
38.4944
32.7144
39.0928
38.4486
37.3697
38.0149
38.8075
42.8586
38.0777
42.6032
35.8445
38.4732
34.9351
36.5076
34.2821
39.7348
38.1564
35.6394
34.7723
38.7214
43.005
47.5237
36.3285
42.8069
35.6368
43.7537
35.0855
38.7607
41.4967
35.6658
39.1195
39.05
35.9916
37.6003
45.3417
40.6322
38.0763
44.6859
34.5789
38.6956
44.658
42.4403
42.1831
35.3453
43.7462
41.1868
38.9621
39.8992
43.7881
44.6919
41.5352
44.3609
36.81
37.7285
34.36
40.4396
46.4244
41.8025
37.6238
39.9917
33.5312
38.6145
36.5194
41.1121
34.7974
43.6511
42.3412
36.283
35.6168
42.0322
37.0466
40.7399
38.7579
35.7554
40.2009
34.9386
35.6675
47.2333
43.5343
41.2936
35.1114
41.0301
35.1893
40.386
30.5327
34.6209
36.284
36.5507
46.022
49.9679
32.2383
39.5947
42.8183
42.6282
35.1122
40.5269
35.7574
38.5491
44.5556
49.2751
40.4599
40.0919
42.9797
40.6546
38.279
34.3042
38.9963
44.1266
37.4356
32.6908
43.7252
41.7069
61.7762
39.9833
35.2546
39.0209
33.8133
40.1358
43.9512
47.5193
34.8432
38.1554
42.2966
37.4529
41.6371
30.2546
42.5638
38.5853
38.5991
33.6869
39.4685
32.8635
40.7346
34.7078
40.18
46.2643
34.5603
33.8954
40.373
45.7949
41.264
32.2948
42.3243
33.4006
44.5108
35.4273
34.653
41.6206
42.629
39.5899
45.1855
34.503
40.611
39.0401
42.7702
35.1732
40.2297
34.7701
38.8494
38.1716
38.223
36.9095
41.3502
38.1974
37.2948
38.3463
40.2627
47.6179
37.386
35.3177
49.4852
39.7202
40.6061
47.4127
35.1586
41.4482
33.1078
36.0547
39.3678
34.6706
36.3592
35.0443
39.5208
36.6195
44.7443
34.764
38.2437
41.1912
39.691
39.8284
37.4475
43.1337
40.9784
34.3936
34.338
40.3342
42.8898
42.4555
36.6519
39.9054
32.4229
53.2068
35.2796
37.4721
45.6562
37.5196
40.3336
36.3126
42.4302
35.528
45.562
50.3457
47.9772
40.6542
39.8127
35.3727
41.4188
36.1606
41.7363
45.985
33.5042
36.6681
44.0209
40.4992
38.7608
39.5388
46.1128
36.4178
34.8057
36.7711
38.3214
34.1537
31.5225
38.2833
32.1592
39.4047
38.6187
31.7833
44.8585
36.7821
42.3164
47.8579
42.7308
39.9656
35.3104
46.147
36.907
46.219
37.6165
49.1445
42.6132
49.7392
43.9723
42.8681
32.8962
41.0408
54.393
34.8097
45.025
35.2414
31.0296
34.452
37.8013
39.9228
39.1398
44.2082
42.8704
39.2758
40.1391
33.5311
36.9896
39.4643
38.3896
38.5633
33.0418
41.7154
43.0182
46.1709
33.912
39.6971
40.7147
34.2603
40.7631
36.7286
32.1999
33.5535
45.6138
38.4675
36.8849
36.7789
38.1643
35.7573
36.772
36.4237
49.4816
40.2366
41.8987
45.4668
37.8678
38.2076
36.2131
37.4987
47.6278
41.382
41.7315
42.5417
32.9652
36.0869
46.7189
43.9024
46.9981
38.7446
41.8383
32.1287
38.1578
39.9602
40.5717
37.6263
35.343
40.0694
38.9201
31.7619
36.0764
40.0618
38.646
35.9341
37.8554
39.2919
38.5066
39.7209
42.1678
42.004
47.2573
51.6842
58.5601
42.9344
37.0154
50.187
34.9718
34.5799
39.123
27.9581
37.8122
37.6914
43.7716
40.2408
36.799
34.1788
41.7285
33.8767
44.2142
45.6024
41.2187
48.339
38.6919
34.1818
44.7714
39.7901
44.7177
44.4976
40.0113
34.3584
41.4037
39.5628
44.725
34.6081
39.6228
39.0954
42.4639
42.4875
33.4299
49.7194
38.5711
34.0831
42.3488
42.9497
39.4596
39.6615
41.6354
44.7426
37.4691
39.1311
40.867
38.034
42.5205
42.9531
40.5504
37.9018
39.2243
44.2691
38.4379
39.2714
39.731
37.0075
40.0759
41.1385
40.2285
39.2076
34.1999
37.357
39.3307
37.0261
48.4064
37.1507
36.1318
44.8441
37.0961
35.5264
36.2259
46.3317
39.5838
44.0499
39.2595
33.5028
34.9592
31.9411
40.4626
36.6567
45.9907
37.0233
43.9865
42.4559
44.8868
49.8112
34.015
40.1793
37.6244
35.8156
35.5814
43.8122
37.071
39.8484
34.7529
48.286
40.957
43.2954
43.8554
30.9944
37.9682
35.1757
37.2191
34.7398
34.8626
46.1094
38.8115
41.8156
38.5853
33.7194
41.2037
45.7884
45.8008
46.9322
38.7928
34.0524
38.787
37.2408
40.8705
33.1191
41.0315
36.9658
40.0195
37.6968
38.7243
32.7372
39.2953
49.798
32.5804
41.9574
32.2543
44.6012
49.8449
36.4373
38.0203
39.3867
53.9365
38.1028
39.7677
41.0354
38.5164
37.6595
41.2854
33.5158
37.4902
48.8457
35.9044
44.4772
38.9946
43.2516
54.7369
33.9432
40.8269
45.4251
36.2102
33.3807
32.4838
30.1035
38.2288
41.9449
42.0584
36.4255
41.944
37.992
33.2608
36.5862
39.395
33.6755
39.6739
43.687
41.5063
34.9473
35.5108
38.5771
41.9402
31.2023
39.1128
42.8257
42.2874
36.7497
32.5013
37.7481
39.6527
44.3654
36.3601
40.5805
34.947
39.3041
56.2471
34.0735
35.7304
41.5338
42.7825
36.7814
36.2069
43.8866
37.9771
37.6166
39.0344
38.8405
35.4676
40.5491
48.0275
39.2334
39.1107
38.926
37.4988
37.1155
38.845
35.8856
37.0064
33.1354
44.6301
42.0336
36.6873
51.4956
41.4833
36.1242
39.5288
37.7823
40.5003
42.7167
54.3299
39.2573
35.5237
43.5589
36.8188
38.2543
33.3434
41.7731
36.0033
36.2959
35.9132
36.6849
35.6283
40.2905
41.9943
47.3673
39.8513
48.069
40.2369
37.4508
30.9985
42.6659
40.5097
37.2534
42.5115
38.6004
38.1311
44.5077
33.5819
36.2123
42.1618
44.7451
41.7056
33.673
36.1114
34.1678
44.626
42.1757
45.5201
40.5129
42.813
44.0239
50.8937
33.6893
35.1948
42.397
51.9481
41.2888
43.2697
37.7702
41.4598
38.9052
41.0257
39.7986
39.2422
44.6042
33.4176
39.6148
44.7822
35.9955
39.1248
37.6378
37.197
36.556
35.4247
38.8053
40.0306
37.3645
34.0364
33.1001
42.0831
34.0028
40.2349
37.2452
39.7947
34.0815
34.5982
40.6061
36.9171
40.3942
34.1225
36.8155
35.7592
41.4043
38.9341
39.4194
38.3783
36.7623
36.9118
44.3025
45.756
37.8995
36.782
34.6356
48.4331
35.0327
33.4106
37.8973
40.5158
40.3008
38.1281
38.2061
48.268
40.22
34.8209
33.46
42.0922
38.0432
40.6582
39.7271
42.9177
42.1311
45.0393
36.5466
35.3678
36.0045
36.2033
40.4205
40.5096
43.3392
36.3531
36.3569
42.4786
42.5337
37.5116
35.4904
45.2592
37.6084
42.7832
41.1539
37.3689
43.2978
30.874
33.0579
46.1426
36.9736
38.8721
35.0941
35.2833
40.8065
37.7043
33.6189
43.1116
43.8616
40.8106
36.2686
34.8882
36.2816
36.8195
36.8107
45.5205
43.7224
37.8253
34.0093
35.8279
40.3093
33.209
41.8967
38.6926
37.687
33.6517
37.2159
34.2672
42.0388
55.4302
36.5374
34.5232
33.8155
47.5996
47.3791
30.8042
35.3758
47.5123
39.91
38.8351
38.2493
40.537
32.0046
43.486
36.807
49.4493
36.7973
41.2367
38.5028
43.4708
43.666
46.137
37.0545
30.93
38.7834
42.6873
45.6985
34.6642
39.8514
36.1727
38.1786
37.0498
42.2756
35.5274
41.4143
38.3472
37.648
38.4677
34.9531
41.2309
39.4483
35.0373
48.097
39.3756
35.6148
37.6849
35.1644
39.1554
32.2696
42.782
39.7401
41.3396
45.0123
40.1312
38.4088
30.9303
36.6239
38.4481
40.3497
46.1447
45.684
36.0811
33.3159
41.4316
39.3663
37.43
34.0324
41.1221
34.3523
34.2166
38.5917
42.4397
42.7156
51.9687
32.9418
38.8338
57.3652
35.5215
36.7088
39.8063
40.7562
38.5964
34.5756
47.913
37.3951
46.3615
40.5077
49.4754
40.7409
38.0049
35.2793
31.2124
37.7575
35.2665
37.7097
36.048
38.1495
30.9481
47.0783
52.6525
40.8992
38.3555
49.6353
41.4433
31.7762
44.4841
36.9939
43.1179
38.7465
44.1287
41.185
38.8199
39.8645
36.0048
41.2207
34.6552
40.3256
37.7745
34.3977
38.7871
36.1067
39.2491
30.5419
40.3255
43.7175
40.4957
51.567
41.2983
36.9079
43.1717
37.8993
34.4834
38.7584
38.8622
33.8325
37.5014
36.0721
35.3256
30.3799
40.7146
38.131
43.8215
43.0357
37.0368
48.5692
42.6405
42.1471
40.5623
32.4996
38.8689
44.3551
34.9996
44.8203
36.3217
42.431
41.1548
36.2683
40.0216
36.2763
33.8696
36.6981
38.355
37.0832
39.9788
42.8697
43.5022
32.9018
34.4459
44.2483
49.272
42.909
44.7684
38.5986
37.577
41.6936
39.4406
38.6636
41.279
34.7919
40.8106
42.4951
43.6233
37.0401
39.8886
32.1569
41.5214
40.6045
36.4625
43.7836
36.1801
38.2753
39.3846
46.8516
34.1458
39.0285
32.2993
46.601
38.1548
33.6061
36.0756
42.6314
35.1112
37.6204
40.6925
41.0565
40.5915
34.3874
42.4075
32.9754
38.6719
34.5014
38.1329
38.9332
34.6378
33.1393
32.8771
41.3889
34.9435
45.5866
36.4169
37.2953
35.1519
37.5752
38.3226
36.1541
36.5341
39.3952
45.1495
33.2511
40.731
43.2459
50.347
38.4449
33.0094
41.4795
38.7066
41.2228
46.7398
42.3961
36.1671
33.7154
47.2516
52.0555
37.1223
40.9021
41.934
44.929
32.257
35.4184
36.4564
45.6338
36.2408
38.8524
40.4385
31.9779
34.5643
42.3743
34.7637
43.5064
43.3608
38.5927
40.4359
34.3129
42.1713
48.0556
39.0333
39.2777
40.8346
37.0272
45.4014
36.7175
44.7313
35.8531
42.7965
36.6703
38.3685
44.8987
35.067
45.0507
35.0782
37.2346
57.8228
45.1137
39.3585
40.2972
45.4772
40.012
43.5554
37.6182
44.4487
36.1189
41.8354
41.8332
37.6001
35.1193
39.9038
39.9039
51.0194
42.099
41.0681
37.9351
40.6112
36.0641
37.0568
40.5186
40.8121
37.1515
47.1623
51.2689
38.8947
41.8418
35.4326
34.3336
43.5818
34.7174
34.1784
34.4107
40.3071
39.9498
37.5588
34.4519
37.2484
39.4541
36.5328
38.4338
39.5574
36.833
33.9763
39.0059
53.6192
44.5951
33.7472
40.2844
38.1557
36.1597
32.2815
35.323
41.2255
41.907
46.4401
38.2579
39.1439
34.5726
37.48
45.3543
44.205
43.7857
47.4613
39.2493
36.4452
40.0758
42.5246
39.9758
36.5752
38.0719
38.3468
33.1569
39.1742
35.1859
39.4266
38.4172
34.3739
39.6957
42.1035
38.5374
40.0687
40.1659
40.6333
35.3697
37.573
36.6983
38.6019
35.7651
40.3528
44.0695
32.7116
37.7008
42.8767
36.2006
36.0041
38.303
33.9983
39.9502
40.0594
38.6193
36.827
40.0309
39.2861
36.1304
42.2543
37.2894
42.3733
36.6208
44.674
37.2102
31.9802
41.2454
43.0452
37.0893
46.505
39.4639
36.7582
36.1783
37.8255
46.8203
34.6984
34.9922
40.8048
34.5062
44.4905
40.5764
50.6857
36.6114
44.8334
38.4236
41.27
39.1291
36.7825
36.3311
40.3284
33.5716
35.5327
34.4192
43.6197
40.6152
40.7228
36.969
45.091
44.2559
46.8457
37.3683
33.6135
37.7621
33.7162
38.8763
40.5711
34.6391
46.5176
37.424
41.4876
36.9273
37.8487
33.459
40.4526
34.9857
34.7561
35.9984
39.3204
43.6959
36.707
42.1845
38.6272
41.009
42.0116
44.0043
49.8593
43.237
34.6451
41.2403
41.901
33.3306
39.7857
34.9724
38.066
37.0089
36.5125
41.4282
42.2438
38.7719
47.7047
47.4796
37.3351
38.6537
46.5864
44.2659
42.1436
29.7378
37.4137
38.9769
36.8853
34.8645
32.7549
42.0221
35.3618
35.261
49.7011
39.8409
37.6991
37.0655
41.0671
34.5781
37.4928
49.9063
41.6055
33.8431
36.6174
34.8279
39.4565
32.0186
40.371
33.3432
42.5921
43.008
35.5857
37.6425
49.9216
35.3117
49.6837
41.8728
39.0976
39.1494
40.1528
38.4632
38.7364
40.991
40.1514
32.9559
41.8624
39.3955
32.7853
42.7012
45.5686
33.954
39.3149
42.2121
37.3159
38.5874
37.247
35.236
37.5073
30.7164
51.5405
36.7599
34.9907
36.393
38.2483
38.108
45.1706
36.4297
31.6919
37.8668
38.6489
37.5396
45.2319
36.053
37.8644
37.4287
31.3047
41.4832
37.1023
50.0217
40.6955
37.3312
39.6257
46.9146
41.7414
38.6478
39.8264
39.843
40.4266
41.7594
45.6541
39.9785
40.5315
42.6427
38.0322
40.2676
43.089
36.8516
39.0598
39.0184
48.2352
38.1188
29.3792
37.0916
36.2596
33.764
35.4179
38.1956
35.5797
34.0535
41.0746
31.4537
32.088
32.9617
42.3012
47.0963
39.572
32.123
43.4492
47.4741
41.2713
37.7262
42.5537
43.2816
48.7197
36.9798
41.6793
32.6096
47.8046
35.3682
40.5075
45.2917
39.4178
35.4025
39.2289
39.9378
43.1273
50.2698
35.4418
39.7848
37.7524
36.0838
42.1637
37.1401
38.8849
37.2444
44.7573
36.4632
35.1087
34.2391
36.455
38.4278
36.45
40.343
36.5543
57.2709
56.7668
33.712
43.2291
38.898
50.3533
38.3975
42.0688
40.5142
40.9116
38.0801
43.3147
37.7679
40.6903
34.7336
37.6968
42.2309
46.467
37.3722
41.6052
35.1236
42.0614
42.2022
37.8614
39.3841
44.1911
38.9274
33.5196
36.795
36.9407
41.3845
38.3312
32.8698
30.0955
40.8448
38.4589
40.9923
41.2756
43.8872
40.8244
39.7988
47.8506
38.9077
34.7711
39.1491
34.2363
38.7365
38.7783
38.8881
40.1608
34.5665
35.6422
41.5153
41.7119
38.6813
40.8341
33.249
42.6117
38.8773
40.0274
44.5064
38.187
37.5376
38.8341
35.2496
43.7754
40.8089
38.493
36.4858
41.9636
46.9338
37.1947
40.4821
40.9542
35.4177
35.4856
40.327
45.4752
39.6841
37.6086
42.2386
38.6977
38.4901
44.6485
33.7897
39.0037
39.2673
38.7317
43.3674
47.5732
44.1217
43.5203
37.9284
38.6545
44.5681
33.3361
36.1637
43.6512
37.0769
35.4309
30.9947
34.5781
37.2138
34.1956
37.6761
40.4447
32.8634
48.1114
38.5902
37.0315
40.8278
39.3533
47.213
41.6478
36.5116
42.9122
43.1373
43.8733
40.1387
41.2486
40.4628
34.4386
41.4508
36.4954
33.7051
39.479
34.8454
39.1832
37.7204
43.6441
43.6654
34.9094
36.1142
37.0968
32.5062
36.1974
50.6964
33.8814
35.0268
34.7596
34.3828
38.1471
42.6499
41.6998
36.8745
38.8644
39.5717
43.597
32.9641
37.0788
36.185
40.8843
37.148
47.9005
44.4293
46.1095
36.2697
43.768
43.2269
33.0037
35.0192
43.9789
33.1753
40.5363
49.3675
37.5072
44.6103
36.1971
35.9114
36.2662
43.3675
42.2481
38.5233
36.7909
38.7134
35.9558
47.0248
40.2419
36.7262
48.0152
46.5886
45.0558
37.2193
37.3372
44.3032
37.0159
44.8625
38.4809
44.7959
36.8541
40.195
39.1596
43.6744
36.6385
38.2334
34.4169
42.4023
39.1856
34.3356
30.3366
36.0658
33.0409
35.3519
35.1811
41.9187
34.4305
37.6175
44.5873
41.2599
37.3477
46.1009
50.7493
32.976
36.5388
39.7056
36.2807
45.166
36.3255
38.4208
39.9943
34.5406
39.6048
32.8853
38.3578
37.4168
38.9399
43.2443
38.6229
31.3246
39.5109
46.6379
45.2781
35.959
40.2586
46.2538
40.2539
34.6352
37.6875
35.3623
41.4222
39.3786
38.2513
34.601
36.0643
35.9136
45.0357
39.8685
45.1
37.1825
35.5395
35.6452
38.5058
40.0882
41.3445
39.8005
34.833
40.1872
38.9971
40.8971
42.3123
35.1559
42.4069
35.8661
35.9525
36.9558
39.4063
37.5524
39.4743
39.4559
39.635
38.9615
34.5335
41.1319
45.5891
35.7429
39.2812
42.2828
39.2772
37.338
39.1695
47.7893
40.8594
35.8
40.8882
36.2521
39.598
36.195
41.0322
31.4682
37.8589
33.564
44.4711
46.8561
31.3978
32.9989
39.6363
41.2039
34.8823
39.4192
39.1008
32.5553
48.5951
44.4552
35.2102
32.4826
32.1527
40.3194
37.7448
37.2876
43.3041
37.4571
40.4917
34.3768
31.1077
37.8705
45.8073
50.6756
39.7624
36.8462
38.6046
37.5544
36.824
38.9527
39.748
41.3279
39.8231
33.5778
46.0338
35.8521
33.8062
44.6784
36.9404
44.2604
35.2645
47.454
38.1539
45.6974
39.1192
45.5518
38.9871
34.0012
35.1944
38.5856
40.8359
33.4379
41.9613
36.2939
36.3149
39.3628
52.0887
48.6697
39.0602
42.7148
36.0771
38.1419
33.8483
41.0328
40.3609
39.2968
41.9406
37.6241
36.9457
46.4887
41.0252
40.7642
37.7897
44.7283
35.6541
39.7282
36.6859
41.0474
42.4664
38.9568
46.8144
38.342
39.8853
37.155
41.9933
37.8766
37.868
32.9317
39.6699
43.8563
37.6084
29.5198
37.2852
35.3164
35.961
41.5388
41.0319
35.5154
33.4297
41.1159
37.8956
42.6813
39.8839
34.715
37.1937
42.291
37.8841
39.0542
44.9557
39.1818
43.07
40.7179
38.3977
36.0972
40.9439
36.1563
40.4636
40.1676
40.3017
33.1996
33.8696
40.075
42.415
35.9605
38.9386
31.8186
41.4233
40.3993
41.6377
43.6919
40.2929
34.9715
41.3597
36.7812
34.6037
35.4664
36.4813
44.4416
38.2274
41.837
38.2258
36.6095
33.8374
40.8617
36.2587
43.9055
38.6836
34.0189
40.6387
49.5073
36.9864
39.6051
37.3335
33.7241
44.6159
41.92
37.5025
37.7624
41.2523
42.3502
37.9882
43.3755
40.0224
41.8833
41.6651
38.36
35.7902
52.1327
35.6258
32.4613
37.0028
39.0697
37.3318
32.432
39.052
35.7315
42.8027
37.6017
45.1127
41.1402
39.5588
37.9495
35.8874
48.818
39.3206
45.4198
38.4438
38.5977
35.308
40.3026
39.8455
37.4457
41.1305
38.98
44.6493
42.8475
46.916
39.4873
39.3438
42.3334
40.9548
48.3889
36.3109
43.1634
38.1135
45.9543
32.7328
33.3792
38.3549
37.8151
35.1257
34.0771
39.9783
35.7662
41.2216
41.115
33.5643
38.8304
34.4678
35.8911
43.4293
43.919
49.9172
46.2758
33.9128
31.8304
42.2354
41.5751
43.7762
48.302
39.4915
33.7357
37.3525
39.0593
33.8777
39.744
44.5495
43.9927
38.2135
39.342
35.0278
36.5992
34.6116
37.049
33.5445
45.72
38.2693
39.2176
42.6002
44.3929
41.5393
33.8035
37.8926
35.979
34.2549
42.5616
39.8632
38.3289
41.9514
38.3418
34.8774
40.7713
32.5489
36.6508
37.6732
38.6228
32.0011
41.8062
37.6387
38.0542
30.3582
39.6026
44.6259
45.6835
39.9668
34.3163
40.6439
36.2623
41.0809
38.8745
32.9998
41.1975
39.4266
41.8312
48.1278
35.7247
52.7332
39.1352
33.9045
38.0448
36.4456
41.5312
48.982
32.7667
39.0077
43.5454
35.9002
39.7531
42.4463
39.2017
40.5924
38.4075
30.5299
38.7691
35.5577
36.0216
36.6468
38.774
35.0953
34.8957
36.0141
40.5283
37.2239
46.478
40.7926
50.5138
37.6576
29.8773
34.9818
40.7104
34.8728
44.8359
43.882
43.8799
38.243
38.8588
35.6465
41.0798
35.2502
35.013
38.5245
42.6834
37.9192
58.2175
51.6526
35.1263
47.6366
51.5813
37.8161
47.7223
33.2248
38.0399
40.4761
47.9186
32.3315
43.9217
42.9903
38.7864
39.6371
37.9797
37.9176
40.6733
35.9823
36.4753
32.2112
35.9301
39.2497
41.4937
35.8137
34.4803
45.3132
38.4584
39.7915
37.8304
37.8777
38.6306
37.6811
35.9393
38.901
54.6684
44.4884
43.1502
37.137
35.9089
35.6395
42.0348
43.876
41.6234
35.1689
40.8655
40.7296
40.7446
36.0251
31.6978
33.0329
49.6677
40.4677
59.615
39.7432
35.5724
35.0489
42.3404
46.4515
41.3403
50.1963
36.5146
28.0178
37.2873
44.7818
44.5557
42.9969
34.6047
42.4709
41.0859
43.114
37.9169
41.5353
35.2715
38.492
39.0322
40.6395
36.9451
36.0287
39.3333
35.9888
35.3824
36.5456
44.8501
38.5779
44.2627
36.7718
36.8217
43.3637
39.8162
35.0405
41.071
45.5016
50.4043
42.0833
40.1514
39.5336
44.2995
32.1521
37.464
42.3635
44.9506
35.6573
36.7389
34.5159
49.0958
41.5456
36.3069
36.5096
42.1289
37.1666
46.5686
33.0645
37.1249
38.5317
43.425
37.0469
44.1589
50.6255
39.0266
36.8279
50.6594
34.8759
46.7584
35.3045
34.3871
41.3912
43.2449
41.716
31.8714
44.3955
33.8376
49.0495
38.9064
33.4794
42.3111
44.0365
44.4532
43.8839
42.1258
43.2755
35.9987
35.5925
36.8035
38.2813
39.4404
32.2636
40.8359
45.7887
35.0802
43.4962
35.8647
38.8187
42.3251
36.0937
42.5567
38.7329
31.9279
31.8809
38.4424
40.467
38.2094
53.454
34.8116
45.7902
37.2535
40.384
40.7665
40.7614
33.4905
40.4789
32.014
46.4451
46.9003
40.2248
38.4045
36.2012
44.8722
35.0989
36.7695
40.6168
37.32
36.354
34.9694
39.6999
34.4094
42.0827
38.9212
39.0649
37.0616
38.4026
39.6951
47.6553
35.7695
39.3585
42.1571
40.2592
42.4942
34.7674
45.9734
35.411
40.255
38.6494
38.0667
38.5617
38.1246
39.3904
42.4454
36.5118
39.8673
53.146
37.9598
42.6728
40.4403
39.9078
42.3628
33.492
50.8876
39.4176
37.6978
43.2044
40.0562
36.3019
46.38
37.5777
44.0127
35.6003
37.6158
38.1118
43.2493
43.141
43.1118
40.6751
58.5617
40.8008
34.1945
36.897
35.999
46.7818
37.4732
33.9733
47.0066
36.3665
45.4609
40.2946
59.7671
35.4283
52.8281
37.4393
39.0444
39.2361
35.4536
46.4504
39.9647
42.7482
38.9744
41.2674
42.8229
42.0213
38.186
44.9692
35.8948
43.2156
35.9333
38.6503
40.6949
37.0903
34.6234
40.8505
42.276
34.186
40.6324
43.5118
43.1472
38.1188
36.4372
46.8964
40.9107
42.1186
38.6061
54.5224
36.617
40.5045
42.5954
40.3564
44.3595
39.4784
42.0492
46.6961
37.13
36.9653
36.8204
32.497
60.2121
46.4667
34.4908
34.2259
31.3617
42.9372
39.2867
41.5142
39.4258
49.6344
42.5637
41.7669
48.6467
34.9688
33.5149
40.0861
49.3705
37.5583
44.9788
37.6743
37.7247
34.0379
39.1199
39.5608
46.2965
39.2723
35.9152
34.7505
40.7953
40.0343
35.6307
36.517
36.6792
37.4596
37.4841
35.0178
38.32
40.0658
31.5126
43.3932
36.9882
36.1215
41.702
45.7681
35.7518
31.9748
39.5656
41.5062
39.0837
34.3851
33.826
33.53
33.4194
35.765
34.4393
37.1106
35.8356
36.2562
39.0211
32.8465
35.2616
40.5519
34.4524
39.0062
41.7663
35.9274
47.6099
40.2623
42.8691
43.183
41.6193
40.8748
41.035
49.2122
35.0533
40.6223
36.9619
35.7274
40.0233
37.8853
40.3266
40.6732
38.1187
36.3294
37.6225
36.9297
34.0956
35.0958
46.5438
47.1108
37.0263
36.4366
39.1146
43.82
43.6382
41.7552
48.844
32.902
43.6747
42.3147
33.3834
38.0493
36.1791
38.1538
38.6936
37.0868
32.5635
41.848
44.0687
35.743
40.3667
34.8009
39.497
33.4717
33.1847
33.3275
39.8451
38.419
37.3348
41.8509
38.1553
37.2725
47.1074
36.5204
41.9492
41.5287
39.819
42.0726
35.7389
45.0208
40.7439
42.1185
37.0078
38.5074
32.5755
34.9551
36.1168
34.5052
32.8389
38.0086
40.6505
38.55
31.8163
39.9337
40.074
49.8133
44.3624
43.4662
31.0751
42.568
33.5519
43.209
38.2668
51.3511
35.8348
36.2099
36.4892
42.9706
37.2542
38.8885
39.9574
34.9623
37.0529
36.4341
38.2365
53.8274
41.0606
42.2299
38.1325
39.0089
35.7915
46.8418
32.1762
43.0035
28.7491
32.3907
39.0335
42.0638
38.5238
41.056
48.0112
37.661
40.4378
37.4051
35.6166
40.827
37.4359
43.8392
32.9974
41.1275
35.7975
39.4874
36.318
37.5356
38.3833
37.4719
39.8002
34.5859
37.7765
35.3396
42.7926
39.8056
36.7544
39.025
38.6947
35.563
38.1827
39.6365
34.4777
33.871
45.2868
36.2961
38.9414
42.0253
47.769
36.0623
40.3575
33.7384
43.4652
36.6045
33.5344
42.2006
51.3142
35.218
36.4508
37.5899
36.9762
40.2074
43.4969
32.8695
41.6185
38.9223
32.6531
36.9972
37.7529
42.4196
39.348
38.5138
39.5739
37.1626
36.8628
35.0854
38.7541
37.0931
35.5032
40.0067
41.4964
40.6901
48.1897
40.2171
38.1191
45.9696
42.5138
45.9928
43.7949
40.0639