42.9259
34.5196
35.8498
38.5028
38.0765
38.4387
36.6022
47.3956
34.4911
38.2615
36.6914
44.5476
37.1083
34.3321
55.2678
35.7966
50.4559
39.1451
33.3774
42.196
41.8596
36.7827
44.6012
39.6967
39.6685
44.4233
41.9557
35.1402
36.0565
35.8566
33.9359
45.0318
32.2989
42.5665
37.191
39.7928
44.4308
31.9593
37.2312
41.5773
38.8497
38.5405
39.9999
35.3002
31.6339
36.8229
39.59
37.4608
43.3648
33.4889
37.1741
41.2534
45.9755
44.4924
33.9897
34.774
44.0556
47.059
41.2989
42.2909
41.342
37.7319
40.4463
38.2385
33.0854
39.0007
40.0736
42.0723
39.2909
37.0968
41.4531
39.2213
36.4009
42.9856
43.4533
40.8083
36.2395
37.1374
43.8916
40.1388
51.5131
32.8926
35.7025
42.9479
38.3997
37.2537
34.2978
38.3012
32.8467
40.1566
32.9275
42.0673
36.8432
38.3838
43.9154
37.5537
41.9944
45.3352
36.5306
33.5446
34.0729
34.4463
39.5137
45.3757
34.9686
40.8769
34.0341
55.6326
38.0107
41.6678
39.827
35.6607
37.0669
34.3431
40.6219
32.6281
43.5613
38.1713
40.9195
34.4319
37.9656
38.6255
44.4793
46.6102
38.7319
38.8737
38.2899
34.0897
36.137
33.7659
42.7513
34.0891
46.4705
39.1415
52.0179
37.6514
39.7324
38.896
42.0366
48.4908
42.1955
33.3708
36.1231
43.1275
33.5538
42.0469
35.3116
37.9664
33.3583
33.3549
41.9877
37.1405
45.3874
34.2583
40.2131
30.7933
37.2055
40.369
35.8942
37.5357
34.5726
35.2958
32.8353
40.8514
48.7029
42.4549
36.8306
45.2683
37.7885
45.1873
37.0298
46.9702
36.4303
43.2181
49.5001
47.9313
39.0124
41.057
36.3087
40.6312
40.6461
46.654
37.6819
47.6719
43.143
34.6939
39.7231
38.3225
36.9524
38.9228
30.6163
48.649
42.7023
43.8905
47.8736
37.8543
37.1317
39.1823
42.5385
33.0467
42.8758
33.7901
35.646
37.08
36.7001
35.0563
38.4429
42.1013
37.3212
36.1173
45.2978
35.8138
34.5189
42.4167
42.9474
34.1814
36.8622
34.5456
32.8348
36.0706
41.8743
34.2892
36.7193
46.0023
43.0726
37.7935
33.761
40.0555
46.3352
34.9164
45.6734
41.7451
36.615
41.8373
41.0663
35.9104
53.9337
39.6345
43.8218
31.5989
40.4001
33.9816
41.8366
37.5277
36.3025
38.581
42.513
41.1624
36.7716
34.762
38.085
45.5418
39.7089
39.7259
37.5091
35.1146
40.5138
35.6938
46.1814
48.8285
38.3438
42.6215
34.0463
33.297
38.2732
38.1154
35.7761
37.8252
42.7219
36.4472
40.6804
40.601
36.4414
36.2181
45.4353
35.1682
37.3615
40.2478
41.1395
44.2584
43.6257
36.6913
39.4286
37.9158
57.4021
36.5507
42.1617
35.3103
37.5489
38.8914
42.2308
38.8762
48.2242
43.3359
41.6785
33.7086
41.243
41.555
38.248
38.3525
39.0697
35.5479
50.8005
41.4395
37.9775
33.2433
33.403
41.178
46.6915
40.3535
43.0643
39.1894
41.0411
38.4544
33.1404
39.4983
31.9191
38.5625
46.4952
38.11
38.133
32.2857
39.5686
33.5661
32.2884
37.5901
43.3636
47.0528
42.356
40.355
41.997
35.9715
38.3931
39.0893
53.2283
37.9945
37.6969
37.6042
57.4986
37.0986
41.2503
39.1897
38.7559
41.0509
38.0155
40.6426
44.7794
45.0377
48.32
36.556
50.8651
35.1664
36.1948
46.6003
36.4171
37.6452
37.7705
35.0417
42.4109
38.4753
36.1537
38.7356
38.2557
38.5324
37.2072
41.5543
36.3029
39.8179
36.8307
38.784
36.02
38.8289
44.693
44.4976
30.7617
35.327
38.1407
49.0931
38.2018
43.8742
33.7745
40.5592
38.3673
53.7489
42.385
37.1466
47.4187
41.965
38.1386
47.2022
37.5944
30.8799
47.3772
38.6604
32.2562
41.5668
43.5767
37.3538
38.2186
37.8914
30.6039
35.7497
34.5496
31.9144
43.0151
39.0931
37.8024
42.2871
40.1475
36.083
42.393
37.3817
37.391
45.3716
38.8331
38.247
41.4253
45.0098
32.7033
33.7477
38.2688
33.2737
39.8127
43.6929
40.3415
40.9616
42.1694
38.7454
39.9531
36.3566
41.8645
36.6736
40.7607
36.8695
42.5578
36.5757
37.5619
36.9176
40.8468
36.3501
39.5835
42.8037
34.9954
34.4278
38.7698
35.6156
42.3635
38.4409
40.4587
36.0413
43.2659
52.3448
40.1045
37.5723
34.9741
34.2763
34.0068
35.5052
41.0294
42.9172
42.2684
45.5115
34.8238
40.263
36.9008
36.6751
36.3519
50.5573
43.5065
38.015
39.6492
30.5504
32.4452
37.2583
38.2653
39.7671
41.5698
37.9927
44.439
36.675
47.6202
28.4557
36.7635
33.9471
46.6529
41.8767
47.6184
44.0163
39.5609
49.3491
38.1521
37.3854
42.3409
37.1608
38.637
34.8677
39.2865
30.8748
30.8107
41.6891
38.2713
34.5426
39.9276
34.515
40.3483
33.9628
38.5627
36.5775
36.3415
38.4066
36.0995
37.4898
36.8455
42.148
40.5574
39.6808
46.1695
35.3448
43.8389
39.4974
41.8664
36.4496
39.0889
39.366
43.2554
33.3521
34.6995
42.3531
35.2595
46.137
36.5549
36.9493
35.1545
31.8178
47.4658
37.448
35.275
35.7332
30.1187
35.548
41.2933
37.9353
32.4425
39.6234
32.2682
38.0522
50.4152
36.4378
37.6148
34.3717
43.7377
46.6006
50.1625
43.908
37.5324
35.3748
33.6333
37.3035
46.8433
42.2743
41.3356
42.2639
37.199
43.5779
34.0382
40.5043
40.7477
44.6451
43.4648
37.2429
37.0637
40.5471
36.708
39.1588
40.6373
38.8844
36.2031
32.3746
39.7012
38.6511
34.4369
30.8747
39.4774
39.5221
35.4273
42.858
44.544
38.3484
44.5496
38.4301
37.0077
34.3151
41.8503
40.2598
41.3408
39.1412
36.6461
43.7263
36.4375
35.4526
35.0602
39.3442
37.8358
39.6026
39.5038
41.4998
42.0297
35.6309
42.3274
33.1396
36.5037
56.9265
41.8536
41.968
43.3591
38.6986
40.9029
34.4516
39.0516
35.6058
36.4452
37.0847
50.6661
38.5352
36.2687
35.1361
40.655
36.6222
44.3004
42.451
45.9824
40.8567
35.896
33.2669
37.9189
39.5057
45.1247
36.0712
44.5974
38.6574
40.1666
44.1934
45.4596
35.9055
47.7652
41.0349
42.7883
38.9671
50.4195
33.5972
39.3364
41.5902
36.3247
39.312
39.8249
36.8866
44.5932
34.2534
34.2677
44.655
42.6377
37.2969
35.4094
37.9072
42.0494
47.6532
38.5589
38.4668
39.154
40.6188
31.9232
42.9011
39.7903
34.4871
36.2276
43.1906
34.0911
44.8808
41.7149
33.0215
41.9672
46.1761
36.397
34.1873
43.2271
40.2592
42.4942
37.578
33.3587
34.5723
37.1958
41.1788
35.8729
30.8257
37.8259
37.9813
50.2448
35.8777
37.0502
40.5696
41.04
47.0331
39.277
38.9459
40.7846
40.79
41.7028
42.1375
38.3096
36.8451
42.1606
34.296
44.2272
40.2945
40.706
35.7989
36.0265
40.2273
36.9295
35.9734
42.1216
52.9986
40.7406
37.823
49.1737
51.061
39.9312
34.1746
33.0666
39.3966
34.2972
30.9327
37.9475
36.8912
45.8501
39.0902
41.7225
33.6641
37.8638
43.4665
36.0754
39.9811
36.5911
36.5722
39.4388
36.7873
31.9218
37.382
40.6662
36.007
36.1514
37.8364
40.2208
45.7327
43.8183
37.57
38.6293
36.0043
44.5094
33.9696
41.5334
36.9397
44.9554
36.9944
43.8855
34.0667
42.1165
34.6387
40.0551
47.2219
43.0346
33.979
36.755
35.3388
38.4352
41.4589
44.4
34.1713
35.4804
34.5798
43.9304
36.8921
36.9643
41.6029
37.7545
37.8654
35.7849
37.0183
46.2825
50.0257
36.2507
39.1704
35.1963
36.7426
41.0633
42.0737
37.828
35.5561
42.4975
43.0093
36.4884
36.3464
33.8736
36.446
40.603
36.4187
33.0941
33.6086
45.8171
36.5123
35.7047
42.4823
36.142
35.8042
42.2158
34.6465
37.6407
39.7016
36.1717
39.288
44.3981
47.5573
38.6624
37.9513
39.8002
35.387
35.5573
33.277
35.0268
33.313
34.6118
37.2033
36.0549
38.6437
37.4916
35.9239
45.4685
39.9106
38.7134
36.4047
35.616
51.1787
33.1163
36.1782
37.6697
52.2544
43.9288
41.2626
35.86
35.6841
41.2315
35.7254
35.2355
38.4231
33.9043
45.1569
36.0418
35.2086
43.321
32.9824
37.0918
31.7138
46.737
44.8937
35.5727
43.2442
37.4028
35.3619
34.8066
36.7824
33.8841
41.9288
38.6833
36.946
40.7638
44.2206
43.7135
40.6006
35.7287
38.753
34.8458
40.0856
45.807
46.3849
39.6594
48.6047
32.5057
38.8569
33.6025
46.9412
32.7807
31.679
39.6648
48.8428
39.1253
40.2305
38.0745
35.3917
39.0644
41.3157
37.7974
50.5783
38.8232
33.6184
37.2231
50.3362
43.4568
35.5461
37.8114
35.1381
40.5963
32.3684
43.0086
38.3761
39.5078
40.7049
44.8436
42.3951
46.8235
39.1391
41.1778
39.155
41.2396
36.6047
35.4736
43.468
39.6174
50.5568
37.9458
48.158
34.1958
40.6447
39.95
34.2994
38.1058
30.7094
42.2729
38.9988
39.3385
34.4047
39.9326
43.3868
37.6843
34.0053
41.2482
38.1631
43.6899
36.9817
35.832
37.5139
39.6994
53.5561
39.1622
51.9028
47.1747
37.2988
37.6176
34.9883
36.8595
46.1076
40.2965
44.7263
44.9192
35.8724
37.639
38.6226
37.7608
34.8437
45.1077
36.749
38.9315
36.5217
30.3774
42.1675
39.6992
42.7515
37.1851
37.763
35.7488
37.2195
39.1751
39.9984
39.9107
43.8507
37.6974
33.1558
38.3603
35.4946
42.6451
38.7582
39.3979
38.8133
33.8673
36.2894
44.209
38.9081
37.9563
41.8082
52.0492
37.6345
34.9339
47.444
43.5451
33.661
46.9103
43.1356
36.6388
45.086
51.299
44.9788
31.7361
38.0567
45.1135
40.4196
34.4251
38.1941
33.8445
40.3803
38.4798
41.6993
36.2208
44.0166
40.4731
39.4176
43.7925
33.5055
37.998
52.0514
34.3222
46.1634
42.8251
38.3117
41.7714
36.7705
42.5869
32.6471
34.8528
31.7386
41.4293
42.926
34.6455
41.2991
36.6795
35.8342
42.9049
50.0456
43.2905
37.414
43.9031
36.8957
37.6737
33.6007
36.7986
39.7328
41.3775
38.4405
31.6394
41.965
35.715
40.09
42.8719
45.7385
38.3544
34.0034
44.4072
41.3159
44.0299
33.2298
37.0513
36.7131
31.9418
31.1467
36.8543
37.3942
44.5999
40.0309
49.771
37.3835
34.7348
37.8685
33.9621
42.2606
37.049
43.4694
42.3905
42.2275
57.5644
40.6383
40.1039
33.4158
37.7238
38.927
33.474
41.8945
35.6319
40.7243
42.6259
36.1087
38.8493
38.6357
35.6242
57.0191
34.5418
40.6728
32.4649
38.9242
33.4385
34.9286
43.0704
40.0001
35.5194
42.4379
42.3052
47.8719
40.1926
39.0638
37.0565
42.4571
39.7151
36.248
37.9424
42.3787
44.4862
37.0696
46.387
39.7905
41.2723
41.1082
40.6281
38.9411
44.1298
39.2094
49.22
36.4677
40.3109
40.2168
39.7741
39.8832
42.4242
40.7572
34.8256
49.7663
40.3528
35.1548
32.4733
39.8327
40.4856
35.8737
37.2077
38.3651
43.0271
34.1424
42.8642
40.9273
40.3216
32.7345
36.5846
43.606
33.0949
39.9811
38.4231
42.4379
35.743
33.4532
36.1397
39.5353
36.7684
35.7035
37.6402
42.5413
36.053
36.7068
41.5039
31.335
32.4964
42.861
37.0839
43.2493
39.4466
36.2678
36.7469
42.1864
48.3995
38.2265
34.5222
34.2362
45.3433
42.2749
34.7853
39.5581
33.7005
36.6578
61.1364
42.2418
39.1976
29.2296
44.4567
35.4909
39.436
48.33
49.2208
36.4169
34.166
39.4714
40.3309
31.6609
34.6604
44.0301
35.2725
38.3841
37.5807
41.8754
39.5555
36.6691
39.0747
37.6118
36.7752
35.1566
40.4317
34.1147
36.5155
37.8479
38.9688
42.395
37.2051
36.2497
38.3789
45.831
37.5756
40.5685
42.2382
45.4027
37.9894
43.9573
46.6061
43.8306
39.3516
40.5838
36.479
36.6901
35.4478
36.1927
36.0628
36.1971
38.3101
42.0728
38.2153
38.6802
40.5854
37.2284
41.1102
35.2887
36.744
36.5268
34.1679
52.0388
37.8511
35.4045
38.8102
43.2551
37.6327
35.4364
33.1056
46.6408
57.45
46.142
48.2716
41.004
35.1079
37.0699
37.4709
38.8871
40.427
46.3542
40.7383
35.6811
41.4183
39.5003
37.344
38.081
43.0782
42.6456
42.0157
32.4891
38.6724
35.6575
36.2442
38.8104
33.3396
39.099
35.5912
34.4649
38.8228
35.2389
45.8494
35.5233
34.819
33.4958
42.2363
31.7864
37.3267
38.9477
35.3241
52.8858
33.0687
37.7702
44.9416
36.0744
47.4438
35.9935
41.5579
37.8044
39.3278
36.4048
50.5291
33.4081
35.3212
33.389
36.1251
39.5821
33.9168
33.5817
39.1383
38.1678
40.8535
41.2809
40.7105
42.6202
37.8457
33.2383
37.3534
38.6515
34.6519
38.7843
40.4648
36.6174
39.9703
46.6759
40.1657
34.3096
48.3366
38.2954
38.9476
44.4507
43.2953
36.7864
34.5535
32.3784
40.1224
36.8653
39.9876
39.1646
38.9126
40.2074
36.2023
35.1814
41.3682
35.7646
38.1712
44.9846
33.4807
39.4316
32.0183
45.0819
38.9127
41.2603
39.9101
40.5503
39.1634
35.8159
41.5543
44.8091
37.9383
40.7148
43.7922
44.4148
34.6467
39.7537
36.8975
41.2283
41.3756
38.4619
35.8647
42.2213
38.5113
38.7988
38.063
47.2277
37.4602
43.8817
43.3427
34.4475
34.7912
36.6261
40.6622
36.1732
41.032
32.3601
32.886
41.9649
37.2573
33.2569
35.3847
38.5352
40.749
43.8062
44.4559
44.4161
40.9262
34.8479
46.7889
38.5601
39.3665
35.7945
33.2078
36.8678
43.2186
41.8556
36.5225
40.3344
35.453
36.4163
37.6015
39.6479
40.7046
42.2162
35.5456
34.7179
36.7003
37.6667
34.388
42.3539
34.9823
47.1433
35.4435
40.6679
38.7176
49.5181
41.8914
44.9244
30.8621
36.7854
48.2441
38.6566
38.2209
31.5478
37.2131
40.6237
39.9519
42.8727
35.245
36.3104
35.9656
47.2845
44.4969
44.2501
39.2756
41.0777
35.3455
40.2505
41.4743
32.3626
41.7436
44.4557
46.1554
40.6778
42.1904
44.689
35.5178
42.0136
34.3031
42.983
45.2567
48.886
43.3663
43.7515
37.3366
37.4162
42.2022
44.3259
38.6259
40.6447
34.5627
38.4441
38.7748
51.072
36.3492
37.6053
39.389
36.9529
32.8471
38.066
40.9649
41.2603
44.3758
35.2961
37.105
35.7618
31.7587
38.7183
43.4298
38.9745
38.219
36.83
34.3152
31.1135
30.6465
35.1002
35.8113
42.1618
44.255
41.3784
52.3477
37.1738
37.5677
36.2034
37.2164
42.9623
40.0044
41.8237
41.3052
37.057
41.1705
38.233
42.7202
31.6951
44.334
51.0671
35.7926
37.8602
41.397
50.2129
34.3632
31.9908
32.3191
41.2389
37.2846
32.8342
38.2499
37.9579
41.6395
37.0628
36.9603
39.6395
38.157
34.38
35.3066
33.6022
33.344
34.8272
38.3428
54.1927
37.2589
34.8963
42.5025
40.9322
42.3553
31.5487
38.2183
34.9379
44.2122
36.01
33.6849
33.9061
42.3636
37.6175
40.0305
38.4214
40.132
40.8354
41.7883
38.2511
37.924
43.343
53.0531
40.1688
32.4654
36.3839
45.0026
38.7309
32.9352
41.1868
42.4115
45.229
38.626
39.6301
36.7317
38.8362
36.7542
34.0872
34.5175
40.9051
39.3892
37.8452
54.9847
36.6509
37.3672
37.9337
34.8296
36.2344
42.9096
41.4514
40.3765
40.1163
41.4407
39.7331
33.6856
42.6748
46.4574
46.1258
36.7602
35.5252
40.9309
43.4378
36.6258
38.2832
41.0972
34.879
37.7043
32.9368
43.1998
38.1039
34.0921
39.3927
47.664
34.9843
40.4019
37.293
36.9791
33.2659
42.9961
31.749
39.1885
43.8517
35.3241
38.5839
39.0517
46.0174
38.178
38.8731
44.1432
50.8523
30.752
36.5771
36.5028
41.0094
33.6568
37.4128
41.2255
38.5747
41.2588
44.3028
36.1294
34.3597
42.374
53.2433
38.9789
40.4248
37.4998
41.4179
39.894
44.3211
43.5656
39.9609
40.8514
45.2971
34.998
34.1428
43.0037
40.4927
42.9079
38.7784
55.8984
41.2433
36.3894
41.9873
43.8601
41.0593
37.0027
41.5449
42.0437
45.608
44.7687
37.576
39.8221
39.4212
38.4847
35.0654
42.2607
37.1138
41.792
49.1195
32.9469
37.5702
32.7563
37.9452
33.9259
30.1309
37.1775
37.8308
34.0191
37.3175
40.1344
40.3336
39.8056
35.905
37.5873
35.4232
42.436
33.6078
40.1243
35.5515
31.2051
40.0055
37.0031
52.8197
34.2896
30.7858
40.1227
32.328
41.8821
43.7957
39.5833
36.8797
35.17
34.208
26.1541
36.0379
35.6083
35.372
40.7964
41.3825
37.3691
38.442
41.0228
39.5535
40.1371
38.8172
49.6927
45.3177
40.2658
36.7718
42.1466
36.2909
42.7568
52.8633
42.0063
39.0758
38.3591
35.4476
39.4103
36.4647
37.5383
33.7073
48.5259
37.9286
32.2372
42.7234
35.3246
39.6565
34.0798
40.2007
44.419
43.7371
34.1696
34.1104
38.7021
43.8871
40.7547
43.8798
38.0369
37.5393
47.0099
37.0981
37.7152
36.6026
40.1536
36.5394
37.4605
41.7229
34.5515
45.3583
48.7176
34.0152
41.9469
39.4263
33.9729
36.7746
39.8313
38.0918
34.89
41.6372
44.1554
41.9357
35.2493
41.0638
42.9539
43.4508
35.3401
40.5936
42.9297
38.123
44.6883
38.2183
41.315
35.0007
33.8835
41.3499
45.4459
36.111
43.1767
33.8827
37.1178
42.242
33.6672
31.8674
36.6919
45.4074
44.9497
42.5373
38.1931
40.6785
44.0196
38.1515
42.6063
32.8196
36.7165
46.7555
44.2005
44.2344
36.5859
36.7876
44.9183
40.016
39.2633
32.446
41.991
38.7112
42.8163
40.2663
36.644
38.1685
39.5713
40.4652
46.3448
40.3113
41.4708
40.2094
30.9591
42.8785
48.6726
47.2743
49.0473
33.0803
36.0016
38.4247
45.8727
37.5041
32.6383
39.6792
36.8144
35.2047
32.7962
47.1423
44.8136
39.4181
33.8993
34.0203
34.4461
40.0201
35.4608
32.217
45.0533
38.4406
57.981
38.9782
35.2842
35.3544
35.0177
32.3809
33.8362
36.9356
39.5037
43.1124
45.9212
34.5057
42.5407
41.4142
43.4791
34.9698
41.4174
32.8904
37.8146
35.9125
35.8924
35.388
42.6628
33.409
34.8073
36.6339
50.1883
45.769
32.7401
32.6343
41.2949
48.6648
40.4745
34.0667
35.9943
36.9653
42.3774
40.0383
38.1559
36.6304
40.1534
36.9367
36.2067
46.0645
46.8091
40.6447
34.7371
39.9568
36.5697
36.8444
39.7877
35.8617
35.5476
33.9794
31.9575
38.4304
40.1131
42.4907
33.3648
38.2259
42.4078
48.9385
39.6213
40.5887
37.5165
32.9333
38.8043
40.4394
60.0051
44.4979
33.2625
39.8535
38.4623
58.2553
36.1165
40.555
40.2923
37.6679
39.4583
43.5054
32.2083
41.9917
43.6839
48.3852
38.3185
42.6005
39.2117
52.3185
51.0207
41.7418
36.5429
38.4196
36.4641
41.909
42.5714
46.2586
40.1001
40.453
46.4402
47.7005
33.8774
35.0081
39.2835
44.4081
51.0359
41.2575
33.8006
44.2348
36.4281
34.3548
32.9163
36.4032
37.5527
37.0267
35.6105
43.4183
34.288
35.9382
34.9534
39.4566
45.5813
44.4422
43.3564
35.7904
37.6869
45.0808
44.393
44.0058
38.8861
37.1368
43.8502
33.6369
41.2425
40.1286
29.8877
34.1975
38.6915
38.0746
34.4473
35.8045
38.8053
36.7239
39.3084
29.8093
37.6714
43.1735
47.0495
30.7396
59.44
57.942
35.4504
40.1515
38.0983
54.2
42.6818
42.1427
43.3797
44.7837
39.1324
41.7806
34.6723
35.5936
39.17
37.2016
47.8884
42.8003
37.9783
42.0601
35.5427
42.3914
44.8915
37.9033
32.304
46.1537
33.3117
41.3421
38.4986
33.5637
49.1471
42.877
43.4643
34.0378
35.5147
41.8931
46.4057
45.5632
32.5697
43.8743
39.8927
43.9291
40.7993
37.8445
41.3992
41.3008
43.4699
46.9579
35.6029
33.4924
33.2863
36.4283
35.0515
37.062
40.8092
38.9666
47.7376
50.4248
41.5461
40.8346
35.1991
40.308
33.7245
40.3762
32.4299
37.4205
45.3396
39.1588
38.336
36.324
37.8508
37.5085
36.938
35.6502
39.2947
45.1742
37.7255
39.5916
50.0874
42.0182
39.953
38.611
38.3905
36.9093
39.3394
50.5795
37.3252
43.0531
48.6313
34.1583
37.531
46.4134
34.2523
34.0361
35.5676
51.8433
41.0061
36.1425
55.6734
35.0445
34.7208
38.271
32.5563
48.8203
44.7829
31.4087
42.8699
39.3225
53.7516
33.3232
35.5803
44.1359
39.8437
38.8558
47.0985
56.3379
37.25
36.7387
33.4297
40.8246
40.0275
41.2105
40.3625
35.9543
41.1973
37.2976
33.9189
36.6897
37.5579
33.7549
41.3048
45.2548
41.0693
37.1054
39.0683
39.3843
38.0768
35.6221
39.8431
32.3281
39.2312
41.4815
38.4966
37.4435
35.2801
33.9681
34.2134
45.7919
51.6559
43.9797
39.4169
45.3622
47.8712
36.418
34.5273
42.2889
34.5941
43.4916
44.7466
34.3545
40.3313
40.7896
40.2361
38.2965
34.3229
42.3518
44.5581
42.957
36.2097
32.7891
40.4568
37.1548
46.5291
33.6437
38.899
40.6182
45.3435
37.5101
40.0079
34.6449
55.2733
35.928
36.9678
38.0851
42.9472
48.1352
41.3881
38.7582
41.3997
34.464
42.7027
39.3455
38.8006
42.7887
40.63
50.8569
40.9211
38.6466
54.6959
41.3349
41.4716
46.4189
35.0535
41.5346
44.0032
39.616
44.3576
33.7692
36.8598
36.0862
40.6945
45.6613
38.4112
39.6113
42.102
30.3514
40.2707
38.8057
35.6628
36.6846
37.9586
45.0345
34.5645
38.6481
43.0463
37.6585
37.6288
39.1317
38.4845
37.8708
42.1643
42.2062
43.8461
37.9899
35.9259
39.7983
38.1623
44.9386
43.1694
51.0456
40.6442
42.3503
48.8193
42.8807
42.0535
36.766
34.7887
41.1086
45.3708
34.8879
37.7161
43.8293
33.9232
47.1456
42.2957
43.0499
38.1014
40.5834
34.6065
36.0274
40.9213
41.275
35.1792
38.4109
38.2299
35.403
39.6621
40.6095
39.9243
37.6931
43.0367
34.7156
34.8486
45.5468
53.1163
34.1875
39.1666
38.9346
34.9178
36.5701
34.2124
35.6575
30.2968
40.7077
41.2881
39.1273
41.3091
41.2652
46.3759
39.5422
37.6602
33.9914
47.2967
35.4271
38.2716
49.7281
45.7838
33.1857
34.0752
45.3332
48.6233
35.3873
46.2565
44.7752
46.5068
35.4717
48.4886
32.8932
46.0293
42.0087
40.8045
36.137
36.6108
37.066
36.5741
36.1855
33.6422
40.4481
43.7084
47.5174
33.9788
38.4897
41.064
44.2839
37.6654
33.9888
42.1404
33.6858
50.5506
31.4826
41.6082
42.8881
34.2145
45.2483
38.8404
33.3467
46.223
36.1703
35.0524
47.0181
32.8437
40.2572
40.7991
36.2357
39.8019
40.6314
38.7095
38.5442
44.5448
40.9968
34.6278
43.3607
52.4477
41.7465
38.6387
38.7613
32.2562
50.9189
42.4182
39.1301
38.1274
34.5842
38.911
41.428
37.6735
31.2389
38.7363
46.3829
49.6275
35.3849
41.1733
34.0816
51.273
33.9269
40.2476
38.3017
41.2917
32.8882
39.8257
38.9026
41.3841
42.1541
34.5129
38.042
42.0093
43.7506
37.7436
38.9518
41.7909
36.7301
37.1571
37.4707
42.1073
39.289
37.8077
38.0982
42.3969
40.6496
37.3101
45.8138
48.2392
36.8518
49.1853
35.6809
42.0757
34.7375
32.7259
33.2696
37.8428
36.0834
37.4011
38.8726
47.895
35.9698
42.8258
39.5638
41.0884
37.743
41.5681
36.6326
41.959
44.2932
40.2456
44.7762
37.5495
39.5176
43.8334
40.5678
45.7652
39.7017
43.806
31.5713
45.4682
40.7256
35.844
30.6873
38.9235
35.2554
33.6901
42.8006
38.0922
42.2862
46.6014
36.0854
39.9887
34.2375
43.2118
51.3162
47.4331
37.7917
32.3763
34.4217
39.8789
38.4858
38.8364
46.5723
36.4013
45.2656
43.8931
41.4874
36.1291
40.8734
40.4214
40.5319
33.9283
39.1969
43.4372
35.8259
37.3842
43.6468
34.9189
48.5592
41.0828
41.1405
36.309
42.4694
45.7918
36.7612
37.1433
37.6848
34.476
35.4826
34.8864
41.0855
38.9343
41.5797
39.1471
39.4806
39.2886
38.9899
37.3769
43.2739
39.1802
39.2793
40.4722
46.7446
37.1517
43.5032
43.2652
39.1714
34.7582
38.5477
40.6867
48.8266
33.9021
42.279
36.7024
40.0822
35.896
43.034
34.0589
37.2999
32.771
36.3256
41.5192
40.4405
38.9711
37.7352
38.3611
47.3555
36.2733
32.711
39.1639
42.9771
37.4608
43.0639
32.0536
36.7073
37.2077
42.5587
35.3943
42.8092
43.7509
43.7279
40.0721
37.4272
35.6851
49.3285
37.6602
42.2273
37.8447
40.1156
37.1297
36.6043
55.0958
42.5399
35.353
42.2235
43.1879
51.1779
39.8612
35.0516
37.9109
40.0761
46.5127
41.4563
38.9373
50.2933
39.3451
38.2827
37.0873
34.9164
34.1405
37.8738
34.7904
37.4465
37.1793
39.467
37.995
38.4304
45.3971
31.3707
37.3347
55.0529
38.0013
40.9368
44.6024
43.0735
35.3893
34.6756
40.7481
41.7932
34.9974
37.5178
42.9823
31.9804
42.6735
37.8037
43.0109
42.297
32.6207
36.5516
42.3805
33.3252
40.3795
53.5948
35.6293
43.0659
39.612
46.4534
42.7574
48.7287
29.7157
37.716
37.5179
36.6474
31.4559
42.075
49.3862
36.6519
35.0846
35.2509
38.3782
33.8777
36.3102
38.8726
40.8102
34.0623
46.4054
39.4805
39.2479
46.6537
44.0274
42.8051
37.5838
36.7213
42.7303
35.2619
34.9606
39.9524
43.9633
39.4763
35.759
35.581
35.2973
36.4631
30.9415
36.6802
42.3454
43.5685
37.2495
40.0222
43.9482
38.1363
42.2274
43.9089
43.9248
39.0737
44.1172
34.4891
35.281
43.5579
45.4989
39.809
45.3516
28.6917
37.7999
41.6273
34.7653
35.5321
41.1551
37.2321
39.6959
34.5772
35.8664
40.9279
37.0946
43.7701
47.5804
34.5639
46.5381
34.1251
39.966
52.8901
39.8392
36.2963
42.9705
29.2129
51.1671
35.7615
30.6112
39.1441
40.9179
38.2971
43.8003
38.3496
42.6759
33.2021
33.711
41.1036
43.3428
32.3225
36.5893
45.3346
35.7426
43.5328
38.464
36.0244
35.258
38.9302
37.2384
39.2646
35.4001
35.7077
42.7951
41.2018
43.6392
39.4552
48.6612
37.7669
36.9535
37.8135
43.1386
45.8503
46.9689
45.2869
35.7578
34.6804
37.341
36.1176
48.0094
45.9588
36.1507
44.5721
40.7333
43.6971
45.9507
35.6889
36.4938
34.664
33.9338
34.9366
45.086
40.0351
45.4963
37.7557
44.8162
38.764
38.8161
41.8094
32.7915
42.5095
30.5564
45.1871
33.5807
39.9157
39.4711
35.5587
36.1677
42.34
43.8196
45.6889
40.3173
33.4893
38.962
38.8185
44.5583
35.6891
39.8656
38.1422
39.7059
37.3057
40.6271
40.4794
40.5223
40.0622
36.6763
41.2209
41.9366
34.6023
38.8236
37.2095
37.4357
44.5117
31.8816
37.8263
37.0734
37.4345
45.2656
49.4523
35.9444
38.0351
47.5241
36.2222
41.1901
44.9012
40.1656
49.9272
35.96
37.953
34.0155
40.3083
30.3155
39.025
36.2819
36.9963
51.7485
35.5877
38.3191
43.9315
38.8636
35.8524
39.1116
53.3803
43.5571
33.8834
36.954
39.3286
48.7721
40.3261
36.4239
39.9479
37.5787
40.1336
35.5766
35.2836
36.8598
33.8241
39.3163
40.2696
41.1062
39.26
32.9742
35.8005
37.8154
37.9455
44.7305
33.6126
43.7017
36.0451
38.7595
45.5439
40.9116
42.1221
33.9302
34.4499
40.9169
41.4815
31.8416
42.491
45.2319
45.5098
42.9373
49.0046
54.9499
55.8419
46.4193
39.3133
37.6464
41.9883
30.9589
37.9007
42.0161
49.0082
35.3543
36.9407
35.9353
35.6057
48.1045
53.0996
43.4639
35.5792
41.7873
38.2308
44.3323
33.3353
38.5836
36.3458
36.2206
32.4482
35.7212
37.1542
42.7672
41.1202
45.8336
41.0224
39.6652
37.1147
42.1082
32.1929
35.7831
48.6607
33.8474
48.7886
37.5581
42.7524
34.5247
44.8139
41.0423
39.5504
38.0996
37.011
40.5241
39.442
38.4985
39.5127
39.8857
36.3126
41.6881
33.84
48.3808
36.3167
45.34
49.4636
39.1542
45.3264
33.8964
47.8044
40.9247
33.9783
37.3155
43.7539
37.3744
39.763
38.2575
47.998
34.949
42.0205
44.2481
44.7692
34.9732
48.1804
39.3284
32.4876
40.4028
39.133
30.7169
39.2709
43.28
44.4215
39.1881
32.3669
37.6123
38.2342
38.8044
42.5188
37.0573
41.8028
43.1489
37.3438
38.041
38.5879
44.3553
33.5443
33.8146
34.1779
44.4217
41.5126
38.9865
41.4125
36.4508
38.0297
34.0965
42.5884
33.447
33.7712
34.6306
40.4475
40.7267
29.5253
38.9351
31.1892
39.2266
36.4805
41.8223
34.8342
35.1692
38.7882
37.2138
39.69
37.8081
40.4033
40.578
40.7152
36.6901
44.8148
36.0855
32.9887
43.3037
39.23
33.1896
45.5407
34.5797
42.4426
37.7314
43.458
35.1337
39.7896
40.3916
46.7044
43.7018
35.6633
39.0256
39.9925
41.5302
36.4344
33.4031
37.5084
37.9718
38.1262
41.5492
34.9027
34.3006
42.7762
41.2232
42.8888
40.2767
36.2845
36.6594
36.17
39.2364
32.9629
33.8042
32.3739
44.4925
45.907
43.9798
42.366
39.0455
45.6448
34.8709
39.3118
41.8906
44.4546
40.2423
42.2721
36.5166
32.5289
40.204
44.5022
38.6965
45.3087
39.2731
34.4331
41.2996
36.8645
44.2303
43.2074
39.03
38.5601
42.8534
34.4255
32.5697
39.4218
34.3116
41.9893
40.4296
46.018
36.1173
38.7611
38.572
32.717
32.7298
41.7491
43.0292
35.1558
33.2342
41.5355
41.1299
41.0026
34.4254
46.2909
39.0193
40.6054
32.4097
40.3784
40.6091
39.7866
38.2859
41.0597
35.7804
34.6125
36.3929
43.1574
35.034
39.7081
42.6481
53.153
38.9383
36.0848
49.9174
35.3474
38.1633
42.2476
40.6219
38.6797
32.3124
33.4576
42.7742
39.2207
37.9959
38.4578
35.7456
39.3052
31.2345
35.94
41.5027
39.1934
39.3323
38.8523
33.8121
33.7627
46.3784
45.6253
41.3553
47.3386
35.0575
48.8028
38.4486
38.1507
41.575
37.9341
31.6421
31.0782
40.0218
44.5508
32.7019
38.8422
35.8774
56.5429
39.3979
37.4872
36.8292
43.1926
38.535
44.8386
39.6445
37.0181
47.8268
40.8729
35.2958
46.0506
42.0198
43.8164
40.6139
38.7885
37.8358
40.6798
43.6777
40.1068
36.5936
35.8436
34.387
35.4482
34.5865
33.7129
35.6029
39.3786
34.319
36.2446
34.4433
39.0478
36.091
34.9154
41.3537
39.7875
39.8683
46.9709
38.3723
39.4979
44.1882
40.8375
38.8948
35.9163
32.4496
38.9379
32.5388
35.4733
44.0669
36.6269
38.5473
52.8211
46.9824
38.7797
43.4748
48.4925
37.3398
36.2006
40.7517
37.3085
39.7138
38.9932
47.4263
41.9933
44.7995
40.1611
41.3611
43.957
36.5667
43.8325
38.1951
49.9425
47.705
34.411
42.9462
36.887
31.4842
39.2237
39.5926
32.7655
36.0892
30.9339
35.2523
45.2199
43.804
41.2858
40.0697
35.9621
39.822
39.4727
35.4904
40.6058
41.0432
39.8177
36.6591
40.5378
48.2026
38.7267
34.8379
35.4261
40.2615
40.3106
41.3649
40.5506
39.9352
45.3089
40.2663
39.3822
36.801
42.4519
45.8928
47.365
37.4665
36.6735
38.229
42.3927
41.5737
41.9144
43.7569
38.3745
45.4773
39.554
45.3296
39.5837
36.5324
40.7898
38.6259
42.3072
36.1333
40.4537
37.1025
40.0396
36.9289
32.7504
43.6433
39.1949
39.3871
38.9033
32.5778
34.0441
43.3686
31.9982
38.5601
35.3182
47.3554
39.4285
38.9366
30.3085
36.6154
41.6503
37.2552
42.8273
38.5655
34.2392
34.7357
41.1438
39.8929
39.4517
36.0493
35.7315
38.7937
40.9259
35.1682
37.3209
33.2851
52.6933
30.3611
58.8563
38.303
48.4346
39.5677
35.2952
46.932
43.8563
40.8301
47.487
38.6707
37.2843
42.8636
37.485
46.3674
47.4572
36.0263
39.3972
39.1102
47.1969
36.5367
44.4635
44.4701
38.5191
45.6401
36.1047
35.7715
34.3733
39.7033
40.9803
39.622
42.131
29.7351
37.8219
38.1478
51.0527
34.9185
39.4263
44.6348
37.9608
49.4239
28.3071
39.6881
44.5848
42.5059
40.3663
39.505
42.4113
36.0529
34.6754
40.5364
35.3938
36.6225
35.8072
42.1923
42.1965
39.2902
39.7417
33.8156
34.3232
44.6224
42.3337
45.9446
43.7083
42.7594
40.2433
42.6889
38.6698
35.1402
36.7975
43.8854
37.9268
41.7682
35.3111
34.2232
41.1527
41.1578
42.0682
43.7274
40.986
42.7268
37.6356
34.4754
42.5694
44.1774
38.4497
40.9626
51.4853
36.0182
42.3114
47.6814
47.5109
42.7565
45.2207
38.6805
38.0468
38.2396
33.1044
32.1631
39.4902
45.6653
42.181
37.4429
36.3247
42.9745
37.4845
41.4096
36.0413
38.1429
37.0136
42.3053
40.8235
33.274
37.3033
36.9627
57.3671
46.138
40.4894
49.3901
35.4478
33.4008
30.8862
39.532
38.9947
33.3219
41.1911
44.342
38.646
38.4147
38.7529
39.9649
46.3046
42.407
41.7429
32.7635
41.3502
47.4892
33.7612
37.9771
36.7294
38.6721
43.4316
44.9705
45.5826
48.5149
36.857
45.5735
30.3689
38.9232
46.6701
42.4593
35.6169
36.8361
41.2224
42.6166
35.0094
34.2124
42.8508
31.9845
36.7757
42.5286
37.9274
37.2355
33.8517
35.3881
37.3655
41.7534
43.4202
42.8891
34.3433
33.0937
36.1238
44.8197
40.6756
47.076
36.8331
38.511
39.6499
33.4143
40.0034
36.5069
35.7474
36.0465
40.7778
41.2362
38.9514
37.8242
45.7866
31.5698
43.6098
35.422
32.9894
33.2299
40.7837
33.2708
36.3573
43.0287
36.0251
41.4551
45.6243
41.174
51.5414
34.3344
33.7538
34.4655
41.9531
39.8981
44.4145
45.5104
35.9152
44.2536
33.3446
33.0272
40.1244
40.1961
40.5507
52.6002
43.997
50.6502
40.9227
36.8399
40.5609
37.1624
37.6533
42.0597
40.8579
41.7411
33.6603
40.7026
39.7842
36.0318
33.9303
34.6913
40.3959
38.7589
38.222
37.1465
37.7402
52.9654
44.0264
33.8752
37.0327
37.0052
35.24
41.3731
40.1928
45.4729
41.1291
37.3777
36.2732
37.7685
36.9432
36.9099
40.4279
34.7608
43.5738
29.8355
41.1789
39.1455
44.9717
42.5043
44.4946
50.1341
37.8643
39.2728
48.1752
44.8969
37.3918
34.3314
47.4525
51.7681
45.1966
38.8892
41.0833
41.8161
42.0901
41.0555
40.7021
39.5033
43.5872
35.6441
36.6711
35.3387
36.4829
40.6103
37.3406
37.1549
36.6507
42.9614
39.9946
39.8881
41.8237
35.7019
37.0138
41.8706
41.0293
35.7569
36.3069
51.8782
48.7228
43.5107
34.7611
40.4601
46.2777
47.7944
37.6622
43.5055
34.416
36.8941
42.1204
40.8501
35.4289
39.819
34.6977
36.0464
39.7198
49.4882
35.5933
38.2138
40.3159
38.6017
37.8368
40.5413
44.6226
36.2491
44.498
37.4603
41.306
40.6972
41.5521
39.8482
35.1833
45.1151
36.5193
37.7646
40.0546
40.1089
39.5421
38.9613
36.6698
39.4663
38.3748
35.7055
34.5982
35.3462
36.6834
37.2161
51.1996
38.899
45.4265
34.0855
41.1627
42.0011
34.3431
38.6393
35.3941
44.8457
39.8062
36.4606
50.274
43.0765
39.8373
37.9663
51.788
35.8671
39.0636
43.6526
39.2025
35.383
37.1143
36.1023
40.42
35.2267
33.4455
45.6612
38.15
42.8034
44.8927
43.5404
38.1584
42.2304
37.587
45.1901
42.0625
38.242
37.5522
35.8311
40.3828
42.9999
29.4185
37.2767
31.6102
33.1496
39.6802
34.6262
49.9831
38.2622
38.2659
41.1724
43.4852
40.1902
47.0476
38.1794
35.5862
31.5996
34.5233
34.5562
38.9061
41.1658
43.4836
31.2107
39.2684
37.2434
40.1773
40.9872
45.2148
35.9255
44.2215
38.2488
36.9424
33.2609
39.0536
34.9462
37.8733
39.7078
41.3139
39.0055
36.7779
39.3732
36.4415
44.2779
42.1057
34.6962
38.831
38.7625
47.6802
33.5712
45.1235
39.1271
38.7216
34.1572
39.9764
36.2811
38.0171
48.0425
39.7231
41.2937
47.2663
44.3594
40.2068
39.5325
50.9039
42.3386
39.4782
44.4073
40.5472
33.3945
34.7448
47.0663
48.4474
38.8997
40.9191
40.0619
39.5252
38.815
36.1385
32.5385
48.5809
39.099
41.7299
34.1845
37.7844
39.8411
35.6905
34.0667
43.3825
39.3899
45.8787
39.4132
39.4778
34.5791
45.7922
37.0559
33.9811
34.8244
39.6264
35.6752
41.0905
39.2614
37.663
37.5265
37.0501
33.9351
35.4479
38.4765
40.6029
37.3972
41.1037
44.3749
39.1723
36.1628
37.274
35.7245
36.4771
42.5039
39.0325
36.4008
37.2152
33.9561
38.2694
41.4403
33.8672
44.8073
34.3629
44.1904
49.1033
34.9166
38.1996
35.5571
40.6575
31.9095
38.5923
53.0968
36.5343
39.0035
39.5029
30.991
44.1346
34.2997
35.7789
41.4792
34.1293
41.5681
46.3191
46.2695
40.4454
34.6589
33.5693
39.3934
49.6253
37.8516
36.326
43.9812
54.8751
45.1109
39.6978
51.5773
40.5173
35.0278
38.9093
33.4581
36.7497
36.9311
33.1009
32.9744
33.4051
42.5788
34.1965
36.0459
37.7123
36.8473
38.5129
43.7792
46.9857
50.6224
45.9786
39.5567
37.9685
42.411
36.2098
39.3301
43.7126
42.6654
40.8982
39.4471
34.7293
39.6931
38.9611
42.7905
41.2431
35.7043
40.3899
36.5394
44.0711
36.2635
38.508
47.9148
34.3056
43.6278
33.8934
46.7167
35.5255
44.7855
33.9375
44.8483
39.1716
44.8971
36.053
37.7236
41.9254
40.6394
37.7414
33.8559
41.3939
36.0691
50.3037
37.2341
41.2725
33.2782
38.7371
47.0357
36.4271
43.6828
38.8766
28.523
36.9351
40.2955
40.5233
42.8828
38.2421
39.2517
37.3441
43.5202
45.7479
42.0066
41.2522
39.4836
32.6753
33.1059
47.1558
39.3507
33.0337
33.051
33.3786
38.6835
47.8013
40.6364
35.7581
41.3716
36.962
48.6262
35.0269
42.496
39.2054
36.9086
36.8822
41.0601
35.6576
45.3475
41.1269
45.1955
35.4393
37.7439
44.9241
40.0146
40.4277
42.4538
35.0508
38.6904
40.0553
45.3334
38.0978
39.2588
40.854
38.8505
46.3621
34.9285
38.4378
39.0811
35.1935
45.8773
37.5299
35.1097
43.822
48.397
33.193
34.8053
36.417
37.2152
38.0806
38.3282
43.2723
45.6825
44.0278
37.3399
37.9986
38.7854
37.6035
38.0334
37.3865
36.9708
35.1485
42.0215
36.6494
48.6837
40.2954
37.7076
41.646
36.3181
48.2911
41.1182
34.4413
33.427
35.8063
39.0472
33.744
41.7872
36.2954
50.9179
37.262
33.9782
35.6377
36.7972
37.1443
42.5093
52.0979
45.1362
40.4641
38.6848
32.6885
34.1638
37.4422
33.7997
38.7006
42.7323
41.2343
39.169
37.4666
42.2057
32.4515
36.9804
39.3944
37.6578
43.5186
44.8197
43.6322
57.2504
40.345
36.606
41.4098
38.7217
41.9277
39.6528
43.5431
37.8699
39.9067
40.2446
44.5031
36.4898
44.6305
36.8722
36.4037
36.7224
40.3812
37.848
37.1903
41.4947
36.5658
37.0813
47.4004
33.5506
34.4786
34.8567
38.6566
34.2472
39.8691
48.2265
42.8267
38.4999
41.5218
34.9237
44.4275
40.7031
41.5112
30.1433
36.945
35.0336
42.2332
42.2389
36.0612
41.9627
38.9048
36.3878
36.5003
34.9682
37.4735
44.5198
36.5483
38.1942
37.5068
36.3344
40.2939
32.6978
32.1419
34.8178
36.253
41.2366
40.1292
44.2399
34.144
46.5941
43.3629
45.1541
33.2003
37.2356
38.8128
32.9143
41.9327
43.4145
45.8417
37.2093
41.3307
49.1449
34.8025
39.3529
39.4081
41.2291
44.6365
40.8701
46.3935
32.0596
35.8373
39.1043
42.7951
37.5536
37.8638
35.3232
33.2553
41.5485
33.169
49.9575
37.4987
41.3883
39.0634
42.7422
36.2123
35.9528
33.7313
38.3879
40.2376
41.6684
40.1191
34.412
37.9171
35.7011
32.8494
30.5801
37.1182
35.6478
37.0486
37.0863
42.2212
43.1655
38.1764
34.978
38.8832
40.8124
40.7604
33.3448
37.0953
43.4311
37.2952
38.7953
44.1504
32.3046
44.8179
38.719
35.7807
41.2196
35.2952
39.8984
52.8276
38.3346
47.6911
35.8012
35.2097
37.3006
41.8314
42.9169
42.4314
48.6419
38.1118
29.9351
44.5908
34.6632
34.1532
45.4406
59.4012
36.6239
46.4455
48.381
34.157
37.3513
39.3508
41.4807
49.1549
37.3768
34.2715
36.7388
48.3797
40.696
44.0138
40.1813
45.5774
35.943
33.9091
35.084
42.3012
35.3111
41.1343
36.3736
39.4774
39.9495
32.4331
34.339
34.797
46.5665
44.5884
40.2477
38.9668
35.8697
42.0797
35.3285
40.6932
33.7848
40.8992
44.8617
37.4159
39.3837
40.6891
33.7828
33.8675
36.7089
37.3358
40.8003
33.8804
41.2358
41.1072
37.251
44.3411
40.368
37.3555
39.4464
40.5205
32.5153
42.2549
39.3812
42.9307
39.2491
38.5593
39.2732
46.1532
45.7654
36.3566
38.5581
38.9365
39.7012
40.1218
43.9935
40.7406
39.6545
46.2918
32.2753
37.0678
31.3061
42.9524
34.8487
35.1473
37.4365
49.7276
38.5897
35.4943
41.3712
39.9631
36.4537
31.6155
32.1488
32.9974
40.7755
47.0274
37.9712
31.6536
32.3966
47.1901
41.275
43.138
39.6862
44.3479
44.7638
39.1133
39.3147
37.9628
37.6621
40.7204
35.9098
35.1289
35.1555
34.5061
40.6595
39.206
45.6672
35.415
38.841
47.5136
36.3357
37.9152
46.464
39.6573
34.9266
43.9667
39.8548
45.4185
40.7556
38.0414
36.0418
37.8043
40.5789
38.6952
44.3282
46.6888
36.5078
43.8253
36.0367
40.2772
38.8426
33.7628
39.9071
42.4859
36.0992
40.131
41.9489
51.9865
34.9637
42.7154
38.0123
46.7923
40.8415
43.8107
37.1461
43.6737
39.6869
42.8145
39.0443
42.8421
38.6585
52.4178
36.7453
29.2874
38.1133
38.1012
37.5023
32.653
42.9178
40.8318
37.5761
34.6427
39.4376
35.7754
34.6787
38.6702
40.011
44.1365
41.539
47.5929
38.8574
37.3251
37.8552
39.949
40.7095
35.7204
39.2326
48.1047
32.5795
36.5725
37.6254
36.9219
39.5721
41.3205
37.1443
36.2355
46.3649
36.5134
36.919
42.1591
35.7185
45.7797
36.0284
51.564
34.4063
35.4768
37.7214
32.816
39.3559
45.4056
53.9643
40.7419
43.0958
37.9224
50.9946
40.4384
30.3194
40.4937
35.0688
44.639
36.8847
42.4654
43.0837
43.8601
45.3978
41.0277
40.312
37.814
41.9783
55.263
41.8633
36.9001
37.1698
44.3741
40.5485
40.4023
41.6103
31.2639
36.4522
42.2456
38.3031
33.8953
31.1753
45.4701
38.3165
40.7635
44.0267
36.6778
38.5976
40.4342
45.0001
33.7032
44.101
40.1832
42.6646
38.0087
38.4632
37.7222
42.2002
57.0409
40.2808
35.2934
57.0715
35.4509
36.9213
43.5871
37.5016
36.3657
33.6205
41.7374
32.6926
37.0323
36.9797
36.4701
36.819
43.9701
38.2008
46.7961
37.6421
37.5616
48.1501
40.4477
34.213
37.3836
39.9621
37.5421
42.3343
34.5303
39.2948
37.4512
41.4977
38.9929
43.8153
36.5206
40.5474
44.1251
50.2312
36.567
44.2503
35.6794
36.4343
39.2585
47.135
40.3278
32.5467
40.6956
44.7376
38.0175
35.8461
33.8201
38.1438
34.9974
31.1694
38.3099
37.438
42.6779
38.6598
40.1927
47.9353
36.7252
35.8913
38.3859
36.4407
49.7198
40.3076
50.0029
41.7296
45.3136
38.6949
43.6046
35.6498
37.5169
39.6714
45.4228
42.6928
40.8424
34.136
45.563
47.4735
35.8676
35.9848
37.4645
34.1734
39.7055
40.825
42.0416
36.7507
33.7308
39.3789
39.3432
55.6099
39.4429
43.0194
50.2868
42.0969
46.1456
37.6809
45.5706
36.7253
39.86
48.6448
44.6701
39.4841
49.7749
32.461
46.6626
37.5212
41.6468
44.9439
43.9336
37.1527
41.1467
42.1846
46.0372
43.8278
41.8656
42.1495
35.4796
43.4746
40.6435
38.5219
40.6986
36.9486
39.7489
33.388
40.3266
40.2728
33.8847
38.2881
39.0815
36.2348
37.9811
37.4383
44.6456
43.5887
40.0158
48.818
36.6892
37.7534
34.9733
30.6647
42.7229
33.4912
40.8347
33.8634
43.2835
37.208
39.0197
36.6759
33.9786
38.5646
37.959
43.0746
49.8563
38.1714
44.914
31.5309
42.3533
40.8338
41.0797
39.0814
37.2758
40.4197
36.3383
36.9952
41.9482
46.6271
38.5161
38.8479
46.6397
31.4527
47.1185
37.976
38.3827
34.799
41.7069
37.1417
42.7317
54.0782
43.2498
41.0614
45.3656
43.3549
36.6334
37.8671
42.6084
48.4344
38.462
40.9025
34.5951
40.5315
40.2277
46.4772
38.9372
42.5971
33.3348
37.2099
40.8176
50.4652
37.1341
34.0107
38.5634
39.092
35.8277
45.0736
38.4738
35.9805
36.9716
39.1994
36.6365
33.5085
29.9317
32.7959
42.0924
32.3812
35.7185
36.3821
39.1764
38.1498
50.2162
39.9523
47.2118
34.6471
33.3525
33.4019
38.5974
43.2447
38.4403
43.1931
44.4318
45.1219
43.4401
30.4328
43.9566
36.938
37.9187
37.0475
31.0607
43.2387
37.7188
40.7582
44.5085
41.2316
47.434
44.3244
45.3913
49.2068
40.1283
36.8136
38.7427
46.3563
39.1566
36.4274
40.499
41.404
38.9616
43.829
40.0462
38.3587
36.7662
39.8535
47.47
36.9828
36.7559
32.6058
38.5546
38.4263
36.995
47.7773
35.889
34.9231
48.6082
34.2831
45.4642
42.5207
40.9719
37.7006
37.124
48.7324
32.1516
46.4982
31.4636
47.0054
40.1088
41.3684
52.4213
47.2139
45.37
42.5016
35.6714
37.6433
46.1332
33.3864
36.7298
41.4201
34.8823
38.9812
42.2527
36.5732
55.351
35.0569
50.6119
33.1935
43.7767
44.0814
45.065
39.6497
31.6926
36.4476
34.957
34.4922
46.329
40.1084
35.9438
38.6462
37.7758
38.8225
35.3904
47.6701
34.3639
41.1577
36.7138
37.8107
44.3568
42.8799
37.5599
41.2437
43.928
34.9216
33.166
34.3599
42.264
34.4788
38.9736
46.5774
50.9092
33.4226
46.1149
46.5495
38.7568
36.7819
33.7484
38.0145
37.3862
40.3583
32.7642
39.2757
43.7087
35.693
46.0474
32.5731
35.771
41.2888
42.859
34.0764
41.9934
38.1407
46.5702
35.7805
44.6307
38.8889
37.8051
32.4159
40.2681
38.2242
34.6482
40.4852
40.2001
51.1514
35.94
52.398
41.9152
43.7904
35.2038
33.9089
36.3013
35.356
38.3235
40.8708
38.3597
36.8571
42.1567
33.746
42.7172
50.1812
43.9082
35.4187
40.0428
39.7263
37.0219
38.7535
38.7537
36.1747
40.1257
39.3718
36.2396
32.0135
36.2876
31.3571
33.7013
39.0976
40.5601
46.1069
39.8875
36.6653
31.7688
53.9603
36.4539
45.0882
41.2484
36.5716
33.9299
40.2295
46.9598
32.2881
49.9567
34.3878
34.0838
39.5962
42.6854
32.0206
38.3165
35.1525
40.4363
42.429
43.9362
40.5865
36.6633
35.6447
35.2952
44.0973
32.0625
40.6706
33.98
54.4103
44.2642
38.5347
35.1715
45.1651
37.8163
37.5238
43.5812
35.271
38.6603
37.0693
41.7294
46.811
48.254
32.9558
39.1981
51.0371
44.8381
40.0809
38.861
42.8701
38.1514
48.3465
36.5295
36.6031
38.9169
34.8936
39.6229
34.4005
34.3173
40.3211
46.5447
40.7289
43.4188
34.7236
34.9904
42.9457
37.4022
36.1343
33.9015
40.0322
40.3
45.2383
35.8802
41.9615
38.3739
37.0061
33.6052
38.237
48.7218
40.8036
41.1026
36.2319
38.7501
38.3872
44.453
47.8736
37.6519
36.8564
41.0035
38.051
38.8476
38.7774
37.3086
34.1465
40.0471
37.7147
42.4596
37.1848
37.0286
38.8909
37.8792
45.8105
45.1305
43.6425
36.4887
38.1626
39.598
38.8608
49.3506
40.782
40.6994
36.7181
32.6659
33.209
36.8634
34.3285
47.7336
37.9792
37.1087
39.7859
32.8925
39.5426
42.1285
34.9476
38.3667
56.6134
35.3113
52.2718
34.4372
38.7902
42.9138
33.2824
47.0783
44.3508
34.0324
41.3906
35.4012
54.7385
43.242
35.5445
34.012
38.3095
38.3268
45.3849
34.9595
41.3551
40.2788
36.205
40.1255
32.8895
42.2276
37.214
40.143
42.7251
35.6899
39.0176
35.0174
34.8488
48.2221
46.7729
32.8341
35.5541
41.4628
36.6068
39.458
37.8412
36.3839
41.5886
33.3397
43.9886
41.1234
40.1115
44.4774
40.8926
44.0478
42.7843
40.2424
47.0619
41.5463
37.1551
46.7785
39.9588
33.2563
36.9669
37.47
38.4229
37.1908
37.0893
37.0338
36.9288
49.8023
41.2283
41.8617
46.5132
37.753
48.1594
38.3519
44.5038
34.5567
47.8996
41.0243
39.4533
39.7682
38.0705
38.6602
33.813
31.8945
36.3151
39.2869
38.4238
35.5979
39.0593
47.1471
39.7677
32.9111
39.765
46.5579
34.9723
39.7088
40.234
32.4637
42.4821
39.1478
45.4599
40.0618
70.3086
36.8651
48.2195
44.0904
44.3503
39.2497
38.1246
36.3741
44.2466
45.3894
38.5007
55.4701
40.595
33.3547
38.2367
42.3451
38.0784
32.8101
33.3213
42.6741
40.3295
42.5267
46.3474
40.4329
39.7193
36.1183
33.8053
39.2031
32.049
34.9887
33.5985
37.0658
38.917
41.6878
41.514
34.7518
38.0274
35.5082
46.604
46.6664
45.6445
35.8215
38.4405
42.7138
41.5737
49.1166
40.74
38.1666
40.1253
43.2833
34.326
44.8419
31.853
39.2724
33.3641
41.6092
38.1372
51.4429
35.8218
36.2156
45.2602
40.3789
35.5153
34.9203
36.029
41.6715
51.9982
32.8113
47.6929
42.7846
47.7685
30.3303
40.6814
35.7392
36.1549
40.2762
41.2569
44.8301
37.0138
39.6687
39.147
37.1332
34.5539
36.4615
35.8889
46.0965
39.7049
34.327
51.3144
34.4491
33.9111
36.1049
36.504
38.9329
38.9849
44.5612
41.2447
44.2828
41.2368
40.5132
36.6915
30.9563
37.8865
52.2256
35.2525
36.4935
39.6868
40.0462
38.2479
43.772
36.8425
36.3454
43.1668
35.9672
36.6584
42.4769
35.4169
33.827
38.977
36.6425
33.9084
37.4662
44.2075
49.0316
36.9472
39.2312
41.4822
43.6942
30.2012
40.2583
43.2492
36.1464
41.8958
45.7814
40.5238
36.6645
45.8037
38.5228
40.668
35.759
40.6607
41.9718
42.1867
41.4162
43.0849
34.8954
37.9368
44.9197
39.6345
40.1404
43.0276
38.5264
36.608
43.7104
39.3689
36.0106
36.8939
39.88
48.0315
37.6333
43.0533
44.824
41.7307
39.1283
45.7404
42.1268
36.596
43.5439
37.7178
35.1742
40.8005
36.6569
45.5928
33.1224
31.8866
36.5252
36.3688
35.4404
31.9599
40.3397
39.7968
40.8983
41.8558
46.0438
35.2876
31.9347
42.2492
37.8345
38.9584
38.7745
42.9922
38.73
38.295
41.8098
41.6907
39.9867
34.0261
37.6011
34.1671
42.0918
43.3261
39.1828
36.6133
36.7368
34.178
42.9599
41.0483
54.14
34.6218
37.1394
36.5316
40.0944
41.9947
38.5121
41.8685
39.2952
42.2941
43.1136
35.2448
39.6538
36.7083
41.776
43.7676
34.51
49.1865
32.9752
40.2701
31.8109
37.1998
36.9843
36.5578
37.7882
41.6811
39.2542
35.4221
43.6858
43.2193
36.3413
38.7793
46.9773
42.7299
37.9445
41.9218
35.199
44.8177
43.5148
44.0455
43.319
40.5814
41.9785
41.6762
37.565
36.8435
32.432
41.4339
42.281
33.9186
35.6008
41.431
44.4594
40.9791
37.7032
36.9029
43.0833
32.5445
36.4711
33.5019
38.6607
44.4524
38.4117
47.6164
52.586
39.0037
33.5257
38.9498
42.6525
39.8236
41.406
36.2897
41.0301
40.3301
37.7054
30.8853
31.7471
37.1345
34.6486
38.1586
40.7892
37.1039
35.956
35.1324
36.1085
38.2495
40.7783
34.9649
36.3464
34.3349
45.7946
45.4773
34.0255
41.6201
44.9212
38.9908
35.7699
37.6966
41.6122
40.1332
42.9196
33.3874
36.5088
36.9622
38.5502
51.3037
39.3423
34.8755
37.1424
42.7851
43.1343
36.4404
37.0963
33.7869
45.3413
34.582
47.4735
37.6929
47.6158
34.4572
44.5699
36.7873
40.2989
39.4291
40.3156
44.1991
35.771
41.6176
36.7605
33.9397
41.2604
39.5052
41.8859
44.6671
36.3757
45.9268
39.8891
35.0628
32.2199
42.9689
42.5192
43.885
36.3741
42.9167
43.3997
40.7343
48.5673
37.3345
43.1204
47.8091
39.0503
40.6928
48.5752
35.9738
33.9721
45.7511
33.61
51.4681
40.0681
49.2522
42.4792
44.8688
35.5175
34.6297
40.4588
39.3165
40.8602
38.6128
42.4773
47.9328
42.5858
43.5198
36.6589
42.9515
34.9633
39.1579
35.455
34.1357
34.5556
34.8917
32.3908
30.8253
36.7696
43.8578
42.2867
47.7252
33.9921
36.2131
35.4645
41.5863
37.6723
38.9816
48.3304
31.7256
34.1084
42.3358
35.5706
33.1754
41.6907
42.1866
37.2038
46.5073
39.5375
37.2914
35.0337
36.3231
41.1983
39.3356
32.439
35.4126
34.1537
38.0963
39.3411
33.2825
38.434
38.1164
36.3024
38.1999
38.7884
38.7619
39.3371
38.9763
38.1391
41.4284
36.9208
37.3543
36.1523
35.6839
40.0279
39.6483
44.7796
36.4206
36.443
40.8833
32.6841
41.6444
34.8167
39.1016
32.3845
34.851
41.5431
42.7784
36.7253
44.0821
32.632
46.7142
31.7397
36.158
50.134
38.7579
37.3121
36.972
37.3828
41.4527
33.4951
40.764
38.1412
42.1865
36.3802
35.4038
35.6317
39.2961
42.0092
33.9729
30.8703
37.9193
48.5956
34.0313
35.2744
39.3554
38.9558
39.3487
39.4695
41.6083
32.6293
45.7689
44.2536
33.4839
46.785
41.9307
39.4224
36.3416
36.8481
44.1748
44.6155
39.6043
40.6305
42.0511
39.7222
38.2905
50.6069
42.8911
36.7147
48.5986
45.1267
35.889
35.7111
39.33
38.0345
41.2467
41.0008
40.7442
37.7081
33.3506
34.6416
47.8608
40.117
46.0411
43.7341
33.9282
37.5551
35.2411
44.3202
41.3722
43.8797
39.1893
37.1451
40.1494
32.6373
41.8438
38.7427
42.238
42.6569
39.6439
51.0266
43.3467
33.013
47.1411
35.7555
37.1553
36.9209
40.12
40.0334
42.5128
34.8311
44.3449
35.2124
37.4789
36.2677
43.0573
47.3373
43.8164
42.6403
38.4632
33.2638
32.7124
39.5288
39.0022
34.149
34.8048
44.9158
47.9807
33.3612
34.5311
36.6835
34.1492
37.2341
44.4892
39.8937
46.2861
39.2275
35.4567
41.2862
35.6587
38.3755
40.115
39.4614
37.3975
35.6829
44.2354
37.988
41.2476
30.9809
35.7457
37.7976
40.1708
34.6146
34.2869
41.5042
37.5365
36.7531
39.0433
45.7939
42.6089
45.024
32.7353
38.3202
35.4346
28.4215
38.3464
34.6872
40.9726
42.6819
42.2469
40.5338
37.0608
37.2941
35.8573
31.6019
32.5904
35.6239
35.7581
46.2315
37.2717
39.0302
40.749
38.3745
40.8468
42.5266
36.6909
42.1504
31.8632
44.1225
33.5567
40.2912
36.0496
39.6769
37.8502
45.1763
37.1063
33.3838
42.597
36.6193
35.6244
35.7032
50.1302
38.3355
47.8963
40.9666
35.3194
37.184
40.761
44.5686
42.9098
38.7562
32.8848
43.2318
45.628
40.6066
38.4362
35.2712
36.7046
41.8347
36.5109
40.5488
45.0579
46.1016
34.1437
37.094
36.8487
36.11
40.2228
32.869
30.4119
53.776
43.0915
36.2064
33.8268
37.0039
35.5599
43.7177
36.909
36.8865
46.6678
38.3655
38.6751
43.5809
42.9128
36.6958
38.5421
35.0413
37.2126
37.8576
39.9973
53.4007
42.6344
36.9153
39.0616
44.7523
43.3681
49.1536
40.4607
38.9641
38.9122
49.3453
38.3727
42.3629
33.6608
41.5982
49.1081
33.2345
34.1483
37.906
35.8068
41.4211
40.0075
37.7907
37.1149
37.7702
39.2471
38.0124
44.1294
36.6994
42.7603
42.0259
50.7303
39.9638
37.5702
36.8744
38.6784
39.436
35.4422
43.3338
41.6255
38.4344
36.4622
40.2148
43.0359
37.9227
36.3071
43.4332
43.4117
39.7399
37.1119
32.0432
34.2086
43.2312
49.5978
34.0204
43.2811
33.774
46.1159
43.3946
43.8081
43.4482
45.5092
33.5476
43.3943
41.5859
39.0687
41.9016
40.2
40.0021
32.6678
38.3588
45.4685
43.7366
37.4383
46.6581
42.317
41.535
42.5301
36.7762
43.4855
35.2287
36.3423
45.6724
40.239
38.327
41.6069
39.6352
40.8639
46.9667
36.0646
36.2436
42.1247
42.9032
32.1966
36.422
34.8247
42.8874
41.4455
38.3099
34.5957
37.0157
32.5517
30.7604
38.5424
35.3084
37.5384
35.5015
33.9167
31.003
42.2461
38.9949
42.0037
35.7479
32.483
35.8885
42.5913
35.395
35.4551
45.2944
34.9811
41.9732
40.5669
37.9644
44.2169
36.7491
35.9141
38.7342
35.0636
36.625
36.3871
38.5271
52.0614
39.1565
34.4244
37.855
35.8096
33.7848
38.2827
37.0629
37.9746
50.4393
38.9621
32.1299
46.7219
41.8637
40.503
35.3173
30.705
44.6272
38.4419
45.7815
35.3281
48.6189
37.8751
39.0521
38.244
42.2832
40.5458
35.1937
39.313
34.6377
39.0431
42.3769
55.0305
35.3821
36.3609
37.9286
37.7161
35.083
33.8812
49.1878
39.6632
37.1428
33.5677
33.723
41.3649
36.4253
46.2592
43.7258
35.2026
37.7394
42.1591
35.3298
39.2156
42.193
38.0537
39.79
39.2349
40.4233
40.3672
44.5307
38.4642
43.5267
38.0068
45.0113
35.8843
38.2863
33.4853
36.7171
35.2654
47.2444
32.6683
38.2794
34.8172
39.2092
48.1917
43.3147
42.5597
31.7575
45.8436
43.2515
35.6696
38.7899
39.2274
39.2389
33.0331
43.9535
39.6676
38.1505
34.3018
39.6596
38.9222
35.8605
35.254
36.6502
34.362
41.1549
39.5996
50.7895
47.0566
40.1499
34.9907
41.7966
39.6039
39.3513
45.5248
40.3363
36.5958
39.705
34.1561
39.0642
33.7569
40.2291
39.352
42.5616
44.4983
33.5214
38.9602
44.4432
44.1264
36.5138
35.4657
41.5624
43.4493
45.6037
39.7514
38.0242
36.0521
42.0374
38.3795
43.4927
36.2952
39.825
35.7584
42.5962
43.5254
37.8665
33.7781
37.836
30.5707
38.2621
47.2901
37.5228
43.6424
42.926
37.2071
38.7319
35.9758
45.1442
33.2884
42.0743
37.1113
40.7192
30.5614
41.1919
36.5837
37.9126
41.7185
41.408
46.7437
36.5359
39.0238
45.915
48.1408
40.4871
44.8131
41.585
36.3397
38.3523
53.8354
40.1191
42.0321
39.1772
40.4523
36.6823
46.5674
43.9764
38.654
43.0781
33.8599
44.0458
35.3309
47.3613
38.0032
40.5519
34.5541
41.8647
38.4197
41.9318
36.8314
48.1579
42.5359
46.7381
35.9299
42.9525
39.4032
31.9293
33.4922
37.9693
46.6971
36.0835
37.7273
41.5735
44.8859
48.2314
39.6439
47.7878
32.4997
40.7043
39.2975
44.1241
43.1027
40.4202
42.5484
37.0894
40.9435
38.0231
38.2863
41.0681
34.3368
37.7779
36.4514
37.1118
37.5103
47.6151
37.7425
41.5567
32.9764
36.1597
42.9835
45.5872
41.7012
41.631
36.9349
35.4088
41.656
36.3875
37.5866
42.9307
51.2134
34.3179
44.9097
45.4494
40.0448
47.5814
35.8832
36.5767
35.8925
47.9048
34.3957
38.7871
46.8793
45.2269
35.2144
30.4817
41.0234
37.0877
38.5803
41.704
35.7249
40.9168
40.5641
42.1782
32.8767
39.1987
42.9462
35.7643
48.3204
36.1478
43.2002
40.6605
44.1099
41.2249
35.7229
42.4703
37.1295
33.8138
35.7037
36.7879
33.263
31.5219
31.4822
40.5345
38.2154
35.9867
34.1937
36.15
37.1831
42.8155
38.6431
41.8001
45.2881
39.4282
37.4702
35.2184
44.8121
35.3655
42.6222
41.7194
34.5575
39.8091
37.2798
48.7224
41.582
37.2065
38.3274
40.7
35.6144
38.6839
46.6309
36.9209
34.3811
34.2077
33.8123
34.1537
40.8915
41.596
37.8508
37.2009
35.1358
41.8279
59.578
32.9327
37.9983
41.3679
34.9249
37.5692
34.4089
37.826
34.012
43.7453
39.0983
38.1508
40.6482
47.0849
41.4658
39.9771
40.3236
34.0845
38.8833
41.8825
42.6685
39.7359
45.618
39.5461
40.608
41.5302
40.9677
36.5822
35.9733
40.3649
35.2882
35.6767
34.1157
35.1736
36.4319
41.013
42.0011
42.683
41.1413
34.9066
40.6074
33.5606
32.9047
34.4288
42.9892
33.6384
51.6127
46.8407
40.0441
45.6295
36.9599
37.0543
36.5161
49.8354
37.6834
46.6031
38.3059
35.4248
40.6255
43.4799
45.2722
40.3247
47.4667
47.2298
35.2267
35.8263
36.8
36.5661
43.3929
39.6359
33.6583
40.3473
34.3554
44.2827
37.1873
31.2498
47.6548
44.0561
34.1407
47.1862
35.2175
43.7611
45.9387
40.8179
41.8347
41.0058
48.3304
41.2456
45.8599
34.8034
33.6112
39.3621
37.8752
46.6058
36.8176
42.3582
41.6485
30.3318
40.5108
40.7413
41.9541
38.3675
32.1908
37.2853
38.1466
35.3475
45.734
45.1194
42.4758
35.1602
49.9277
42.0565
40.5714
32.6463
34.2922
33.2139
36.1272
40.8696
35.7924
39.6088
36.5685
37.4424
46.567
33.6745
39.757
38.146
38.8099
40.2946
41.6624
31.3831
42.8911
37.1172
41.2322
34.1639
40.2154
39.719
37.5962
34.5142
38.9115
41.4693
46.0368
41.8051
39.8385
49.1954
43.8981
36.25
44.4381
36.1561
34.3223
44.0911
37.8927
33.6569
44.3523
47.0865
39.4842
47.4165
31.3807
41.0667
42.9117
43.0098
39.2371
43.0194
36.2438
33.6733
36.9318
41.082
41.2084
35.6164
35.5801
51.0154
40.1173
39.222
36.1
33.3763
44.6728
36.3824
35.5663
36.882
37.1545
40.5935
42.3038
42.1904
39.2937
45.8494
39.2666
36.3275
33.0405
33.2317
31.1589
41.8761
46.2749
37.7903
40.4408
37.3153
52.8862
40.0156
46.7489
35.4868
40.9438
39.9657
39.0258
35.7509
48.2304
44.5793
41.599
37.8508
39.2223
41.6
47.4694
38.7581
39.9793
41.1076
37.5932
46.1248
33.0477
34.2893
36.066
42.0992
33.9382
36.9987
35.877
35.0881
41.3584
38.3959
39.2372
43.4389
35.3283
39.2388
34.1781
42.9875
36.2512
39.9856
37.6208
40.9622
36.2811
40.2534
36.8156
36.3396
34.1332
47.8385
47.6628
33.2757
33.0221
33.4418
38.7857
35.9458
39.2542
33.1414
40.6492
39.7714
36.2173
41.7279
34.3036
36.2853
43.0042
53.1516
37.2338
35.0494
44.895
36.2291
40.9416
38.5408
40.4268
48.7561
45.8956
35.8683
41.782
40.872
33.7816
44.1754
34.7174
40.0443
40.9127
38.9372
32.9294
42.3505
33.9968
41.0194
39.2673
41.8973
32.9357
39.3827
48.8317
41.1367
41.4132
43.394
48.8415
33.6913
36.7942
36.5408
51.5258
33.7862
38.956
36.9598
35.2474
48.4342
47.6393
43.42
37.2938
36.7005
46.7747
37.9698
37.5422
41.372
48.7763
33.6795
35.3357
46.1999
59.9344
46.9279
41.0305
37.9807
32.026
43.5551
37.6341
34.9178
52.1484
36.9739
35.7522
36.2845
39.1931
32.8796
34.8527
38.5802
34.2447
45.0256
35.6772
36.0909
41.44
42.9002
42.5861
40.0292
40.3152
43.497
48.2915
32.7091
37.1685
42.9295
48.5225
36.4693
46.4866
44.4124
37.2755
46.0764
42.0958
38.8369
43.2497
39.7851
38.6828
35.5493
44.8224
35.6104
39.9403
48.2328
31.5297
44.7444
32.4897
39.819
47.3877
36.8403
41.7155
38.5972
38.1404
41.0669
50.3823
36.7493
42.6452
44.3105
43.0342
41.3664
45.9447
35.6195
40.4887
37.905
38.8002
39.0503
32.3934
39.4212
39.8351
32.016
39.4775
36.3491
46.0894
35.43
43.9096
40.8793
33.1284
45.0806
39.161
42.6435
39.2512
33.9781
36.8618
38.6646
40.1705
38.1322
44.0714
41.098
34.1821
32.975
45.5365
38.723
34.7521
38.7882
40.4451
38.7273
36.5417
36.8386
41.9054
39.6711
40.2624
41.2464
33.9675
34.2303
38.491
37.215
33.3001
37.5386
35.3941
50.2067
33.8355
45.6708
41.0988
37.9201
41.6564
42.1399
42.3035
42.7722
40.4047
39.119
46.6511
47.0539
45.3519
37.3313
41.7899
38.7074
41.2953
41.1246
38.8457
37.0833
35.7301
36.6817
42.3406
37.6232
34.5237
42.1232
37.2274
42.8168
49.5075
43.697
38.4697
36.2768
53.9645
39.8928
35.3552
35.9233
37.2151
38.7349
38.3973
38.9418
41.8281
33.5275
40.0116
36.5762
36.5857
42.8356
38.6105
40.3864
46.8264
41.4819
37.926
39.2994
40.3955
32.8316
42.0522
32.0474
33.7992
38.8566
41.0051
38.8528
33.5223
42.1317
41.8527
40.9597
34.7447
45.8487
38.9382
32.6045
43.0229
41.4271
38.0689
35.5822
42.3056
42.4865
38.4176
33.4099
41.4975
44.9981
44.3793
28.983
33.3799
38.3187
47.4978
48.1073
34.4165
33.1543
42.1793
39.6053
35.756
45.8661
38.5754
37.6811
32.8952
44.439
37.9368
33.343
57.6994
32.517
39.5109
47.5049
34.9623
36.7985
35.4682
35.8333
34.3214
42.2728
34.6654
30.9062
36.3358
42.9509
39.8646
38.5079
37.5246
38.8182
41.5533
37.4433
31.9294
39.1694
38.8585
37.8474
38.2471
43.2743
42.0512
28.9947
41.0176
40.6739
42.6107
45.2765
38.8784
38.4549
35.6868
42.0504
32.4159
44.8828
39.2438
37.0588
36.6548
37.827
39.819
45.226
36.2674
37.1398
42.011
32.8862
37.218
38.7081
37.7679
38.5991
39.5429
34.7666
47.9784
41.4073
36.7344
43.8093
35.0947
55.7022
33.9774
39.7284
35.8408
33.7594
39.4228
38.5698
35.9236
44.4827
37.4098
32.7019
37.1037
37.6783
45.3159
43.9455
43.7976
38.2239
41.0492
36.0052
48.5291
32.3231
34.8543
40.7303
36.4924
36.3828
37.0603
35.3503
39.0082
46.522
35.0506
46.1748
35.4341
42.1917
37.2422
46.4973
33.1009
36.4404
42.6908
37.4729
39.1266
41.2517
36.1463
43.9319
31.7449
38.3985
31.466
37.1618
34.5494
38.3042
55.5817
36.4431
49.0607
41.1084
36.7166
33.2448
43.8421
48.2251
44.9251
49.4658
36.3852
36.3487
32.3304
40.2879
37.549
45.5463
35.1837
34.3429
43.8871
37.3341
44.3898
37.2846
45.316
35.9725
37.016
42.3248
37.1108
34.4821
34.948
37.351
37.0416
34.8296
42.0808
40.0235
38.5481
36.3883
36.9425
48.1393
39.5089
37.3391
43.3834
38.0462
42.9269
38.1911
34.4269
36.1862
37.6301
31.4627
35.1035
36.8381
41.4371
38.1975
30.7246
36.7122
37.2968
35.357
31.8437
38.9706
49.3587
44.5514
40.4658
45.9529
44.4984
37.6292
36.5652
36.5518
32.3283
37.7686
38.369
37.7631
41.7288
42.163
34.1239
33.5406
35.2637
39.6233
38.0294
35.1787
41.075
38.8762
48.9371
44.1961
40.5747
37.0689
40.4937
37.92
33.6666
43.0178
31.8043
38.957
38.3649
43.7487
39.0812
41.3016
39.8252
39.6038
37.5711
57.0177
36.9493
37.0157
32.3066
43.571
35.5872
36.3573
33.3737
39.7835
46.1899
34.2929
37.7132
46.6597
42.8807
35.7252
42.1558
50.465
36.7508
32.865
36.4139
30.9649
35.5862
42.6852
37.3189
38.0527
41.7661
50.6849
45.5542
33.9542
49.5063
37.3483
37.6737
38.7939
38.5279
47.5294
38.0413
33.9563
45.5619
37.0514
34.3939
34.4877
36.2036
46.1641
30.5127
46.2773
44.0885
38.4189
46.7436
34.7919
37.4275
34.2539
32.5488
47.6471
36.4076
43.6185
38.9425
40.4884
35.6894
31.659
36.7909
36.485
43.0787
34.816
32.6741
40.1296
41.4072
37.5751
39.5884
35.1896
45.9072
35.7391
38.659
40.7111
40.3543
35.7117
51.7056
30.3085
33.1654
38.6637
39.7895
46.602
42.6652
32.648
40.2075
35.2372
34.5612
41.9666
34.587
34.9973
38.855
40.4678
39.1427
39.4194
53.743
32.9455
46.3623
50.3945
38.6883
39.1565
39.6573
42.3683
40.0048
37.8623
44.1806
41.0504
36.9807
56.2521
34.585
36.7558
41.5226
41.6257
41.386
44.2873
37.745
47.0635
35.3061
35.5333
41.0792
41.2841
36.5011
38.4212
44.1557
37.0365
37.7129
36.2112
36.4209
41.6571
32.4561
39.1592
39.6277
44.0011
37.3262
33.8357
33.9259
34.1026
35.1696
55.9076
39.4049
40.3351
40.5899
36.7247
35.4372
36.4409
39.3992
32.9923
34.9419
44.4543
31.6614
41.5435
32.1004
33.0905
32.518
46.2972
38.3679
37.0517
36.4058
57.1082
38.2093
48.9091
37.7371
46.8381
47.3533
41.5283
39.7295
38.0175
39.1876
41.2575
35.179
44.6222
35.9695
42.9703
35.1403
41.0563
49.5787
35.3806
38.8771
37.1464
44.5794
36.8891
38.1179
37.0275
41.8061
46.2337
36.8089
39.1386
36.4738
36.2304
37.3577
32.9511
35.7724
40.6308
35.3568
37.6969
39.8093
40.3222
42.2352
34.6119
38.7624
35.6024
43.9397
38.6196
46.5045
42.1928
38.8082
29.6615
35.7252
34.4419
38.453
41.4853
35.4338
42.0775
33.0076
44.3238
37.5205
36.7885
39.4716
41.646
42.6031
38.6921
35.1672
36.6646
34.7967
30.7495
42.7076
32.6186
41.8365
38.1932
32.2915
41.0283
37.7705
41.8763
37.099
38.5293
42.2318
45.1114
36.915
40.5087
43.9321
39.782
35.7272
36.6206
50.1469
42.7015
38.741
33.7049
38.8224
39.4157
33.2918
39.984
48.2121
38.4048
36.6402
32.4127
37.1599
47.0606
35.1819
38.0119
32.8352
46.7072
45.0437
45.8441
41.5856
40.0574
35.7884
38.9388
45.4513
34.4823
40.452
43.051
38.5783
38.7444
39.1051
37.7823
39.061
42.5393
38.46
34.6839
42.3692
42.1101
46.8496
42.6082
37.8534
33.7685
36.6364
45.0351
39.192
44.3574
48.4429
40.0596
33.6911
34.273
36.7914
33.913
35.4012
39.1718
32.5673
42.3278
34.8721
42.4663
37.0331
37.3477
30.0651
44.0767
34.1534
42.0785
42.2541
31.6261
37.6788
43.7093
39.1784
37.4814
48.2477
39.5992
37.655
37.2992
38.9582
38.0681
36.0813
38.6291
34.8262
41.1226
38.2446
38.0896
41.9548
36.553
37.8873
42.5358
41.4318
35.1634
37.0388
35.5232
37.7785
37.0178
41.9642
36.4296
36.6817
42.0714
30.8143
34.6651
45.6097
36.9976
34.8767
41.7925
36.7601
39.8509
35.8058
35.8315
43.483
46.6117
35.0434
32.1657
49.0558
38.7113
40.6518
39.1752
41.2139
41.7175
43.0334
37.989
33.5992
39.6248
37.22
41.286
38.1266
34.7359
36.415
30.9542
33.1608
35.3362
38.3154
43.1423
34.7187
37.6865
44.6603
32.8159
36.1227
39.3216
42.2408
43.4012
41.6119
39.1108
33.1159
31.2465
42.614
45.7713
30.4772
36.1031
41.5144
42.7283
42.7981
36.6822
38.0213
43.5121
41.4022
38.6617
34.5269
38.1522
47.0825
42.9402
49.7839
36.6849
46.1062
39.8554
36.4356
46.8441
35.3747
39.5721
39.2003
39.2984
34.7187
34.3125
31.2157
47.9585
45.4082
37.3584
32.3241
35.9533
37.2054
47.8238
40.4868
43.1444
35.566
29.6858
36.6368
34.2194
38.315
34.6824
38.0724
39.1118
36.588
45.5506
41.4385
40.3229
38.288
40.659
36.037
44.3638
38.2128
42.3978
34.9735
40.5159
41.1044
37.8057
35.032
40.0772
36.9368
37.437
48.7652
37.9701
39.3258
38.335
37.3498
38.7873
42.0383
34.6809
42.0417
38.6888
34.7793
39.1013
41.8943
34.6841
36.1971
43.768
44.0449
42.311
33.7852
35.6805
42.4758
38.7083
36.7942
43.8859
30.6318
40.7115
31.8183
41.0897
37.0748
35.5537
34.3816
36.4129
31.2395
40.6965
43.0657
38.5579
40.2828
37.0587
39.5079
45.314
38.9347
40.3713
34.2765
40.2671
35.3413
41.5089
47.8749
43.5615
30.9586
40.4488
39.6576
38.1348
39.2166
41.9287
37.6038
68.9434
38.5982
35.0759
39.8343
40.5101
45.3458
37.8734
33.1587
35.771
41.6312
40.3472
40.6629
37.681
33.9562
40.2395
36.1808
38.2612
36.9218
41.162
47.9296
37.8261
39.7092
39.1738
38.5
39.473
36.6601
43.254
37.1539
40.5811
37.719
43.094
41.9294
49.363
38.5118
39.71
42.9661
39.9176
41.0312
34.9472
39.4911
39.2715
32.5863
43.4554
32.3426
39.0913
37.38
54.1342
37.2899
40.1711
36.8104
42.3312
35.8322
40.1314
37.6733
38.3972
39.7635
34.366
35.0708
41.0901
37.1071
36.2751
45.5583
37.7856
38.0243
41.0411
38.3947
39.1516
37.7835
35.6607
39.9365
37.789
35.0685
41.8088
42.5886
44.9079
40.3543
35.8156
35.417
38.8369
41.1592
45.4581
33.0551
43.3926
41.1947
34.5618
45.4068
40.1289
37.297
37.4982
36.9124
32.5481
37.4656
34.2641
36.6843
39.5226
36.8401
33.5841
31.4832
34.4356
39.8844
35.4238
37.9451
38.3263
41.599
39.9419
35.9511
37.9713
36.7479
38.0034
39.9364
47.216
44.3143
33.798
32.9044
33.7924
44.1763
36.0284
36.2331
39.0361
35.1724
35.9023
36.9418
41.5749
34.5249
49.1599
38.6772
32.5793
38.2348
36.2214
39.1574
45.8016
30.8323
40.8655
35.9733
35.3474
42.7048
31.5716
36.4112
33.7955
33.4987
43.6265
31.0249
39.4929
38.8372
41.5786
33.1594
40.1303
43.1266
40.2254
44.9221
40.1585
36.3069
45.7398
41.0822
36.4088
36.0372
41.5509
33.4276
35.4961
38.4707
36.6263
35.6829
40.398
36.9971
51.2695
39.5511
45.828
36.7989
34.0119
41.9201
34.1124
46.0357
36.1737
39.9458
36.2875
41.2703
36.8744
35.8889
35.3362
36.2761
31.4976
34.1601
40.9061
33.2756
35.6623
34.2708
41.7538
31.5959
39.5372
39.738
45.7014
36.2215
40.3204
37.9001
36.3891
39.2438
36.8317
37.4782
36.5356
43.4374
36.6778
47.6552
45.1986
44.2579
34.7165
41.381
37.7344
40.8848
46.7934
42.0692
38.3822
39.8712
40.709
37.2309
34.5667
40.5466
41.5675
43.5142
33.1489
46.7946
44.0594
44.046
31.4349
41.8888
41.4836
41.8356
39.054
36.1078
32.7237
31.7063
41.2777
41.8472
41.4275
40.6114
35.8305
35.9939
37.5363
38.9547
44.7142
38.3426
49.4575
35.902
43.6782
36.6012
39.26
42.8025
41.4653
37.669
40.1592
38.5542
36.3672
37.5814
41.4835
35.0745
29.9036
36.2854
39.452
37.1393
34.7821
37.2901
35.4818
37.2059
37.0693
45.4431
37.0588
28.9272
35.3188
34.3876
47.2386
39.1446
36.1284
38.8613
42.0886
37.9619
45.4368
42.8134
35.9915
40.7979
36.1527
31.7237
47.7417
34.2087
41.7069
36.1343
37.0291
38.5066
41.3967
40.7093
37.2409
45.1691
35.8847
44.1384
39.3036
32.9269
37.705
36.6252
36.5721
40.3946
36.4596
37.391
35.8827
41.5324
39.9911
36.3452
46.7391
47.0708
43.3369
34.8995
34.821
43.7142
41.3908
37.1381
34.6765
40.361
36.8901
35.7363
35.9071
34.3521
40.0888
50.4141
44.2751
43.6657
47.4371
41.0032
37.5412
35.8658
38.1612
37.4378
40.2167
35.3165
35.7136
41.594
37.1803
42.063
48.8202
36.4271
35.3199
38.116
45.8146
39.1729
40.6444
41.5947
35.122
36.8452
37.5641
36.7919
39.8213
33.304
53.684
33.6279
38.7508
42.3278
50.381
42.0871
39.654
46.9469
30.7748
33.5816
44.5165
35.4102
33.6677
38.4676
42.6955
42.1591
37.7747
36.7266
37.1016
41.454
39.9358
40.7544
37.7651
35.4097
39.9015
44.5503
38.7529
37.8714
38.2364
38.8051
34.1555
40.3047
35.0416
43.8389
45.6477
38.1456
49.553
35.3298
37.6836
37.8064
34.5251
48.2571
35.0913
44.2782
41.6974
40.1854
36.6427
37.7993
43.8679
34.7754
34.5482
39.8939
37.8532
36.0542
38.3431
38.2196
36.4734
33.1209
43.7905
44.4637
36.7768
41.2311
46.9787
40.7006
42.5537
38.8628
34.26
38.3304
38.7679
36.5048
38.6509
45.1004
49.3669
35.3177
35.8323
50.2012
37.5505
38.0066
39.5878
36.9542
41.0754
36.5024
45.5316
45.1849
34.5398
29.5869
35.1204
35.4167
36.6333
38.1302
41.5989
39.1188
37.8759
41.6071
39.9056
39.9429
35.2426
40.5044
38.4161
34.9828
38.3944
39.3147
31.3234
32.8637
36.5017
45.9801
37.6566
36.052
52.378
43.4157
34.1905
47.1924
35.9919
33.0685
39.9637
32.2811
41.9692
44.5248
45.8528
37.8995
37.1057
36.6189
40.124
38.5847
37.8674
45.9738
43.8582
38.5317
37.6409
34.7462
46.3841
35.7943
38.7283
37.5168
38.4639
40.8214
45.3293
51.4886
36.6775
38.0373
37.9808
39.9959
39.2954
36.2044
38.1619
38.2402
41.3449
46.6267
40.0704
34.7407
46.5324
51.5298
43.2361
44.2096
35.1215
44.0985
58.5256
36.246
39.2696
39.0934
42.6314
42.7885
33.5275
39.6689
34.2797
46.3676
34.6022
45.2141
43.4271
34.5864
45.4017
42.5979
31.1256
43.2069
46.8107
36.7343
37.7375
36.3463
35.827
53.5161
41.2866
33.2617
38.6441
39.3744
36.4502
42.6501
35.6309
43.8889
37.0583
42.1273
31.7807
39.18
35.5296
47.3386
37.7256
45.4474
35.5508
35.3968
49.627
34.2117
37.9059
34.5547
39.287
38.8871
33.4435
38.3334
44.4848
47.2717
41.342
35.5836
41.6447
30.9192
36.3547
35.6034
44.9025
45.406
40.1756
46.5632
32.8081
38.2252
40.9655
42.6704
41.3085
40.4412
39.897
33.6481
40.5671
45.2794
45.6283
42.8477
46.2155
46.3388
37.1657
38.0899
37.6311
39.2369
36.9968
37.9198
39.4449
39.6785
45.0229
41.3702
37.5484
41.2631
32.5636
37.6418
33.6368
37.5317
37.0193
38.0505
49.3231
38.3628
36.4801
35.7959
34.2428
37.8222
38.9486
42.7083
47.5269
30.7449
42.4728
39.3558
29.8985
39.4157
37.4741
39.5437
32.2912
32.8322
37.5126
37.2574
39.4675
42.9489
34.7151
36.64
35.5759
40.6773
37.8863
38.5924
47.6172
38.3688
42.2145
35.6823
40.3001
43.1958
41.6287
35.9342
38.2895
34.7234
46.3721
39.8243
38.9041
40.3865
36.7422
37.9632
44.4754
43.2868
34.6397
42.8329
46.3561
43.228
40.5444
36.7434
41.403
33.8196
37.7947
35.4654
40.3079
51.046
34.2645
35.2181
42.0203
38.1228
40.4763
37.9889
49.4
33.2086
39.2624
36.6667
61.6633
37.1271
38.7459
37.6317
43.2485
40.6281
43.6942
34.0507
44.1533
34.2768
40.7601
35.5965
42.6436
43.6957
40.8837
39.4242
43.0309
35.7969
44.5984
40.6621
46.2401
34.2252
37.0564
36.7647
40.2321
37.4218
30.8191
34.8739
36.2594
39.5971
33.0323
41.4004
36.8934
40.8524
38.104
48.6792
43.028
34.0536
40.6516
39.5323
40.4413
41.7043
39.0717
39.1834
54.1515
33.3709
34.8508
39.0528
40.8033
47.7968
44.2997
33.4645
37.363
34.4307
40.5169
52.7611
35.8051
40.8043
35.0074
42.5876
45.1624
40.4511
33.4466
42.7734
41.3159
36.8505
41.5046
38.8581
36.0786
35.7864
42.1958
34.2225
41.3365
39.4913
43.0081
58.4114
41.3263
40.7223
43.3067
36.5651
40.0564
34.2721
43.6946
35.4531
35.6332
35.8121
38.4732
37.1468
39.9282
35.1084
43.023
41.2318
34.5346
40.9865
37.6703
46.4049
46.3368
40.6614
43.4178
34.3694
40.5858
52.7192
43.3725
35.2524
41.3874
43.9278
39.1488
38.8558
32.2456
35.5624
43.2147
33.9872
49.6573
47.6017
39.2758
43.6944
44.4496
41.8083
34.8282
39.2656
35.5777
37.2097
46.4479
36.3301
40.1494
42.3852
42.6687
45.1262
47.7389
42.4315
44.1863
36.2866
36.0475
38.6931
39.4714
39.9885
37.9591
36.5755
47.149
32.8289
39.3016
35.4644
38.3081
39.3588
45.9298
41.9353
44.8082
39.3906
38.2843
39.0121
41.4505
36.4442
46.0872
35.3693
38.0047
41.3907
35.5499
38.7379
41.8923
37.501
37.3084
45.8955
36.4405
41.3213
36.906
38.5903
42.045
46.5418
44.5972
40.3905
34.3898
57.3056
39.3526
32.98
31.4268
37.5525
35.044
32.5996
42.621
38.7697
40.7262
43.7214
43.1627
40.3706
39.5297
40.8929
38.4706
34.9976
32.9159
36.6902
38.6215
40.7019
42.6519
37.996
36.9015
38.9558
41.371
40.9648
38.2684
33.3923
36.4652
41.7149
44.5443
44.2653
38.2909
42.707
37.0326
40.8408
35.2686
37.027
36.7789
43.715
35.4526
47.7761
46.1037
37.9511
36.2545
41.8405
40.64
41.9542
39.5513
38.5411
38.4694
34.4028
39.2221
36.7805
43.6514
38.6354
36.1784
40.596
44.7162
35.5124
35.5837
39.3387
40.5105
34.5815
42.4531
33.3551
43.9346
38.41
44.1996
50.588
52.3468
36.4753
37.3711
45.3343
42.4418
39.7984
30.9258
33.334
43.2412
44.2717
37.4487
44.9149
43.0351
42.0479
31.6088
34.3131
36.4542
38.7926
42.0771
36.3313
40.207
39.6713
37.2175
50.1357
40.5914
33.2799
32.7926
40.0874
36.9879
46.2952
34.991
32.4166
44.6348
37.18
48.3618
40.5721
43.3464
42.815
38.2303
44.6956
41.8162
37.8408
32.4189
39.0976
41.3545
38.4026
37.3085
48.4519
47.6118
42.4111
34.7372
33.6818
41.2948
37.7095
42.5874
38.4297
39.5613
36.8715
41.6887
35.3815
40.1558
32.5553
37.7853
34.6214
40.3578
37.5905
40.1465
44.8853
38.6513
36.117
35.8293
36.2239
39.2892
35.1139
36.2505
42.2799
40.5683
37.5347
35.6178
32.4125
46.5147
44.6322
39.4997
37.762
34.8433
36.7627
41.5828
38.1863
34.794
37.8723
37.1256
36.1361
39.5613
35.5535
42.7631
30.4694
36.8589
38.279
45.2112
37.4504
41.4359
34.8271
39.1301
35.1618
39.3733
31.8003
39.9861
36.6959
35.3292
34.663
36.1825
31.5626
38.4305
44.6067
36.7299
39.967
42.3622
34.0271
39.5586
35.3477
49.0832
46.1738
37.6296
43.0527
41.6691
34.9533
31.6513
35.3956
43.3235
54.2353
45.9987
39.424
40.9601
38.4547
38.8915
35.5998
38.1322
33.5412
37.0631
39.4946
43.1684
33.2724
58.4428
39.6528
40.4707
39.472
41.8357
49.9639
34.9025
37.1813
44.774
34.5351
42.6107
37.5947
32.7202
35.6493
32.6611
40.5679
44.5086
37.4585
32.0456
40.268
41.2647
41.9792
36.6403
41.7011
33.0224
30.8486
43.9439
41.2739
40.7557
37.8556
38.844
49.5464
38.0957
35.26
38.9392
40.0339
45.8867
39.7249
42.4932
39.5142
32.3377
52.0467
39.9574
39.5325
37.9384
40.1549
35.8793
42.7406
40.2309
44.376
36.1496
43.0727
31.6896
40.934
37.6521
42.7568
39.5261
32.8989
34.3431
42.0321
45.897
37.4479
37.6869
46.381
32.4318
31.4561
40.9756
36.5427
33.7539
43.642
36.7186
38.2262
41.2335
40.817
45.0388
40.1334
37.557
40.1806
41.0577
38.848
42.4727
39.8198
35.4256
34.8639
38.2461
41.333
32.4987
42.9308
37.7424
36.7496
31.7221
40.6376
39.2784
36.8774
42.8569
39.7908
36.859
37.0196
44.743
38.7068
46.3063
39.0303
41.723
37.3928
40.1881
37.8061
35.5353
37.843
37.6403
33.7253
40.7163
37.6297
33.8152
34.8826
38.2725
37.8037
42.4716
48.1637
45.1685
30.9844
34.228
43.5183
35.9101
34.2447
48.149
32.2236
41.3335
43.2216
39.2139
37.2987
41.47
37.8372
44.2199
35.4475
38.3446
42.0783
43.9696
46.5282
43.2288
37.1398
42.6709
38.2746
36.3462
40.8192
32.2669
39.1567
33.1999
38.983
36.2091
42.4882
46.2907
34.7684
47.3276
40.0967
41.143
41.5793
35.1474
38.1745
33.6412
49.2093
34.1395
42.3958
46.4309
43.2485
38.4062
48.0656
40.7924
36.3295
37.2445
43.6048
41.909
45.6985
40.0828
36.9123
41.7444
36.7107
36.394
50.1116
48.985
35.9808
35.5201
36.7469
36.2364
41.2253
52.7839
49.5564
41.22
39.5649
34.4836
37.9398
35.5895
32.6897
39.6148
33.398
31.2521
42.7779
37.3796
41.0445
44.5227
44.4651
48.7359
43.7781
34.0329
37.8933
39.1365
38.8468
35.8681
37.9928
35.9136
42.0989
36.1059
37.9391
33.4781
40.1811
38.9309
33.9227
39.4216
33.4622
46.8609
43.6913
40.2276
32.2012
32.8025
37.0237
45.3075
33.6215
40.6839
37.6966
40.6034
40.3326
40.0472
41.2511
42.8138
40.6166
42.6696
37.0763
44.2823
35.0569
33.1255
38.6928
39.4913
35.7736
37.2405
40.6826
37.9473
44.8726
35.8985
37.3731
52.7175
35.9715
39.9116
31.5651
50.7613
38.905
35.0987
43.4905
42.2192
32.6147
42.121
39.5857
37.2542
38.0007
35.9418
38.2307
34.7452
42.0739
41.2622
38.8948
36.2674
33.4125
41.8334
39.1435
38.4363
36.3915
40.5502
38.207
39.781
42.7136
43.3564
37.1008
32.5488
41.8774
51.2688
49.3104
45.3073
39.4138
38.9788
32.9842
41.8531
37.3622
37.2292
35.2698
53.8025
36.6596
34.0308
36.8291
36.1425
33.3511
40.0855
34.6892
42.9437
35.3194
36.0465
45.1967
36.451
42.8291
35.7437
49.2845
32.5775
32.3573
36.6972
40.8305
34.5487
40.493
41.093
34.7042
39.5697
45.4581
37.3298
38.7473
39.9359
41.9253
37.0292
38.1929
37.521
36.1
36.2263
44.9371
36.0646
40.0912
33.3083
37.084
42.3444
32.3669
36.604
32.9046
45.5786
40.955
35.0391
54.5768
40.1226
36.1376
36.291
33.4141
37.9619
35.7306
43.4015
39.9178
37.6581
33.9807
44.392
39.1869
42.8192
34.2138
42.3299
49.0799
36.0268
37.774
34.9188
40.6964
42.5842
49.8284
35.0798
42.217
46.0071
45.0351
39.0097
36.8311
51.4219
41.4565
34.7715
41.3093
46.5166
52.2781
41.9807
39.307
35.96
38.4627
42.992
38.642
44.9781
37.5484
37.4324
36.5534
40.9011
36.7346
32.0422
39.0731
37.5393
30.2795
38.2615
44.1192
41.7028
33.3865
45.789
43.5051
34.3125
45.2777
34.5301
35.5025
39.1509
35.3763
45.9126
32.753
41.9828
34.7624
36.54
40.8943
39.356
33.5442
38.8639
38.1671
39.2204
36.0227
36.219
42.2001
36.0634
37.5751
34.6688
38.5188
31.9668
43.2076
44.9894
38.6486
44.4631
39.2613
46.067
33.9111
43.3203
39.6292
38.3536
33.7974
40.0471
37.2642
39.3232
38.0385
41.1857
42.7307
35.9357
35.845
50.6777
35.8655
35.9284
41.3466
33.2053
47.5907
34.4742
46.1618
34.6017
38.7174
36.7049
34.5978
31.4889
38.3212
41.4653
40.4227
35.5004
36.4094
32.5292
36.2869
45.0306
44.5711
32.749
41.2905
37.5367
37.7162
36.1761
34.7603
33.7199
35.0539
45.401
47.9187
45.2623
40.3434
38.0154
42.963
38.7056
36.2518
33.629
36.9113
36.1347
38.792
40.1017
46.4964
39.2434
36.8755
35.8876
37.9658
39.0393
35.1026
38.9641
31.7155
45.0834
34.8788
42.2526
32.6296
41.5709
32.6764
37.066
36.5993
38.4782
50.6018
39.3485
42.1868
45.7443
45.5959
41.4779
34.0677
44.7122
41.134
37.5268
38.3792
51.165
35.4616
36.8993
48.1038
54.2846
40.4378
43.9736
46.9284
36.7265
41.322
41.5888
39.4001
37.0397
38.0654
43.8401
35.8554
32.4317
44.3069
39.5551
40.9058
35.1431
40.0094
42.6703
36.3386
34.8699
44.4162
39.2218
40.015
58.0651
39.96
35.8148
37.1689
37.7273
36.0436
36.4602
34.7116
38.2482
39.8908
33.7328
40.3289
41.3529
37.8173
37.3327
37.1055
42.931
34.4134
44.704
33.8417
35.1955
39.3976
47.3796
38.907
39.7351
42.5438
35.349
37.0596
39.3904
38.693
38.7962
38.2427
37.1677
34.9036
45.7341
39.9192
41.1982
34.8387
36.9132
46.646
38.053
38.6126
36.6893
42.647
38.1896
41.1681
37.1913
38.7794
39.3868
36.2279
42.3253
37.5422
37.0608
46.2716
39.4435
38.4615
34.5659
46.5989
42.2109
37.8004
34.2099
32.6988
34.627
39.5449
34.2578
44.475
38.8144
36.9994
42.4719
40.4052
32.2427
35.4087
41.2124
48.0179
36.3706
35.2486
42.7793
44.5265
43.8139
35.1625
39.087
36.858
44.8083
34.952
45.265
43.8068
33.7969
47.335
34.4275
40.7711
40.0729
47.9715
34.0834
38.1453
39.6292
35.1345
47.7967
37.0998
39.8667
39.4666
36.8171
36.8281
36.0823
33.7267
35.2961
44.8225
39.7338
37.403
32.2259
44.9766
43.5155
39.9219
42.2064
36.3749
35.01
42.9221
39.8016
42.8017
38.6701
43.1733
43.1639
37.9828
36.6701
41.9344
48.3333
39.2255
38.098
37.3067
34.491
35.6933
34.1111
33.5322
36.6094
42.6289
36.8576
35.3946
33.5142
36.5972
46.1925
47.5174
35.5728
40.6892
39.9831
42.7192
38.8348
34.4523
43.8051
43.5781
36.8735
49.6839
35.7534
42.2457
42.9726
35.7314
33.92
39.3034
38.7191
42.4643
38.0777
37.2322
34.8312
43.6447
43.6039
34.5393
48.8036
35.3005
40.3257
41.091
35.4525
40.5302
43.0091
35.5576
35.9292
34.0892
53.9934
40.982
40.4078
40.2954
33.4967
42.4114
37.9377
44.203
40.0095
42.6471
35.8468
42.6037
38.7817
36.2916
37.3469
36.9457
35.3541
42.393
34.6029
40.9428
40.2098
40.7439
43.1513
36.274
34.7811
36.076
32.4163
39.755
37.576
38.7908
30.3585
36.64
39.5661
36.9185
44.2771
33.6238
49.019
45.1106
35.6102
37.9943
36.4994
41.687
44.2572
38.51
35.1897
37.1508
40.314
43.7895
39.2131
44.9348
42.1468
40.8461
41.9761
42.7837
36.8331
37.8437
38.6478
40.2825
34.6462
36.8971
33.7671
41.449
41.0306
37.1539
47.4607
43.3601
34.2381
35.2538
31.5217
39.712
37.2403
40.8589
39.7539
34.8722
38.6782
41.8008
47.2588
43.1619
44.2202
34.6933
32.7717
36.251
47.9872
40.9916
33.8836
39.9755
38.8893
39.7287
43.446
38.7405
33.8219
32.4087
34.5866
43.088
41.1449
33.129
48.2318
39.9926
33.6576
35.5318
47.5592
32.5403
43.7693
51.3374
42.7594
37.0704
45.1917
35.0778
40.1918
42.5453
38.0173
35.0202
41.4699
36.6982
38.3421
35.2155
51.0954
41.4785
37.1901
39.2859
39.3523
31.7762
40.5749
41.288
38.3976
41.5713
31.4377
44.154
36.5015
45.5759
31.3713
42.4568
33.5611
39.6481
42.7654
34.3098
38.5605
49.0709
53.8957
39.7141
39.2265
41.7532
40.934
41.2226
35.7346
36.1464
39.6928
41.6298
44.698
33.5111
39.4277
44.6352
39.0355
37.286
39.5232
34.5865
34.3292
34.3334
34.4777
30.6154
44.0341
41.4011
33.4967
39.7504
37.884
41.5545
44.6858
40.4227
33.0657
31.8471
32.2721
41.7928
44.8498
37.2917
41.4536
46.1239
45.8567
50.7452
37.5019
37.777
34.5519
34.4453
37.0249
35.4563
42.0053
32.3115
41.3779
37.6703
42.1096
42.1888
37.0245
39.0129
39.3201
36.7254
44.4948
35.7504
33.9047
34.9952
34.044
39.7976
32.935
41.5112
39.1039
41.4429
42.7935
42.3009
36.9465
34.3076
36.4957
40.8826
33.0116
42.9626
44.082
36.9335
49.7506
33.2568
38.0506
41.1835
37.2447
41.2636
43.1083
35.3862
34.3349
43.0157
41.6591
50.8932
44.1594
37.8967
38.6382
44.5812
36.9318
33.4511
44.8102
44.8371
45.5276
35.6556
33.36
38.2564
40.3831
38.9442
42.4089
33.1472
47.3819
39.9111
37.9163
42.0442
33.1696
46.3414
36.8208
47.4219
36.4786
50.6857
34.349
37.6466
46.2568
39.5179
40.5901
38.2799
39.6107
47.0507
38.6714
36.2808
35.2021
37.4641
38.9481
37.475
39.3574
36.1478
37.2859
43.4635
44.0191
33.8676
43.9258
43.5568
38.8408
35.0801
33.3874
35.7263
39.2448
40.9837
42.9091
43.5463
33.4566
37.8949
40.3882
34.8554
38.4431
42.0557
34.8272
34.0709
43.1039
32.1986
47.4428
44.8431
39.8482
36.6006
37.0086
39.9539
40.0069
34.013
41.1146
30.4223
40.5233
35.0011
34.1748
43.0839
35.6046
36.9802
36.7425
36.7678
42.0899
38.6925
44.1004
48.862
40.0598
38.8509
37.9128
33.8651
31.0346
41.8325
46.7287
34.1487
38.0424
33.3488
37.2367
46.377
40.2778
35.3254
46.2396
33.3123
39.5973
37.7767
38.3356
33.1715
37.1835
40.1087
55.493
36.9863
40.6704
35.1367
45.7299
48.0988
46.0849
43.2777
38.3737
37.3659
30.4064
46.5178
38.7179
39.5359
39.7266
41.5132
54.8956
43.0548
35.3069
49.5215
38.3288
40.2454
37.1812
39.8671
43.6895
45.7709
37.2384
38.4452
39.7582
42.0405
44.8966
38.5515
40.4158
38.9907
32.468
38.3897
34.1088
45.1371
38.4796
35.8272
46.9299
49.658
34.7903
30.4422
36.7171
45.5338
47.5148
32.7206
38.1789
39.1648
39.9497
38.5957
32.7957
34.154
37.0897
35.5285
42.4325
39.6167
37.2392
36.684
36.421
36.3553
40.4711
37.2089
36.8856
38.3713
50.5498
37.3
41.1876
36.2496
37.3441
41.9409
35.1294
41.9344
39.9448
43.9406
37.7584
37.6805
40.8987
39.0008
40.1598
33.6681
31.5417
35.7502
39.4949
37.4779
56.534
45.387
38.6685
37.655
40.8597
40.9841
30.7419
36.6235
34.0542
36.2146
35.5196
41.0289
39.3161
41.876
40.4868
33.977
42.2657
34.9216
44.3555
39.4597
37.2933
34.4287
38.3154
41.2272
39.5654
41.6674
41.882
48.7088
41.071
38.5862
30.4303
35.9167
38.234
41.1745
43.6978
39.301
35.4436
34.7885
50.2788
39.0673
48.0811
34.7153
39.7085
38.4957
42.8026
37.2893
43.7242
44.1738
37.5373
44.459
39.3504
37.7705
36.9754
34.3025
41.6723
44.2843
39.2154
36.1111
38.812
36.8508
38.7909
54.5371
40.8252
36.2317
38.3696
40.5785
47.0169
42.1309
44.58
37.704
41.6997
41.9988
39.7066
44.5564
37.3851
42.0998
37.259
43.2481
39.2467
38.0601
41.5891
37.6274
38.3579
34.0688
39.5671
38.4221
38.8306
41.7451
32.3598
36.9157
40.7022
40.9075
45.2722
39.4515
35.1924
45.8747
39.2853
32.9438
45.869
43.1859
31.566
40.9332
41.2079
35.7024
37.495
41.2412
40.3407
37.2199
37.8601
39.3934
39.1911
35.706
46.3984
35.6956
42.2664
31.5038
37.5056
54.3603
40.4783
32.2255
41.86
43.3364
42.0089
36.7717
55.3645
48.5602
39.5953
39.8945
44.084
32.4881
39.9909
42.2321
34.2515
41.7409
36.4305
34.9515
34.477
41.7128
40.6501
29.5473
37.7371
39.6972
39.1964
36.029
44.8774
46.846
37.9707
40.6895
37.94
36.6898
35.0738
37.6886
37.6538
32.8875
40.0939
35.964
43.1155
43.989
42.5293
34.8896
34.4252
35.0034
42.3338
34.7059
35.0118
37.9284
36.567
33.7158
39.4879
35.8004
31.13
42.4792
37.5571
40.2698
38.6244
36.7473
33.0889
38.2641
38.563
39.1828
40.8591
39.9764
41.8863
45.968
33.3415
40.737
38.2358
35.9038
37.2609
45.2362
31.911
43.7956
37.6826
30.5368
39.9297
38.4788
33.5905
43.9047
44.8617
46.321
41.3724
35.3159
39.4844
41.8878
41.6875
44.2382
50.336
35.9627
36.0278
43.3762
39.5634
42.1962
36.7353
35.5541
35.3943
32.7859
40.9358
38.3464
45.3924
38.2029
44.801
42.2315
39.4003
43.0173
45.4132
41.2066
41.4894
42.5489
41.0401
39.0825
39.7183
34.9032
38.6262
37.9628
41.4352
49.3061
39.4651
47.5332
47.2121
46.6781
53.6577
37.794
36.0009
33.3929
42.188
36.3403
37.4128
40.8329
44.2741
34.0731
39.584
30.6976
43.7642
41.7245
38.5011
44.6403
33.1774
39.9439
36.6719
36.8397
45.0369
50.6864
34.5665
40.3445
31.7777
39.9207
42.754
36.9076
39.132
38.1887
44.3558
35.3952
34.6041
40.9349
41.094
42.9011
49.0508
48.4702
37.3285
41.6256
52.5768
55.9622
45.5752
35.8517
43.4318
32.8891
32.8344
34.5352
39.2948
34.6835
40.7094
37.0327
42.3734
39.7653
38.1959
37.0593
39.3868
47.7593
31.9879
45.2762
46.5871
41.5739
35.8341
37.2939
38.547
34.7656
37.922
38.5438
43.9534
39.6057
39.8859
42.7722
33.7608
37.8209
35.6329
40.0576
42.5681
37.8494
37.2727
45.3358
46.1301
48.2741
39.7048
42.6138
35.0642
42.67
36.4104
41.8263
47.8055
36.6695
38.3675
39.9297
42.8995
40.6322
32.199
47.8888
39.2958
34.0393
32.987
37.2274
39.0248
34.5838
39.5522
35.5612
44.641
33.7267
37.9323
42.5834
39.2687
44.67
35.9126
43.4729
45.514
37.0504
43.4571
43.7205
35.6778
41.3349
40.5094
41.398
38.0337
40.6257
39.1172
33.2017
42.451
48.1619
43.2763
37.5561
40.3498
50.2631
38.6427
45.0445
34.6327
38.0206
38.249
37.0706
45.6909
35.1935
33.6493
37.7667
43.4112
37.3613
32.2767
34.7672
36.8451
33.1807
37.0099
40.6494
42.6182
42.6707
37.9627
41.2451
46.111
40.3312
34.2113
42.0883
39.368
37.1081
50.2162
48.2939
37.28
35.6255
54.0153
32.3506
40.5135
31.8528
38.0196
34.0852
48.4771
35.0739
39.8387
32.0096
38.7643
45.0251
40.9752
35.605
37.3556
28.6866
41.515
37.9552
45.4425
43.2272
41.3751
35.4604
49.962
33.8594
36.3604
39.2337
37.4755
39.1063
33.8637
43.6706
41.645
37.8082
39.4336
43.3668
38.6544
41.6511
33.7676
34.7004
36.0045
36.4389
43.16
42.4147
32.0625
38.7134
41.3211
47.0532
39.2844
39.7055
37.4903
36.3572
37.6961
46.7804
39.4186
39.9803
40.5765
40.4754
38.2729
34.7924
41.2336
42.5235
33.9045
35.4485
38.7578
38.5551
36.8014
38.6839
41.1275
40.4335
31.1594
43.4189
37.6843
36.714
34.2144
38.9201
39.5756
45.3204
46.5082
41.9838
44.0831
41.6559
39.4992
41.0132
45.1888
34.8257
37.1328
34.3253
43.9713
40.5217
54.1579
42.2083
37.548
38.833
35.9719
35.2597
45.2153
36.5921
40.5871
36.6258
33.6351
37.9905
40.7134
50.2677
43.6838
34.5615
44.0947
43.3554
35.9559
34.6836
33.5523
37.1042
41.4479
49.8551
41.1231
36.3483
42.2902
36.8558
37.2886
43.8423
35.9621
39.6546
33.0965
40.644
38.7199
47.1887
39.7927
34.5884
41.0904
40.163
35.7175
40.6567
45.4131
35.8343
45.4731
48.4437
40.6364
42.5998
39.4614
43.7429
37.5517
34.5916
34.739
39.5438
35.5602
44.7793
41.6111
36.6034
49.9655
32.1775
35.6376
37.9621
44.4351
46.7165
50.2141
44.5993
36.9884
48.2738
31.9514
37.2838
32.5974
32.9773
41.9457
40.6751
41.5084
38.4994
35.6719
36.1726
44.487
45.0215
40.2867
36.8624
39.968
54.6947
36.8354
38.0436
38.372
40.7684
51.9336
37.8964
33.6023
42.4805
47.1681
35.2757
57.0554
35.8997
34.5042
40.9739
39.0866
37.4133
34.2148
40.8836
47.9289
41.6106
42.3428
35.4675
37.3947
39.0557
40.9225
40.4351
40.0625
41.4693
32.1969
39.1308
37.0177
39.9903
32.578
38.4844
38.4872
42.8268
44.0256
38.0313
43.5217
38.9244
39.5221
37.9292
44.5897
43.7403
35.0495
48.4801
35.8863
40.5254
46.5152
38.2862
40.2261
41.9042
34.951
34.0151
54.3788
32.1235
38.7258
38.5536
39.2088
31.8699
36.9469
48.3695
41.7159
35.4231
43.9962
42.2347
44.8753
40.9778
35.8584
48.1067
40.2215
48.0416
39.054
38.9413
45.7381
45.751
44.6944
30.1404
42.5216
33.032
39.3415
42.0042
36.629
48.6819
34.8564
31.0533
43.3217
46.7796
36.7894
39.7318
37.3179
37.8384
40.0252
44.3659
37.2252
35.9818
38.393
43.8402
37.42
37.4254
37.8975
36.2065
35.7246
37.9618
43.5018
37.3659
45.0517
43.0425
37.0308
41.0876
38.9846
33.0819
37.7884
44.5429
34.0588
35.9068
37.0218
37.7592
34.7507
36.9432
41.5818
36.8913
32.7957
39.972
44.4414
35.8381
35.1737
44.2236
38.8739
36.6221
44.1131
38.9667
34.728
35.6592
33.0247
38.6973
40.6547
41.4036
37.5926
32.2935
43.7839
37.6995
33.854
34.5308
43.217
34.2843
34.3205
37.503
41.2713
38.5674
38.9111
40.0984
37.264
31.9315
37.2245
38.6572
37.8957
42.1151
38.3778
41.2793
46.9196
46.4187
48.5055
41.2974
33.9149
37.1186
36.9566
35.6826
36.0198
35.6452
44.19
36.5284
36.7398
39.4706
42.1131
44.7715
36.8056
38.1045
36.7106
40.4089
34.7134
44.4248
40.8747
42.5365
45.3784
41.023
39.0127
33.8942
34.1018
37.8981
32.8195
36.7574
43.0121
43.4631
47.2823
36.4638
42.5626
36.8998
39.53
34.5745
39.8359
47.6116
33.903
35.3486
35.5656
38.1651
45.6515
43.3476
35.6172
37.3785
39.671
46.3931
35.0862
39.8391
37.1775
38.0596
35.904
39.3615
31.0753
40.3278
46.3865
39.2309
45.621
45.2293
46.2223
46.0857
38.702
38.0317
36.4899
44.6761
39.3121
35.4834
35.3205
47.571
36.2857
40.5879
39.4447
36.4685
33.7773
37.5727
35.6265
36.8448
37.88
42.9562
36.4805
37.3803
56.1047
34.0461
49.8256
39.497
36.2152
43.224
40.5687
38.5302
47.2446
42.4344
45.5653
40.6254
39.9409
34.8637
32.8117
44.8202
35.2453
42.5594
34.4842
49.5189
40.1628
40.7976
50.2503
42.557
36.5847
36.8311
35.4056
37.9248
39.958
39.9064
41.4906
33.4187
38.4463
40.9661
42.6935
40.2502
38.29
45.5091
37.3988
40.4531
38.2085
36.7139
34.0508
34.1923
35.4941
49.8495
41.3228
48.0411
39.1679
37.6142
35.247
33.6449
40.6186
37.2599
43.4405
34.9871
42.259
36.0957
36.5853
31.4236
42.1691
37.1156
34.8423
43.9567
39.8084
33.3749
45.7657
39.6968
39.5284
36.4771
38.8339
37.3217
33.5036
43.8355
38.2198
35.8029
40.6829
32.3089
40.4447
43.9781
32.0897
37.585
36.6001
37.5734
34.9085
46.2301
34.7445
35.6628
32.8595
36.5132
37.5592
35.5686
40.914
33.8305
37.7555
35.679
37.0843
38.8951
41.1489
37.9234
36.7962
37.8915
48.8676
34.5464
38.5048
42.8149
44.2895
39.1495
35.3219
34.035
35.5802
33.6956
38.3435
37.8922
42.7226
35.8281
36.0767
41.7952
49.1299
33.5288
34.3785
36.6271
43.9815
41.6674
43.4869
37.7759
45.2977
34.6719
37.6061
44.2527
40.0609
40.716
32.4542
35.8405
52.5126
39.3574
37.458
39.0507
35.6619
40.8915
47.9046
33.2961
42.379
36.6487
36.4771
45.5507
37.6138
37.4773
34.8832
41.9933
37.468
33.8847
38.7629
36.0889
44.6432
42.9826
40.9626
38.8855
41.2282
40.6287
41.0657
48.6919
36.2401
41.7587
41.6635
35.2079
37.752
37.424
46.2766
37.3313
36.9863
46.1228
37.8319
40.361
37.8758
41.5058
42.0054
40.9327
36.9265
42.1381
38.7577
47.7035
42.7752
38.0273
40.9168
34.4226
39.924
34.0482
37.8011
36.3241
37.0144
40.5098
40.054
41.2349
38.2534
42.0125
45.3046
38.6694
39.7566
39.0297
39.7638
41.2283
44.5051
41.1188
40.97
40.6706
36.9264
42.7698
42.4746
35.9837
34.9454
35.8903
48.1017
34.8475
40.7441
42.3944
36.3254
39.0118
36.9863
37.7127
44.3199
35.1336
41.6695
33.9409
36.186
35.823
38.2215
37.2999
38.3036
37.3325
36.7844
44.0481
36.3754
41.7113
35.3645
50.4353
37.2937
31.2886
35.7488
34.1031
36.8405
40.9261
50.8637
38.3261
37.5435
38.7913
37.9949
39.8514
36.3502
38.7058
33.9603
31.5039
40.3059
42.0383
34.7587
35.6867
39.4309
40.0863
47.0958
44.6613
35.7464
36.4785
43.8944
40.3111
36.8512
44.9741
38.7228
32.4504
37.3237
38.9396
35.0399
38.9335
41.7199
47.3588
42.6277
36.4978
38.4222
33.4829
40.2289
44.5984
38.9919
36.8712
37.43
39.0841
33.4259
44.6033
40.6146
40.0926
34.3165
36.1374
39.0697
37.0855
39.7208
34.5186
37.3769
37.6388
39.6893
44.2659
38.4228
40.6897
44.3784
40.256
37.7242
35.9491
36.8309
57.1247
39.572
38.9963
36.2778
36.1354
45.8301
47.3725
49.349
34.9962
43.9482
36.7563
35.3055
45.7437
39.1324
40.7975
43.4954
41.0536
38.0905
37.3338
36.0785
33.933
40.2964
44.7671
40.4564
36.6034
41.0434
34.1686
33.7412
39.045
42.5328
43.4839
38.5032
37.9371
40.0278
44.8116
38.3717
32.1746
45.9892
39.8847
42.8416
34.0546
44.1079
45.6655
33.1624
35.8303
31.7584
43.5837
39.8206
49.2658
41.1865
35.0206
38.2717
37.4191
41.0167
32.7889
34.3248
42.9057
38.5223
33.7415
31.3274
43.7717
38.4909
39.597
39.0859
42.6113
39.8092
35.3371
37.7591
43.3965
45.3272
40.6183
37.7926
35.4305
34.2517
38.9837
36.2893
39.4203
38.4896
46.3983
36.2961
33.8648
32.0502
41.3837
35.952
38.2263
40.4458
40.3348
47.1644
39.9212
39.1813
38.7106
38.2814
35.5434
37.7906
34.6139
36.9142
38.4694
41.1629
50.8906
35.4355
40.3535
36.0503
38.8425
38.5748
34.7965
42.2323
41.5957
38.772
39.9711
31.5652
40.4726
39.8111
40.0434
37.9947
37.1228
45.3463
34.6035
37.646
42.7196
40.4663
43.0606
34.786
38.0981
56.0594
36.2344
35.9316
41.5255
35.1204
45.5703
45.7478
43.0552
46.482
30.6592
34.0533
47.2395
37.9837
41.0542
35.7085
35.1811
34.0194
48.0494
37.038
35.5249
41.0376
40.4545
43.9405
43.7656
43.9816
34.9114
43.4813
38.7231
40.0935
43.4697
36.1198
34.9168
46.7502
39.2872
48.4647
38.7186
39.0327
33.6975
40.4999
39.7517
34.2301
42.7991
36.3858
40.5793
36.0013
35.5174
47.7783
36.2641
35.59
33.9493
41.8336
36.1718
43.6559
40.603
30.0307
39.138
34.845
41.7135
36.2256
40.9571
41.0129
40.2086
36.5904
44.7222
44.984
39.191
31.8977
42.8154
47.0627
36.8797
40.7945
36.7008
36.8811
38.1935
37.7252
36.8734
37.5728
40.1114
36.4802
42.116
42.5321
38.4482
41.696
38.0542
33.5603
31.2402
40.3794
38.4701
42.1812
40.3188
39.6756
40.2192
36.8745
39.9573
42.4645
43.3304
39.6471
35.7788
32.4768
42.4904
44.115
42.9895
34.6937
47.9418
40.17
42.6988
38.2222
41.2897
37.0354
42.3748
35.4497
35.9686
36.0406
38.33
36.8079
48.8683
44.1725
59.3373
33.5717
35.2217
32.241
43.1652
39.3769
44.9606
36.6396
37.687
34.6101
42.0661
45.1147
38.9615
35.5784
36.1714
36.0099
38.7634
41.3113
47.7194
39.3032
32.4485
44.8689
41.9864
35.7792
38.1445
51.7969
53.798
39.5326
52.4479
33.3347
34.7579
50.2242
38.6542
37.9204
36.1319
34.6621
42.3153
35.6976
42.4128
38.6424
50.0768
37.7517
34.9815
38.8618
36.3016
51.7132
41.1275
36.9008
47.4619
32.1556
40.3348
44.331
50.0745
43.969
44.7811
39.7141
37.4472
39.9725
35.7914
34.6386
45.7519
41.6395
39.4634
40.0383
35.126
41.8997
44.3665
40.8317
40.3989
38.0404
40.0508
35.8725
34.3487
37.9745
42.6467
33.9721
41.8983
42.4346
33.5917
45.1437
38.1087
43.0437
36.8191
44.5103
45.9199
31.9451
43.2235
52.8138
36.6023
37.2189
40.3627
38.1645
45.3571
37.3483
35.4598
37.5995
41.4308
36.1778
32.3418
32.0512
38.6017
33.1967
43.3657
50.2307
34.0034
38.4716
41.0582
45.7521
36.5553
37.0601
36.001
43.0415
37.7615
35.7633
43.7157
46.3623
48.8714
56.6723
37.4127
33.8825
33.5004
35.7706
42.1289
38.5107
39.4076
41.077
39.1762
44.9887
50.8828
38.0781
34.1522
45.6455
32.6049
34.1168
37.3141
40.4362
42.5022
31.2185
37.8765
37.2679
35.6763
44.1854
42.4251
39.9087
39.8296
30.6228
32.3863
37.817
43.1913
40.5761
46.7395
56.301
41.471
46.5664
39.7895
46.8461
35.9876
41.3713
39.9885
42.3044
38.3853
41.8888
44.6402
33.1787
41.0537
44.6412
29.7288
39.1024
46.9445
36.2205
43.5941
37.1275
37.774
40.8012
36.8251
36.3611
45.6428
45.5921
35.0428
43.1735
37.9685
48.5334
41.3672
39.2963
36.4396
41.161
36.3721
38.0514
34.7628
30.8186
52.9743
32.4694
36.2897
44.9777
38.573
37.782
40.3627
39.0159
38.1688
43.1682
40.4454
35.6612
37.8542
44.4297
42.6164
51.0358
41.2192
41.7787
44.9176
37.312
38.1869
36.7153
37.1082
35.4451
30.5633
37.5726
42.8575
38.9732
43.5255
41.1816
46.2625
34.7317
42.8971
41.6953
50.1336
35.7049
35.7024
41.046
38.6752
43.4463
38.1991
43.8548
35.6664
41.9359
41.079
39.2835
30.6929
34.4778
35.2872
39.7435
42.0949
38.5978
35.9955
44.0433
41.555
35.6579
38.697
37.8958
33.2878
47.1288
39.7183
33.752
37.1758
32.5472
38.2864
45.7946
41.2588
34.7436
43.6932
37.1331
34.2708
36.9455
41.0116
34.1797
39.8939
35.2524
44.1204
43.5528
44.6967
42.8689
43.4082
37.7994
39.2541
35.8607
36.958
47.3381
37.9533
44.3322
33.7364
40.7823
36.6189
42.8504
40.8894
39.8988
34.6512
36.5313
38.9527
49.2007
53.7586
40.6214
39.4082
41.825
39.4701
42.633
49.9609
37.1855
37.7099
44.9112
44.7782
40.2952
37.6775
36.1391
35.926
39.5459
34.4587
35.701
42.7123
38.9902
32.039
41.7524
41.1485
39.591
36.0904
34.1829
43.3658
39.9738
37.2003
41.5907
36.9272
45.4298
45.5487
32.6362
43.6356
42.9405
36.3234
35.6695
43.0335
40.2394
38.1006
33.3099
32.918
42.3621
41.556
39.1842
42.9148
43.8343
39.9377
40.4957
33.2657
39.0884
31.4777
44.2238
39.5291
30.9901
42.6285
33.8418
36.0682
37.4242
36.4163
32.3932
35.7855
45.1836
43.7321
38.5438
42.4557
40.2544
36.6762
33.9294
35.4194
43.3268
35.4963
44.1475
44.6632
35.298
45.1448
36.2961
39.8876
39.8328
48.0293
42.8848
51.0783
38.6039
36.9033
36.2846
34.1725
34.8192
37.3911
52.8129
39.7824
37.8817
49.3974
36.8164
40.8059
37.9756
40.0347
38.0457
36.01
40.679
38.0236
40.1236
31.9533
37.8338
50.1274
39.3799
31.4126
46.6725
35.7158
38.2032
43.2111
39.0214
44.8754
35.3029
34.9866
38.1847
37.2536
43.4065
35.662
40.0146
43.2541
31.4208
33.5187
43.3499
40.1939
43.166
40.5251
42.2843
45.1975
40.8764
45.1036
41.753
32.0838
37.96
33.0048
33.96
37.9383
44.9138
47.5482
43.7408
42.121
36.0018
35.2186
49.4174
36.8346
48.9907
40.606
34.0343
41.3322
39.9463
38.6515
44.1933
33.5876
42.6892
40.1106
37.0468
43.1366
39.4624
42.4781
36.8427
49.3712
41.545
39.1036
42.4008
47.339
35.9932
37.618
45.2088
34.3913
44.8077
44.2138
36.7248
36.7715
41.1592
40.1487
46.8318
38.9538
35.3053
39.7844
31.8826
42.6521
41.0325
43.679
38.745
39.0906
35.7191
38.4554
46.1576
35.2083
33.2943
36.97
43.388
41.0377
41.8789
36.9166
34.0097
33.4688
33.6822
35.693
40.3655
33.4462
44.6914
34.7153
43.8568
43.2991
37.5454
44.8742
40.7581
36.4014
41.7746
37.9373
39.5577
45.8331
37.8138
42.673
37.4981
40.1047
57.0657
35.9015
41.1111
35.0518
34.123
36.9288
42.9353
44.7308
39.6084
36.3457
43.7185
33.8362
42.3296
42.5472
46.526
39.3498
37.5305
33.1308
41.6964
36.7905
33.6779
42.4884
34.5675
36.3412
35.3999
45.7153
40.2992
45.9528
30.6032
41.0334
41.3657
38.3368
43.4444
38.0819
47.6167
41.4616
42.4672
38.0723
38.022
33.613
41.0688
39.7202
34.6369
37.6776
42.6237
31.2574
34.0029
42.7446
42.8841
42.5373
46.3024
48.1955
44.004
43.8336
39.5015
36.8753
34.9336
36.0535
36.6024
39.8026
44.799
38.4179
35.7251
37.1618
32.7972
44.2771
42.4208
50.5352
40.4301
38.177
34.9315
30.0203
37.5078
34.5028
40.0345
37.5812
34.085
39.7944
35.2127
41.5097
49.0752
47.7295
41.7729
34.1701
41.2137
44.3875
37.7621
43.6607
39.1584
42.9573
33.4663
39.1091
40.7808
40.0894
41.5415
32.5548
47.5009
47.2007
37.0215
40.8246
38.8535
37.8836
35.2721
34.6802
40.6424
38.8625
45.8261
31.3151
37.4177
38.2764
43.5249
38.2895
32.8875
32.9282
39.5236
38.3442
35.2742
42.7524
39.5141
46.4458
36.549
41.7919
34.4798
41.4426
43.9607
37.3889
34.3505
37.9548
34.5624
39.6934
42.2743
41.7713
36.1691
32.1452
31.6511
49.026
36.3641
45.5065
37.5043
32.5861
42.1982
39.9171
37.0541
36.4259
37.977
33.2951
38.8756
30.3971
44.9263
40.2809
38.6446
37.1149
43.8643
36.2121
33.6852
40.1338
38.0256
36.209
43.8443
46.7972
38.3956
40.2281
43.1458
45.0931
39.879
45.6462
38.8901
42.5553
39.9609
42.235
42.2806
39.355
45.6568
40.8485
38.3061
39.6462
40.2807
39.6689
42.0337
45.2421
41.0116
32.5439
49.1267
35.0164
32.6684
40.5359
37.6335
37.4409
40.3896
40.2967
37.1605
40.1005
37.1939
36.479
41.0975
41.5008
43.0574
34.3707
36.6345
36.5439
42.7738
39.2848
33.163
41.6746
36.4399
40.5335
41.4433
37.4591
34.7134
42.7033
38.7091
38.8246
38.6255
50.5797
35.9423
37.1403
40.5096
39.692
38.2831
35.4289
38.8492
40.7854
38.117
35.0712
37.4316
43.7632
39.0425
37.9293
36.6319
41.5814
35.3646
34.8648
44.5506
39.9196
46.2995
40.6209
38.3969
37.8272
36.3474
38.3713
39.0196
35.404
38.0503
35.3425
38.3998
35.2794
36.6151
36.089
35.717
35.1752
34.9811
33.4554
39.2624
39.5643
37.6755
45.4443
44.0498
34.797
37.3019
38.5215
43.3567
33.6212
41.102
34.5802
37.3242
38.5551
39.1855
40.5919
40.832
35.5543
41.1265
41.8801
38.3219
40.4369
42.6596
34.1829
46.0888
37.7418
43.9652
43.3305
36.0919
42.3074
42.1013
50.0836
41.8647
49.664
39.2828
42.1131
35.0484
34.9398
35.8209
40.365
40.8425
39.4826
39.9584
34.9418
40.1041
48.6694
37.9415
34.7941
42.0009
34.0923
41.0779
38.9046
35.8558
40.6129
43.326
36.8075
38.5018
34.606
38.3622
36.1766
43.313
38.043
35.1494
35.3236
37.2099
44.7849
35.6537
37.233
33.5724
35.5632
47.5646
48.8083
36.1561
37.3712
37.8434
41.3718
41.2853
34.9405
41.3172
36.9721
34.3139
46.7579
34.0018
45.6731
38.3353
38.2741
39.3491
45.4807
35.8485
30.6866
38.6453
53.0508
49.0121
35.6867
40.1875
36.3367
37.4535
36.9524
43.799
41.5939
37.2869
47.1408
32.755
34.4111
44.4704
35.4403
44.3067
37.2065
49.3806
40.3607
44.6532
40.4027
39.5996
35.4377
33.051
34.4004
39.2772
38.8124
37.0179
47.1051
40.9904
36.6759
33.9445
46.8488
36.9937
40.2769
40.1332
39.7268
40.8034
42.0093
37.0736
41.7889
38.0404
54.0556
38.0097
35.7035
38.8708
35.726
43.36
43.1585
37.3957
38.5127
45.0156
33.6166
34.0828
38.852
35.6685
38.4108
36.6862
46.563
32.5552
37.6192
44.2746
35.3608
42.8559
34.8458
39.9259
45.7984
32.8915
37.2054
40.5482
33.0754
41.923
36.9925
37.3858
39.4851
37.656
36.8601
48.5687
44.2813
38.6773
45.4963
39.2687
39.4823
36.9875
46.226
42.1552
38.2497
38.7236
43.4206
43.5794
35.5614
36.4355
33.6974
43.7289
41.2942
35.0853
36.2165
42.0698
40.7024
32.7756
40.4317
40.4717
35.2168
36.6094
37.6201
36.1343
40.1973
31.1844
30.9478
36.538
41.1295
32.6508
35.8202
38.7177
46.4405
39.9444
39.6414
40.7765
44.2131
42.2907
55.4802
35.3587
33.0432
41.9216
38.7104
38.0907
36.9225
30.1463
31.9354
36.3199
43.9451
34.5789
43.4963
44.4365
40.7044
34.145
32.2058
39.7494
40.4217
37.9342
33.0737
36.863
38.5843
39.1281
37.9186
38.2087
40.9011
44.1002
45.2576
35.5334
48.8561
48.6018
44.0627
43.6664
42.1099
46.9301
38.7594
39.2866
39.868
33.7939
33.9889
41.0269
37.2302
34.4611
49.9065
39.1391
35.1229
42.0179
53.5374
55.1448
37.5862
37.4474
32.5707
39.4571
35.2969
32.3407
34.3332
37.1772
40.1987
38.0702
33.2558
52.1748
43.908
43.0909
34.0488
37.9054
38.2985
43.9051
37.195
33.6264
45.923
35.5577
40.8264
37.8663
44.2605
36.812
50.4526
37.9317
38.071
41.588
36.2213
41.2406
43.2601
36.3437
33.3145
34.0996
41.9362
47.8226
35.6608
39.4062
36.1936
38.1688
34.5524
42.2072
38.073
33.5394
45.4212
43.8756
34.5864
42.7153
41.7876
42.717
36.0984
40.5347
39.5454
37.9052
35.4972
37.1861
34.0495
34.4196
38.135
37.6954
40.605
40.442
40.7398
35.2431
38.0245
37.9782
47.2348
41.1194
34.632
40.3428
45.5134
35.1457
37.0189
35.5897
34.9164
38.9069
34.15
39.4668
36.6405
39.2704
39.482
44.5872
35.5957
35.5405
35.7062
41.2456
40.9144
42.5196
34.0679
43.6379
46.8052
42.8785
47.1742
38.5808
43.0297
38.3782
42.2463
35.9518
38.113
43.9044
40.8984
38.3087
39.4902
40.3774
31.1633
42.7581
45.5419
33.1339
43.0612
31.7706
37.4761
47.9261
41.8607
39.2736
36.975
34.8242
39.9328
37.2033
33.1479
33.2836
38.0725
48.1818
37.4058
38.6405
44.143
46.8448
35.7324
44.5111
46.1047
40.7278
43.8422
35.3326
36.9887
35.7098
34.7462
32.8898
38.9747
38.9203
38.9257
35.5749
45.101
36.9773
35.5892
42.2451
46.1768
41.7225
33.329
39.9077
36.6036
34.5919
36.2279
42.7337
31.2865
40.2353
36.7812
42.9576
55.8562
36.6899
40.2031
37.3029
34.8506
33.5744
39.9239
35.4214
46.9267
35.0857
41.6048
37.7807
41.222
47.2157
31.5422
36.9539
35.3128
41.6128
46.2328
35.8127
36.1159
39.1897
32.7155
33.1704
43.083
35.9038
41.3258
41.2756
38.8313
39.8441
32.8629
39.6865
38.4038
35.1725
43.9242
36.1612
34.7426
37.5205
34.0959
35.0839
36.2889
35.321
41.5275
36.867
35.7008
39.0986
44.1235
40.4731
40.4915
41.878
32.668
41.6593
41.6001
35.3449
40.2643
35.1598
40.5029
40.8456
35.3264
44.8726
38.6159
40.2408
39.2697
40.9437
36.968
37.4865
38.3473
36.8473
40.3755
36.129
47.5561
44.7387
43.6611
37.7153
35.1091
33.6308
44.1271
43.8066
33.4062
41.3488
30.2931
35.6561
36.9501
38.9347
50.2765
40.8388
42.1074
32.7519
37.352
44.1145
39.8451
42.5445
40.1488
37.1699
40.153
42.2314
45.0869
33.2349
44.5937
51.7869
41.7437
42.7488
43.7254
39.8092
35.4765
34.162
38.4673
41.0854
42.0597
37.6441
39.7485
40.1279
45.2738
32.706
37.7505
32.0061
39.9995
47.5059
41.341
39.4416
37.0504
44.4859
38.6388
44.1124
42.5226
41.2057
34.5303
34.7743
38.2432
47.2753
40.2605
37.7451
34.4075
36.8875
42.5624
37.8529
33.5226
47.7257
36.4861
43.2352
43.6401
36.8868
33.5294
38.5491
41.3652
37.7163
40.062
33.8157
31.7155
33.2358
47.8714
53.7581
38.7134
48.0596
39.0285
34.8235
42.3204
46.5182
38.725
32.6512
38.8091
40.2547
30.5813
39.7803
35.6005
32.8788
35.1904
35.8485
33.2517
35.108
39.1814
41.2252
57.5138
39.9797
37.6224
45.2718
36.0777
36.7377
45.3942
41.3696
38.7174
39.6485
40.9873
36.9483
42.6127
37.3475
41.2879
33.3446
46.2895
47.0988
38.1205
40.986
30.4778
37.8158
33.6396
37.867
42.0447
36.3876
41.359
41.1709
33.4198
42.3119
50.8178
39.8006
37.3854
42.2446
35.5383
44.4569
39.1671
36.7311
35.7539
42.9134
35.1192
37.3586
43.2592
37.397
30.902
39.1203
38.4379
42.0078
39.8835
33.3421
43.3601
34.2784
42.5118
38.7655
38.9387
37.5244
36.7753
34.6799
36.6663
53.2183
43.0808
42.3876
41.8937
36.7858
36.8775
33.3596
41.2636
35.7821
32.7213
35.6853
45.2591
35.8919
40.2179
37.5883
42.7664
39.9688
60.7791
46.3661
38.1725
37.5855
38.6856
38.7468
40.0928
39.2598
44.1423
37.4026
38.2264
40.8651
33.8871
42.3803
43.9261
37.269
39.6182
35.6964
42.4939
40.4614
35.9266
39.3764
41.8414
43.0976
43.1894
38.8843
36.2993
40.023
39.0779
33.5834
36.2135
36.3927
33.8934
36.6053
45.4618
37.4702
40.9686
41.1405
45.9324
31.6487
43.7618
42.8967
35.9338
47.2497
38.3182
38.6494
38.8949