41.2468
36.9461
40.4796
37.2901
46.7845
45.4394
34.5971
38.9972
37.3385
34.9251
41.1186
43.9493
46.8377
34.4792
34.7408
50.6161
37.0859
34.9732
45.4206
40.8211
39.6259
37.3315
35.8384
33.9994
40.051
36.5477
37.5384
40.463
38.9372
42.5646
41.5208
33.0853
38.0981
33.6141
51.7355
46.5539
35.4789
41.1136
39.4282
37.9601
38.7584
34.0775
32.6211
40.2149
52.1748
43.5002
45.3274
41.1855
40.2434
41.9454
31.7775
44.1129
47.1544
41.3453
39.5462
41.8527
37.0596
40.5909
35.0426
52.4711
38.6488
34.797
32.6971
39.9228
57.4667
33.9975
48.2971
37.2904
41.8487
36.6744
35.9265
36.2075
35.6706
38.0833
44.4492
36.4415
32.7296
39.6667
45.8343
43.821
38.3822
36.453
39.0514
38.6186
40.5701
35.7145
41.9829
37.4053
37.999
32.7174
35.9715
36.5041
40.7831
45.397
43.3153
48.7098
41.1225
36.7436
36.826
40.3019
37.1606
34.9691
44.7606
41.7505
33.5069
34.8725
39.3947
42.823
35.541
37.9859
42.1834
36.4045
35.0891
34.4718
37.3002
37.6087
28.8467
33.8799
38.4371
38.85
36.4376
40.3576
42.5159
28.6346
34.3484
44.5563
30.8968
38.1718
45.1744
38.8173
33.9685
41.3385
43.4231
35.8229
34.086
45.5291
32.1161
41.1069
46.9125
39.578
38.8806
38.9259
34.2333
40.2726
43.5133
35.3549
33.7848
38.8147
36.8695
35.7292
43.4174
38.5753
39.2445
38.8073
40.8411
50.1943
34.0774
41.5934
50.6809
41.4442
40.1165
37.233
38.2971
37.1596
36.6655
36.8734
38.2298
38.362
40.6898
36.1063
39.3152
49.6358
39.7148
31.8355
45.2421
35.5446
38.4415
39.4464
41.1107
35.5968
39.9474
40.587
46.8698
40.8242
40.7983
45.3435
33.9596
38.6203
41.2208
41.5594
49.1103
42.6678
36.8113
41.7254
35.6792
38.725
41.8705
36.7635
35.8669
41.4971
39.1824
46.6368
39.6072
48.4807
44.6433
37.4348
36.2346
42.228
36.6127
39.5252
38.3524
47.9711
43.8191
36.6636
37.7733
33.7522
41.0724
43.6583
30.0991
34.991
37.064
30.8263
33.1749
45.495
37.6471
30.8468
43.5089
34.0511
38.5992
40.1654
34.0206
36.6418
35.759
35.6287
41.1599
37.4567
46.9607
35.8625
31.5689
34.0327
34.4817
42.2114
43.9254
45.9112
38.8195
41.7387
39.6985
42.7807
36.8581
39.669
40.6951
34.7393
48.3564
36.538
38.6248
34.1539
38.2215
35.2455
33.7924
38.1589
48.9673
40.3141
37.7196
35.1176
35.9011
50.5999
44.9544
33.7838
33.7013
37.0222
38.6316
41.9666
37.3011
41.213
42.9044
44.8854
41.2462
35.6751
40.8276
42.8332
46.8787
43.2659
43.9829
34.4902
43.285
33.6185
36.9831
37.6353
42.0452
35.0069
39.0413
46.3574
33.4507
46.5675
39.8733
39.1783
36.9715
46.3745
40.3256
41.9143
41.5565
38.4183
39.2183
39.2369
43.7686
44.8523
40.4631
43.2189
36.4274
46.4544
35.6008
43.398
38.0962
40.0818
41.9075
44.9827
38.4933
34.6548
34.9932
35.4986
41.7283
42.9628
42.6656
34.9019
33.7124
37.1369
33.9595
30.3502
30.8662
33.009
37.4074
41.6991
33.7307
39.921
37.8832
38.0575
39.2883
50.332
35.4489
40.3011
42.6387
47.1836
39.8983
38.4103
47.1689
43.3547
39.9144
38.8764
34.9278
37.1492
45.5613
39.116
43.4955
32.7434
37.7741
41.8224
54.6426
39.6448
36.1296
38.3623
38.2133
37.7517
37.0409
37.0842
43.3441
40.641
39.6209
38.6143
39.2406
35.0556
45.2507
41.5682
34.4639
43.6649
40.7115
43.564
41.5662
41.0458
33.8365
34.7072
53.9561
43.5733
36.7473
41.1338
33.6841
42.115
37.8092
35.9893
41.4365
37.2513
44.3503
39.6227
49.1384
39.6323
32.8334
43.3476
37.6035
33.9204
29.0301
34.3548
34.5505
39.0513
52.4463
40.711
37.0279
47.2585
41.9267
38.6339
38.0088
55.4857
40.3089
34.41
42.0725
47.1649
39.2153
40.311
34.5565
37.1611
38.0883
64.9993
37.331
37.8892
39.9121
39.346
37.9291
40.9071
39.3403
35.5982
39.3406
53.0146
39.8392
36.3606
58.9823
34.357
32.8639
34.9977
43.5309
41.84
37.2356
41.7252
43.9179
40.9176
38.189
38.327
36.3602
40.5092
36.4177
33.4954
41.3177
38.8679
31.4401
37.8673
43.6699
35.4437
37.5231
37.778
50.2273
50.8914
36.9487
37.6291
32.9406
47.8522
38.6867
41.1874
34.1637
36.7799
36.7403
40.6464
46.1638
37.9223
42.0639
33.574
36.5832
43.0555
40.6204
48.0993
40.4563
31.2399
47.434
41.3122
36.9628
45.2605
41.1517
36.5253
42.5928
37.8147
39.2071
42.5086
32.9325
32.7445
38.6923
45.7436
38.4177
30.0783
38.7872
33.9579
41.1685
30.7473
46.1639
29.5494
40.0209
41.3195
34.2205
42.775
48.4057
36.7614
37.3972
45.9542
40.747
37.8761
33.4252
35.5875
38.1838
35.6787
37.2204
44.1128
35.3077
39.7174
35.0938
41.1829
36.3906
36.3504
38.7138
31.4611
47.3797
38.5947
58.6392
59.1096
31.7777
41.7549
37.6317
52.4975
30.0101
30.8602
35.6262
37.54
39.6983
36.8811
44.0592
42.8466
40.3393
43.623
37.1849
40.342
37.8053
36.9612
33.9146
39.9408
32.0212
39.6694
37.3813
34.0678
34.7904
41.8453
37.3578
44.9836
35.297
32.7881
35.0472
43.507
36.4707
38.1849
32.6222
42.5302
49.7601
42.1498
36.9663
40.7977
35.7902
37.189
34.2175
38.4663
40.6616
38.0918
35.0917
35.8691
37.7347
37.2271
42.3625
37.9093
44.3319
35.9203
37.0428
30.6237
40.5004
43.6303
34.5456
47.6625
38.568
54.0348
35.0095
38.1975
39.2596
44.791
48.7958
37.7393
40.0565
42.2601
35.6545
40.7734
35.4682
35.9263
38.9047
39.8459
40.5626
39.695
53.5074
45.4624
36.7143
36.6039
42.4122
29.6539
37.6951
40.9988
34.7088
41.9808
37.7029
50.9161
34.6683
45.5824
38.8122
40.4676
42.2588
36.0304
41.4975
33.1322
39.004
37.1794
35.482
38.6967
38.1182
39.8235
40.1169
40.4096
45.4444
39.5913
44.6235
41.5855
43.5965
40.7336
38.4929
35.7499
42.3754
35.3318
40.8208
42.0401
34.6822
39.7329
41.1301
42.9101
36.0532
39.2781
44.6219
37.7907
40.7347
45.7234
40.9508
33.3855
35.7311
42.2636
36.3161
36.6293
31.0049
37.5144
40.8273
34.4278
33.8152
34.1812
36.9172
39.8934
31.7845
42.5675
37.7747
38.5475
39.6422
45.717
39.2526
40.6058
32.8761
40.547
36.456
33.9222
44.8272
37.0994
36.0848
43.5692
42.3018
37.4923
38.1885
36.1756
37.3029
39.0985
39.1767
45.3963
38.1925
33.5374
36.5049
42.7912
36.0912
37.9274
30.9463
47.5372
36.934
41.0865
38.6938
34.49
42.3007
43.8728
35.0922
38.0011
47.07
41.8843
37.9387
40.5853
42.424
37.4483
40.013
38.1697
46.9022
37.9028
39.3416
39.3883
38.9043
48.2529
40.8931
45.4672
38.8174
34.0549
45.4078
30.5243
40.5449
38.7216
47.1471
38.0206
39.7888
49.0655
40.4121
39.1644
40.1116
32.5841
40.5254
39.4475
33.0173
38.8087
38.1038
37.4577
40.7842
33.6619
51.8171
44.1668
38.7087
34.8766
37.547
44.874
38.789
42.6865
31.9193
38.031
36.6375
34.6494
45.1722
39.3686
38.6438
31.7629
55.6416
39.4195
30.4533
40.6442
35.5774
36.5128
36.8426
33.7156
39.1425
34.4598
37.3675
39.1003
42.4374
38.1415
40.6666
34.1922
38.6393
36.4494
39.6022
40.3292
38.8344
50.2344
40.993
45.2814
33.288
34.948
39.6534
40.3776
44.2154
40.5252
41.1397
42.5256
45.0176
39.1464
36.1998
39.4352
36.5891
44.8153
33.0477
36.3275
37.7053
38.3725
36.7046
46.6869
32.4146
35.1352
34.6199
43.7084
39.6836
39.8586
47.805
37.3478
45.3568
41.1898
49.8668
41.6071
36.0562
44.1587
31.6168
40.8086
30.2371
42.0719
38.3768
43
40.7603
37.9246
45.3437
40.7713
39.5771
31.5901
37.0889
40.8895
37.4609
43.3812
44.6671
48.5017
36.38
30.8471
36.019
27.9263
46.1161
36.4331
38.2984
31.932
43.4359
29.253
42.7995
44.8021
41.569
41.2623
41.1447
40.5418
43.0723
38.0003
33.7651
42.822
48.0543
42.835
40.0421
43.958
36.1157
39.7753
38.9217
34.0964
41.7815
39.5887
37.2597
34.472
39.8388
42.6734
36.8562
43.3322
41.1333
41.6513
42.0093
27.3497
37.2348
35.8097
39.8098
36.078
44.7981
37.8044
36.386
35.825
40.996
36.3705
40.0438
49.5046
44.6656
39.0817
33.861
36.3918
41.4775
37.3725
31.3787
41.4006
45.3814
43.5129
36.3734
36.0849
33.5323
39.5204
40.7219
42.0964
47.426
44.3329
38.6153
38.7628
33.4905
41.9976
32.0717
40.2578
45.5043
34.3648
40.9646
32.9153
40.8097
40.324
38.8586
35.1165
33.0579
37.4876
36.2111
44.1589
40.6028
36.8304
41.9716
33.6778
44.785
34.2665
52.9479
39.186
36.2296
37.6165
33.4762
37.7265
39.399
40.0549
31.1665
35.4776
43.6209
40.6941
43.1597
44.0585
40.7378
31.7388
38.8799
39.0839
43.8665
34.0326
39.7675
34.9961
29.0842
38.2315
42.0604
38.4542
42.3699
42.2557
35.5316
38.4406
45.4099
39.2573
38.6149
46.9899
41.7608
36.6689
47.2223
36.5802
35.8053
45.7313
41.1913
36.3495
35.4523
31.9491
39.7109
39.4281
41.0428
43.1635
44.1497
36.4163
44.6397
38.7685
35.8737
39.6011
37.3895
41.3176
41.3452
35.2288
39.0201
42.6492
39.7075
35.7019
42.2697
34.2096
37.8531
35.2813
38.5076
37.9678
43.8224
46.6516
43.5941
31.7302
40.7156
37.7243
37.1972
38.9994
33.0832
37.1006
43.3903
42.9466
34.7432
39.1644
39.0441
40.9358
43.5352
48.7925
37.8885
37.2399
37.8929
47.2885
39.1821
41.8071
38.4426
35.0909
42.7506
35.6859
45.0911
37.532
42.9643
35.82
33.9801
35.1887
43.6819
40.6163
33.4231
37.3048
34.5726
34.6614
48.8637
40.5896
39.9353
35.6913
34.8415
40.1744
42.8251
50.9571
29.2276
38.5716
48.0362
31.5954
36.0461
40.4136
33.3807
35.9237
39.9699
32.8914
36.9275
40.2506
51.2396
39.4297
35.288
37.2907
42.9977
34.6442
37.2498
33.5987
39.5377
36.5384
41.8862
31.9767
35.3932
43.8368
32.086
44.4668
38.1146
40.7921
39.5651
36.5785
40.0775
34.4172
40.6472
40.5997
36.5038
35.9839
34.2558
41.3563
39.0662
35.0322
40.286
42.2402
42.0695
39.9973
42.9367
35.8969
33.8054
35.6093
34.3868
44.1218
42.5696
44.3829
36.2311
41.1247
34.7736
35.7982
38.6298
43.4633
38.6005
46.5773
39.0415
38.6933
30.0444
43.1746
51.5435
34.7997
38.3837
36.598
38.9893
38.3299
38.1641
30.0414
42.727
42.6851
42.3924
39.399
39.1299
29.1658
39.2984
40.8498
38.5235
33.6863
36.3747
39.2348
32.3837
55.4049
40.4577
40.1482
38.9892
38.6418
39.4146
38.4821
44.3696
34.1278
42.6735
48.4327
37.2516
38.7854
51.4454
49.5089
34.804
36.2003
38.2455
49.5135
30.6323
38.2154
37.4356
32.835
37.2704
38.7895
46.066
42.8856
37.777
38.5021
36.1764
41.7674
42.6981
34.5652
33.5072
52.6444
40.8734
38.0756
39.4737
41.6052
38.7474
36.5924
44.0337
33.3787
36.2555
48.2116
47.1207
34.299
35.3489
34.4409
36.5986
34.3324
40.5478
30.9551
41.7791
40.1889
31.1703
44.1901
32.5089
34.7616
51.6414
39.0691
36.0645
38.2007
34.5525
39.3694
35.5808
43.4116
46.5529
34.7772
32.1819
40.1219
39.2562
35.5372
45.5613
32.9607
43.8859
38.7331
38.6909
40.707
57.7874
40.1808
40.193
43.1212
36.6334
31.0322
43.3705
38.1937
32.1222
30.7671
38.5068
38.919
36.8041
34.5504
37.4777
47.7722
55.2072
38.8491
30.2221
46.9901
42.6884
36.6686
42.1627
42.7502
39.6097
32.0029
37.1293
41.1856
41.9847
35.9173
42.8384
44.1064
39.2243
37.4957
35.238
40.8997
37.7241
36.6337
44.7733
37.395
35.0197
48.7368
42.102
34.6775
35.327
32.4432
37.3134
37.5236
37.7368
36.1196
35.7326
39.4632
47.9552
34.1281
34.861
38.1431
35.4717
40.1923
36.0793
37.2072
40.6463
32.8895
29.8763
39.2558
41.9681
43.6547
45.4636
35.6409
31.3993
43.858
40.406
34.4406
37.9748
36.3477
37.4598
41.1753
37.3104
36.8091
36.9964
44.2042
38.6485
44.662
38.7702
38.0813
41.7478
38.1152
40.6141
36.4885
42.528
31.6605
38.3076
41.8141
37.9329
45.8693
36.7759
32.5054
40.2805
40.6338
35.307
38.2477
39.9775
41.5528
44.2299
33.6146
39.8891
43.4086
33.8386
41.2925
38.6731
49.5947
35.5214
38.7314
36.5634
40.2426
38.2292
37.077
32.4879
40.4668
33.4937
33.2343
48.3098
37.4739
37.0812
32.785
35.7287
37.6411
37.8271
41.2627
33.7665
42.1908
39.5307
41.2664
30.2709
41.3204
33.3534
39.3405
33.3093
38.9394
36.5789
42.1996
45.5021
36.9989
44.5601
40.4955
39.3948
34.4697
47.5111
43.5558
40.213
35.7699
35.3451
38.8851
40.4722
41.1947
37.9631
38.9234
42.4125
43.1813
37.2585
33.6287
29.8625
39.7938
38.2401
51.5987
38.7248
43.4994
41.5331
44.0185
37.5856
47.2093
45.9291
42.2402
39.1383
39.3009
36.1684
39.1101
41.1436
53.6163
35.0202
37.5211
37.1159
39.7685
40.9326
40.985
38.4093
30.4611
46.1368
37.5034
40.4323
35.2746
45.0742
35.313
38.8625
37.7546
42.7235
35.7477
34.176
44.1872
36.8325
42.9825
43.8502
37.7395
50.2651
43.7731
39.2694
37.3511
37.138
42.6515
32.6634
34.0641
46.2688
45.163
38.161
38.4054
47.7715
36.6656
42.0795
37.1113
33.7861
44.7522
32.6339
35.924
38.0981
36.0759
37.5127
40.206
38.6626
37.4307
36.6762
39.2259
42.1279
34.6866
35.6455
45.8907
37.6498
45.3721
44.681
34.5046
35.9354
37.6128
35.9535
42.4976
37.5337
44.9649
37.7548
41.7632
38.4602
34.4522
48.2358
40.5045
35.3298
42.2344
42.6021
43.9225
37.226
40.7574
34.0153
36.1703
33.5448
36.9305
37.4963
39.4746
34.2923
43.8493
46.3594
36.3804
39.5413
43.1176
36.9083
39.6171
42.0856
37.1606
33.7741
39.0911
34.7155
29.0893
40.7084
40.3699
33.5345
50.2138
42.3624
35.9396
39.5615
38.7853
38.4009
38.0349
40.5755
37.5855
30.9308
36.6297
31.1899
39.1099
35.0162
46.2162
37.0957
47.9357
35.2174
35.6116
48.396
53.5821
44.1961
41.3811
37.0493
46.6984
42.3435
38.4235
34.2332
41.6569
43.7649
39.0186
37.9962
47.0694
37.0572
41.8487
54.4421
36.9681
43.81
47.3278
38.9295
41.8798
36.9125
37.2854
40.2291
35.0533
34.3794
37.2306
38.589
40.2209
37.9679
36.5741
37.814
37.7677
35.8758
44.3816
38.1306
37.7447
36.8564
39.5035
39.0317
39.9033
42.0543
40.4942
39.9271
51.0649
40.5159
35.2923
35.228
39.21
24.4959
47.2396
40.0537
38.4753
33.7439
34.9226
40.3772
42.7057
36.0904
39.3688
38.4286
46.9252
32.4704
51.5425
33.6217
40.4531
45.4572
37.1976
36.0881
45.8737
32.9856
47.5057
35.2305
40.5635
36.2059
43.1275
37.9443
41.2826
38.2374
38.3594
37.9095
32.7613
38.2848
40.3197
37.36
41.7035
37.7689
37.949
38.707
40.0767
34.7553
38.8737
36.5871
42.8836
33.1248
42.1197
40.6387
36.9122
39.0952
42.2981
36.3001
35.259
36.2659
38.0993
47.2399
44.0317
37.0775
38.0258
31.219
38.992
39.9482
36.8782
38.7799
43.0458
32.5495
41.4842
38.1454
39.5138
43.7785
36.47
36.2574
44.6053
36.7232
35.3907
31.978
42.1784
37.9066
41.5813
36.7191
33.6551
39.7424
37.6278
45.2974
34.7813
36.5081
37.38
42.6142
40.388
32.3375
33.7799
45.7158
35.9463
37.0894
40.355
47.419
39.9026
43.8273
34.3974
46.587
36.236
38.5128
42.7397
32.8085
34.2962
38.0977
40.4992
47.0344
33.4274
40.0329
38.6029
36.1528
39.9442
38.7571
39.8924
38.2737
36.1249
39.8138
37.3642
37.4948
36.0463
38.6404
44.065
35.5866
39.5819
37.4591
38.6474
34.2028
40.8079
40.639
39.347
31.5532
50.2984
36.1344
42.0816
29.2759
38.4904
35.7637
40.6751
41.537
32.9263
43.3514
36.8986
37.7637
35.8693
42.1743
37.2264
41.7234
42.5045
37.3888
33.8395
29.6862
36.1266
30.1437
37.0287
41.2928
37.5029
48.3978
50.8043
38.1173
42.7736
38.9252
42.6489
39.3292
46.9883
34.9425
44.7596
47.768
43.1214
40.6828
30.643
33.6056
34.8932
32.5608
42.6517
40.3884
34.9756
40.1928
33.7676
48.6416
40.8409
34.5412
34.0288
44.9473
40.5709
36.5286
33.091
42.8309
36.3801
40.2206
39.7652
41.9156
36.4874
31.5612
34.7544
35.1923
46.6707
34.4161
36.4354
36.3948
46.9303
38.495
35.6047
39.6224
45.2731
31.295
36.7646
44.7572
40.2653
45.7682
36.9409
38.685
35.2704
53.0009
41.9141
38.4224
43.922
32.2429
35.3967
30.8097
39.1224
42.1838
35.7843
38.9268
31.1756
39.9569
44.4972
38.4045
48.296
37.4516
36.6054
46.4106
38.5777
35.7751
32.2749
52.7783
45.2205
40.6087
38.237
34.593
35.8466
37.0882
35.2829
41.5069
34.35
40.2323
31.5268
32.3867
39.0091
52.6088
47.4469
39.6332
35.9976
48.2468
37.3913
43.1882
41.5249
39.211
34.2162
33.101
39.5242
30.7166
36.1422
38.8357
38.8335
38.4669
50.2723
55.3009
32.4886
38.8908
46.2366
41.2172
35.1832
44.2262
45.494
37.3497
42.6451
39.1521
34.5165
44.5659
37.8588
34.2708
37.6158
34.3719
43.1478
33.1944
33.4231
41.0211
37.687
39.5961
37.4542
42.1512
41.2641
35.6443
38.857
47.5528
38.0207
32.9957
39.2891
38.6473
32.1281
36.8392
36.9013
44.5367
42.7937
40.9222
47.1855
40.9443
44.3653
41.6034
46.1013
38.117
37.1567
34.9287
40.0537
33.6018
43.8262
43.9355
38.9419
39.5399
44.5352
39.4166
41.2485
47.0202
39.0286
45.9241
40.6663
39.0092
42.6841
39.8485
41.0447
40.8891
39.1086
38.985
32.9746
38.7072
36.8862
35.7505
38.0169
39.2051
37.9267
43.2352
36.9819
36.6306
35.9107
36.8252
49.8345
45.5474
35.5077
45.5787
35.5256
37.1799
42.4545
37.9316
38.8893
42.7906
37.1681
40.2777
40.1584
37.5779
36.4673
40.0809
39.9403
38.9856
31.6337
41.9945
41.338
34.6115
42.5406
47.2479
44.306
37.7163
32.8648
44.6306
41.866
35.9963
43.6639
38.6024
43.1798
39.6897
45.1399
37.0145
41.5691
35.1296
31.7317
36.014
39.3577
31.495
42.9856
54.1116
36.2395
35.5807
35.9828
40.2776
39.2944
40.7365
39.5711
29.7776
37.7839
42.4045
50.1133
37.1026
35.6926
35.4013
35.3328
43.3531
43.8176
36.0985
42.579
49.2773
35.9509
36.51
40.9807
37.8959
45.4585
36.4735
36.7911
42.9461
40.6036
37.2752
44.0329
34.4529
42.0531
37.2941
33.0536
46.0102
42.6042
39.2119
39.3717
48.1518
39.4584
36.9348
37.4803
44.7535
37.8043
40.4627
42.4249
42.7661
46.1224
42.1159
38.5408
37.6077
36.3406
36.8423
37.9519
32.0796
37.9068
44.3158
31.2474
39.0985
29.9205
43.1285
35.1205
36.4896
43.4178
37.0501
33.0389
52.849
39.7718
44.9276
45.8912
37.6366
37.3235
48.2414
39.1382
40.0164
42.7028
32.8563
33.0842
40.7801
36.1052
36.8062
51.7204
38.698
34.7375
40.909
41.1515
33.2837
41.0774
54.4562
37.6508
36.9741
34.9547
37.4617
34.9273
37.6645
39.6872
33.781
33.464
39.7374
34.2779
42.6061
43.2627
39.3234
38.6262
33.4772
41.96
41.8677
38.4116
38.1379
34.6452
38.395
33.8998
34.4831
45.584
32.2183
39.5152
35.9211
36.8153
40.6358
38.0076
41.5624
30.3547
40.3811
37.4823
41.7067
41.6447
37.1648
41.6408
41.9271
36.515
38.9028
36.4439
43.5862
34.6795
34.9359
34.6886
34.1423
36.8731
43.4674
39.8211
36.9612
41.7417
35.9114
40.0237
36.6803
37.6724
36.9807
39.3413
34.9256
39.7691
33.2712
35.1308
47.4606
41.9745
40.8995
38.3749
33.8177
34.7948
35.2105
42.1411
38.3122
37.7764
41.8659
42.3193
36.6552
33.3003
41.3147
37.4048
34.7054
36.7332
40.5604
33.1424
39.9072
37.5621
36.8747
38.0073
33.983
43.2458
42.5296
50.0896
36.4149
43.4913
39.469
36.8893
37.9306
41.1233
37.4302
36.4332
39.6295
40.6105
38.1654
38.982
41.228
42.2811
47.0994
38.6914
36.663
35.9025
40.2247
41.71
43.7254
40.3348
37.2984
40.1663
48.3094
38.2617
41.3434
43.3736
32.9655
32.4352
36.5885
37.9842
39.6321
43.4603
43.9255
41.8195
36.8344
37.8505
38.7342
36.1194
41.8217
44.9882
42.4264
41.4798
36.2079
34.7203
45.9461
33.0878
46.9045
31.6286
36.0735
39.2943
33.7428
39.8268
33.845
41.3319
36.6232
44.0757
37.4914
43.2986
36.1721
36.5787
38.4769
42.3436
40.7511
31.2158
39.6878
36.3046
47.9511
41.7063
32.0842
40.003
35.1503
35.0361
36.3889
39.433
44.4269
37.1595
47.6536
40.4243
35.3029
46.3971
34.7088
55.9251
38.7504
44.6018
40.5024
42.0095
33.5351
35.1998
33.8186
37.2227
36.165
37.5218
43.6604
48.2912
31.5124
40.9186
43.3251
35.253
39.1312
39.8134
34.9612
33.2388
34.9513
42.9928
41.5886
34.224
31.5659
32.2567
33.0034
37.8234
43.7994
46.0798
41.0956
38.3919
39.6729
39.5642
33.879
42.677
35.0861
38.4422
40.1155
41.9433
42.4366
29.0797
40.9888
42.4831
35.6446
36.4063
46.2554
47.4708
38.115
35.4538
42.8672
44.3647
39.3467
42.2885
34.5664
46.5931
42.4392
38.3881
40.0861
37.8932
45.9689
36.1129
39.7219
37.3627
39.5761
35.8873
43.7976
37.2761
39.1922
44.4688
39.6305
33.749
42.4594
39.1436
35.8829
40.9055
34.4346
38.1405
36.3848
36.2267
45.2517
36.2211
42.3219
42.7452
39.2377
40.2313
36.4022
35.23
43.2329
36.1314
41.775
37.7079
42.7434
37.8022
34.8336
32.7815
36.4771
35.1876
32.7191
41.8499
49.2476
37.9115
41.4646
31.8551
42.1442
37.3733
37.3939
35.4713
40.535
41.6662
35.6712
35.346
41.5546
31.7587
45.092
42.3442
32.46
32.2381
58.5482
44.3091
42.5809
38.5014
37.8726
32.9328
39.1899
44.7759
37.8379
40.1279
35.6292
35.0032
39.5544
43.396
43.0011
33.8643
44.2633
38.6102
34.6622
47.6018
41.4755
33.9171
34.9392
35.2755
52.5383
32.4069
40.9394
46.3688
36.457
37.0728
37.4538
36.7193
44.1542
32.3719
46.7679
35.8716
34.7862
42.8812
39.7132
39.2103
41.3353
34.6682
41.5144
37.3466
35.9499
44.0642
41.4981
43.1479
39.6801
42.1467
44.6231
35.5722
39.9565
41.541
40.7627
35.8676
44.8951
36.4682
34.3011
39.2258
40.7749
34.951
38.81
44.0792
39.7465
29.919
39.7604
38.017
35.4376
33.4508
42.3168
41.5736
34.4548
41.1437
38.402
42.4974
39.316
37.1191
38.6242
34.639
57.2716
34.0545
38.9044
39.4765
38.1189
39.809
44.1103
36.0824
38.5018
40.258
39.1332
35.6201
40.5326
33.9203
36.1379
34.8487
40.681
36.6877
39.1823
40.2087
43.8172
46.1778
41.5152
46.2741
46.0143
40.5479
37.0842
39.5363
41.3852
43.5009
36.303
32.6598
38.413
36.6581
44.3706
41.4082
34.6153
39.3759
46.278
42.9463
39.867
36.2997
37.0298
43.231
39.5621
39.4409
44.4039
36.0187
32.8454
42.0967
35.0444
39.9801
38.5729
34.1039
38.3793
39.0364
34.8191
41.5096
36.3683
40.0549
39.7173
32.2791
17.3722
41.281
37.3465
38.7837
37.985
36.1421
38.2774
42.0582
37.1632
43.0501
35.722
36.4141
45.5582
35.588
35.6603
39.1132
43.3144
36.4588
37.9435
39.6747
43.0429
33.4393
35.9122
39.8229
38.4229
36.8017
38.8007
33.4064
35.5235
40.8307
38.531
40.7847
40.1571
41.0099
34.7693
46.5788
35.1187
32.8659
42.0824
41.7036
35.5076
35.47
37.2474
36.8141
46.0541
46.1925
37.7777
41.8045
39.9276
40.373
34.4098
33.2487
39.2824
43.2687
34.8142
35.5673
36.057
42.6682
39.7237
42.8173
38.2643
44.9499
35.0088
39.4154
39.1785
37.9086
30.751
35.6455
42.1586
37.5445
37.9231
39.1467
39.2511
47.0466
34.6744
38.4538
33.998
36.8233
45.959
35.3043
33.2556
35.8896
37.5107
44.2363
36.0574
61.6562
39.8351
37.027
38.3441
43.5134
32.225
42.2486
37.6686
39.0198
35.7506
36.7743
46.3195
38.8176
34.84
38.4646
30.7686
38.609
37.6948
35.6949
41.8897
38.4038
38.9117
44.537
38.9332
41.7542
35.3757
34.4976
34.9031
41.7625
39.2817
39.8796
32.6828
38.4874
36.3527
43.5917
37.9991
36.8332
41.7714
45.8216
53.7604
32.5636
46.4873
39.659
42.2753
35.6012
38.8979
40.0418
39.4213
38.4329
44.6219
40.1412
37.5105
39.8523
40.8975
40.3126
39.2116
33.6935
36.2224
35.8675
36.7216
37.29
39.496
48.1459
35.4146
37.0511
40.8868
39.0077
41.2627
31.4231
39.1737
39.4531
32.2076
46.5402
33.6143
38.4505
45.7834
48.001
36.258
34.886
44.0781
37.6041
42.5692
39.7239
38.08
41.7566
34.8893
40.3543
34.4096
37.1001
36.5336
38.14
38.4597
41.0505
32.4898
40.5675
37.7832
40.6013
37.9155
47.879
36.6983
38.3803
38.9381
21.2368
36.7893
36.9526
48.9771
34.8359
35.4928
39.2102
36.7177
35.6764
37.7216
47.1302
37.5559
40.9813
35.6128
31.113
37.4795
45.2239
37.8801
34.9421
33.89
34.8853
34.9083
38.8524
36.6351
41.5964
42.2206
37.2706
36.4238
36.9579
40.2393
43.8594
37.9783
38.6339
35.4835
41.1585
32.3026
39.0723
38.395
38.2078
38.7231
39.0923
38.0934
43.9283
40.5481
33.9685
36.7957
37.7204
39.0718
48.8042
35.8502
48.2195
39.0633
38.0808
39.7444
33.1638
34.3003
38.9051
36.6248
48.074
39.202
31.8027
43.3403
33.3807
37.0834
31.3752
37.1234
43.0765
37.3496
45.8796
37.5383
35.5038
42.2415
30.4537
36.3834
44.8532
41.1247
33.0671
37.6782
37.373
45.0416
45.2708
47.0151
32.7879
38.6488
38.2134
45.5118
36.7316
35.8088
35.7909
54.1825
30.901
37.1751
36.4254
34.1696
42.3418
41.8495
38.016
40.693
34.2188
34.3331
35.5703
36.2198
41.9997
41.2668
42.1398
44.0262
37.8562
36.5711
42.1852
39.5492
40.9948
35.4086
54.7576
35.9497
40.0347
46.2936
39.6079
41.6333
38.2183
34.3647
36.1245
33.6514
34.9893
42.501
43.282
36.71
33.5731
47.4667
41.7342
35.4495
36.0315
34.8982
34.7913
34.1853
38.9545
40.7837
40.8429
33.9459
51.3031
40.1937
35.9259
38.9694
42.1261
39.2355
37.1199
37.5941
39.0178
35.7326
37.0603
41.7703
38.2323
41.3252
42.0277
38.1828
40.6603
44.8942
53.6888
42.6305
33.8082
34.2365
43.9383
42.1873
34.5062
39.3207
34.0363
50.3856
40.4449
39.9498
45.258
39.4537
36.5926
34.5554
36.8385
34.6833
39.6689
39.9163
41.3627
45.5151
49.7465
41.8366
39.3402
40.6543
43.4383
36.9189
46.4295
56.8173
35.6576
38.4441
36.3509
36.6644
38.7195
47.1162
41.1752
46.6196
46.8479
46.9299
38.8715
43.6039
36.8319
36.8408
35.2975
36.9096
38.9224
39.3412
40.0488
41.0966
41.3292
35.1161
36.7005
41.2377
30.6262
37.336
34.8542
40.4332
35.2236
31.833
46.9712
39.2363
42.803
35.982
35.4314
38.4985
37.601
39.484
34.4395
42.0922
42.606
51.7296
40.7691
37.093
32.2691
34.266
43.4813
35.7579
39.4875
44.7106
40.3621
41.3959
37.9076
38.7055
46.0982
31.976
42.2156
44.1268
32.5825
36.0906
33.2372
53.9589
38.2302
33.69
43.687
31.5312
33.2605
33.096
43.8498
46.3661
33.7575
37.9732
47.6706
38.9298
37.066
37.547
34.124
46.3811
34.2933
42.6283
45.864
42.3215
34.8125
42.799
34.6204
57.5144
47.1284
37.0041
41.9279
45.4786
47.5201
51.3482
40.6438
44.8745
39.8425
31.9692
39.6788
34.763
33.0869
37.9948
32.7212
29.4835
33.5779
43.1458
41.817
41.6819
38.7204
33.8147
36.5266
34.214
45.3897
42.0778
37.5597
37.2256
37.4406
33.9508
41.9336
35.269
33.1646
35.2864
34.849
47.6622
37.5933
38.2274
42.4986
35.5996
44.981
45.7425
37.6478
39.8985
39.0664
34.7657
41.5697
38.2655
33.374
39.7252
39.7419
34.5293
40.6766
38.1149
35.8799
39.6541
38.4951
43.6875
36.9329
38.3348
33.8754
37.2962
40.3838
42.4156
37.6168
43.9436
45.1748
42.1876
52.9401
43.0092
40.3352
31.0631
37.767
45.945
32.8429
39.1049
37.1987
33.8402
43.8141
36.9904
39.1134
34.5467
34.351
40.9652
37.22
28.7829
40.3434
43.6356
48.4842
41.6828
36.7758
38.4426
40.9546
39.8233
36.7867
34.8695
38.2968
33.1866
42.1769
35.9677
36.4937
42.7226
43.1809
39.5517
40.1694
40.7435
34.8499
38.5198
39.8098
33.7054
45.4773
43.5199
43.8764
38.2903
39.2851
38.7859
38.0305
36.1201
33.8378
40.9781
37.9256
33.1295
38.0085
36.9598
30.9558
32.1854
39.9041
39.8921
46.8766
41.2979
38.8607
40.9359
39.251
41.5596
41.4465
56.8483
41.7503
39.9931
51.1261
35.991
35.6032
34.5133
35.4292
31.4333
33.6867
42.6888
42.0884
55.047
36.264
38.2108
40.013
41.3162
47.1456
38.3058
34.6307
32.9559
39.4762
38.2969
46.3264
37.8092
41.5832
40.7913
35.8114
34.6558
42.2922
40.5718
31.198
40.2384
38.2171
38.9813
36.1626
39.5406
33.742
38.0017
43.0194
37.4237
36.8444
39.2906
39.5324
39.7098
64.0262
38.0172
40.2645
38.2982
47.5117
39.7103
33.5342
42.308
43.0278
46.0478
45.2148
40.4353
51.0201
47.3272
45.9175
37.7917
42.0853
47.7264
47.2402
40.7851
39.9259
47.7066
42.4193
43.4934
37.4512
42.8579
44.784
42.6732
40.0186
39.1388
36.5165
45.9522
42.1826
43.0285
40.841
37.8898
40.5399
45.1154
32.3149
41.8949
33.763
36.164
39.8825
34.1028
38.6367
36.2124
44.8227
36.8351
44.1236
38.6832
40.6492
34.6534
40.6736
38.5229
48.9944
42.4489
37.9169
38.7259
48.029
37.1327
33.003
45.1577
34.1157
39.4343
47.8199
39.833
32.3314
45.8378
54.0743
42.2534
35.8908
44.6435
35.9108
49.8727
43.454
44.5759
31.3349
37.2354
39.7581
42.6229
35.7754
37.9879
35.2358
35.8706
39.4929
35.0115
37.083
33.8347
37.7086
33.1249
37.0728
37.6197
32.7277
41.9852
40.2038
34.5627
44.8993
39.6173
34.3486
44.6987
41.9411
37.4339
46.5222
40.8835
33.8862
33.3192
49.8866
35.4359
38.8045
37.0973
38.3686
38.3879
36.2648
41.1759
38.4823
47.4837
36.4241
40.6152
36.942
45.1677
34.7284
37.104
36.3974
40.2956
40.6242
50.891
34.9482
38.1426
33.7231
39.7868
36.3491
36.5814
45.8526
39.041
35.8535
38.6291
36.6347
36.4815
47.2309
33.4291
45.1092
36.5748
43.4285
32.8747
39.7809
36.0431
39.406
41.5595
63.9667
43.4646
33.899
37.7419
42.4613
31.1882
39.2284
41.5278
37.4409
45.7035
36.3904
37.5973
40.2528
46.3789
34.9118
34.8103
38.4262
36.8142
52.0879
39.0169
39.2966
33.6977
39.899
38.193
39.472
40.7195
35.105
44.8757
47.876
34.3005
54.5189
33.5197
36.1682
36.8043
39.0968
33.8412
41.2011
40.4641
43.2648
36.5139
39.2932
53.7913
36.1969
29.627
44.0613
36.9616
37.1559
33.4366
44.6922
51.411
34.2647
49.4459
44.3042
42.2594
40.8822
42.1436
36.3568
36.8035
41.7931
37.4998
40.0253
44.8579
41.9724
37.1739
36.0611
41.248
36.8277
36.6191
35.8109
40.9872
33.0584
31.4858
33.0892
37.6573
36.4798
41.3559
37.3277
37.4146
34.8672
40.881
39.0376
33.8115
43.1671
45.253
42.2996
37.608
41.3901
32.106
35.4741
36.7056
42.8892
34.1593
46.0013
39.675
36.717
34.1236
34.5822
34.9139
45.3769
41.535
39.707
41.7281
38.4547
37.1438
38.5464
33.7747
38.3591
34.4403
47.3325
37.3028
37.3154
35.3421
34.7294
36.2848
49.0824
44.458
37.6242
44.6799
40.5613
33.8322
41.2457
38.9675
38.0815
35.6904
38.6207
31.7234
35.3985
31.9967
38.6719
32.0213
36.4544
45.361
37.2807
47.9
32.1519
39.2537
43.7123
36.7386
42.1429
44.3281
35.6264
53.3156
35.7826
41.2478
42.5773
34.0898
42.6759
40.5341
45.3771
36.6853
35.9347
36.5677
38.5621
35.243
37.5701
37.2188
41.4183
35.8229
30.9173
39.6528
35.2376
36.4113
43.2957
34.4854
38.4694
42.9836
40.3129
39.1641
34.7153
39.3688
38.6491
42.5694
39.4257
37.812
36.7957
47.4657
44.0294
34.1964
40.0659
39.507
40.6954
40.3133
37.0972
36.9726
38.1931
32.5732
50.1642
40.0182
32.6566
36.9537
46.7706
38.7685
38.3589
32.0457
42.0023
34.8375
32.1188
38.6694
42.0298
36.3138
38.6576
35.1402
39.0591
32.5131
50.3951
44.6799
44.7755
35.8548
50.821
42.4978
38.4333
41.3416
45.7137
40.7539
36.7389
39.1562
42.44
36.1744
35.6674
40.2133
38.2137
32.7571
34.0592
33.7844
38.9231
40.1709
40.7797
39.2772
36.5697
33.8605
36.0779
39.7161
41.4215
35.0646
34.6382
30.3652
34.1959
38.0146
40.2963
42.33
41.7782
37.1202
41.6716
37.5371
36.0918
35.5894
38.2131
31.6734
42.3697
35.8155
41.3009
43.5666
39.7025
40.2973
37.8954
37.9721
51.878
36.2079
38.7615
47.4139
34.3768
46.761
41.2087
50.9763
33.6348
44.7369
40.652
40.5547
37.6443
37.8264
41.7497
37.3358
39.2607
50.9963
38.7953
43.1287
34.7548
35.1394
33.9464
34.0007
38.6702
41.6222
35.7564
40.0206
34.0145
41.6459
37.5384
46.642
35.2237
39.2865
36.547
44.9063
34.8233
40.8081
42.1455
41.8354
47.5111
41.7593
38.023
32.7053
40.1094
39.1195
39.5737
36.3264
31.789
40.5857
42.0106
43.1679
44.2849
37.1
35.5788
43.7237
45.051
44.7444
38.5521
41.2114
35.0642
39.0425
41.3547
43.7372
34.216
35.9363
39.6144
38.6551
31.3023
43.4387
40.667
35.3188
37.1952
36.3768
46.1172
33.001
40.816
41.0486
38.7571
34.4787
40.3043
37.9813
36.7503
34.841
33.5229
34.7606
37.5322
47.2662
38.009
32.9633
37.2568
36.1402
41.252
35.8105
44.4158
28.8171
36.3157
41.9374
37.4932
40.4807
35.9476
37.3324
37.4584
40.4542
44.5629
41.0859
39.897
39.942
40.1846
43.4547
35.6088
42.2348
38.5681
34.1305
34.4317
41.2592
41.1132
33.4877
43.0733
38.0133
39.1057
40.5879
40.0456
40.9718
35.715
39.3396
39.9098
37.3418
38.2604
36.3818
33.3189
35.2346
42.1391
35.709
38.2367
35.9944
32.2345
36.0775
38.2677
30.7913
44.1152
50.1484
36.9177
29.4082
42.354
42.9285
34.4972
35.64
35.5052
35.983
38.9107
37.9221
35.4636
37.0674
36.3474
38.7459
41.8192
34.8864
36.2807
40.1049
55.1925
33.0068
45.3892
40.4647
40.177
38.0097
36.5458
37.1366
36.1726
41.5117
32.0633
37.6904
44.5336
36.9022
38.4606
44.8667
42.3954
45.5156
40.9487
42.5121
31.9193
37.5711
37.1996
39.6289
36.6895
45.4361
34.3356
41.8113
41.5279
41.1178
39.6142
36.0708
40.9577
43.2734
37.7881
38.1996
33.0753
44.2155
31.1266
41.5712
47.7385
45.2744
38.2647
41.6228
43.1084
31.1933
37.9588
34.4631
36.4152
29.413
40.8621
40.3689
41.5314
40.6737
37.1598
34.6751
42.2065
38.0425
41.4878
48.7515
37.8062
35.1344
39.3072
41.0777
38.4708
37.1098
39.1768
42.4249
41.4606
40.8347
55.3474
35.2539
40.7978
45.3086
38.9625
32.1804
34.1877
45.1239
47.5027
32.9109
40.8734
40.5348
40.6367
39.0222
34.0067
42.4726
41.2194
38.81
34.218
42.3673
36.05
36.354
35.6219
32.3199
35.2625
32.988
35.4251
38.1538
37.2251
36.198
36.6206
49.8494
31.2592
39.8358
40.1323
31.8268
31.5372
37.1829
44.6712
37.0915
39.613
38.1241
45.8387
40.5834
35.9257
46.3187
36.0231
49.3908
39.1212
49.3384
40.7634
40.64
42.5465
40.6287
32.2312
35.8
43.7965
42.0182
35.6513
43.1122
41.2965
33.5504
37.5148
36.893
40.2178
38.7082
39.2738
44.0091
35.6637
43.4718
35.4179
36.6043
42.1077
34.3768
35.9135
36.3207
41.3269
33.3044
40.7441
35.8128
44.4852
40.2848
41.7476
36.2403
41.7391
38.1578
38.6626
44.1904
34.5785
43.4772
28.6672
41.9718
38.4937
51.7002
49.8021
47.8493
38.9172
37.2632
43.9972
36.715
33.3158
37.0182
37.5499
41.8922
45.7125
38.0756
48.3495
39.411
38.7788
39.7106
35.5887
34.3613
39.3334
43.5938
39.2727
37.0731
37.244
41.6485
40.9298
46.1828
39.3782
33.522
38.626
50.5558
40.278
36.5662
37.207
37.942
39.476
38.1167
40.4284
33.9517
31.0018
36.1605
44.6955
39.3817
46.9614
37.2513
42.948
35.6956
36.4357
42.7751
35.0312
43.1994
44.6837
35.6702
52.0208
58.8
33.7373
30.7277
34.804
40.346
40.7538
48.368
33.0761
40.464
42.0928
43.3338
40.6393
37.859
35.2903
37.9977
37.4198
48.2262
36.544
39.041
34.2472
43.4273
41.4716
45.0897
47.1021
33.7773
37.8677
42.9393
37.9859
41.4446
35.4062
41.5645
30.0278
34.8776
46.9337
42.2278
37.4891
41.1762
33.4446
31.1294
51.7612
35.9974
40.0823
40.8742
35.5328
49.4466
37.8205
36.3644
37.748
32.9455
35.7445
42.2298
41.2821
40.7646
38.0212
41.8098
34.2
33.4634
35.5611
39.5286
34.5126
36.7099
43.0038
40.6353
48.5337
45.3213
30.8358
31.4821
43.9185
36.0847
43.7865
39.4891
43.6684
36.5482
33.9504
40.0016
35.6971
43.0061
47.3335
43.3968
37.8511
38.8038
38.3502
45.4226
46.3487
52.8121
36.0247
43.3761
47.1417
40.5654
41.6231
35.5151
39.1141
40.2435
42.529
37.2605
44.349
36.6534
39.2892
39.4729
35.415
32.8966
40.1153
39.7069
32.1937
37.9576
40.48
36.1293
39.6659
46.6476
32.6849
36.3492
44.8755
41.2241
49.3898
37.4255
36.7946
44.5147
36.8448
60.5759
31.4285
32.6575
39.7517
34.6336
43.4747
38.4721
35.6708
38.7543
40.3082
45.0012
43.6313
41.9538
35.253
42.7723
40.7828
46.0468
46.8466
42.052
32.4388
36.9781
39.9829
39.476
36.4919
41.9195
41.9446
40.3371
41.5763
39.2379
44.278
44.0009
33.7912
34.7948
37.9044
30.9126
37.8085
37.1975
43.9712
30.5973
32.1548
34.1221
46.8585
34.5863
36.0551
39.5568
35.1704
31.8625
40.9522
32.5889
35.3051
43.6338
34.3644
42.2152
40.6916
36.4646
51.1179
36.4521
30.7452
34.3259
33.1458
42.592
39.7676
39.461
43.0924
33.7058
45.575
49.5713
34.9315
37.0664
36.2019
44.6008
38.7211
36.6305
36.8571
34.2683
37.7751
35.5176
47.1314
42.9219
32.8155
32.2274
34.2877
42.0474
34.0662
38.4377
43.145
34.9784
39.3172
38.7067
45.1217
40.5511
39.0592
34.3
44.279
36.4977
36.2993
37.9575
40.4895
34.9624
48.4626
36.3269
31.7101
32.5298
34.511
35.673
56.9263
38.7024
36.2127
33.0377
36.6117
41.9946
41.6704
36.9495
33.7647
50.066
34.8949
32.2982
47.139
28.2514
44.3164
47.6819
39.2629
41.0863
38.0434
38.5488
39.1308
34.3333
42.2501
42.7061
40.0616
43.8269
44.8121
33.1584
37.0205
39.7386
36.918
37.6653
34.7705
36.7355
39.1996
36.4429
47.0191
45.1417
34.0913
39.2068
37.3134
44.21
46.6983
42.0775
40.8186
42.2639
31.7114
41.5423
36.8772
36.7937
48.8776
39.6659
39.7082
40.7067
34.2301
37.0647
36.7861
34.6083
43.0484
35.3839
40.3197
39.0011
37.6718
35.6548
38.3765
39.857
32.259
35.4296
35.657
38.8446
38.3925
41.473
36.9302
36.5586
39.2756
38.2302
38.3843
39.4357
34.6732
45.7688
39.4409
34.2312
39.1063
44.7151
52.5628
34.9589
41.659
48.031
36.7268
41.2971
37.7966
41.1113
42.9501
36.8896
38.3364
33.845
38.9344
32.9956
38.4559
34.7484
34.262
45.1813
47.4645
36.2755
36.5229
45.2561
36.4263
41.4204
41.1681
39.2276
32.7895
41.4405
49.7093
47.8462
31.3747
39.3858
42.1545
39.5444
37.4412
36.4268
36.2479
51.6573
40.311
46.9472
36.5345
35.9666
35.8784
43.4085
54.0139
50.0977
37.9934
52.0179
37.4392
41.0829
36.1692
39.5478
42.462
45.6834
41.917
33.903
41.966
34.5154
34.9928
33.1405
41.5605
36.4982
35.9926
35.3494
39.6574
37.2995
39.711
37.5334
36.01
35.7408
44.8732
37.6303
44.2772
40.6666
43.1355
42.8492
35.0797
39.0998
36.2856
39.5666
38.6302
38.9266
36.0684
35.0864
41.2776
37.1846
39.8186
41.3289
37.7351
47.5953
42.0853
39.316
32.522
36.7249
40.1982
41.8922
41.0863
38.9397
36.5124
41.5156
35.479
59.5032
39.191
37.6064
49.2124
35.7476
36.6142
38.2244
33.587
33.365
44.8321
38.6101
41.0812
51.3835
41.4604
37.3715
35.5402
37.1921
36.0543
41.3566
39.6255
35.2076
36.2218
34.2512
33.8626
35.7314
35.2095
53.3585
38.1097
41.3288
48.4682
37.8257
37.1671
34.3979
39.0865
36.9433
37.4946
33.3743
37.0012
42.0646
41.0028
38.8015
39.662
37.333
38.9165
41.5853
34.4679
39.7179
41.4989
40.1187
42.3843
34.2787
33.3171
46.5117
36.5928
38.668
42.484
41.7005
33.0033
38.4722
36.5594
35.1418
44.8433
39.146
35.5481
35.2061
39.0072
37.7946
40.1
40.1158
43.2019
41.8569
42.8629
40.8105
38.9846
34.9625
41.3135
37.3714
43.3908
58.2141
33.9011
31.886
38.5714
41.115
38.4743
35.9872
35.8562
45.1184
42.1182
35.4636
39.0475
39.52
36.8728
39.4431
34.7125
41.49
41.4004
39.5215
39.8012
36.3408
39.8162
44.2835
36.312
31.1725
35.9249
39.1284
35.8841
29.4527
42.9225
41.0865
34.5058
36.9838
44.973
37.3874
42.2536
42.1273
41.2549
39.792
33.1109
40.5171
47.6009
33.7011
34.2731
42.0183
40.6823
36.8704
36.926
42.6178
44.4777
36.467
36.8388
48.1846
38.3275
45.1777
35.0863
36.5826
37.9537
50.9049
33.3812
41.6457
37.8515
41.2689
45.566
49.5366
41.3091
35.5697
34.3976
36.5218
36.3846
35.0889
34.4283
45.0862
31.7745
37.1593
34.1287
43.0049
45.8689
38.2815
36.8033
32.6155
36.7769
33.1195
37.5979
53.4394
36.8946
41.3386
41.3616
37.6899
41.6665
41.8167
35.8345
44.1834
44.6846
41.9641
36.5996
51.1196
36.4967
35.1579
31.6814
36.7322
44.6586
42.8978
39.7834
43.8817
38.6794
36.8555
36.4691
46.4851
35.5628
36.3663
36.9292
37.1584
39.3905
39.5332
35.2098
44.9183
43.3677
36.4574
49.188
39.2366
40.8656
44.5781
42.7008
39.3144
41.1855
41.4421
46.8751
38.027
40.876
32.6704
33.4029
43.002
36.8498
39.5272
31.7304
39.2625
46.5565
44.5876
35.8545
43.9048
36.8734
32.3084
53.4341
37.9845
36.75
36.8941
35.3772
43.3004
33.407
51.3329
39.7031
36.9996
43.393
34.5227
34.6514
39.6837
37.8599
42.9329
39.5717
36.5272
39.0441
40.7169
44.7886
39.0532
32.1899
32.5559
41.6797
43.5865
34.111
33.8847
38.6928
34.9688
34.6891
39.5019
36.7576
35.2075
41.1199
38.0107
41.2945
34.9036
34.0101
36.0869
40.8885
44.3674
40.2847
44.5677
39.0716
34.434
38.1816
36.6078
38.4175
34.3253
37.0878
41.2535
38.7502
40.4386
37.4985
39.7655
41.5487
41.3635
46.2933
39.2192
41.4516
35.0956
34.3474
41.5757
40.043
38.3677
34.1893
33.9262
37.3496
37.4833
50.1494
44.2295
35.3308
35.4734
40.5982
31.6043
36.2877
35.5911
47.2744
36.9708
36.9329
41.1668
37.1784
42.4998
43.9112
35.7433
43.5833
38.6301
38.5352
32.8596
36.937
52.3758
38.1844
32.8238
37.8571
36.7689
41.8255
38.6498
38.9075
36.0981
36.7592
34.6242
36.9365
46.71
42.1209
37.9931
42.0722
36.6446
45.5514
37.2204
41.4968
36.5123
41.0593
55.4227
39.8417
35.7196
33.63
43.6357
40.4374
39.15
34.0409
34.2053
47.4077
36.1116
52.5133
38.1515
37.3203
35.4361
39.7762
38.0306
38.3935
48.4601
32.9603
34.7746
35.0089
42.6436
45.3374
42.5828
40.2235
35.748
36.9667
39.8109
40.2539
31.299
41.4294
37.1772
42.2568
34.1003
37.1224
44.9915
33.771
37.1412
37.5606
33.8701
42.5286
43.0597
36.9523
39.5938
35.8442
48.8048
39.1185
41.509
40.2063
39.2285
34.8045
35.713
39.0709
33.4603
42.9158
42.6641
30.7564
41.0878
40.706
38.6376
33.8211
37.7011
37.0341
47.5842
30.2261
42.4303
39.5736
39.293
45.3048
43.3336
43.9556
48.1595
47.7578
40.3963
38.1453
43.896
40.7513
40.7402
35.9249
36.9917
38.3044
46.9372
37.6149
38.9868
37.7232
40.1971
31.2867
46.2546
42.9893
41.0048
39.8683
31.3125
49.5105
39.0073
33.1366
32.4023
35.6229
41.3654
40.0019
38.206
35.6563
49.8821
36.2891
42.3331
30.259
35.4007
44.7347
38.0795
41.5765
45.0566
37.7431
32.3224
36.405
43.8137
38.5284
35.5393
41.3682
52.414
48.8507
39.9093
39.8248
35.304
44.9829
36.605
49.2236
37.6111
62.7791
34.7848
38.2336
46.366
57.3843
40.6146
44.4647
48.9828
34.9957
38.5998
39.8275
38.1331
42.0512
36.2524
34.2374
35.2938
38.5032
47.3589
33.1873
35.8634
38.2273
46.6456
34.7238
34.379
37.0709
37.2833
35.8562
47.3313
37.8639
37.6395
37.2402
41.998
44.7171
33.9408
34.0397
40.1851
35.3543
45.4942
44.0491
38.9754
42.9798
46.9011
41.3874
35.9404
39.6275
53.7675
39.8255
42.7283
35.3962
40.7221
45.1289
45.4674
35.5046
44.7365
40.6547
41.6252
37.2636
39.3416
39.8689
44.7953
51.248
37.7646
38.5175
37.294
31.8148
40.1747
37.2841
45.3125
36.5579
40.188
37.9456
36.0133
33.1275
36.0095
43.9705
35.5053
45.3532
39.4726
42.3332
39.4633
45.6734
46.9414
38.6721
38.6152
47.1882
35.9732
47.2527
41.5503
42.5356
37.6232
40.4413
44.5813
36.523
36.0551
44.5686
38.5663
40.2405
39.145
37.4991
52.0746
42.0747
48.3772
35.9109
36.6096
43.7235
37.8731
34.2688
48.1253
44.6844
41.0477
53.3956
35.0199
32.8066
37.3657
48.054
36.496
39.1944
31.4483
32.8298
33.1175
42.8953
40.4912
34.593
32.6378
30.0512
37.3442
44.4671
42.1658
38.7388
42.3262
42.8453
34.4992
38.8244
35.6949
36.5357
35.6416
44.4026
33.413
35.039
47.6819
35.05
33.7241
35.8634
41.6152
43.8058
43.6359
39.3706
45.6107
49.6578
41.6336
44.2728
36.8511
37.2867
36.7649
43.398
39.8454
44.2059
34.4552
37.1858
37.5129
41.7381
31.2473
38.0309
34.147
39.7165
41.6423
34.5248
38.5068
41.714
52.29
39.1351
40.9312
31.6119
37.6751
42.4007
40.9986
38.5064
37.3827
31.6771
39.3187
48.3384
46.1034
42.8703
32.7213
59.707
40.9861
32.4365
43.5178
39.2958
48.6736
41.91
45.1373
39.3662
45.1088
38.6833
42.6147
39.7172
39.3853
34.879
41.2529
31.5801
38.5196
34.8007
38.6549
42.5832
44.4
44.2966
42.6268
49.6006
37.7102
39.4068
44.5232
38.2677
33.9058
38.6116
36.2628
31.1608
38.2496
37.7549
43.1286
37.8648
49.312
36.4537
36.5673
39.7303
37.0023
44.1205
33.0286
39.0214
50.71
34.0869
42.9047
39.5542
39.9377
34.5903
44.2685
37.4105
31.5497
40.6394
38.2788
43.2927
37.8053
35.9243
32.3005
41.0796
36.7587
37.992
36.9515
30.15
39.7624
40.3912
33.6294
38.1899
40.1236
39.9049
45.4626
37.1652
37.24
45.2203
35.5514
39.3584
44.8512
33.4677
40.6353
35.7133
42.1383
43.9728
38.898
38.6977
36.8912
37.1247
30.1284
39.4166
39.7182
36.8352
40.2396
39.8142
35.911
34.2383
35.4562
32.8866
38.5382
43.6129
40.5807
37.0372
41.4726
40.2666
33.4692
46.2446
36.949
43.174
42.1622
39.2002
41.0058
39.1563
35.8296
35.6548
41.055
41.9511
33.2518
37.7085
40.6435
40.3557
33.2775
39.9042
29.9251
41.8387
30.5569
39.6479
34.0764
39.3981
38.2451
51.2765
37.2658
44.8252
47.2434
36.3352
36.0269
35.8191
46.4303
44.6678
39.4312
44.4649
43.4675
32.9833
39.8076
36.6979
41.633
42.8009
42.8707
41.3697
42.7582
46.8946
35.7078
38.7414
31.0234
36.0363
38.0023
38.6284
37.3291
48.117
38.2256
35.5473
38.8597
45.3416
38.475
45.684
37.1181
34.4022
46.8433
36.8471
44.3444
40.1388
46.807
26.5061
37.7987
42.1879
34.9493
43.5047
39.5047
40.0842
34.906
36.7309
38.9223
43.1724
39.9029
37.6501
39.6208
42.1798
38.4605
36.1161
33.5439
32.5526
36.0477
36.0336
35.4224
35.9032
42.9647
44.0614
41.0768
37.6597
39.3294
38.3737
48.1778
41.2017
41.2155
30.7381
33.2924
38.2455
43.8067
33.3684
57.7724
36.4949
41.9724
48.0375
33.057
35.5203
37.2942
38.7437
39.4739
40.0284
36.9944
36.5172
39.5053
36.5604
33.8116
40.7541
36.7315
38.0846
41.942
36.9965
37.6385
41.4542
36.2322
43.2258
35.8686
42.5336
32.6406
43.614
35.3022
33.1681
37.1375
32.56
37.5145
34.5926
37.8011
35.3703
36.4537
30.8442
39.1006
34.316
38.0709
42.058
37.8119
36.2577
37.9325
42.172
29.5695
34.2684
48.7893
36.2375
38.7589
30.54
39.59
35.9916
42.3041
37.6725
48.2457
48.9712
42.5274
44.1019
38.2619
39.977
45.5631
35.3952
44.53
41.0506
37.7606
49.4678
38.4266
37.184
35.8325
46.8208
38.8649
45.0231
37.7785
37.7889
38.8169
32.1609
37.8629
36.0717
34.4385
32.8242
34.1852
37.2394
52.9583
43.4288
38.8944
39.1167
39.1649
33.0871
35.5302
37.9699
37.3487
34.0351
35.8205
35.0922
42.3056
43.9196
41.8007
45.2086
36.7081
35.8443
37.0165
35.9372
37.8913
38.0513
38.9584
39.9013
39.0576
44.465
38.276
46.4924
40.5747
43.6028
58.7931
43.42
37.4423
44.4924
45.8353
40.0063
42.5173
40.6255
39.1594
33.0973
37.6447
37.1728
33.065
38.0828
45.4254
39.9076
36.8934
37.6287
39.5581
40.1829
33.8817
38.1441
36.8599
50.0931
38.1598
34.2556
30.454
41.4039
37.7173
39.4072
35.4327
33.6199
40.7613
36.6075
37.0463
40.7127
44.1198
47.6299
39.4768
43.7399
34.5108
35.3044
33.7423
36.5044
36.0755
38.705
47.3285
36.8733
36.413
30.7704
32.1658
33.8581
38.4626
38.9625
43.7726
40.2255
38.8382
35.9731
36.6039
37.8698
41.9337
39.4133
36.7597
32.8125
35.2622
43.1771
31.4414
34.8127
38.4844
45.6618
35.2452
36.0105
41.9935
36.062
53.3071
32.0905
40.8275
47.1058
35.6055
37.8854
40.7597
44.3179
37.6016
46.5396
35.012
35.3738
44.0345
39.9881
35.9177
46.6082
34.6808
34.5731
41.7125
37.9097
44.1802
36.8203
38.8447
43.6669
46.5598
36.3232
44.7854
37.5254
43.7304
46.2836
42.0519
36.5356
42.0648
42.5657
41.3473
45.3117
41.9041
39.1407
36.1481
35.3389
40.2076
40.0728
42.0415
38.9678
47.8114
34.2476
34.6703
40.4899
31.7302
32.2125
37.4643
37.3229
43.1954
37.2506
36.1552
35.9999
42.2175
36.4179
33.3713
37.2054
36.8349
39.399
42.7746
37.9583
43.1467
39.4256
36.7844
33.4121
37.3835
36.3363
44.5994
44.8403
42.6957
34.8682
39.0125
39.9007
36.9501
38.9872
39.6486
36.5406
43.7024
34.4703
42.9197
36.0981
36.0471
45.2781
41.7909
42.8026
37.8625
36.6493
33.7045
38.1207
51.4081
39.8084
38.8754
39.0944
35.4205
50.4147
35.5836
40.1097
52.0565
37.7419
38.3708
37.1175
38.5061
39.0582
39.3252
36.3727
39.6096
41.5959
35.5454
37.8988
35.4703
37.5248
34.4315
38.0797
43.5415
40.5582
37.046
35.6854
38.6492
46.5596
40.4059
40.2242
39.6429
40.2857
40.2854
40.3726
38.0696
37.0214
37.4532
53.0655
38.3638
36.9203
42.2878
37.7416
35.7271
38.6883
38.396
35.9339
36.4527
34.8692
34.8857
36.3106
38.7612
40.1676
41.9787
41.1953
49.3961
35.3243
38.197
39.5478
34.9963
46.0003
33.3796
31.7072
36.4104
43.6586
34.9009
37.3108
36.4369
46.8317
37.3468
43.5538
37.0516
41.3409
37.2985
32.9084
34.8944
41.6831
39.2802
40.5022
40.0347
45.3991
34.4782
41.7939
38.2846
39.7548
34.1127
47.5672
49.0351
31.6979
40.7495
46.7173
35.3477
37.2168
33.4748
36.5831
32.9528
37.0135
42.4165
32.3728
43.7205
43.5328
44.1466
41.1969
35.212
36.7738
42.1237
53.6227
39.2806
47.0367
39.0752
41.8874
45.2572
42.3794
39.2135
38.2075
34.9105
33.0826
34.4202
36.1416
34.6305
46.9183
41.4561
39.3607
39.1737
37.9801
36.6692
41.7009
33.3657
30.3127
44.2608
53.5355
45.125
35.4862
34.6011
34.6247
36.35
38.393
33.4211
36.0191
43.9994
44.2031
42.6344
42.529
43.1734
38.992
30.7606
37.0439
43.936
44.5185
45.8461
40.0308
38.7695
38.2692
40.962
41.1339
38.5459
37.9128
37.6668
37.4699
51.8847
30.0484
39.6916
43.1106
33.6776
46.7287
38.2624
41.0739
49.4863
39.3392
39.8648
40.5757
42.3767
37.1192
40.2778
38.4684
31.8179
41.5727
39.0297
38.1596
36.7721
39.408
38.3515
53.7515
38.4272
34.9973
54.5353
39.1722
41.0982
45.0971
47.8949
38.0952
40.333
43.9917
42.7786
39.2656
33.425
42.8653
42.4989
46.6055
39.0119
32.5602
36.1967
41.9413
37.6349
33.9423
40.0082
51.5762
43.0807
37.1395
37.0764
31.3081
42.4178
36.7275
37.721
40.6636
42.4169
42.7734
40.8524
33.66
36.4808
39.3326
36.364
38.5208
41.3954
37.8169
33.0547
37.5028
41.8876
33.266
36.4516
38.1707
34.4793
47.1038
50.2581
41.5458
36.6585
40.4814
36.8047
40.433
36.4055
40.7053
45.9358
40.5032
50.2823
32.5934
39.4763
39.8114
41.0817
38.2597
33.9617
39.9407
33.9494
36.8181
43.3341
35.6869
34.2457
33.4116
41.5843
35.7702
40.089
37.8967
41.0117
32.3669
37.8532
39.7514
38.7227
38.7357
35.8375
37.9897
34.9062
40.8291
45.0925
38.5395
36.9145
36.2941
37.8285
38.2739
41.6879
41.3695
43.2788
53.1308
39.0229
40.8507
31.9098
35.7079
33.4324
36.4861
41.1066
34.1868
38.5177
36.8723
37.5813
42.2047
49.405
40.2192
35.0853
35.846
32.657
37.163
37.5251
37.4861
44.7242
39.2838
34.7842
32.0696
32.5346
47.5186
33.0024
34.9207
33.8358
40.7478
36.3812
34.5424
43.3256
42.3723
37.1063
39.2351
49.9017
33.0018
44.6399
38.3012
33.6529
43.3684
40.9093
41.5779
37.1866
36.7551
43.0844
37.196
46.0487
46.3356
38.2977
36.9062
34.4396
46.5009
40.8751
43.7909
44.9734
38.9365
51.7293
42.4741
41.4315
43.8475
33.296
40.7437
37.6727
36.447
46.785
34.0606
35.4311
37.6467
42.7733
38.2443
44.8208
42.0616
39.45
42.063
41.5098
32.5952
36.3568
30.7033
39.5344
41.7265
40.0754
33.0339
40.8493
39.3895
43.0598
37.4515
38.5491
36.8044
33.2228
45.9749
38.8813
40.0068
38.7426
32.4598
40.216
47.1884
39.0582
34.3149
38.5672
35.9628
36.5496
36.0843
37.6998
36.5917
38.1037
50.2682
38.4918
42.576
37.3343
32.9819
36.3021
38.073
38.0107
42.7556
39.82
45.5607
49.4487
38.9503
33.8882
31.3572
37.2583
37.032
37.266
37.7727
40.6485
42.7072
37.5818
36.0676
49.2854
38.426
35.6168
47.2909
52.1937
44.3609
36.4505
44.9112
37.5135
40.3372
36.1504
39.3054
40.8273
36.7738
48.1773
43.9119
41.6902
34.8257
36.3858
35.4608
36.5772
34.8716
37.3903
35.1799
33.701
57.6604
37.1983
33.4961
50.0415
48.3783
36.3636
42.7037
45.3656
41.291
39.584
40.1224
29.3114
41.1649
45.566
41.7877
35.7068
38.2629
41.4469
41.1562
45.2683
36.3771
40.6294
35.5848
47.4269
34.8502
33.9143
38.3204
53.7297
34.509
39.5912
41.2008
43.1105
37.5189
38.4337
30.8816
34.4282
51.6954
39.3618
42.9746
36.3034
36.1929
38.6124
41.5415
47.0389
38.7245
33.144
43.1235
33.9402
42.332
37.1459
41.0474
43.0421
41.0833
40.4413
33.5254
33.0133
38.4082
43.0222
36.4988
45.0495
42.792
40.7811
32.3456
41.0482
36.0088
33.8136
40.7248
33.7222
43.8234
36.503
35.2129
43.8983
38.3492
39.6355
39.3513
37.89
36.7533
35.586
37.7158
38.1786
42.4634
36.3622
47.6985
31.7269
37.7246
35.3887
35.5993
39.9463
39.994
42.1812
39.8286
36.763
34.7993
46.9029
39.6272
38.0624
38.4749
36.5538
32.4672
35.5341
46.46
49.2338
40.4167
38.026
40.1561
31.744
39.2368
35.6632
41.1507
43.3479
52.7386
41.0748
35.3803
39.9497
45.0021
35.2848
47.5527
38.8067
39.0292
37.9192
42.1406
35.902
40.6874
36.0971
34.0316
39.4401
34.3379
37.3072
42.618
38.8986
37.8473
35.1806
31.0285
37.0449
45.9554
40.0092
36.9319
44.6537
44.5712
37.0333
40.7895
38.9832
47.0302
40.3357
33.8966
37.099
41.8927
37.8318
49.194
37.2739
38.4486
35.756
34.0223
40.648
49.9721
39.9193
49.2197
38.3125
41.0929
38.2032
36.6187
36.6893
35.2837
43.7404
39.5991
42.8663
35.3509
32.523
37.4131
39.0245
35.2708
38.9035
36.345
35.5228
41.7075
37.2444
36.9781
41.9365
39.6575
38.695
36.026
46.5175
47.5621
39.5917
39.4315
31.1759
41.0483
34.0009
34.0019
33.0492
45.4049
50.8571
40.2374
31.6679
37.1953
46.419
38.4409
43.5904
35.7711
36.3414
43.8022
51.3229
41.8995
39.2865
42.7536
51.022
40.3545
33.9923
34.3539
38.6339
35.8895
58.903
41.8107
37.1311
46.1189
36.8364
42.9134
46.804
35.2392
35.2125
39.2862
36.469
32.8998
37.0926
44.3897
36.0227
39.7621
38.4698
42.7691
48.9901
42.2394
37.9039
35.2013
33.6874
44.9167
39.373
39.203
42.3277
46.7355
45.2831
34.4887
36.5185
34.9548
34.5012
32.328
44.6181
44.5904
49.3533
40.2976
32.3555
47.4276
47.2302
38.146
42.1881
33.0918
40.9139
40.2429
36.6219
46.1829
36.0524
39.385
38.8531
37.0849
55.047
39.4709
35.9492
39.4578
39.9864
40.2624
39.6672
44.9706
39.7793
42.7913
38.408
42.6538
39.3283
37.346
43.236
41.5092
34.9237
50.271
43.4883
46.7998
37.2765
43.233
35.5512
35.9564
40.9941
39.086
41.7967
39.7012
37.8683
44.3509
54.2524
32.856
39.2359
41.0705
45.8025
38.6546
44.0305
45.2743
35.2337
44.1663
31.9594
40.1757
39.0532
46.7932
41.0752
36.6805
38.19
40.8272
36.4299
35.8723
38.5905
35.3074
35.2461
47.4695
32.9887
35.6253
44.8979
35.6893
38.8076
37.3819
39.9757
42.8205
39.2801
35.3428
44.8842
36.1933
32.0361
39.5227
38.5691
36.0869
37.8934
36.0738
37.5358
32.924
38.4916
38.113
33.0466
36.7521
37.5161
45.2875
36.6245
38.4958
32.4135
33.475
38.8179
36.7428
40.0722
46.0709
38.1221
44.0942
37.6241
35.4318
35.063
37.7165
29.9473
38.6955
35.9575