39.3715
36.3718
47.1147
47.5844
34.4194
38.101
41.322
42.1501
39.2596
43.8586
36.9497
33.367
40.6588
40.4933
37.3949
45.3431
36.9632
50.5894
40.2366
46.9289
33.0919
34.5502
41.3839
38.4242
40.0374
38.1435
40.7011
35.1471
37.0517
39.4834
40.4006
41.4409
42.943
33.9285
34.7038
37.5015
41.3531
37.2078
39.6783
37.4541
44.1988
52.9897
40.4587
46.3538
39.9931
36.3292
39.0437
35.8543
34.261
37.3587
41.8124
46.2996
39.6845
34.5208
41.4476
40.0527
33.2209
33.8363
44.3423
36.7195
36.9565
35.3514
42.7965
36.146
37.9607
33.8508
55.5972
40.2387
37.7243
42.1848
49.8712
36.7895
33.7976
38.8946
43.8798
38.3821
40.8793
40.6368
48.1853
33.6691
43.6739
33.7478
34.3643
40.2759
37.2318
34.9393
46.8018
37.2234
42.3449
36.1138
35.9663
36.4341
36.8055
36.2237
34.9432
35.437
40.4546
35.6784
41.2737
44.2448
40.8816
36.5823
36.0323
34.8654
38.54
46.001
42.9598
37.413
39.1737
36.5094
53.6367
43.5297
43.1205
35.8882
37.1257
54.4065
35.723
37.0511
44.7512
38.9272
41.8498
37.8271
34.664
35.076
45.2466
37.9085
36.3592
46.1477
43.9417
32.6235
44.1115
37.8505
38.5903
40.9415
43.6256
38.688
36.0916
36.7061
33.767
44.8735
35.313
42.4532
38.0618
34.1251
36.5002
42.7898
37.2871
43.6417
39.8957
37.9578
43.4734
41.0915
38.5817
35.7015
42.6867
51.2024
38.0292
35.0756
42.1041
42.0261
36.4951
42.1473
41.3451
35.8972
40.5243
35.8428
40.6858
37.7225
38.2421
43.2181
47.3891
36.5104
43.623
46.868
43.309
38.6934
42.5531
38.3038
34.2897
32.0805
40.3624
44.5468
36.1599
32.5045
43.0019
47.9311
33.1756
39.6057
39.4084
37.6454
37.24
46.9452
35.944
43.522
40.5706
44.4371
33.4582
35.1273
47.1167
38.1062
39.748
40.9915
43.8014
31.5896
38.316
45.6013
46.4163
39.4455
41.7434
41.4537
40.8738
34.4346
35.6571
36.97
36.1021
36.5436
46.8981
35.3479
38.1244
36.6182
37.6424
34.4105
38.6781
43.8206
44.4124
43.6842
41.5696
32.0745
37.0274
45.5051
38.3123
33.3931
36.0588
35.5071
37.7104
42.8275
43.4676
38.1908
30.5871
38.4609
38.9253
39.4407
32.9544
32.6299
37.905
40.8314
37.9991
38.9225
35.4371
36.6488
36.5629
41.6021
35.9296
45.5566
34.516
40.9533
36.734
37.902
35.2842
34.5423
42.8136
38.7983
34.5745
42.1684
34.5508
32.9164
36.1026
33.2971
51.2943
37.1578
38.8122
35.6904
39.4272
37.8812
45.2862
38.7787
36.6143
40.3928
40.8925
42.6664
40.2548
34.5081
43.0914
32.3662
48.9846
45.7215
39.465
42.179
34.4958
34.6586
38.9791
37.0959
40.2513
40.1002
44.3695
37.9977
44.6543
40.3011
36.3984
43.0444
37.5411
35.8325
44.5573
34.9698
38.0457
39.262
40.1282
41.6215
43.0816
40.1706
39.2228
39.3427
39.7364
39.1634
37.592
45.191
39.0629
45.86
36.2438
37.2424
36.7077
49.5653
41.2416
39.2586
37.6769
46.7032
49.547
51.7059
39.7903
61.7605
38.3357
38.5067
47.9401
38.9227
40.6588
44.9544
57.9788
33.5461
38.8095
38.0177
39.6154
37.8863
38.4139
41.502
37.1299
39.0841
37.3471
37.4052
33.0435
34.5754
32.8087
35.2874
46.6818
40.1842
45.2421
36.1248
40.9748
39.5938
31.9415
34.8239
35.8808
39.8858
41.3581
34.6186
36.7193
38.664
43.6072
39.1781
34.8169
45.9904
41.1133
45.3057
36.1897
38.9955
34.8611
38.5231
32.5202
36.5112
39.8217
36.4487
37.4994
36.2541
43.7188
31.9804
40.3576
34.7071
42.546
42.5362
43.2594
39.5257
38.11
43.0535
40.6115
34.675
42.6581
39.5863
34.9919
39.1349
37.8365
38.5783
44.5522
37.9565
39.2839
32.6189
35.6156
42.2183
35.4178
38.583
38.3221
42.236
43.7142
35.0106
43.7854
40.0282
40.1946
39.7609
38.83
38.9358
37.2446
35.5586
40.8187
39.3736
45.8197
32.6262
43.6869
33.1862
44.5937
36.2515
43.215
33.8773
35.2668
40.019
43.3968
39.2352
36.9189
40.6041
52.7413
46.645
44.5198
38.0377
38.9334
41.9335
33.6654
42.2367
44.9473
37.1517
40.6467
41.6131
32.208
41.7607
34.4706
43.7647
54.7397
36.9721
53.4857
40.1401
33.9976
36.3948
42.7398
40.8616
36.3388
56.5408
44.0693
46.5567
37.1024
36.4088
32.5484
40.4073
58.2327
37.333
39.1952
36.3183
36.9775
35.0644
37.181
35.2313
36.6109
40.753
32.1479
41.9708
33.793
40.577
40.9042
34.8927
41.0309
31.878
43.6738
39.4672
40.5152
35.0522
43.0932
39.9315
33.5721
36.0463
39.8584
36.8935
39.4026
36.0901
38.7786
38.2453
39.8678
37.3232
41.5515
36.5359
35.7314
40.1939
39.8207
38.2613
34.6067
36.8582
35.5775
42.6306
35.8902
39.9454
41.9282
38.1526
36.7775
34.8969
28.865
33.6428
43.1367
38.5502
33.487
37.6224
40.3266
35.7054
32.7207
37.5525
42.2544
43.9209
37.1114
37.7038
35.7102
44.3355
39.3512
37.3907
38.8235
48.4024
35.2664
48.0596
37.3642
34.0309
32.8355
49.7915
40.0747
39.7814
35.9124
44.8397
37.1479
35.5569
34.3935
31.0273
46.9963
52.0096
37.7768
35.893
35.3815
36.1734
33.5768
48.9873
38.4154
34.7344
33.9752
44.2889
37.8925
39.0988
39.4706
37.4435
48.9156
34.9852
40.8443
39.7722
36.7071
39.6937
42.1938
34.8637
41.1542
41.4921
45.9007
49.1957
37.6182
36.1964
39.3653
45.3665
34.9867
37.3612
35.638
38.3653
34.7652
36.3493
42.271
38.6578
40.4804
43.533
41.4035
35.0277
38.8904
38.9706
35.8017
37.072
39.1379
34.9226
39.441
32.9085
48.4842
44.1432
42.7688
43.5616
44.0267
38.8541
36.446
43.7955
42.0539
34.5185
39.9032
48.4692
45.2921
35.8821
35.0037
45.6442
37.9944
39.5921
37.7652
42.1291
35.6486
38.989
49.454
47.6765
46.9065
37.3099
37.8314
33.6007
34.7086
39.7156
37.9209
39.6169
42.2709
40.0867
37.9263
48.3324
41.0342
34.8886
43.2722
41.0086
47.6546
37.0149
40.1445
35.5359
38.8016
40.5877
32.5681
39.068
44.4686
37.0333
42.6106
45.1501
38.948
40.1602
38.1243
35.6906
43.6333
38.7227
36.7685
41.4636
40.6295
35.3726
34.0632
34.133
46.3989
49.3546
42.4126
29.8776
39.0834
33.7278
47.8759
41.2947
40.1277
46.646
37.585
37.2385
35.5875
40.9016
33.7785
43.7666
43.1219
40.7229
43.6182
37.829
41.7187
39.6743
44.1755
31.462
36.4141
43.5851
33.2745
49.7465
42.0103
36.4577
41.8959
33.2488
37.0923
37.5337
37.1293
38.5626
41.3309
37.4518
42.255
40.3151
39.3071
38.5138
39.8199
42.7522
33.9655
38.6815
35.4979
36.4103
40.976
33.328
38.3407
35.8359
37.5337
38.7138
36.0735
44.1524
33.942
43.2797
38.3019
44.3289
41.2933
40.1369
51.0043
35.8773
44.1491
37.5009
48.5902
33.9009
45.3003
44.937
35.7576
33.7354
33.9278
35.3573
42.4983
38.991
35.1426
46.4592
32.9258
47.8698
38.0896
34.0473
34.3271
43.3144
38.6914
35.5224
36.1961
41.998
40.9266
39.9727
34.7997
38.1086
37.2694
37.3463
40.946
45.4333
43.4649
41.3602
42.2174
35.3494
43.9859
42.7643
43.2153
39.9711
37.4395
41.6012
36.6491
34.1655
37.4006
36.9681
33.9157
38.8165
32.2076
33.5281
32.6463
37.027
38.5829
45.5215
41.6551
34.2897
38.9137
57.0207
42.6506
34.7374
39.5041
51.5696
36.596
37.8656
41.5044
41.2603
43.6253
38.9379
32.7364
47.7096
36.2218
38.4732
42.1954
45.1612
47.1327
40.9279
38.907
40.0385
36.7935
40.2715
37.9247
31.5852
43.3868
33.6133
35.725
38.5278
39.0055
39.0794
34.9438
38.6418
45.7042
44.964
40.7841
44.2671
33.5214
41.9744
46.7003
37.6008
37.8406
34.7083
44.5352
40.3466
35.8485
43.8784
40.2329
39.7407
58.3703
41.1129
37.3341
41.3956
39.7334
38.9093
33.0579
40.2033
39.9555
37.9282
37.8908
38.8942
36.6428
38.2865
42.2319
37.0868
41.7815
37.8718
41.6118
44.597
44.2406
38.1301
37.0183
36.7256
33.8209
34.5628
47.2877
44.5174
45.4779
37.4618
38.3452
38.4511
38.842
40.3005
35.6434
38.5173
42.7018
35.5478
36.19
40.1918
40.6148
38.1201
42.4158
30.7948
33.0772
36.9802
42.8754
37.1542
47.0958
41.933
32.9463
48.9817
38.4372
35.7709
39.1188
39.3838
39.2338
33.3766
40.2515
32.1508
41.9964
34.0696
54.6568
51.0197
43.3627
38.3651
39.1257
35.4595
40.4051
36.4569
41.9569
37.8957
37.202
39.2162
36.4424
41.2906
34.3968
34.0418
39.0532
39.4228
39.2859
36.2962
39.275
42.7858
36.0977
37.9146
41.8513
36.835
44.2362
41.3272
39.4807
36.8261
43.0524
41.2788
40.9172
38.1617
37.9835
42.3156
35.64
46.8733
43.4332
37.9905
38.434
37.6986
41.4402
43.0585
44.1964
41.2142
35.6986
48.6667
41.6551
37.8098
36.5286
44.1843
39.3507
40.9745
42.8238
40.7838
35.7826
34.8922
37.6977
39.8443
42.5228
35.0723
34.9352
34.688
41.9303
41.3161
40.6825
31.5283
32.5148
35.8099
47.6385
42.8743
30.6477
35.0062
34.7676
38.0804
43.0642
39.0254
40.1213
44.1125
34.8945
36.6737
44.4233
40.3721
39.9892
39.2421
43.5191
37.521
34.3785
34.0121
35.9202
44.0503
35.6809
43.9197
33.1534
40.4449
36.2673
41.0615
36.7193
40.5884
36.8376
35.2884
37.9806
39.7049
37.2006
33.9741
41.1305
38.3508
32.5576
46.8789
42.7729
36.3815
31.1758
33.7534
39.6882
38.1907
36.3356
50.6597
37.2865
37.8654
42.7092
38.4448
33.605
34.7448
43.4645
38.0907
36.1025
35.7266
35.6869
58.8546
46.253
47.0704
31.7547
34.7738
38.8109
44.3732
38.7974
35.379
48.5916
41.4943
38.1268
43.6777
37.8144
40.4327
33.8283
37.067
43.3012
41.6088
37.8747
51.0996
40.7812
34.705
46.9159
39.8583
34.4707
36.9581
36.7929
40.562
35.8196
35.3469
36.4614
34.6095
36.1698
39.0731
45.506
37.9574
30.8763
33.2843
40.8621
36.2738
40.0104
43.0976
43.1248
38.0387
33.6897
43.2249
39.9065
38.7669
49.7988
32.9513
37.507
38.033
39.1769
39.7656
38.4481
51.1725
40.4777
43.8165
43.7142
41.3938
47.4253
34.3818
34.9967
34.1918
39.2248
35.5451
35.7385
47.1456
41.134
39.5123
45.71
44.0132
36.6309
32.8505
35.0285
39.4263
40.5987
38.2345
39.9559
35.2632
44.0409
35.5154
32.2374
38.4783
44.6273
35.4751
39.598
43.8073
35.5453
38.3367
38.7512
34.8272
36.5971
41.0015
37.618
42.6481
35.0634
46.133
49.8309
35.8788
41.656
37.5993
36.1692
34.6065
40.0086
43.7586
43.518
34.3915
38.4513
35.6761
39.2709
45.6547
41.8601
35.3983
41.468
36.0443
34.579
47.1255
39.9853
38.2348
39.944
42.7648
35.8896
35.72
39.8347
44.9221
37.5916
37.6563
38.6451
44.5579
38.4227
40.537
36.6721
35.3997
44.0694
34.9241
32.8265
33.06
59.138
43.0091
38.3476
38.0512
35.3324
39.3811
36.1463
41.5789
46.0431
32.0459
40.4499
41.6909
43.5791
33.8016
35.4254
36.3738
37.0433
51.8315
37.1259
39.284
36.5719
33.3164
40.9478
40.8587
35.4993
37.3368
34.2951
52.5439
35.8735
37.7591
44.5645
48.0996
45.9814
33.8898
31.7334
39.7835
40.0307
41.5001
43.8035
40.9984
41.0241
39.1446
35.7745
42.5917
40.4069
38.639
37.5159
33.8833
42.3651
46.8591
35.2397
43.9964
40.3289
37.1297
42.3564
37.6539
40.8328
35.5021
49.9535
43.0331
40.8255
41.701
39.5801
42.4682
44.2721
42.1421
46.6425
36.7187
40.9198
38.2785
36.81
33.6238
55.4428
34.5857
37.5401
36.6932
30.6502
49.1504
40.01
38.8584
36.3982
37.9024
36.5519
42.7791
34.4891
46.3725
41.8051
39.3482
39.9591
53.9693
38.5345
41.8879
35.6459
42.0461
39.0353
37.3953
42.1696
34.9356
43.5226
37.3363
38.7765
49.0468
35.7688
41.8188
41.0335
36.2531
50.9678
38.2684
41.641
34.2493
43.513
34.4041
33.6949
35.3416
40.9231
38.5515
43.3675
33.4438
36.9963
39.1241
38.8993
36.9303
39.8138
39.9408
44.2514
39.81
39.4342
38.6919
38.8192
37.7336
33.6131
40.2259
43.822
32.9557
30.8241
38.4398
32.6752
33.2147
31.4226
35.4991
35.112
37.873
39.409
37.258
38.9
43.4589
45.1254
36.7755
33.0508
38.9174
36.9018
35.7925
39.167
41.4187
42.1385
35.7185
37.8317
41.3322
33.9093
39.7618
38.6706
49.621
33.6615
43.4891
37.1819
36.7865
42.1907
47.9343
38.99
47.7319
37.0553
41.5628
36.4133
34.6675
34.0775
37.9572
49.3132
44.3908
37.7612
31.8184
45.5962
35.62
33.9999
40.3471
42.772
30.4335
36.1811
48.2647
40.4302
36.3224
43.1166
31.3935
43.8615
37.5222
41.6527
40.1946
55.3848
33.8656
40.9185
40.5045
35.1491
40.493
39.4883
41.3998
45.7865
40.6258
38.9696
37.7328
40.8745
35.9533
36.6631
40.8231
38.688
42.0478
36.0736
42.9122
39.0803
32.1575
41.801
37.0738
42.8631
39.7614
39.3005
49.2071
32.4474
33.6871
39.5392
47.3632
48.6511
37.1265
35.5856
40.9924
35.2865
38.797
36.84
48.0045
38.8036
36.0616
37.7133
37.9242
43.8285
35.9052
48.3483
38.9605
37.69
40.0687
40.1614
37.5932
36.8133
43.7768
41.9716
35.8816
43.9612
42.4282
39.1824
38.7799
33.7181
46.6504
40.0181
40.4744
46.1641
43.6293
49.4452
32.9397
43.2506
38.9189
37.4776
35.8878
34.9553
41.1744
40.7413
38.2891
37.9148
35.8484
31.8864
41.6933
40.9403
33.7792
33.9056
43.0981
41.4651
35.108
37.741
45.5817
42.3329
38.3936
44.4511
38.4793
38.1028
35.1602
37.5752
41.0961
31.7569
37.8654
38.2797
40.4591
38.3933
39.0699
36.1504
41.8906
36.855
43.4981
44.2742
29.815
37.5306
38.3442
34.5774
43.1227
37.3609
46.8139
35.4079
37.7541
47.6497
38.5197
37.5353
35.4549
34.6331
39.7156
34.1244
38.0968
35.294
33.19
41.5755
46.0169
47.2723
37.2661
38.1562
37.6538
46.8042
37.3547
37.1234
36.6872
33.4511
38.39
36.01
45.5673
45.5379
34.6923
36.3367
37.78
43.8247
47.0433
42.6001
35.0455
36.259
33.9893
33.7532
40.1332
33.1181
36.627
31.3653
34.4696
39.7987
38.2771
40.0257
33.7581
41.3635
38.2287
38.8763
40.4985
42.11
36.5187
44.2317
34.2373
53.3789
37.7484
30.5183
44.3442
35.0409
39.7519
41.9234
33.5384
46.4385
37.2193
34.7217
39.7794
34.3648
36.5861
35.7033
36.4435
46.116
31.9489
44.073
38.528
35.4693
39.6176
37.1271
44.5019
43.0082
37.0803
36.2466
38.3783
35.2894
41.0576
32.7611
35.2651
40.275
37.41
42.7669
43.2369
39.5145
39.968
41.2563
38.6027
35.721
37.4863
34.9834
36.0025
33.6771
38.9209
38.17
37.2614
40.4817
38.6738
57.1664
40.7177
34.1432
30.0061
30.4762
33.7507
34.3558
40.0207
30.9407
35.9173
31.9598
34.7776
36.8672
37.686
44.3277
41.8052
40.8415
42.1871
33.5005
45.1319
45.8033
33.8524
40.1534
33.501
36.4949
35.5625
32.317
44.8264
41.5349
37.3717
50.9109
36.2219
42.6835
31.6628
47.7142
33.071
44.843
38.1752
36.4217
38.2504
43.2388
34.4833
31.7658
36.3046
34.1652
46.2727
51.7049
36.1657
42.8553
37.5792
45.4302
37.6527
39.1434
40.1854
39.2978
43.2899
46.8435
40.1571
35.7856
36.8793
41.8502
50.7637
36.671
39.0805
35.8924
37.3836
56.5589
41.4328
45.9814
40.97
35.9588
34.7799
34.0483
38.95
33.3399
39.0565
36.7248
33.7035
39.463
43.2543
39.7276
40.9004
38.8057
34.0776
35.1899
40.6603
40.6117
35.0392
34.627
37.9203
32.1764
39.2424
41.2156
37.8705
46.9302
38.5348
45.345
41.2096
41.7788
37.2426
39.8015
34.4284
46.1536
50.3005
40.241
42.1975
36.6821
35.2228
38.759
40.5444
53.8819
33.6413
34.0291
41.4382
40.6408
32.0031
36.4308
36.8094
38.2616
44.1621
33.4763
39.8348
33.0815
41.1714
42.9584
34.2937
42.4015
44.8591
35.6859
36.0475
37.866
38.7535
34.5409
34.2988
39.3601
33.2818
39.2788
32.3017
35.8462
41.5434
33.2894
36.7497
45.4844
34.9484
36.8126
41.696
43.4365
45.8184
41.9215
44.9352
41.3782
52.2948
40.7558
47.348
36.4041
38.0653
44.4557
40.0707
52.1316
32.2526
41.2229
45.4578
40.8457
43.801
43.841
38.0758
41.891
41.6027
38.6968
34.9057
39.2515
46.3634
40.3478
42.6136
43.0896
38.9522
43.2524
43.3733
38.2369
40.7142
37.4149
37.8516
42.7581
36.2339
38.8929
44.9202
38.3921
39.2818
49.3682
33.7753
40.663
39.8806
31.5645
40.3369
46.5625
34.8553
33.0602
47.4104
38.9045
40.4703
41.8378
38.9582
34.6424
49.0779
32.9466
39.0921
41.3827
37.2214
44.2676
40.5116
32.5594
40.5893
35.6432
42.6981
37.7146
33.2634
40.6147
39.6284
38.3765
41.5849
41.0623
38.0472
32.2053
33.0128
36.3676
40.8901
33.0986
34.3224
38.8136
47.3791
40.3002
47.2021
40.4615
35.7969
37.693
48.13
38.8651
41.2791
38.0004
39.8705
35.7372
40.5697
37.6974
35.148
43.0149
39.1827
36.8567
39.8271
39.1113
37.2584
42.8808
29.0956
38.2624
39.3875
36.8022
34.809
37.0655
38.1412
39.7306
44.4998
35.5307
35.3633
36.0514
40.4517
38.6461
40.2214
41.8108
32.4039
39.0955
37.6774
41.054
41.6768
38.0513
35.5343
40.4711
36.9875
42.96
44.5422
48.7521
37.8064
37.2882
39.5894
40.1626
41.0362
44.4873
43.4029
42.1712
39.9333
43.1575
34.8545
36.3962
45.7087
33.1767
35.0004
40.7379
48.576
36.2461
34.3544
42.7912
37.6587
36.0367
41.1205
43.9286
39.4507
33.942
32.7603
36.7886
34.9454
46.6562
43.0626
43.2831
42.0536
42.7737
44.0083
36.7424
41.339
34.487
52.1328
40.0256
40.8276
31.4845
37.5314
37.8246
33.0687
49.9785
41.9646
38.5134
37.1848
35.3471
41.5243
37.4951
31.4524
37.7567
30.0962
40.4799
40.0173
40.7305
47.9598
37.1733
41.186
40.4593
37.8194
45.9211
37.9505
40.8198
38.774
43.3219
53.7015
38.8843
39.2875
38.693
36.2721
39.2874
35.572
39.8728
37.9394
46.5434
35.833
38.9043
36.0914
44.3513
44.3108
42.102
43.6404
34.7201
40.1202
44.0949
40.7067
40.1177
43.0902
37.2342
33.8722
36.2687
42.3197
33.2427
35.4063
35.5987
36.6639
32.9541
37.0387
38.6338
39.5796
39.5778
32.8933
37.2187
35.8398
36.6973
30.9151
43.1428
36.1982
43.1922
43.8717
52.1163
40.2615
39.0814
43.8606
37.5552
35.039
38.7417
44.6198
41.7127
33.6339
33.2304
34.5193
35.5302
39.7883
39.5906
43.5694
42.523
38.7851
40.9349
33.7592
39.9085
36.057
40.9029
34.4929
34.593
39.842
40.3906
38.9509
32.0213
34.3867
38.2608
39.4938
42.6274
47.2193
33.2799
41.0391
42.5612
39.3716
37.7046
37.247
35.8316
39.1372
43.5084
36.9471
40.8052
40.2133
35.8781
38.3552
39.0542
39.6367
41.4052
51.7887
38.8205
31.0258
43.3662
34.8281
41.3572
32.3111
48.8062
36.4724
38.9899
44.3186
38.5802
34.0868
33.8034
48.6912
34.0857
40.5199
40.5164
51.2018
33.1709
36.508
33.1706
36.562
43.1722
38.4363
33.7453
42.3232
38.0166
37.6934
35.2497
34.5219
31.6812
33.5707
32.1676
45.8057
36.6714
43.9648
38.8923
39.6182
37.8992
39.4853
38.6867
38.7119
39.7963
45.16
34.1944
35.2696
33.4008
40.7072
53.7149
40.7432
42.551
51.3814
42.0701
50.3067
43.1274
37.1615
40.6259
41.6177
41.0873
39.45
45.341
47.2975
38.4869
37.9724
38.6666
35.8395
43.3776
40.4017
44.3214
36.463
33.5314
42.0337
37.8398
34.9789
34.7264
40.34
48.4851
37.1789
41.0528
50.3858
35.6118
39.3121
41.3398
34.0485
37.04
37.6653
33.9598
40.2596
38.4691
37.5686
32.6459
39.2505
51
36.8726
42.6346
40.6532
38.4874
45.969
46.4368
42.7648
37.4021
39.3231
39.6563
38.3771
41.979
39.9801
40.3448
36.7011
45.3275
35.6669
36.7164
33.6423
37.5384
34.6432
37.2154
35.2841
38.4496
38.5992
37.9563
34.5489
36.8627
37.6998
41.6658
36.4662
36.0123
43.7647
33.225
35.0865
43.081
45.5253
37.8366
40.5522
41.352
39.726
37.2352
37.9351
35.2452
38.2661
32.3213
39.5069
40.1553
34.9811
37.4124
31.7476
39.6459
39.5852
42.4498
32.1407
37.8067
44.1608
42.3744
40.8859
36.6045
38.8171
48.3234
34.1071
47.2129
35.7084
34.5139
41.7532
43.5321
36.8033
46.8895
39.844
35.6521
35.728
40.1861
40.3161
37.3693
40.191
34.5724
38.3812
40.3018
43.4499
43.6538
39.7178
47.5587
38.5721
38.2803
39.7099
34.413
36.7245
32.9939
33.3381
36.8635
36.152
34.1862
34.5562
42.5976
32.0819
38.4298
39.2697
33.1099
34.3298
35.3503
39.7685
41.4574
39.0313
37.7036
43.9283
41.8884
53.4003
35.8364
37.2509
33.9135
43.5054
36.8556
33.516
37.4392
40.1148
38.7002
42.238
49.5468
39.4306
36.0295
38.9328
37.4747
36.7119
40.6043
37.4966
38.4327
38.01
36.5798
40.5254
33.9753
41.7669
43.1112
35.6348
34.6329
53.6747
51.8304
34.3683
43.937
40.4467
40.7789
39.8015
39.9821
35.8429
33.9538
33.9752
36.9651
39.0783
39.0383
39.7073
52.8477
43.1516
38.3334
44.3235
44.6958
34.2264
37.2825
45.3272
42.6816
35.9168
45.4479
41.0596
34.9562
48.5484
38.204
38.8039
42.8651
36.9104
38.3471
38.3402
40.33
41.1245
40.6153
33.6813
39.0991
33.8069
34.8342
40.0408
33.8514
42.7842
37.6263
33.0521
37.7714
37.9372
35.1939
48.4359
41.619
33.7214
37.0585
40.6821
46.5269
36.1176
39.915
38.2198
38.7037
30.2688
44.2111
30.6717
32.0697
41.0817
41.1759
46.8059
40.6252
35.7343
36.2661
38.0718
39.2017
43.2211
40.1071
33.7501
34.9132
36.3954
35.0575
37.6382
36.4907
36.5348
39.4258
37.6835
39.1831
41.8191
47.9981
39.1483
38.0351
32.1683
40.6475
40.3927
37.2517
40.8063
34.8708
44.1637
44.5645
46.2325
37.5379
34.8259
40.1405
35.769
43.4121
35.1399
35.4063
35.1753
41.8012
37.1587
41.3795
36.1198
38.5525
32.8804
39.7338
39.8175
36.9088
39.3003
37.5584
54.9675
42.1779
40.1117
39.2009
42.1326
43.6602
48.8865
37.8143
41.9541
37.2489
36.596
40.3917
39.3361
32.8157
42.965
40.9361
43.2131
40.9961
35.8776
46.1086
45.7474
37.3664
40.2152
36.2587
42.0321
44.0266
40.0284
42.7074
40.685
38.1765
35.582
36.7323
39.5875
33.9809
34.9971
37.3658
37.9531
41.8795
41.8811
45.4825
41.2306
45.1097
43.3532
39.2626
39.2319
37.1836
35.909
46.4806
40.9698
38.0769
35.2327
29.1569
37.2804
36.0795
36.6362
32.9721
41.7437
39.6271
48.4578
37.6738
39.9449
43.6784
39.9266
35.6127
41.139
39.3005
34.5859
43.395
39.688
38.2892
49.7112
41.2075
45.3386
43.06
36.8002
41.9182
37.4936
36.7172
47.5524
33.2007
35.9162
46.7853
38.8718
34.1359
45.1995
36.7924
40.1124
35.03
41.6978
43.0275
38.8506
43.4327
38.6435
40.9849
33.9085
45.3838
47.4627
35.613
47.2148
40.0976
36.1804
43.5285
39.0673
33.9395
38.8828
37.8447
41.7363
38.3779
60.7658
32.4132
41.3265
43.5625
44.7894
38.5984
47.5756
41.0887
37.461
42.3961
33.2859
42.6208
40.7625
43.0245
33.7636
38.1357
40.8664
39.928
31.12
49.1296
47.5334
38.664
37.8524
50.8086
38.3759
43.5885
36.206
33.3354
34.193
34.6027
33.7082
38.4355
44.8839
47.2695
34.5404
41.5009
45.5968
40.346
45.1787
35.5694
42.8225
48.381
32.706
39.4029
34.9686
36.1677
39.504
40.7944
53.1322
34.4907
38.7686
39.0066
39.0765
40.2757
39.7421
35.951
34.9874
36.5349
35.9849
41.4086
37.1465
38.7501
37.5057
34.8608
35.2017
42.0615
35.1411
32.4042
43.5919
35.3484
39.8414
33.8709
36.3245
41.1915
39.2524
40.169
37.8999
38.8972
40.1793
41.3916
35.7692
36.2815
36.6551
40.1027
44.2697
44.458
33.0152
42.7502
35.4837
37.8871
46.3146
39.0701
38.7446
52.5359
31.434
39.5643
45.0455
49.5826
40.3351
37.1024
43.7725
45.4727
32.6562
41.708
47.0535
37.2546
38.2662
39.8709
41.0114
45.776
41.4148
39.3874
38.5149
37.88
41.9234
43.7287
41.4685
36.59
37.3162
40.3117
38.2749
42.0862
40.2945
42.445
37.9369
36.1431
38.9236
38.8957
41.8906
37.5882
44.0696
39.195
32.4251
41.5193
35.2438
38.3251
35.9838
36.4381
32.5693
45.6079
42.8779
45.2182
36.0397
38.3865
34.3267
43.5537
55.9658
43.4113
37.1079
43.0126
39.9206
34.8897
31.2763
35.4643
35.1683
44.0309
43.5694
35.6749
38.6742
35.4339
36.117
37.6156
36.6376
43.8569
36.6734
45.2742
40.2764
32.9686
46.3305
43.9707
39.578
50.3828
39.2481
34.7475
38.6383
39.4106
34.4211
36.2468
40.4032
46.1769
37.4553
38.788
42.4097
39.1327
47.7449
44.0709
36.6206
37.5491
35.838
43.1618
37.9574
35.0249
35.3302
31.1599
34.7338
34.0152
32.1392
30.7648
44.5958
39.7562
46.9998
42.9245
36.4849
34.866
32.981
55.7302
38.0158
34.4524
44.83
33.4805
37.1089
42.2225
48.2886
43.8912
38.9347
47.3445
41.0261
40.0318
32.9036
42.9879
39.5142
39.3915
37.4388
36.6744
37.8144
34.3905
29.4625
39.6892
38.5309
36.6396
44.3882
36.5238
39.4166
35.8818
46.2564
34.0092
37.0883
41.5682
39.7336
41.4508
55.4764
37.2936
42.4737
34.1138
38.6335
37.9688
37.2391
41.3285
39.1549
33.9511
39.3752
38.1023
43.1441
30.9545
42.2001
42.4629
37.5461
35.5353
38.8938
48.9785
37.4091
40.4633
38.2015
38.1921
34.8507
40.7671
37.5603
34.9787
44.8262
36.9181
44.2648
40.2431
44.3145
42.5872
37.5497
36.2383
37.6434
49.0679
34.5682
41.1048
32.702
43.2097
42.0758
46.13
39.9284
38.9817
39.0952
39.2918
30.5457
47.5735
44.6981
48.0756
41.3746
37.1522
39.3217
38.499
35.7205
36.6541
41.6765
40.28
35.4062
46.0498
43.6184
39.4362
34.1695
37.9563
35.7819
42.4403
38.7217
35.4838
39.8382
30.8594
36.6698
37.051
46.451
34.2807
46.5893
32.5262
35.0225
37.5748
42.041
34.802
32.7576
40.7978
44.9576
36.304
30.1332
32.4356
42.0296
47.7341
39.1954
37.1894
49.1217
39.2313
43.3265
34.0318
37.8867
36.0855
33.8702
36.5016
35.8578
37.3974
38.9495
35.394
50.1306
46.9061
41.3155
37.2833
35.4037
33.0325
40.0825
42.7797
30.2472
41.0817
41.6589
39.9665
40.4662
39.1985
38.39
39.7587
38.421
37.7937
35.1452
35.3619
39.0088
41.0222
43.127
38.674
37.5894
34.2536
38.0236
36.9923
38.9482
38.8114
37.6953
38.3264
34.1037
38.722
41.8782
37.6963
35.742
35.8395
40.6255
37.5935
33.6215
49.12
32.104
41.3806
37.0216
34.4677
39.5212
32.847
37.9543
42.3006
42.709
40.7856
34.8985
47.3952
37.5143
39.9558
31.2172
46.3895
46.8627
34.3603
39.2497
41.9901
39.2598
61.3962
40.4378
32.4651
34.3834
33.8931
39.0668
41.9263
35.2944
38.9534
37.0813
38.6889
39.2324
39.5134
36.9094
36.2763
40.8192
50.9403
35.2017
35.2844
48.1072
40.9776
39.782
37.1491
38.1725
43.6193
35.2362
44.7735
47.113
33.1263
42.4347
35.4922
37.321
38.0521
37.0615
33.8751
37.6408
40.243
32.088
38.1983
41.931
38.6287
34.4363
35.859
34.8286
45.6195
45.2649
41.9324
37.2315
40.1728
36.674
42.2622
37.6187
35.7651
33.7528
38.0782
44.4397
50.7293
36.3
42.1089
40.0708
36.9644
38.5616
33.0644
35.1686
46.6389
46.8314
34.3315
42.2395
33.4835
38.6618
46.3422
34.25
38.7578
40.253
50.854
37.7756
42.2486
37.7976
38.6707
41.4394
35.5557
36.4831
36.8254
40.92
36.7553
34.2453
43.9304
54.9199
34.9134
43.1087
46.4414
39.8977
40.707
38.7109
34.5771
41.8232
36.454
35.6446
40.8297
51.518
38.1312
38.4809
44.9056
38.5328
35.6329
42.983
50.419
32.7142
36.1075
36.5676
40.6968
43.3867
40.4487
41.7364
37.2795
33.8327
35.6242
38.812
42.3252
43.1544
40.4739
30.812
41.2932
38.3583
36.8327
43.1924
46.3405
38.8911
39.3132
47.0815
40.9787
32.9269
39.4088
41.8266
41.0371
35.4329
37.836
39.0107
39.7483
36.7724
33.2461
49.9777
37.6257
40.8438
38.5826
42.4138
37.0732
44.4202
41.6669
34.466
41.855
40.5325
37.4441
35.6299
37.5786
33.7146
43.4536
31.6087
33.2062
46.7648
38.5918
41.3795
46.4454
45.3369
44.8957
43.6548
37.8658
41.327
33.658
36.2642
35.8401
36.0042
38.7597
31.4351
47.9849
40.3436
35.8452
48.1567
42.8938
34.3632
36.8155
32.9131
38.501
30.8536
39.9363
33.4228
38.0668
38.7405
36.131
36.7156
38.1565
38.18
46.1277
35.9573
40.0858
42.2668
43.6503
37.6924
39.5647
40.1561
41.3681
37.3468
40.3389
37.6628
33.2476
39.9549
40.0845
31.108
39.1906
49.7609
44.5595
35.6431
37.8457
34.5915
31.4954
40.7727
39.7615
35.514
37.1849
41.9488
38.4281
36.4074
41.6161
39.7571
38.4608
40.0146
38.093
48.5167
47.4769
35.3465
50.0831
35.7577
40.8549
34.6738
34.7278
46.4698
38.3709
36.9784
42.61
33.5629
31.1603
35.3136
35.8649
34.0486
36.6795
38.0621
37.3913
41.0205
36.9861
37.7664
44.1144
39.6021
44.3696
48.0073
38.8333
31.3772
38.9479
36.7098
33.6567
40.7944
38.3131
39.4752
37.1935
38.5445
32.7426
41.4459
36.5834
38.8803
31.6036
39.7142
48.217
36.0618
37.255
38.0548
42.9455
34.5802
35.3722
38.5468
42.8225
42.1902
46.6738
39.4321
36.7495
37.5096
38.0192
45.4513
47.0515
33.0408
54.2836
43.9103
35.3839
32.1288
40.4856
36.5998
35.7918
41.0768
37.7015
39.2464
36.8829
41.2312
35.7841
36.0059
38.36
37.2352
38.7942
36.4948
38.9298
33.2587
46.2515
37.6907
41.1663
35.177
36.4079
34.7165
40.3712
37.9949
42.2168
41.1719
55.3997
43.332
41.6301
38.6261
46.7317
34.3553
35.3614
44.6226
40.4089
37.5893
39.7133
38.6683
36.0057
37.1537
44.2515
43.317
37.9196
40.2212
39.386
32.777
41.8589
39.0504
40.4079
35.8954
43.2387
37.0903
44.1564
37.0533
39.9446
39.5564
37.1531
40.4821
37.2093
33.51
54.107
36.6283
36.5501
39.0221
35.0144
43.3482
42.1035
53.2539
40.7746
39.282
45.0964
39.647
36.0275
41.4603
37.2286
34.735
38.4127
46.2854
32.5643
57.6212
43.2224
36.6128
36.525
34.0776
40.0966
48.3969
47.185
42.1193
34.3482
35.7021
37.5899
36.0912
42.8437
36.8811
43.6655
36.716
40.2443
36.2913
38.4466
47.5281
39.8672
32.7506
35.139
36.5757
35.5751
43.0958
46.241
34.8717
42.0765
35.874
43.9643
48.4563
34.3667
33.5301
37.6739
36.7565
38.8985
37.426
38.4071
43.1639
47.6933
40.8272
36.5938
41.901
34.2728
47.3849
39.7322
44.69
39.8001
37.4678
35.4872
33.6074
39.2605
36.7141
33.6773
34.537
42.9151
36.0407
34.4584
39.7243
37.5811
32.3222
38.8621
35.8613
36.4633
42.8899
39.5406
32.8367
40.9731
39.5455
41.8049
31.0882
38.1847
36.7298
35.0098
34.143
33.6732
35.683
35.4508
32.3326
44.046
33.4299
36.816
35.3266
38.9921
41.481
34.3168
39.7565
36.3979
31.8316
42.5424
45.4283
43.0371
35.8407
41.042
34.9429
35.1787
35.0387
36.2055
37.5176
45.4211
47.7076
38.2184
39.7605
34.0846
40.8692
38.1918
31.1986
32.7246
32.0746
34.2105
49.5757
38.3277
44.667
40.9
36.0672
39.5263
35.4028
39.272
37.4395
46.0425
37.7687
38.1258
35.1422
40.9738
33.7247
36.0619
41.3828
36.5912
42.3729
36.2328
43.9098
42.83
36.502
34.7274
38.9129
40.0417
33.8322
39.9717
38.9925
48.3031
39.5119
53.6879
39.5787
37.1
34.9308
35.7196
43.2679
40.7854
48.2499
38.6351
32.1687
37.3974
35.1503
38.2426
35.4813
34.6658
36.5294
34.4034
37.5398
42.0056
35.3034
37.8832
40.5815
31.0037
42.5339
36.0047
42.0308
33.4817
37.834
42.9098
35.269
42.8168
33.7516
48.8925
35.3449
43.068
32.4513
40.89
37.9594
37.2891
38.4132
34.6329
38.3354
41.9276
36.926
37.8809
37.51
42.8513
37.0172
39.377
41.7756
40.4241
41.557
40.3811
36.7341
33.0362
36.8385
38.3608
34.7313
40.9474
37.6779
44.6026
44.2693
39.438
40.3276
37.0433
42.3298
38.5613
36.1676
36.63
34.0354
36.5945
43.3985
37.7238
38.2502
43.7122
40.4141
38.0286
36.9892
35.9213
43.6699
33.6508
39.7877
36.968
38.4888
40.9644
35.886
45.1118
63.8999
33.2511
36.1889
33.9188
35.99
34.4328
46.2477
42.5581
38.2675
45.6823
38.5464
47.0849
33.13
41.7838
37.6297
48.1506
47.0185
34.7131
37.9436
35.6665
43.7393
45.1469
46.8451
35.9372
40.1536
40.2385
46.6588
39.4645
50.0192
44.2703
38.3101
43.8207
34.981
44.3398
37.4657
37.7503
41.5094
44.3399
40.4353
37.9235
34.5067
35.4071
31.7064
33.4131
34.2921
35.4621
45.388
42.0172
41.1912
37.4509
52.4037
38.0255
39.5654
38.1244
34.7943
39.5671
37.4745
39.0478
36.0752
34.7244
37.9709
34.5421
37.4501
44.8669
41.6784
37.671
38.855
33.9305
37.9874
41.5097
49.3398
38.9147
40.7122
34.5617
36.8867
45.2826
40.233
38.6327
38.8284
40.947
52.1244
36.8186
32.1568
43.0804
45.0581
39.689
38.1219
42.4065
32.9944
33.045
32.7255
50.6971
37.7645
39.8685
49.0338
41.8799
33.7525
35.4875
50.0204
43.4135
38.1291
42.1983
39.5899
38.2835
40.7551
41.3858
36.1099
43.4205
40.6535
40.1738
36.8356
37.1678
37.2786
35.4865
37.429
40.2718
37.5307
30.6731
35.567
37.5303
37.2024
34.8611
42.7636
33.6403
42.6413
40.9307
43.3072
37.3456
34.9678
35.7179
39.0203
37.2249
41.5794
46.5491
41.447
47.9684
38.5248
39.9167
50.5023
35.6306
42.8743
39.1483
37.2067
36.9508
37.1383
39.357
42.0024
39.157
41.054
36.3092
38.6121
45.0629
41.4062
39.3339
32.0688
37.4457
39.2535
46.7548
41.6324
39.3392
38.4964
36.1916
41.6342
35.9214
31.605
40.566
30.2284
38.9683
33.6518
41.8969
42.1151
43.2597
35.5518
38.2314
44.2505
36.9084
45.5453
38.6566
38.2737
37.7043
41.3588
39.2885
42.7664
33.3474
44.7997
33.1201
41.5683
39.1736
36.1056
37.0444
37.1446
38.5085
33.3775
40.6971
43.9659
41.4776
40.6218
35.9128
45.0717
42.1222
49.1027
34.7981
37.2299
37.9048
44.3784
42.2096
40.3374
52.0131
35.5263
53.6571
37.7208
42.0819
37.8093
38.7307
38.7247
39.7692
36.9499
37.9076
38.0412
36.5991
36.0112
35.5453
36.9345
35.8601
41.5728
36.484
37.4206
33.253
41.4822
35.0484
36.3642
36.7187
41.6062
32.1119
35.1648
36.9542
39.8523
64.9338
42.2325
37.9135
36.3135
33.8471
38.6757
45.2661
41.226
34.2399
49.2641
37.9278
44.0925
37.8132
43.4497
42.5726
37.6654
33.1508
43.0138
38.5031
35.9516
41.2542
36.9473
43.7277
38.9497
44.1895
49.1331
35.225
45.8667
34.6268
41.2963
36.0808
39.2042
53.0993
33.8729
35.1043
44.2115
34.7432
35.7047
38.6976
44.8797
35.8609
39.2779
39.0496
43.2137
43.1274
38.4191
39.5914
38.1335
36.2563
39.3216
35.9616
52.1735
39.8548
38.8738
34.8986
35.4689
37.5613
38.9147
36.734
34.7654
44.6225
37.3227
34.4409
44.6205
40.7103
34.2506
54.0783
40.4936
36.8772
45.5004
39.1783
38.4629
35.4416
36.218
41.8002
37.1265
39.0182
34.6807
44.1317
44.8289
41.5046
42.9067
37.5513
53.2661
40.3062
37.6079
35.619
43.4932
38.8529
37.9656
47.291
44.7201
44.5404
44.5911
41.5682
36.8591
37.8651
45.0995
38.9551
39.7539
32.3404
31.418
39.4219
34.4571
38.4871
38.0435
40.0085
44.2118
33.7191
37.6948
41.634
39.3226
36.2731
35.8081
43.8015
38.6347
35.2382
45.3516
49.5513
36.7501
35.1686
42.745
37.2611
46.3033
48.349
39.8896
37.4817
45.5114
38.6002
38.7801
37.6687
34.259
52.7851
30.4388
44.1379
40.1984
35.9026
37.9004
30.3032
49.8441
39.66
37.783
41.6452
33.571
43.0757
50.4136
38.5843
51.5929
39.758
47.1847
46.0574
39.7601
38.0749
37.5601
39.2651
42.1368
36.4208
39.5536
43.6964
33.7086
33.0947
45.0002
39.8969
45.2674
38.1066
37.7947
38.5858
42.081
39.8998
34.1869
39.3792
46.2302
30.9295
35.9322
33.977
33.6991
35.3574
41.088
41.6551
44.1178
37.3242
32.8263
39.334
36.4927
45.7589
46.0383
48.9709
36.4632
35.1474
36.2492
50.9878
38.9689
46.5648
39.2855
39.3624
35.4451
43.9047
38.7656
36.5192
34.6786
40.8083
40.4948
38.0619
39.4517
34.8924
41.4372
40.0552
40.6688
40.8058
30.746
38.0629
34.0283
33.7296
40.1002
42.8234
33.4716
43.2793
38.0659
37.0221
38.284
39.8552
35.0784
41.9603
37.2259
40.8104
39.2515
37.2143
35.9168
37.1685
42.9969
36.6176
36.3038
48.1961
34.5529
54.0043
49.2373
34.4211
35.5873
33.6799
39.5404
40.8497
45.4664
36.093
32.4428
48.5298
46.7778
42.9678
42.4876
41.6727
36.5267
35.7235
35.1577
37.2819
36.233
32.9629
45.6824
32.9306
36.7641
49.1134
40.9444
35.2362
40.0453
36.7232
40.2885
37.6827
40.6818
47.9405
40.0874
34.7128
45.6497
37.3327
45.4943
35.2581
35.3209
33.7357
44.3413
38.2006
41.9401
43.5114
35.5721
38.8113
40.4071
31.4656
47.2111
37.0891
34.4753
44.935
49.7421
34.5745
34.8406
38.2697
33.6782
46.9554
35.8422
36.9779
40.9649
36.3122
34.8101
43.3576
32.8852
39.4228
37.901
37.886
41.6259
39.8998
38.5065
38.4167
47.1162
35.4024
58.3429
47.2403
47.358
34.6991
47.4181
37.2828
33.3927
33.6302
32.7815
36.4827
34.2502
38.0932
34.5513
40.2626
37.8675
39.1925
41.1745
49.7569
37.2166
43.9803
40.9843
34.1223
34.5137
37.468
39.2722
48.9202
32.2306
36.4031
37.2185
34.557
41.1214
50.5993
36.9003
44.4042
39.8045
33.7395
42.9851
54.1544
37.1761
40.7659
35.6778
37.583
39.8071
33.5718
33.7512
41.95
38.1104
50.9775
37.3267
37.0182
37.6017
45.4775
40.1829
41.3072
41.2872
38.3091
39.0187
40.2532
33.9928
34.5179
40.3006
38.507
35.7084
32.9834
37.2766
36.8854
41.6451
43.4124
35.6875
37.6683
49.6355
33.6186
51.1009
31.2529
43.0883
36.6167
49.5912
35.1285
42.3155
37.7847
30.4493
35.8732
39.3844
39.6997
41.522
32.7662
52.798
37.213
40.7012
40.5298
42.848
33.8615
33.9566
39.2176
37.2553
42.3182
33.3441
40.1775
37.3683
41.6151
39.3999
37.2123
36.8082
42.0909
31.3596
33.5585
30.3776
37.2422
35.6226
42.4458
34.0618
38.6232
39.9304
42.9556
33.433
31.9073
36.9763
37.3005
37.7594
48.8303
41.0557
36.1883
36.3269
38.7598
36.7183
38.7749
41.6374
39.4484
39.791
42.1668
46.0782
35.9594
43.1718
37.5419
43.0794
42.9308
40.0177
33.5204
35.1434
34.0626
38.6474
45.6407
42.3862
42.7231
39.5248
42.3111
43.4195
42.0764
46.0703
48.7918
37.28
38.0271
39.9533
51.459
41.6113
34.9679
42.8614
39.0506
45.8645
35.8338
37.7065
36.7028
38.3719
39.9011
38.0181
32.7119
40.295
40.481
39.8214
40.3049
38.0029
44.0908
34.6299
37.4095
44.1294
39.2651
39.7391
33.1977
37.6782
35.8968
42.4018
39.43
42.4
33.7961
35.4993
35.2053
34.3258
41.1945
43.0637
36.9636
40.5178
43.9254
35.6675
38.7929
41.1425
36.2632
37.1012
43.3594
38.2656
38.396
46.3644
39.1439
42.0877
38.6474
36.0963
35.267
38.129
33.4098
38.0282
46.3896
41.5012
40.0178
32.0948
42.5316
37.6418
42.0106
36.0839
43.1598
37.5896
35.8901
37.2606
34.0697
41.1571
36.753
48.3391
31.8617
42.559
40.2856
34.99
41.243
38.1497
41.4414
45.7954
33.9575
44.3299
37.9517
43.7393
39.1082
36.2566
38.2263
39.5096
31.9492
41.2803
37.1449
34.2343
35.4598
43.2495
46.2987
37.3567
46.3818
37.8382
38.169
39.6729
32.3443
41.1609
38.5175
34.1744
37.6514
41.2532
36.4131
42.1143
37.0671
38.8086
35.3015
43.6065
41.6898
38.7315
33.7999
31.3393
35.592
31.5814
38.2809
40.3538
44.7958
33.8847
44.0241
42.1877
34.1573
36.4342
39.1455
35.6109
39.5001
36.8428
42.1702
34.132
41.0653
40.8086
34.5624
42.8312
44.1349
35.6454
35.2156
37.614
41.3887
50.2926
33.5237
42.2758
35.5391
39.9797
45.1609
38.209
35.5172
35.2546
40.2771
34.0498
38.2368
37.3465
37.2922
45.0011
34.0875
32.3392
36.4808
34.9837
38.1125
49.9664
43.5185
31.7964
40.5241
42.3958
38.068
36.7452
36.7877
34.3548
38.4155
40.0375
47.0102
41.3629
41.7505
39.269
36.6548
35.4946
52.5783
39.227
36.8383
38.4858
39.2182
38.1024
46.087
38.0786
39.0435
46.7781
35.8497
34.1759
41.6701
38.534
35.5876
37.2143
35.1482
43.0978
43.9457
35.62
57.259
35.3377
35.9835
34.4958
38.598
45.6756
31.0318
36.1313
32.8289
42.4834
44.9244
37.1268
32.6932
34.6898
39.6587
34.9992
35.9204
37.1685
35.1254
37.5639
43.5449
44.0292
37.9694
41.5704
35.0596
46.1215
35.3607
39.423
38.1857
43.2174
33.9896
39.9134
46.4362
45.0234
35.7687
34.9779
52.1717
39.755
38.7157
35.9271
40.1633
37.4828
37.1042
36.4988
34.3684
33.9879
36.8803
32.5851
46.8464
35.7519
36.3099
29.0982
39.8771
37.052
48.9748
42.1582
37.5923
35.2436
38.1358
45.4412
34.6488
41.7304
32.941
36.5115
41.8133
40.2771
38.7023
35.1397
36.9527
43.0557
42.135
43.517
39.7824
38.9864
45.9336
37.0064
39.4015
36.5112
41.5054
41.5944
37.8559
36.0202
36.6338
33.2686
37.6943
38.4413
58.2522
35.3023
34.3483
43.6777
33.2398
35.7942
43.1116
42.6745
37.1704
37.4642
37.1139
35.3411
41.4324
37.1764
41.799
38.5062
38.8271
40.8824
50.6405
35.0969
46.725
43.158
40.8428
39.9649
43.4157
41.3672
39.7394
37.7088
30.1646
32.4888
34.4928
40.3963
33.4294
34.3023
33.2635
33.3545
44.1897
37.851
52.7801
39.5154
35.5842
33.1996
38.3147
35.0826
39.6604
36.1488
33.991
36.6404
34.9432
49.4934
38.3486
47.4906
39.5749
31.3501
40.1523
39.2056
32.1484
36.3825
38.3681
38.4407
36.6104
42.5761
41.1048
40.4127
40.8713
35.4299
41.2652
41.0452
45.7301
34.4831
39.9742
42.1397
43.3999
36.1021
44.4837
40.3728
36.1923
36.5737
36.7013
35.6069
36.8099
40.1777
42.5239
36.556
43.7445
36.6867
40.1243
40.3279
39.0751
33.4195
37.8133
36.9667
41.8075
43.7269
32.3196
33.5606
40.7746
36.5214
44.9925
42.0536
36.16
42.8738
45.9037
36.3749
43.6105
37.272
42.0208
45.5215
35.318
42.3206
32.5313
39.4399
40.4078
35.3782
31.8499
46.3807
36.2734
37.2937
34.9185
37.2499
36.4748
41.7197
37.0414
48.652
29.9779
39.2575
46.4055
36.9572
46.7424
31.7665
36.1449
49.8923
32.8429
35.9616
41.358
36.1971
34.5326
36.713
37.0798
39.5464
42.6872
42.338
42.184
36.7514
34.5582
38.8121
41.8331
40.1458
48.1805
35.5443
36.8669
42.3323
36.2748
33.6943
40.4449
39.2094
38.7348
35.8053
35.9655
47.2424
39.0867
40.3493
34.9534
44.4262
46.8241
34.8464
40.0238
37.7077
36.4459
36.0478
34.9273
53.0615
38.6092
40.1599
40.9052
30.274
49.9987
40.4271
39.7995
39.8865
40.811
38.9001
34.8709
47.5546
41.0489
37.349
40.6849
36.8914
47.2063
43.7723
45.1556
37.1426
38.1146
33.4481
32.44
39.9424
39.5833
43.0647
41.1654
37.377
37.4136
35.1773
43.5721
35.5685
40.3924
43.4881
46.7237
40.4029
42.7899
37.4753
33.9005
39.5799
36.1069
41.6406
37.4285
45.0435
35.5667
34.8324
39.5097
44.6367
42.8295
43.5349
38.2966
39.3073
37.7392
34.6572
37.8255
32.9811
35.9966
42.2144
36.3628
39.8543
35.9663
33.8383
41.7661
37.0456
39.2715
41.3277
44.1719
46.3812
43.5379
31.6623
39.4023
42.6222
35.1954
32.2723
45.9822
34.7091
43.8649
39.8074
48.5857
42.633
39.3558
41.0956
34.8047
40.3454
37.3249
44.6088
41.8627
39.1602
33.4966
37.4748
37.9196
31.8157
35.696
40.2645
41.1771
38.716
38.4209
34.2361
48.2209
33.9367
42.3895
37.688
39.1005
37.4313
37.076
37.057
40.4733
48.7358
38.414
39.3324
42.2525
41.6196
39.6933
39.9095
37.4749
40.9707
46.8011
42.7729
45.9628
42.7954
34.2646
35.1819
40.5213
39.6312
32.665
40.3722
38.0646
34.8768
41.3017
42.3634
42.5753
39.3463
41.5545
35.6991
41.5603
51.0036
40.05
37.9437
36.392
36.2262
35.9752
49.8819
40.7557
36.2847
46.047
38.3422
41.9182
41.8549
32.3495
34.7405
38.9213
38.5938
43.0712
32.9976
36.0775
40.0576
47.6587
44.6015
43.3584
42.7068
40.5797
41.2877
44.3365
34.0333
40.8705
45.5237
42.7982
38.4067
33.4678
40.2636
36.0935
41.5851
31.0117
42.6897
38.788
41.0572
44.1222
40.6108
43.3692
35.4381
33.996
43.4972
38.0016
35.8547
39.7125
33.8465
37.6537
34.2839
41.9569
38.0584
44.7686
40.1471
38.7464
43.0085
36.0304
36.5208
39.1251
46.9237
43.5372
40.4274
36.1761
35.459
45.1635
47.544
41.2372
40.5043
38.0296
50.4813
40.574
36.4649
36.1657
37.4636
44.1369
44.0142
41.679
46.0495
35.9298
36.4018
36.6084
42.9187
45.8486
41.3832
47.9574
49.9166
43.5432
45.034
44.9989
35.6905
40.4739
38.5564
40.7774
33.7711
39.2678
46.1888
44.5599
47.0218
37.8793
37.2282
35.6076
41.0377
42.3322
32.2457
43.3492
37.1683
43.8295
37.2145
41.6412
40.6539
39.2742
43.7619
36.7673
38.4785
46.5734
40.9906
42.4473
34.0569
33.0641
35.8857
38.5205
36.6912
36.6869
43.2445
34.3874
46.281
39.4271
32.1636
37.0589
41.5896
38.9106
41.6168
44.3879
45.028
35.906
51.9319
34.1329
45.7278
30.4502
38.2965
34.8746
38.5177
38.0429
41.0188
50.122
42.0615
36.264
34.7595
46.6316
37.9868
37.8614
40.8201
41.508
36.986
36.4537
40.3193
46.3908
42.2362
36.9117
44.8156
39.0275
44.1603
38.4573
39.0572
38.9631
41.4981
41.7799
39.5316
45.717
36.1918
38.1137
45.5115
33.0806
35.8455
29.8369
41.7048
38.3844
36.8893
50.791
35.9786
43.3494
46.5305
36.8362
45.774
33.3501
38.4389
34.9707
34.3275
37.2699
40.9118
39.7057
42.6912
33.5137
37.6125
39.881
46.3708
36.9676
39.8021
33.777
46.7422
43.4612
46.4347
40.3044
35.5115
38.5368
33.7165
41.9801
38.7238
43.8441
41.7174
34.8067
38.1257
37.0717
43.4293
35.1416
33.0417
45.0597
41.7798
49.3596
41.4906
40.9815
34.2903
41.0288
32.4061
33.8438
38.2531
32.5978
43.7369
45.8208
40.6889
46.3029
42.4518
28.1824
40.625
39.2853
38.6962
36.3354
37.0766
39.0399
44.5731
38.8404
36.598
29.8613
37.1196
47.7032
43.1191
39.2193
38.9191
41.2605
36.3869
41.0077
36.5986
38.5715
39.0521
41.5784
41.3291
34.2553
35.6155
32.4866
41.7783
41.1279
33.6326
36.5524
37.5569
43.7284
38.7398
44.7586
41.6717
36.0465
45.7184
38.9211
33.7456
34.2205
42.3989
39.0885
35.4883
42.5661
36.2443
35.8341
36.2738
49.623
38.9984
40.6129
39.4987
47.3409
36.8818
37.0136
41.6161
42.9618
44.6405
42.6789
31.4605
39.2698
35.016
37.2995
43.3152
41.5339
37.4835
38.6513
47.5405
39.6111
32.3985
36.4653
42.0353
47.2429
40.8526
38.8061
37.5479
36.052
45.6523
36.7358
34.8858
44.9571
35.6071
41.724
32.2437
36.4774
47.9028
38.17
37.478
34.7982
37.8288
37.5247
36.6827
38.5008
45.7145
38.876
42.3358
36.4186
40.9087
39.2427
36.427
38.769
48.2271
31.5602
46.7826
39.2696
53.159
45.2808
30.6642
37.4329
35.8304
44.4853
37.1098
41.4396
40.2376
35.8247
45.3534
41.2251
59.269
42.5489
37.2081
36.1221
49.1157
40.9447
44.1642
38.5685
40.3994
40.2322
35.0515
38.5268
42.4194
42.4239
41.7444
34.0801
36.8776
39.5285
38.2403
35.2581
42.9885
47.9778
33.3748
45.5869
44.9599
36.2933
35.0318
42.6442
38.9637
40.7359
40.0107
38.0512
37.7109
36.6136
46.8343
35.6636
35.9179
31.0745
37.223
36.5388
35.9038
31.8366
38.3791
52.0415
42.7393
50.1443
40.8223
34.9045
39.0505
45.6633
57.0303
37.4882
38.4999
38.1641
35.478
38.6733
40.6087
34.6475
40.6108
41.5904
41.4571
33.5749
42.2527
38.7678
38.6049
41.7745
41.0339
35.0237
44.4913
38.4309
42.9338
35.1301
37.921
41.323
41.2524
33.8603
38.2746
45.0583
40.4854
34.3529
41.0642
37.5097
42.0193
46.2972
44.0915
34.4425
39.0281
34.6228
31.3488
43.8006
35.0861
41.7378
38.476
41.8526
33.7096
44.2833
33.6772
40.8714
36.1223
43.393
36.8852
35.8088
37.2421
39.9327
32.7525
35.361
38.9229
37.2426
39.182
33.1925
39.2715
41.6126
40.7571
45.9912
38.5717
38.4339
41.1725
41.9608
36.2316
41.7015
47.8562
41.2229
43.9151
34.7627
34.0692
34.3735
42.3883
37.8406
42.9283
34.0429
38.6543
38.9362
38.6062
42.1265
38.4946
45.3576
44.7456
39.6819
42.064
37.689
43.1976
43.9567
42.2013
43.9838
41.0434
34.8687
36.4625
32.1258
38.3439
42.5764
39.7089
47.4559
39.9352
44.9134
36.2489
40.6026
29.2623
34.2871
34.6135
37.0451
44.067
38.9653
49.261
37.5035
40.9943
39.0965
36.8797
32.5778
42.968
33.7968
46.1707
45.3243
36.6089
39.3748
41.9244
39.7543
37.6914
33.1747
35.7929
39.6785
40.3442
38.7377
46.3435
39.9982
30.6741
37.9783
37.0209
36.8123
38.504
34.2304
36.5322
33.9929
35.3207
38.9259
45.8976
35.1197
36.1471
40.78
43.3514
35.9337
41.9183
37.7183
32.4755
45.336
43.8945
37.2199
36.4895
36.878
42.194
39.2233
43.0237
43.9826
41.7646
39.0213
35.0599
50.1523
43.4406
35.146
37.8151
44.8776
34.7615
34.6617
44.8456
46.9389
40.8872
34.0235
32.8995
30.101
39.5111
45.9014
42.0285
40.4302
37.7738
37.1946
37.8391
38.3118
44.1841
38.6774
34.2685
37.4596
45.1104
43.3846
40.4455
36.0857
32.9684
43.5242
50.0592
34.8583
42.8168
40.2724
36.3086
43.5442
43.8307
31.7946
46.6853
41.4152
40.9664
34.5663
39.7425
36.4247
33.34
36.2464
43.5796
32.5829
36.7682
44.1242
37.8327
43.1567
36.1485
32.2194
32.6989
48.4739
34.1048
32.886
39.2428
36.9583
39.4546
32.9059
38.5164
32.2056
36.2623
44.4824
36.9451
33.6133
40.2714
33.3743
43.4278
36.9947
36.014
33.5975
37.8398
36.8316
35.3262
39.2126
42.4455
40.408
38.3304
47.8122
48.7346
37.7633
37.4229
36.4095
32.1938
54.2677
38.2558
35.0706
47.3031
45.3885
32.6536
38.487
38.4409
38.6752
35.3917
34.2621
43.5684
33.4904
41.2131
38.5107
34.0504
39.742
39.565
37.1593
39.1174
34.7712
39.1753
36.377
36.4784
43.3695
39.6823
43.0373
46.909
37.3839
47.5036
46.1983
38.5884
38.4962
36.5307
36.7474
35.0224
37.2238
35.2888
40.7349
39.9239
40.4574
47.7178
43.9675
37.9924
38.592
43.4161
44.1719
41.6964
42.3803
42.3246
36.5241
39.3993
32.7185
44.0969
35.0476
38.0082
34.8791
36.3089
36.2038
44.7907
44.7386
36.6897
33.7162
44.8712
33.8365
38.2189
41.0595
46.0423
42.4027
39.0957
37.4972
35.4203
36.8861
34.3945
43.3301
36.2425
35.0645
49.5701
38.4677
51.4897
43.5497
43.7228
33.255
45.7827
38.1276
37.5955
45.0661
32.2751
40.1569
38.0383
30.6725
35.7405
35.8419
33.9373
31.4314
43.2615
36.8244
36.551
41.2868
41.5744
39.9509
45.3403
35.9
41.9654
42.7109
36.8551
46.2039
32.8878
36.115
40.3765
34.1348
39.2288
34.5659
33.9096
39.7266
39.9488
39.9021
36.4136
40.5478
31.9517
36.9458
38.9314
37.7725
42.2088
38.584
34.6395
32.5423
36.7829
41.8146
41.1295
37.3332
51.3262
34.9364
49.0731
39.0702
42.1115
42.8542
35.253
42.2192
41.1312
37.7388
44.3468
42.2137
44.5392
40.0569
37.3033
52.4489
35.0167
37.9838
36.7484
39.9483
32.3615
54.4111
42.3541
41.5942
44.7426
32.5661
48.3172
42.56
36.2771
32.4329
43.1682
45.0121
32.8884
37.5903
42.1234
33.1604
39.5107
39.3196
40.4901
55.2874
43.7541
35.5849
39.1117
37.1974
38.9413
38.7121
36.6367
39.2855
39.2988
38.8325
37.0099
41.9635
47.2857
40.0083
45.2889
30.9776
37.6882
37.5257
39.9282
34.9234
41.3037
36.5429
36.4653
38.5695
42.8319
34.6005
33.9409
45.0754
42.1147
35.207
46.2603
43.1606
40.4745
41.4808
33.4155
38.3724
38.0627
39.617
40.4781
38.6986
36.5839
42.2607
40.9287
42.7702
47.8616
29.6454
37.9756
40.7719
38.2909
46.6267
40.1088
36.4071
36.9316
35.0634
39.1254
42.2148
38.1363
37.5818
42.9734
48.0121
41.499
39.8554
45.0835
44.1603
38.1761
38.3649
36.7678
33.6349
45.6784
37.7974
44.7274
43.0336
33.6993
39.3789
33.0477
42.3117
44.1973
41.385
34.436
42.1015
44.6086
46.9934
37.9408
36.2882
34.1858
33.847
46.2703
34.2354
35.2834
41.7582
42.1602
39.8579
32.9703
38.8923
41.6369
37.9237
44.9069
32.8097
36.369
42.8414
31.4411
43.1417
37.4959
32.7729
37.7433
44.9603
32.7757
35.6703
37.5543
36.339
37.0172
41.6733
48.3997
32.1216
38.4332
40.2577
37.0405
37.7086
37.5301
42.2
38.4007
34.2604
50.005
38.6414
36.5025
45.2118
33.7712
41.5329
36.868
33.1247
38.2191
42.6287
34.343
38.4544
46.1091
46.0688
38.0363
41.6687
38.6965
44.3797
42.364
39.3409
36.4362
40.0156
37.6125
40.6694
33.3317
47.5982
40.7206
36.9379
33.3252
38.5896
34.2987
38.3586
36.8043
37.1819
39.1532
42.4817
63.7382
45.1641
43.8805
35.2213
36.264
38.1063
37.303
33.7849
36.9449
45.9261
40.5717
39.5078
35.7389
39.008
38.7878
38.2168
36.4032
42.4404
44.4083
37.6063
35.8016
39.4763
45.0602
42.5976
35.4132
39.5107
40.9254
42.8973
38.1707
37.4136
44.5565
42.7835
36.2959
40.6739
39.2581
41.7334
40.6952
40.9896
38.413
44.5076
50.8057
40.411
41.3129
33.2469
46.1869
35.891
50.2594
42.6617
39.8996
38.1154
37.4248
34.5998
40.4211
34.6493
38.4729
37.6278
38.5697
42.9365
44.2026
35.5495
33.7937
41.3886
42.4951
43.0578
39.3488
44.1954
35.7448
44.2929
41.9201
33.8492
45.3656
40.2674
40.4407
51.9401
40.8645
40.7587
39.6568
41.8617
31.0291
35.7088
49.2748
45.0782
38.8275
39.2138
34.9879
35.0662
34.9703
41.3408
43.2501
36.4524
34.4377
34.3317
37.0515
34.8843
39.1374
40.486
50.2019
41.5019
34.6608
42.1596
42.2249
34.6278
42.6278
39.662
39.1103
39.1372
38.8428
49.3041
43.8891
40.4956
32.7099
36.0808
39.3834
32.9548
37.014
32.4383
33.9669
43.078
41.1481
33.3618
37.7971
37.3073
34.3312
47.5088
36.6568
50.3594
36.2539
34.5037
36.5298
33.4419
36.6175
35.4248
37.6931
35.657
42.5419
43.4988
39.0626
40.4599
43.921
38.7045
33.3532
34.353
44.1721
41.1072
42.9607
43.3695
40.6182
42.3776
34.4379
34.3182
40.4742
45.2964
36.0257
37.7234
38.2989
39.5042
30.9311
40.7695
34.7569
46.825
32.4453
38.915
45.5316
41.1697
34.246
35.0953
55.3077
34.7817
33.8803
36.8229
43.3387
45.0192
35.132
47.1992
37.4881
42.6622
38.8458
43.9726
39.2517
35.7845
39.3082
36.5509
38.0517
36.3961
33.6924
37.5231
44.1761
33.6906
41.5022
43.8188
39.5456
41.9221
42.7209
39.8018
38.6667
40.1572
36.8027
36.7059
35.6754
35.2385
41.8147
38.9724
39.8217
36.5443
43.8271
43.7495
42.7155
43.5828
34.6483
33.7397
35.3645
33.8754
36.014
43.1742
40.4925
34.4395
42.5111
34.1286
43.6182
36.7515
39.4679
38.6183
43.3878
38.0043
34.7854
44.8286
40.0522
36.8094
39.0404
42.4997
38.0317
33.0715
48.1057
41.0344
43.2786
36.4838
35.5736
34.5811
37.7125
38.6138
48.0398
35.6322
41.2295
43.5564
37.3298
43.2693
39.8078
40.1824
35.5676
32.948
34.1331
39.6137
34.8441
39.7458
46.5164
38.7989
35.0506
30.5221
35.6404
34.0532
37.0117
32.3559
34.0534
43.687
40.0373
36.4273
37.3414
39.1914
35.5113
37.5653
35.1178
49.8113
37.4764
37.3117
42.6233
38.1694
35.346
45.1016
50.6501
50.6817
39.6209
41.124
38.863
44.7297
39.4732
38.0937
40.4441
50.6377
34.6272
43.0669
42.0123
35.3095
38.3148
35.1422
37.0772
36.6578
44.3665
39.922
38.4803
39.7633
48.1523
37.4619
42.2776
41.369
38.0509
45.5043
35.1329
44.1997
28.9523
51.6993
42.3827
34.7331
36.3321
39.4681
45.1497
48.5759
43.012
42.5227
44.65
43.8265
34.2151
35.2599
33.1063
42.2259
38.7952
36.914
39.366
44.9698
35.311
41.0293
38.0064
38.5521
40.0404
40.892
37.7481
42.2843
35.7672
40.8625
35.5197
34.1797
38.1068
39.711
34.9114
38.2741
34.3311
37.9549
45.1324
41.5632
50.5746
45.7416
41.5377
36.7621
40.5808
35.6243
37.2359
39.7304
34.2442
44.3648
34.4404
34.2902
41.2154
43.3103
37.0074
45.4582
48.3629
36.6383
34.1118
40.9644
38.5651
38.8394
30.7637
38.024
39.466
40.9225
36.1246
35.4117
45.3358
36.1025
39.2742
42.4282
36.6989
38.0788
40.3013
39.5172
40.3435
34.3141
40.3092
31.858
39.593
44.5549
42.9743
36.7615
46.9283
46.5149
34.8521
33.7927
37.9434
46.4578
44.7995
36.8413
34.6516
38.3419
50.2671
40.8455
31.3852
36.6271
37.969
44.4029
38.4539
41.2399
43.5853
35.0923
39.9387
34.0337
40.8613
35.2773
34.9866
36.9323
42.1127
36.3104
39.7325
41.1815
34.7649
33.2776
36.5955
39.4069
39.9137
40.5748
33.478
35.2351
35.3853
34.6212
39.3618
43.2898
40.0875
45.913
33.2568
39.1854
48.065
30.319
36.2712
33.5694
36.061
42.5484
43.5634
40.3713
44.8044
37.2851
34.3185
35.9068
48.0282
35.0041
41.5265
53.9037
41.4774
35.4003
43.7475
41.9612
40.7966
36.1245
43.3956
30.857
33.8696
40.8075
60.123
35.868
35.2327
43.9557
40.0578
36.7622
42.3576
42.2783
33.9674
41.8046
36.9847
37.187
36.0183
40.6844
42.585
42.5317
34.9209
42.7027
39.289
41.5387
37.3538
32.8462
46.991
45.681
42.797
43.4344
35.5934
37.5387
47.4602
33.016
42.8895
39.8802
42.1382
34.8084
40.1092
35.9481
40.0945
37.9247
41.563
41.7848
52.1023
37.754
40.9766
39.5801
44.7416
44.2481
38.4829
41.221
35.3636
42.1019
38.158
37.2105
40.0445
41.4141
38.0567
38.5125
50.5934
42.011
42.5052
42.4498
34.8486
48.8291
48.9943
38.7624
33.7587
39.9627
48.7933
45.429
47.4076
37.419
42.0438
38.7473
38.1242
40.2682
35.8846
35.3877
50.4429
30.9805
41.1512
44.1482
45.3869
33.6342
34.9789
40.2636
38.845
38.1825
34.7169
40.5976
38.4683
40.4402
43.6457
44.4555
50.1717
31.569
36.1178
43.2674
36.8683
42.769
40.1904
32.3532
58.1572
34.7234
31.7567
36.3822
37.0238
42.4835
35.4231
32.4043
36.9454
37.6626
45.5818
37.6028
34.2043
34.9628
34.3757
37.9147
33.0382
40.3772
38.833
33.6013
45.5875
46.0605
38.26
34.215
33.3853
33.6004
39.4112
41.0617
41.7176
41.0374
38.2327
35.3308
41.5687
35.489
31.7189
39.6759
35.4477
43.6074
40.4851
35.2373
38.1342
36.189
37.8083
38.2923
37.5591
38.5102
42.9904
43.6215
34.5463
40.5777
39.7958
44.539
38.3643
36.9
39.0079
32.8722
41.3748
35.0888
39.4607
39.5638
41.7097
34.8656
36.903
51.1998
37.9433
37.8322
42.0084
35.5085
39.3108
42.9192
39.5235
37.3606
43.4578
37.1615
40.9813
35.5419
36.1702
40.7478
48.3104
39.3334
37.0158
37.7003
41.8563
35.5104
47.2503
34.8306
41.0139
35.3354
36.6216
41.6853
38.8711
43.4022
44.9322
50.1266
37.6613
49.529
41.0448
37.2181
37.0967
43.7015
35.6257
37.8401
32.831
38.6976
33.2237
35.3759
48.1203
45.2833
35.0632
37.5698
44.6891
38.8388
45.037
44.9356
44.9594
31.3111
36.342
38.3896
44.9667
38.4783
34.8739
50.3456
47.6744
40.7982
39.2905
39.9782
38.4995
47.4867
33.6728
40.6226
38.2105
36.3058
40.4066
39.9966
46.7422
38.457
37.6108
48.5467
41.5395
41.2363
46.341
42.6088
35.5966
36.1533
39.743
28.4801
37.5396
43.8272
31.3833
37.6535
40.4308
37.7348
35.7616
45.9764
41.6442
35.6815
39.3716
41.0864
35.6983
39.9062
44.1469
36.1482
42.2581
39.9076
36.1562
38.9144
34.5633
39.235
34.0144
36.8924
41.1567
40.6995
38.7383
41.911
36.3309
34.2643
36.8731
41.8832
37.2624
37.6178
48.6041
36.418
39.3143
41.1719
37.9835
46.4753
42.6797
31.8343
35.3505
41.5565
36.1778
36.6377
38.2697
39.8754
45.5003
36.3246
38.8266
31.5761
40.032
41.9543
41.3369
51.0866
37.4395
37.1881
36.4978
38.7666
39.3866
44.2599
35.8072
42.0241
34.3999
35.9559
28.8581
36.1077
43.7255
33.8054
46.3089
33.4126
37.6793
33.284
40.6431
45.3283
36.8179
39.1768
37.7567
36.6908
37.1227
35.9075
40.6107
42.1281
34.01
39.2448
41.0397
41.2518
35.587
37.5212
44.1596
34.3512
40.9451
36.8065
41.5246
43.1367
40.1401
31.6411
43.022
39.1697
42.0146
40.0504
32.2419
38.5948
39.6099
34.414
38.5743
31.1312
46.575
38.5635
36.7571
36.9611
36.4983
40.8179
45.7682
36.7599
36.5098
35.4184
34.5636
42.1723
37.3813
36.6838
38.2003
42.7688
37.3345
37.2943
33.6059
37.5415
38.6739
41.0311
41.2196
42.5359
38.3395
35.1655
33.8163
37.7077
46.3317
39.2643
32.1563
40.6595
45.8324
40.0419
42.1741
41.6343
39.1598
46.3254
39.5376
40.4117
32.9632
34.8628
49.7565
39.7132
39.049
39.7477
30.33
34.0656
52.0031
35.3789
43.1474
43.6912
41.2576
39.7076
35.111
41.5205
53.6121
41.4891
44.2906
35.6918
36.4468
35.322
41.1355
38.9559
36.415
42.3743
41.5131
38.0874
37.6527
33.1394
36.8334
43.9121
32.4218
38.2034
43.0768
44.4085
43.6286
48.9496
36.7933
37.2859
40.5486
39.1499
40.5972
38.0185
30.4939
34.0342
39.4479
44.0147
47.6799
36.0723
34.2214
32.498
39.4305
36.8952
33.4759
37.4975
38.1665
42.7787
35.2147
37.5553
38.4814
37.3806
42.8962
38.7541
41.9386
37.3809
42.5234
42.6527
34.8132
37.0562
36.2656
40.6171
42.3079
43.455
39.6357
49.3918
38.1495
42.0336
42.4326
31.7671
38.1229
37.0486
37.1515
41.6256
43.8521
40.2739
49.0134
36.0876
38.2921
38.6093
41.8799
42.7578
39.4039
38.0158
43.7299
40.4268
37.4992
37.3032
38.3605
39.2149
45.2127
37.636
44.2718
35.2446
39.4402
33.1165
42.5418
34.8449
41.2785
30.4552
33.7503
39.0033
34.9508
38.7101
43.5506
41.9994
47.7063
35.108
40.109
40.2537
54.1586
39.8293
42.372
38.0272
40.5705
37.1097
34.5528
35.1541
34.8294
38.8974
43.9511
41.0767
37.3432
37.1719
35.3508
34.9942
38.1116
39.5617
37.3846
46.0938
39.3963
38.8222
36.1527
36.4298
37.0532
40.0832
41.8147
39.1797
37.8215
44.0892
36.9158
42.2318
41.1697
33.1328
38.3731
38.2178
33.4032
42.81
40.9536
43.451
35.9414
45.0992
35.9435
35.3813
40.4683
40.0255
37.8617
42.7009
53.6843
51.0292
37.9636
38.5665
38.7525
33.3441
41.4666
48.9633
36.8
40.7174
39.2555
39.8823
36.4762
39.0551
42.1254
39.221
54.7162
43.8827
40.0655
51.7322
36.2511
43.4601
37.0907
34.9295
40.924
36.4529
37.4974
41.0645
38.0768
39.0457
40.1645
39.4134
39.7347
38.0919
38.001
32.6193
33.5773
38.036
38.0021
35.4072
38.58
37.3708
40.2136
35.1708
36.6716
41.1288
36.7768
41.2609
35.8558
39.6559
50.253
33.8888
46.3399
34.6758
37.1826
37.8931
40.569
40.2473
37.477
43.8397
35.1769
44.7768
45.4902
35.8778
40.2144
45.4328
35.1617
36.5858
54.0558
35.544
38.8009
42.1209
38.1237
36.8102
40.7149
39.3089
34.3297
40.4408
38.3216
37.0609
35.0692
42.6703
35.7936
31.7386
37.1383
37.6508
42.7765
46.4929
42.5557
37.0687
33.7812
38.0389
37.4841
46.3439
46.9486
46.3413
46.5637
39.2957
35.7539
44.9253
35.4435
49.3132
40.4947
41.2369
38.7448
49.7964
35.6579
43.4617
38.9242
49.6403
48.2682
41.9847
40.2691
44.1471
35.1622
37.4769
34.0175
36.9051
41.2531
41.621
44.6931
51.3494
31.7084
37.6527
36.5585
52.9595
37.0685
36.9118
35.4477
41.1752
47.5074
44.619
36.019
35.2374
35.2143
35.8469
37.9587
40.3797
36.3707
39.4321
32.8954
34.9888
41.5877
34.7636
39.3911
39.2874
41.5293
37.369
49.8319
40.8209
38.6753
33.7439
35.2993
32.2394
33.33
38.9632
30.1169
34.0177
35.4904
35.5065
36.6511
45.5764
32.0952
35.2647
42.4895
47.0106
38.7171
33.7157
39.2485
32.698
36.9891
35.1687
39.8145
41.8696
36.7566
38.2612
42.237
44.8601
35.773
41.9292
41.2252
41.1136
40.9178
35.8773
42.3916
40.6353
31.6499
37.5086
40.1422
42.0423
38.9416
41.212
35.2765
44.037
36.2241
35.3595
37.5924
32.9886
42.0386
37.9313
38.2023
56.8544
31.3021
38.1488
44.8077
41.3512
42.7633
42.9478
36.4836
35.7211
36.9037
34.802
36.8737
39.0432
38.7528
43.5293
45.2487
38.5889
40.2976
35.6102
40.2179
35.5536
38.4356
36.9987
34.7674
38.3859
52.7349
46.2971
37.7591
40.8632
43.676
39.2688
44.8139
30.5134
46.1247
41.7518
41.1406
39.7873
48.3981
43.8768
42.942
38.701
34.915
37.144
38.652
47.6829
34.306
45.5158
37.5403
38.3315
37.3143
35.8016
40.0113
40.1282
37.1393
38.3815
35.4685
39.0368
37.1565
39.9584
33.329
45.8767
45.0578
29.8374
33.1244
39.6909
40.2003
46.8697
44.8218
35.077
42.8078
31.32
40.5666
37.9547
37.8396
45.7095
34.4524
37.4111
49.2513
35.0342
39.8752
37.2389
39.288
43.2559
34.3783
37.9303
43.4153
32.542
37.2353
38.9798
31.0686
38.342
39.0606
42.5059
38.3204
34.6177
43.6844
38.1743
34.0893
36.1133
39.2958
40.6335
43.3331
37.4937
29.2023
39.7751
34.3576
46.6475
29.1598
32.6412
39.856
37.9354
32.9085
39.5931
39.0896
40.8448
42.9705
43.3703
40.1043
44.3925
43.7131
37.2721
39.802
41.7168
41.9174
46.6724
40.3413
45.9761
46.2221
42.8949
44.6139
39.643
33.9756
38.2392
41.3706
36.0122
35.671
41.0206
40.3392
42.2165
46.5848
32.1537
41.7936
44.7703
39.8499
41.3515
45.6002
33.6145
45.195
46.2152
42.4678
40.4438
35.4156
34.5909
33.1236
36.7501
45.6967
41.5467
40.579
37.5957
47.0578
32.0304
33.6083
41.0295
34.55
41.0809
37.2199
38.5509
51.8384
31.4679
39.8917
37.3053
38.9749
35.5605
35.5152
47.6886
39.8896
47.5267
43.5264
36.97
42.5723
33.2829
40.9948
41.8684
34.5466
34.6223
46.9278
44.0484
32.7193
41.1258
41.8553
41.254
40.2897
38.9511
34.2409
41.1609
38.7494
41.0089
47.5607
38.1863
38.7182
34.9938
37.5621
36.0728
39.2759
35.709
38.537
33.5701
47.6432
38.5007
40.0782
40.3376
40.8266
37.0368
41.7752
33.7593
41.9895
42.7559
36.1602
43.262
47.6889
36.3885
30.0724
43.4268
33.1485
44.2933
44.6645
39.4708
43.5937
37.9411
34.5024
44.2909
43.473
43.5115
41.3515
35.7215
38.9236
39.4156
39.4812
33.1473
39.9881
38.1044
32.3878
32.8394
40.082
37.0528
37.1405
39.3531
37.5771
40.7282
38.3458
42.2609
29.2083
41.4099
35.4833
37.0215
34.2997
38.6551
34.3322
45.5205
42.7265
37.4215
32.7839
36.8546
44.9442
33.3152
36.6249
32.5957
34.4878
33.5454
40.4914
41.8653
35.2765
42.7073
41.9372
36.1903
42.1157
35.1032
38.4356
33.5783
36.6326
37.0732
37.8191
44.711
36.7139
39.8386
35.0057
33.3626
34.5002
44.4931
34.1846
39.733
37.0532
37.7683
33.9024
34.8661
44.075
34.1823
35.3456
34.2015
42.0077
46.0966
35.2148
34.3696
39.4103
40.3411
36.5662
39.1113
45.081
52.0153
40.2416
40.7409
36.8714
39.2224
47.8594
37.1901
43.4737
40.1302
39.1346
37.2658
46.9096
43.3884
36.2355
44.9545
39.0408
30.1193
42.4416
33.7023
43.4054
39.8187
40.9698
38.0684
41.7215
54.207
39.3893
47.4477
33.1465
46.5725
54.4332
38.5702
45.7259
32.9705
36.7658
45.742
43.4555
49.6
45.2143
30.2108
39.0348
41.2726
41.1193
39.5183
45.2947
41.2191
43.8247
40.8804
37.6564
41.5401
45.6222
42.5984
38.1743
37.2112
38.9535
42.3417
36.896
39.1922
38.9742
36.6154
34.966
40.1948
42.2477
35.5595
36.8963
36.3654
41.7804
35.5459
47.6981
45.9523
38.8167
51.3351
36.0773
37.756
45.502
35.8541
37.5993
36.284
47.8956
37.6358
35.4002
35.6778
36.8238
35.8763
47.9325
40.243
39.0612
35.9389
38.0905
32.3692
39.013
31.2646
39.0641
35.3323
37.733
38.5307
41.2365
39.2264
38.896
34.3419
36.9837
35.3003
37.2179
43.585
39.5647
40.5402
36.888
45.5176
32.4199
32.9861
40.9194
45.7126
40.4573
36.7332
42.4854
37.7377
46.3121
42.1392
44.0968
33.2002
37.7916
38.8332
41.1933
40.3568
37.854
36.2033
33.9047
33.3453
46.3192
44.4959
36.3588
36.3338
32.8836
39.9281
39.8254
37.84
35.5644
47.7922
40.9656
39.0851
37.4724
32.7474
49.5908
45.3881
47.9722
36.6706
41.0343
37.453
40.3035
42.0672
42.672
35.691
34.3777
30.3992
41.6246
36.1304
34.365
45.7193
39.86
28.8609
39.8973
37.4804
43.7595
39.2988
42.9186
38.1103
34.1899
38.3083
45.8519
33.8951
36.3725
40.5112
42.9466
36.2781
40.6626
37.6917
37.7261
33.3078
34.7355
45.4367
36.8289
36.2551
50.3687
41.4747
44.7875
40.4093
38.1735
40.1615
48.0845
36.3176
42.0958
47.3448
35.6818
40.1776
45.7648
49.0236
49.2517
54.6722
35.5874
40.1544
37.6105
35.8938
38.7867
44.3612
36.3521
38.2149
37.2157
41.9523
41.2516
30.886
42.7279
39.1732
43.869
47.1813
39.2307
40.6107
37.8913
41.6689
31.7091
39.8755
42.4154
38.093
33.4589
43.8798
35.4655
38.999
38.148
37.8307
46.9414
41.8898
35.7378
46.4401
47.0118
33.7335
42.1185
38.3566
37.4273
42.1613
36.5934
52.3984
50.0528
44.364
45.7275
37.8548
41.157
42.2176
32.1274
38.6058
43.5269
41.1042
32.4832
43.2459
38.1728
35.3991
38.3817
32.7332
36.4916
44.0585
37.8886
43.1245
35.1699
33.7549
39.9086
43.1991
33.8144
42.915
40.036
47.1348
35.9143
44.2191
36.814
38.8509
39.8215
41.428
40.5841
34.3654
37.8564
33.3398
34.9086
38.1662
38.0331
36.1377
41.8328
50.3026
39.0113
44.6483
44.9458
38.4512
35.4651
33.823
37.4044
46.2828
39.1809
39.3561
43.5519
41.3251
37.7001
34.8053
38.3555
43.1549
39.0294
35.4939
32.9905
40.8191
39.2054
45.7085
36.637
45.6795
35.4462
40.1027
44.4578
31.0843
36.5739
42.8602
38.0323
38.8375
35.7345
42.0296
39.7032
45.051
40.8274
33.7506
46.4547
38.335
38.6498
42.7809
42.487
35.9743
43.6988
33.2937
41.0601
37.4403
42.0041
40.3333
42.2216
34.4983
36.1763
34.0571
37.4689
38.128
39.3776
36.5752
36.9225
36.7932
42.2227
37.1558
34.617
55.9431
41.6518
30.5337
46.4956
37.2991
47.9176
37.7263
40.4933
36.9536
35.5507
51.1143
45.5457
35.2413
38.7919
35.6317
36.4642
37.8217
36.2759
42.0527
34.0972
32.7999
42.093
40.5707
46.4296
38.2894
36.6718
35.5863
42.0633
38.4732
44.2245
37.376
32.9466
40.1533
35.6426
33.8462
36.2557
49.3757
45.822
36.4284
37.2704
39.0595
49.6931
37.27
48.4496
40.0027
32.0761
38.9211
43.2724
45.67
38.7822
33.9945
37.7932
35.1832
36.1674
35.9131
33.318
40.4204
40.7382
46.3335
37.5553
39.2052
30.6128
33.5973
39.4416
39.1828
50.6207
44.8126
36.7655
36.324
41.7611
33.8863
35.8797
43.0027
49.82
35.2441
35.3883
31.0995
33.7304
32.3299
35.9971
34.4542
40.5875
36.7967
42.0751
36.1109
38.8735
37.6347
42.8593
36.8733
36.9065
37.8449
31.7102
45.9901
44.8481
38.7953
41.0312
35.1838
45.9416
41.6555
36.8865
51.7775
34.7712
38.4529
45.436
40.2588
37.8205
39.4352
45.5381
37.5206
41.7275
35.9228
37.4376
38.6605
37.4446
42.4705
41.2687
37.7125
36.6861
40.4598
35.5822
40.4498
36.9424
36.5498
40.7395
42.707
42.0172
35.8378
39.3706
36.0221
40.0433
43.7408
37.5403
41.0168
42.9404
39.3591
43.4182
38.9337
37.804
37.7447
33.6746
34.0287
37.6645
49.3333
36.3532
37.9799
37.0742
38.8979
38.0619
57.2214
38.0883
35.9646
37.334
40.1649
49.8234
36.1334
38.073
37.8478
43.3311
38.7087
43.2929
37.6639
38.8149
42.4625
38.8273
49.2669
45.1693
32.1861
36.3868
53.9994
52.726
43.3263
39.1487
32.9075
33.9008
41.815
39.5963
41.3009
36.2624
40.8026
44.1836
36.1471
48.7175
36.6137
42.4553
46.2365
47.7717
62.2046
37.4079
38.8086
44.525
44.9698
46.6766
33.6554
38.4988
41.1905
41.6096
38.571
37.5167
41.2504
42.448
36.3188
41.8264
31.3124
38.458
44.574
36.2436
43.6602
42.2469
40.2792
38.4633
38.4437
49.2035
41.0694
33.6371
42.7077
37.9717
40.4982
40.2921
42.3037
42.4767
39.3544
41.1313
34.2835
34.9332
36.1349
48.409
35.7739
38.0423
33.7756
39.4961
38.9409
41.7594
38.4499
54.458
41.756
43.835
39.0535
36.1762
37.5253
40.7253
38.9243
34.3832
39.2162
41.1355
33.4655
34.8693
40.6955
38.9761
39.3605
38.3638
41.3138
36.2792
35.8339
36.489
43.7524
31.8427
37.0662
37.0463
46.7472
41.4962
35.6591
35.2747
40.7628
35.1238
38.2723
41.8323
46.6458
35.3751
41.359
46.8411
45.0971
42.2005
38.4152
42.3958
37.2997
38.1998
35.3021
48.8786
42.122
37.6995
35.9895
34.622
43.25
34.3107
33.4158
41.6557
44.976
30.4065
38.7047
41.5055
42.4775
35.9613
36.5615
48.8315
48.2836
37.0727
39.2438
38.5531
36.8537
35.2771
35.3882
43.3965
41.3495
33.2193
37.7443
41.1285
30.5554
42.7468
37.7471
39.2265
41.0337
38.6248
43.0029
35.3635
35.0978
39.8128
46.5077
41.4778
39.1975
38.5438
33.8751
39.9333
48.4427
37.0872
35.9987
35.7209
43.0188
42.5194
43.1156
37.8487
37.4622
47.7228
34.0601
44.9365
43.3913
39.8086
36.4982
35.9113
40.8197
47.0176
43.1729
43.6404
43.1563
39.627
39.4345
37.7039
37.1082
35.0282
32.6916
39.4013
36.1163
37.7599
38.1003
39.5528
36.1922
33.4533
45.7405
42.2363
36.2623
36.781
38.4166
41.0113
44.9443
54.9661
37.7277
34.7169
38.5981
42.609
43.6451
34.05
45.9902
38.1619
42.8089
35.8698
48.0909
35.6265
37.467
45.2419
32.5555
40.0138
41.3195
46.8766
43.7622
43.6213
38.513
37.5517
35.1498
41.5711
34.1284
39.2428
48.6542
39.4507
44.3751
35.6363
43.7156
45.6408
36.1746
40.4589
33.8112
44.3853
51.0576
37.6345
36.7297
33.5143
40.8666
36.1556
42.184
35.2868
43.2478
44.1402
43.1773
38.2536
36.3617
48.7711
39.2548
39.9588
38.652
40.9001
50.2964
36.4175
39.3971
30.8176
36.8007
39.7602
47.119
33.6974
38.1329
43.0755
49.9415
37.4817
44.3274
38.7958
35.3985
35.372
45.6889
37.8197
42.2726
43.3503
34.657
37.7247
37.8339
37.3341
37.8317
43.4534
40.009
39.8505
36.8744
33.6169
39.3424
38.6813
37.9888
34.6117
37.3838
41.0261
35.7165
38.2078
41.5413
44.4277
40.9531
35.3057
38.255
37.9622
33.8483
40.2525
42.7335
49.8463
30.4036
48.9234
39.1334
38.0221
40.1153
39.0299
33.2705
33.4229
43.6192
35.634
34.4452
42.6135
44.8273
37.8703
35.1139
41.9276
31.3109
44.4964
46.84
38.8863
38.9714
42.4848
34.9781
46.5655
33.2124
42.6724
38.5614
43.7972
51.5038
39.5866
36.0149
37.2961
34.247
37.7744
39.7097
41.2866
41.2609
40.2688
33.5524
42.031
40.8717
44.3845
36.7702
49.6715
35.5299
47.9823
33.3407
35.0427
37.1156
40.0512
38.0877
39.5867
43.2047
44.9472
39.7827
46.4273
44.1984
37.0722
36.7632
41.176
40.2923
35.5564
42.7288
36.0795
41.2446
43.8493
40.3455
40.6267
35.5198
33.3704
36.8392
43.2153
36.9491
47.2096
36.6907
35.8974
47.5958
43.9428
31.3539
35.9931
42.6796
37.9568
38.9783
34.9939
35.6406
40.8866
44.0124
37.9215
34.8347
43.9934
43.078
36.0939
42.6063
35.8065
41.6731
33.9656
40.6065
49.5474
32.1301
41.7852
52.6347
35.8427
34.554
35.8317
40.41
37.9336
37.8949
35.4675
40.2949
31.6142
45.9102
41.9372
34.1369
44.7322
39.1176
48.4635
39.4974
37.9199
35.8174
34.4898
41.8205
49.04
32.32
36.3227
36.241
41.4252
36.8909
39.7997
35.0195
41.324
36.6184
40.715
40.2672
35.9417
34.8911
38.0636
35.8401
32.2246
42.1929
34.3189
43.8923
43.0726
40.0566
34.7509
38.6845
38.8033
50.136
39.1454
48.5897
37.4319
40.1717
39.758
45.0724
32.1463
38.694
37.4388
40.016
42.9164
40.3918
49.2733
44.0695
36.6581
46.9811
33.1908
41.1398
40.976
37.2215
35.3189
35.8153
37.76
36.1174
35.4573
39.8062
36.9326
37.3655
41.2211
36.6638
40.2259
35.5284
36.5969
44.2922
39.6827
36.4009
38.9361
38.4177
41.6708
47.9235
39.5605
33.5277
48.9063
32.2958
44.675
36.6005
42.7981
34.7473
42.3818
40.3067
34.816
34.7757
35.7688
38.5727
35.5097
39.8189
31.1218
38.0601