31.7122
37.8505
44.0915
38.8984
31.3918
45.6176
38.1277
41.3894
36.7728
46.7013
40.4921
37.4925
35.0095
33.5075
33.6677
37.8901
41.0731
32.8899
38.9631
38.0758
33.0425
42.4415
42.1633
40.3797
30.3698
35.7378
50.5609
39.6767
35.4558
36.242
42.5786
43.6022
40.5981
40.4997
47.1571
37.0664
39.5001
43.563
42.4126
39.3954
43.1609
49.541
34.7655
34.0478
40.8293
37.3571
41.0562
45.76
35.3027
38.7897
36.7524
42.6257
35.232
41.4468
35.4662
40.5064
44.6259
42.8272
38.485
42.8247
42.8505
36.5302
33.9786
38.1645
46.8723
38.7482
36.2933
36.0393
35.5572
40.1554
34.1834
39.5034
36.7871
35.7455
33.6325
48.3306
32.4215
40.853
48.2347
37.5133
35.1024
33.1635
35.697
37.9424
35.8154
35.3538
34.7811
44.3425
40.244
38.2785
39.1246
40.9137
39.7707
39.0926
38.4904
31.7559
35.0029
39.4504
38.945
48.6772
37.1224
42.4564
40.7801
54.6118
35.7904
44.2813
37.5288
41.2698
45.2014
31.9759
36.9016
44.5972
49.5601
40.8452
42.7057
38.5254
42.9946
37.156
37.4773
39.6388
38.5441
39.743
43.9276
42.7414
36.111
36.9737
33.1329
36.9182
41.1058
41.3539
39.864
42.949
39.7008
42.9006
37.4171
31.4918
38.769
35.8154
48.2781
38.5697
37.4695
40.2172
42.3234
32.3661
43.8432
35.2391
34.0468
36.3951
41.3805
39.7532
48.4438
33.9989
40.0412
40.414
30.022
38.8778
42.5704
38.6612
35.2349
36.0546
33.4667
41.4816
36.4951
36.4502
32.694
38.564
44.2156
46.6174
44.8711
34.9072
46.801
35.1505
37.2755
40.0537
35.0024
39.5402
36.9803
39.7001
35.8332
35.7185
45.7162
38.5697
38.9838
42.728
34.4617
33.5816
44.5314
45.3918
34.8555
36.3312
38.2411
34.4745
37.8734
45.3309
40.3841
36.2317
41.7484
44.8837
44.0948
43.1441
36.4319
40.7981
34.8153
31.0404
34.9934
35.3788
35.0787
43.3279
42.9506
31.4688
49.598
41.0532
43.4401
35.6244
37.5946
36.3969
33.6749
36.0543
42.0182
38.0869
36.6865
36.6183
40.3109
37.7237
41.9101
43.6057
45.701
38.3469
34.5843
36.3383
38.2867
39.8997
30.613
36.3224
36.4541
49.4312
36.5342
32.6793
44.4518
33.5005
37.1948
43.8159
36.6868
45.192
40.389
35.9383
36.9402
36.0759
46.7721
32.472
39.7649
38.9128
40.1163
33.1678
38.807
44.5125
30.945
43.9104
42.3625
42.6973
39.6466
38.6332
28.9795
44.3089
38.4548
42.1723
40.4219
39.6987
39.0587
44.3187
43.8343
39.8982
37.1471
51.2617
39.8892
34.2868
41.0563
38.2126
38.1036
39.1649
32.7222
43.7607
38.2918
37.4584
38.8168
34.9691
46.5038
42.796
49.7371
37.07
43.7466
44.9836
35.1753
42.2011
39.7991
43.8094
36.1281
45.0455
38.5933
32.3144
43.8399
44.5925
43.9717
37.2519
36.2368
46.1376
37.0994
46.1174
32.761
41.7116
33.3468
34.9852
41.6998
39.113
35.2944
36.3774
38.2315
40.1454
40.6442
31.7658
42.4469
44.7779
47.5085
38.1919
30.6289
40.5304
37.4984
43.2313
36.8156
38.9767
43.7435
35.4091
34.6744
43.6349
42.649
42.8047
38.8984
39.9424
32.3808
37.6436
35.7305
39.4199
34.81
35.1568
37.6821
37.4272
48.8788
42.3501
38.1317
42.4976
36.0728
35.0851
44.5387
37.4901
33.2716
35.3872
37.6844
33.1114
52.8935
37.7345
47.8932
33.3437
39.7527
39.0127
40.1827
32.6087
46.63
33.6402
39.7569
35.9527
44.6306
50.4423
38.9227
42.7024
35.6852
51.3563
35.4416
40.5908
38.6965
42.173
33.9255
38.0628
41.591
61.527
39.8654
32.669
32.9944
36.716
32.6706
41.034
36.6769
47.4477
39.6264
31.8414
36.8324
40.6147
38.2516
37.3918
32.9503
41.7027
38.2158
32.7315
40.7347
35.3926
41.1113
34.8967
41.1261
35.9375
34.4311
36.9635
37.6508
33.038
32.1945
41.6481
45.2871
38.5947
37.5606
42.7812
38.1648
41.7536
37.2943
37.3942
37.4548
37.9698
38.4891
39.1559
34.0825
34.6185
41.5027
46.2657
38.7921
38.7027
43.0826
39.7038
33.7401
35.2701
46.8372
41.9925
38.6921
45.8109
35.1514
44.4887
38.6761
36.0498
43.5143
36.4559
39.5649
46.7067
36.684
36.4222
34.4965
38.2738
35.8577
31.9001
34.1286
44.9502
39.1053
35.1954
32.9806
33.9972
40.4245
44.3553
53.4443
42.8344
29.3234
37.0327
39.3789
40.0548
34.1745
39.6692
39.1759
38.501
35.5862
35.7121
35.5191
38.6699
41.2895
36.658
39.6206
38.4952
38.7492
40.3277
39.2735
42.9992
36.4499
36.9394
48.1858
37.6753
39.2584
41.6371
37.0303
36.395
47.9575
39.9213
37.257
43.6816
36.9534
36.1598
46.067
39.3329
44.1098
33.7009
35.4501
39.838
40.6532
42.9829
34.596
31.8422
35.0022
40.7809
39.0949
32.8357
42.2388
42.399
40.4468
37.7
49.344
34.1227
43.4254
38.259
41.2956
37.3936
43.7392
42.5776
42.9421
45.4121
36.024
36.267
36.5607
44.9491
34.8937
41.3657
32.8568
36.7961
34.034
40.2129
37.0412
40.3484
38.6173
47.2063
42.6326
33.9221
37.4441
39.1164
42.3306
40.6214
40.4853
41.7294
52.8558
34.9452
33.901
49.4372
38.429
40.8904
34.8324
41.7921
38.4008
46.5334
42.2587
44.1549
38.9178
40.8114
40.0714
37.6163
47.0258
43.6195
35.1043
33.4608
38.6454
40.5347
36.8704
50.5263
37.1172
37.6075
44.8956
36.3743
40.0849
43.4704
36.781
42.5271
40.8354
35.711
41.1135
40.5065
33.5214
45.1683
37.9813
48.1393
36.3973
41.0208
39.238
35.4908
33.7206
45.6283
36.3995
46.4003
41.0738
36.6418
40.6665
34.1397
41.8881
36.0827
40.1787
29.6042
37.4235
31.974
39.5084
48.1652
47.2147
34.1677
38.0016
34.69
38.2547
38.5863
44.5835
34.4829
34.1951
38.9668
41.4647
41.8935
41.2053
35.2889
38.0362
40.4466
44.2089
37.4904
38.2209
56.3292
41.9365
35.8719
44.1354
48.6531
40.0299
34.4327
40.5478
37.3781
43.5761
40.41
36.813
35.0485
47.9929
31.3378
39.9541
39.4682
36.0073
38.4099
39.4846
39.0152
35.7516
37.7675
44.2744
47.2027
44.4194
41.645
38.4995
47.3097
37.2194
43.5252
37.5618
42.1308
36.4702
36.5887
34.3073
33.9788
42.0984
45.0687
37.71
39.2627
38.1295
41.5577
47.4666
33.9838
44.8506
37.7321
34.5162
36.7169
56.0188
38.1165
43.1702
35.9135
36.4875
40.0256
33.4151
40.4249
43.7547
39.111
43.2526
34.0388
39.1036
40.0429
35.7846
37.6368
35.2456
44.7715
39.7572
36.2611
50.1173
41.6734
39.6931
35.2543
39.0889
36.2269
37.3888
48.9059
42.0139
41.3509
39.7876
37.1873
38.9742
32.2678
41.8042
42.146
41.0341
32.6256
37.2089
43.3931
44.7544
30.2436
41.4657
41.1026
41.8056
32.7104
44.0437
38.5304
35.2858
40.9839
37.8298
54.1599
38.2367
41.3537
42.6217
36.2377
45.6949
36.3481
37.4606
42.3791
35.2346
40.8536
45.9741
34.3987
39.1611
37.0632
42.6229
41.0033
38.571
34.5066
42.1246
42.1313
36.476
36.0101
41.8473
37.0042
50.0167
34.2957
32.4954
41.6065
39.9943
43.2372
40.3355
37.302
36.0401
37.972
39.3812
43.3482
42.4979
34.3618
36.685
41.5034
37.1735
36.2182
37.6781
36.3085
40.0677
35.068
37.8104
41.541
41.226
39.0683
36.8198
38.569
46.5593
35.2917
42.5637
41.2382
35.8823
37.4938
33.9368
37.1234
38.6289
37.1116
36.531
42.4733
37.1705
42.7609
58.384
43.0719
42.0826
38.0852
32.654
53.9675
40.9376
36.3593
36.0343
49.8951
32.496
40.6394
34.6724
45.4384
45.5408
38.3387
40.206
42.7998
45.8645
45.6589
40.325
33.1514
50.3331
39.6518
35.0551
39.0764
33.6407
39.9148
43.3434
38.0556
38.4379
39.7027
41.9635
42.8177
43.3691
37.9747
40.3247
43.9291
38.4399
39.0509
38.3075
40.427
38.1784
39.4261
43.6513
34.2079
43.9154
38.3576
44.734
40.1589
36.5566
33.898
38.7716
34.6166
35.9727
47.9291
39.4486
36.4293
37.0348
41.02
32.6431
31.8837
40.1409
37.3245
36.5545
42.1862
31.2965
38.1683
37.2543
43.9435
37.935
41.2304
34.8085
36.5527
35.8965
45.2961
41.9801
43.797
29.6406
43.903
37.7009
35.408
36.1258
32.1677
36.35
37.3477
36.8896
37.6664
39.4682
43.3245
40.386
40.1059
32.5368
43.6545
48.8516
37.7499
42.0148
40.8904
36.0131
59.7499
36.8001
39.6186
34.0468
47.0512
36.9719
34.1685
36.1271
37.3013
42.8778
41.2159
41.9006
37.1897
42.7649
46.3596
37.9539
39.2383
35.3008
46.449
32.7226
42.1068
37.1348
35.5631
38.8766
48.5423
38.3602
38.9337
40.414
39.1731
31.1543
33.0107
42.2365
35.6295
36.8812
40.9704
39.0867
39.9589
40.2558
29.2942
33.0463
36.7448
34.2604
39.0953
41.7005
39.3733
43.8555
32.4313
35.1313
38.3213
39.5499
33.4775
39.4731
38.0716
40.3014
37.4282
44.6739
43.5973
47.2169
43.27
46.5243
40.4791
37.268
35.165
43.6048
37.8453
33.9564
36.3201
39.5934
38.9454
34.8735
38.4781
40.6146
38.1719
43.1602
43.578
40.3026
37.3563
35.2609
40.5142
40.1231
34.6168
37.5692
35.9188
40.183
39.2972
40.0259
47.6571
40.9995
38.4784
40.0528
34.1662
33.2111
33.8583
44.5654
40.1901
48.9276
40.537
42.339
32.0552
34.7106
42.4637
36.8013
39.7126
53.6312
42.4624
47.7452
37.0656
41.1404
41.219
41.5576
37.0649
37.6262
40.3299
43.4831
38.7862
36.8736
36.4184
31.4764
42.3838
38.7619
35.9777
37.1172
37.2549
33.4051
39.0564
44.8489
36.1139
35.5891
41.5279
32.7468
44.6997
37.5232
52.1427
34.6147
40.2934
38.4751
36.5077
33.5664
41.3233
40.2664
45.2678
43.6699
33.8126
46.1073
38.0092
45.7682
46.9388
38.2086
38.1363
40.1923
36.0869
39.4469
39.9058
37.375
31.9861
32.5978
38.5597
46.2348
34.8675
41.3405
37.789
39.7155
38.3864
45.5545
41.6459
38.9085
60.3644
43.7393
39.8416
40.5451
35.0321
35.4966
37.7344
40.7664
36.5512
30.7475
42.176
37.4209
41.14
43.3165
36.7642
53.4994
30.3009
41.8038
44.752
33.6814
36.8434
32.8397
37.2648
42.1294
41.4298
30.8626
37.4847
37.5806
37.4349
37.4282
34.3456
38.9987
44.1565
39.5523
37.9613
51.1031
44.9146
37.973
38.7745
39.9201
37.0258
49.1955
35.5822
37.5547
37.4586
36.3296
47.43
43.8017
41.626
45.0792
36.3551
37.4753
44.7385
34.2936
45.5602
35.7424
40.0751
42.3169
47.9504
45.177
38.9607
36.9595
37.1642
42.4397
44.7336
31.5033
41.6997
35.9259
40.4305
42.4903
40.7617
44.2843
39.0423
38.8891
39.5969
42.2583
59.1656
35.7653
43.4308
32.6586
34.3636
41.8901
35.7526
44.8742
41.9621
40.8477
44.1698
39.6247
48.7394
37.5144
42.1756
38.457
38.5501
36.308
40.8073
42.379
45.8338
48.679
36.6014
34.7954
36.877
42.1229
41.2041
35.5316
41.9249
38.4115
42.9242
42.4009
40.2204
39.4657
40.4636
37.5585
33.2832
34.0571
36.7055
37.1755
36.2796
35.2038
35.7332
39.3992
38.9278
34.5911
42.5266
32.8636
43.7043
41.7035
31.3191
37.5984
37.0198
47.5364
32.6287
34.6405
46.2618
35.3465
42.2311
45.1172
43.1525
39.0266
48.7134
36.6281
43.305
44.1716
49.2773
33.7922
38.7722
35.2602
38.704
32.4702
39.2586
35.6714
40.9584
35.2229
35.4636
39.6925
35.5098
35.5742
35.9222
37.1746
43.1446
46.2597
38.9519
45.241
37.0548
51.1467
38.2629
37.8283
35.3177
37.0115
40.4627
34.9503
36.3052
39.1759
39.1983
33.612
45.8237
38.7523
38.4426
35.6797
40.3859
35.9163
36.24
40.2093
53.7165
46.3766
36.3591
38.4562
35.5827
49.5077
40.1017
38.7741
39.6764
29.8036
37.4028
38.0782
44.7094
41.255
42.0345
37.8801
37.7776
37.7128
46.5325
42.1749
31.4911
36.582
39.2119
43.4719
35.1824
41.1628
41.9862
42.9125
35.8031
44.3285
36.1542
51.6996
42.5997
38.5719
44.3524
46.3465
44.288
36.4402
38.8714
36.8082
42.6198
36.9184
36.679
39.5242
37.221
35.5772
38.3741
37.7817
41.0373
43.797
37.2123
39.6669
39.7987
40.694
38.4995
42.6777
37.476
42.3334
40.499
40.9889
49.8118
44.6999
40.006
36.5266
33.0804
30.9253
44.2644
43.0628
38.3044
41.1501
39.2187
39.0718
43.7896
32.3145
39.8191
39.1522
41.5913
39.717
33.6332
47.0009
37.2414
40.9107
37.7181
43.221
42.958
34.1799
41.0284
46.9364
43.034
56.5634
47.3149
39.0813
37.169
41.903
36.4812
42.7696
45.3163
42.4002
34.3132
39.7399
36.094
43.9833
39.1524
38.3896
35.2795
33.6453
44.8217
35.4176
34.5465
52.511
37.6456
33.5495
46.6641
39.878
35.8748
35.1393
48.0418
41.2764
42.9287
39.0542
43.3127
40.765
35.3457
47.0094
44.2713
49.5336
40.8347
45.0975
35.7382
41.479
39.4552
37.269
34.5666
35.5335
46.2922
34.0231
38.3245
33.2337
56.8521
50.7893
33.2733
40.2655
36.3206
39.805
33.2872
32.4207
44.4691
42.2578
34.4985
37.0344
32.2183
43.0211
37.8147
34.1679
36.7668
35.9553
39.0129
43.2309
39.6228
34.6007
34.4883
34.7472
43.7325
34.3904
32.094
45.1313
42.4831
38.9687
39.3425
43.5954
38.7776
47.7534
40.6946
41.792
50.9067
39.3512
30.7849
36.5875
37.8221
36.1753
45.0187
39.855
51.9303
35.4016
35.5932
31.6174
34.7319
39.5843
31.1497
35.2079
36.4434
42.3097
40.6277
43.0903
41.9338
47.6228
40.4207
38.4598
42.9295
40.498
40.0994
32.9949
34.2696
36.993
36.9549
37.7632
41.532
39.2136
45.5543
39.1707
39.5479
34.7368
45.6995
39.1379
47.3793
40.2016
42.9222
40.9533
38.2266
36.1049
38.0009
34.3049
49.3523
39.4268
36.2392
34.0911
45.5296
42.1747
38.512
37.6787
39.4102
38.6351
40.8402
36.2404
46.5993
38.171
37.2154
40.4411
35.2734
50.5509
40.8424
37.6378
40.1901
35.5417
38.525
37.5944
36.7429
38.442
38.8009
40.2025
37.2452
30.1566
41.4171
34.9061
37.6802
44.3037
37.6394
38.3315
35.7373
35.6709
39.637
36.8342
47.5089
39.6878
41.1376
36.4059
39.0812
41.4774
38.6856
40.6967
41.7087
39.3307
36.702
39.775
34.8216
36.2765
34.65
32.8084
42.984
37.5854
34.6097
52.9534
32.4778
37.7528
37.7137
57.0496
43.7338
35.8135
31.1907
38.8002
36.531
41.7071
45.7249
41.3742
36.1587
34.4019
41.4544
35.7935
42.5453
44.937
30.4133
34.8231
52.9352
37.4017
36.8692
35.6051
39.8659
37.7768
36.1181
44.1306
39.4662
34.0996
36.732
38.6351
35.1701
33.0298
36.8869
43.9383
34.4676
36.3094
45.8762
39.4646
39.4742
34.7462
37.6275
39.2638
47.6141
37.4326
37.982
37.2541
38.6356
39.3386
40.062
33.0272
39.2323
31.91
48.8355
40.5608
40.8875
37.3322
40.119
34.6471
35.0483
41.0158
41.4949
38.558
42.4486
43.3201
42.8222
34.8113
36.8412
42.8883
41.056
37.5412
33.6798
31.9393
38.6583
39.7019
34.7857
30.931
36.2882
36.9395
34.1317
37.3051
47.4516
40.6462
34.1724
38.2002
46.272
32.7271
39.8751
38.3464
34.3248
38.5499
33.7964
31.5724
40.2946
43.0873
35.0693
43.3927
39.5138
34.4759
40.9262
38.5669
36.3668
43.4587
39.3046
38.6551
38.8099
35.6701
41.1939
42.9546
35.4591
48.3319
44.707
34.6321
35.0955
33.8264
34.8177
30.5585
36.2491
36.7139
31.3081
37.3807
37.1724
32.7968
41.5236
36.7718
33.0594
35.7078
35.8674
37.5659
33.2948
34.4757
44.4103
38.8435
41.3619
34.8379
40.051
36.4579
40.884
33.513
44.9485
40.8446
40.5877
47.5437
46.6751
36.7684
34.251
41.7339
38.346
46.2854
39.6934
40.6552
33.9392
36.755
38.3868
45.6302
36.5369
32.3714
45.9573
38.8391
41.0837
47.2887
48.38
47.5798
40.4755
53.296
35.5243
34.0689
40.5159
52.7894
45.5973
32.8475
34.0156
38.5436
37.4515
29.873
40.3169
43.8597
40.8104
40.0445
37.0376
46.7811
35.1715
46.4564
38.886
45.6753
49.3947
32.9485
38.9461
37.4077
44.8633
44.7689
60.2415
42.3471
44.9502
37.196
45.1889
38.8049
48.7029
35.3596
40.1555
41.9524
33.9086
41.1412
38.2984
46.0478
35.2122
54.0575
41.0111
36.1633
41.4685
32.2728
34.2526
38.703
40.9093
41.9931
41.2522
35.4615
36.989
36.4939
35.714
41.8898
33.7407
38.2798
38.637
38.5999
39.9543
52.218
33.3581
35.1565
35.4855
43.8018
37.1954
36.385
35.3689
39.4269
35.4495
44.1458
36.2739
34.0572
43.4997
41.0924
35.5013
52.7996
34.5132
37.8792
37.8462
30.9838
33.053
37.7051
47.2038
36.0877
43.7305
36.3673
35.9057
33.7968
38.1
47.5367
39.2239
36.3962
37.9674
38.1468
35.98
38.8066
39.4028
40.2448
45.0453
45.0258
33.2746
44.7645
38.6637
42.4767
36.8924
41.0986
35.9732
34.5331
36.59
38.8696
36.3587
36.9982
44.4711
43.0227
34.6376
38.5633
36.1861
43.8798
39.3395
42.3936
46.5997
31.7915
37.5831
34.5494
28.8489
38.187
41.0613
39.284
41.999
47.0742
39.1774
34.6359
32.5676
32.9719
31.6195
37.3719
29.7112
37.0544
36.4238
46.5493
38.0374
37.777
33.5866
42.067
36.3258
34.2372
39.4908
46.156
38.7149
43.4304
37.9337
42.2709
37.7457
35.0897
41.5695
38.9226
38.6658
30.4231
40.9004
43.0832
43.6555
34.5493
34.9918
38.8131
42.496
45.6609
46.1422
36.3315
41.9193
33.8023
38.9392
58.428
37.3761
37.2768
54.7274
35.1277
39.1492
42.4152
38.9763
32.916
39.4402
37.3964
36.0685
33.7272
32.3796
52.6176
38.133
41.8779
46.6733
37.1644
44.5947
35.2185
38.6154
42.0359
42.8175
48.9428
36.9259
46.3584
42.5956
34.9934
42.3879
34.8446
38.9136
38.8976
36.6834
47.8271
39.0716
38.0649
35.7086
46.9402
38.3715
34.1638
40.1372
39.9056
36.6015
42.344
35.5351
47.2995
36.0029
32.7073
32.8939
36.5217
35.6588
41.5703
41.9341
46.3384
36.02
35.5948
42.1923
38.1742
35.8364
42.4862
38.8907
34.5595
36.4365
32.3623
40.8563
33.5606
46.1069
42.1656
38.7003
41.5774
36.2318
36.009
43.4593
49.8725
40.5931
32.4978
37.1716
38.8025
34.3955
38.7498
32.3647
36.4626
41.4052
52.1942
42.4402
48.6582
46.3614
40.6083
38.746
41.9993
39.4897
39.1568
40.8781
40.4827
33.8271
45.2012
42.5965
36.8393
46.3224
35.3379
38.105
41.1657
40.6387
36.4021
38.6031
38.9226
38.8402
38.7498
32.9902
36.7129
32.8657
32.7009
39.2308
35.6288
38.2119
37.5995
39.8783
38.5434
33.2496
40.613
43.8359
42.7883
39.8927
48.3289
35.9022
38.3835
37.1066
35.7853
42.4663
42.3209
45.9213
40.6486
36.0941
37.7732
34.2603
39.0103
40.3492
40.6245
30.1764
38.4519
40.3363
34.6351
46.7132
37.5518
40.2992
32.1468
43.2571
41.7495
33.7807
37.1351
41.0153
40.9526
36.1317
33.5871
38.172
38.9617
45.0831
39.6533
42.0669
37.124
33.8018
50.7889
40.8071
46.4148
60.5924
39.7738
43.9694
33.1744
39.013
37.3688
38.2048
33.9271
36.5899
40.6413
36.7249
40.2773
34.3297
37.2588
45.8644
41.1427
36.7303
47.3644
43.5905
36.8422
39.581
40.283
48.9104
35.8348
40.9286
37.1684
40.1942
41.8973
39.8206
37.524
31.5636
40.9593
36.4357
38.3306
38.937
35.9246
42.8646
35.6394
36.7955
36.8726
38.4489
43.0221
34.3437
51.2018
40.2037
34.7764
34.9143
35.4223
39.5751
43.0515
42.9354
39.3338
44.1668
41.7683
44.2276
43.6969
34.5637
43.2346
31.7314
43.5697
45.8169
46.0652
35.9845
50.4071
37.9916
38.6518
43.3631
40.251
37.6444
32.4628
36.5691
38.6612
41.4164
37.1127
40.6164
37.376
44.7079
47.1174
34.1557
40.0705
37.7102
39.8521
39.9511
38.0564
36.9019
38.5167
39.4829
35.1126
52.0383
34.2168
47.8473
44.3908
35.1145
36.8396
44.8203
44.0362
33.7938
43.9832
43.4705
38.3221
41.669
45.9178
36.9225
39.5749
41.5471
37.4607
29.3625
41.9709
44.0252
38.7511
42.1047
34.2275
42.0559
35.8377
46.3266
40.2216
32.697
49.8007
35.3272
33.5286
40.2255
37.0134
33.0093
40.7721
38.5431
35.3374
39.0633
45.9048
41.733
44.0657
40.7332
35.5512
37.0178
39.4218
39.9675
46.5946
36.1644
41.1613
35.1353
39.2931
39.2324
31.1331
40.8909
33.7167
36.7689
35.0002
36.0479
43.1646
39.0988
35.4928
37.8252
40.3544
42.3747
39.6251
36.8917
34.0936
40.5151
36.6285
48.1198
40.3
41.6531
33.7616
41.6054
34.3393
37.9899
34.7369
44.1556
34.992
40.0534
36.4249
36.827
40.5817
34.1198
34.5771
41.2523
38.7703
40.1877
35.7715
40.1469
40.8186
37.9973
31.1338
35.6943
41.8057
39.9677
42.7395
52.4047
36.9984
45.3403
33.6505
39.2109
37.6842
32.184
36.9093
40.9094
44.7956
39.0137
38.9118
42.6974
40.618
39.6985
38.9104
40.0761
43.4894
30.804
45.2087
34.1388
36.5502
49.4077
47.2827
42.9349
38.6412
35.4083
35.4249
36.8313
37.8058
41.7327
33.1782
38.3838
40.8476
36.0503
44.3165
36.2262
48.2901
34.2633
38.6227
41.5385
35.0566
32.1452
33.9723
38.6061
32.4136
36.4827
33.8451
41.5825
38.2628
35.187
41.8922
44.766
45.9939
37.1141
40.78
48.5208
38.0662
35.8815
45.5349
40.6017
41.5964
38.7953
34.5119
43.1466
36.4236
41.5503
42.3189
34.0708
36.546
35.4569
36.6034
38.8577
33.2165
44.3861
34.2879
40.5002
51.4904
39.8982
35.879
40.6692
38.8151
36.5263
36.8164
36.0418
42.494
34.675
31.0621
34.6199
41.6869
48.7509
35.4185
33.1606
31.2656
35.8433
45.2137
33.5118
36.6935
45.0318
42.9275
35.0323
38.298
32.7585
43.008
41.2691
35.3417
44.7875
35.5118
41.8164
37.0603
45.7146
34.5403
34.526
38.9133
35.7721
43.1056
39.922
38.1132
52.3055
33.6979
45.0693
45.557
38.8924
37.689
36.7415
40.3491
36.0868
39.9514
37.5893
38.229
39.9541
41.2005
43.175
33.7338
35.992
32.4303
46.017
32.4327
39.8873
39.7307
33.5424
33.4259
38.1772
34.5086
41.3057
41.3251
39.0335
40.2006
36.1537
39.5688
36.6536
33.8748
48.8036
42.6503
34.4681
45.1036
38.9707
35.7127
44.229
34.6004
39.0748
39.8571
34.3898
54.1239
46.4455
43.7195
36.3523
38.7499
42.4008
45.6496
39.4073
40.727
36.7198
37.7799
33.6624
31.9658
38.4589
38.9535
55.5912
45.3859
43.9813
41.8989
36.7643
40.5372
37.5604
39.7221
37.3101
32.7391
33.6226
42.9475
34.1995
41.7832
41.696
34.9327
37.1034
31.5015
34.5678
37.2693
40.1009
38.3142
41.2491
41.8986
32.3944
40.6016
41.6967
38.1582
43.3958
38.1325
41.299
39.7756
39.516
42.9066
48.9094
37.4471
34.1781
37.3479
42.1922
41.2898
37.2203
36.3186
38.6046
39.6332
40.2642
38.5091
33.2703
37.9839
39.2827
39.1877
39.9468
37.5048
34.157
46.3032
43.6554
44.0133
39.6847
37.2975
39.6136
35.6167
41.3388
35.1445
38.2583
33.5341
42.6971
37.913
44.0597
33.0319
33.6838
35.3666
34.8174
32.9506
38.295
36.8899
36.5995
42.56
41.0626
36.4791
29.7764
44.2131
37.0157
37.8584
39.4634
42.7949
41.2114
38.7989
46.3223
35.408
45.1672
37.8573
36.8234
36.8243
31.7898
40.7726
51.4449
39.5335
40.4248
36.9951
42.33
36.7798
34.1589
32.6091
35.6441
49.1031
43.4234
35.2805
32.3513
46.2512
33.1858
36.9816
38.6761
39.7008
33.7352
39.9804
42.8567
36.6787
37.3559
35.01
42.8308
42.8379
38.701
55.6774
42.0485
33.7556
39.8725
46.6153
42.6908
31.5169
32.2564
38.5601
38.9642
44.5868
33.0625
46.0716
39.2181
41.3106
36.2297
37.8584
39.4263
44.4337
37.7452
42.2012
39.5766
43.628
32.7588
41.4581
37.8928
33.8466
40.7177
39.8848
42.1375
43.327
38.1297
35.3157
39.517
37.8916
58.5287
44.4301
41.0031
41.2591
39.4227
37.3456
41.2661
43.414
48.5816
38.1322
44.3814
36.0715
37.3142
34.9985
39.6186
44.1652
45.2151
40.337
34.4998
33.0697
51.6969
37.2919
34.3925
43.3138
44.0825
41.7614
36.8135
45.6417
37.656
38.1194
54.0849
40.5448
46.6724
36.9329
36.4865
38.0776
48.524
41.1114
36.0486
35.9723
40.3412
40.898
38.8775
38.5002
34.5901
32.0992
32.3415
41.7384
41.1292
39.7591
40.8924
39.638
32.7245
51.8952
43.0489
37.9698
34.632
35.9805
41.1324
41.054
35.9587
49.1608
31.3729
33.7891
32.8419
36.8824
40.5057
34.8237
40.8171
36.2947
41.8903
56.9361
51.2509
41.4067
39.4888
34.5252
37.6869
34.4766
33.859
41.1566
40.5043
36.8162
34.454
39.3156
48.5168
39.5677
37.1561
36.7645
37.5239
35.2218
32.3026
38.4828
42.076
36.0265
38.0496
35.5832
35.5109
38.8775
34.7501
42.8325
34.0525
39.765
50.974
49.5936
41.5429
37.5369
33.5205
41.3077
36.5871
37.9228
40.2982
34.3216
38.1152
40.8355
41.0648
42.3964
43.904
33.3459
35.0432
39.9792
39.1676
42.012
35.3171
45.7092
45.8748
38.207
37.0883
34.7527
51.4239
42.3291
49.3824
37.5322
36.8351
38.2092
36.6236
34.3897
43.8719
45.2134
38.7601
48.151
55.2646
38.6356
34.121
35.3254
37.816
37.6643
38.4335
40.882
39.7005
42.8669
39.3819
37.8712
37.8305
41.2625
41.8503
39.2439
36.3732
39.0715
42.5961
35.2074
41.7142
52.7106
42.5272
43.4496
34.26
35.9271
34.5719
33.6301
49.264
37.6029
32.1629
42.1236
30.4091
32.5911
40.3824
53.1599
48.6263
34.8767
38.4856
46.8486
40.7772
36.147
40.1463
36.3346
40.5719
40.635
40.921
36.2791
43.1652
54.7706
48.2268
72.1644
35.8333
34.9071
39.3858
40.3577
38.2364
39.3354
33.7164
34.9236
36.2478
43.5802
37.7147
37.551
38.7193
32.832
37.2773
41.431
37.2039
36.44
44.2693
35.7939
38.9854
44.6374
39.4476
42.4516
29.7699
37.0926
45.0387
40.4237
38.7674
35.1434
41.7785
36.8689
33.6655
42.3681
35.5905
45.8056
40.2236
41.6859
36.6817
44.9596
40.0609
45.0456
33.7839
39.8387
36.6364
37.539
35.6723
48.6794
32.815
33.8707
44.2587
38.3317
35.376
39.7967
42.551
37.9156
42.4131
49.4431
49.0086
47.4693
39.0249
40.8444
42.0004
39.5384
39.7176
46.8314
43.6881
46.3491
32.5581
46.1746
43.1931
37.9339
36.9506
37.5248
37.4311
36.362
33.0566
46.1636
41.1051
39.2163
65.204
41.738
39.8964
38.7994
43.9713
38.076
35.8528
35.3765
36.838
42.4128
41.0458
41.0405
39.9617
38.7662
39.4248
40.6348
35.3006
36.6727
41.5197
37.6913
32.9654
36.9157
35.3246
42.7353
41.1307
40.0332
39.2368
39.1255
46.5368
30.6562
42.2294
49.6348
32.2209
40.0032
41.8954
39.24
40.1326
39.3709
41.3163
37.7308
44.7016
35.1979
37.4222
37.27
40.2504
35.3277
40.9205
39.2307
33.2273
33.8687
43.0888
39.1848
47.7461
49.908
36.7608
43.3488
43.8394
35.5504
43.6966
35.214
40.9532
34.7669
45.8454
35.2634
36.5723
41.9717
43.958
35.4221
44.2448
35.3355
56.2068
43.677
34.0354
32.0716
34.6017
37.2655
33.0646
33.4653
33.0937
39.7252
34.6162
35.1224
40.8335
34.948
39.76
38.9601
36.0024
41.1726
45.9953
39.7141
51.5321
36.1042
38.2454
36.4555
39.5896
41.3173
36.2653
36.8951
36.1225
39.0044
32.04
38.8902
33.2767
38.569
38.3819
38.2943
37.1288
37.4832
41.3418
39.464
38.2259
48.0882
39.5079
39.1289
46.1036
39.9074
41.6759
42.9434
51.8349
41.8811
35.1337
38.921
38.9932
41.5622
35.8348
41.2532
37.4475
41.483
37.8707
40.8364
42.6463
38.322
33.0302
40.1376
36.6965
36.6866
37.6483
37.5358
36.2928
38.6109
41.7305
46.3225
35.7468
38.55
40.8188
38.6608
48.6468
36.2584
36.7868
34.4612
41.4559
43.9916
41.5501
34.9433
37.4032
38.2099
37.3798
46.7681
45.7201
41.804
54.2184
41.4014
36.8843
37.4542
38.1146
43.0751
36.8973
35.8112
38.3404
32.5141
40.3277
48.0772
33.1921
43.7023
40.081
44.9386
38.5955
44.7837
39.2486
41.8749
40.8221
46.1874
48.8612
37.4041
39.9303
38.1142
33.5689
39.1303
34.3868
39.1739
38.0267
42.5222
36.1236
44.184
40.4365
41.7038
35.3068
37.4212
34.8054
34.7999
40.4456
34.7628
36.3371
36.4642
36.3054
40.0775
34.6256
34.156
40.5794
37.9766
32.3108
42.6163
39.2571
38.7826
39.3818
38.3536
46.7592
37.6811
54.0944
38.1994
47.3561
41.6199
39.9893
35.8637
48.645
41.607
41.7425
41.6071
35.6809
33.3451
36.8112
38.8155
35.0638
35.1331
39.1651
38.8558
39.6277
42.3412
42.4723
40.2898
43.8377
34.4752
34.9735
35.4486
44.374
38.5662
35.6796
37.3061
35.1278
36.85
40.6546
42.6029
39.2052
42.2733
39.8489
39.8417
40.5086
37.8993
41.9021
50.3559
36.1351
44.9511
39.2263
39.0124
40.5224
37.5532
42.3292
48.8531
38.6834
48.0355
34.7899
37.9073
37.8368
42.1219
37.8668
39.15
42.3062
36.0063
39.1029
41.438
37.8335
40.3675
38.2149
43.1776
40.9278
35.102
37.3644
38.5645
38.4165
38.5819
38.0253
37.9347
37.0291
36.1522
36.9206
37.5065
50.0122
32.1192
34.3423
43.8145
33.8192
36.8509
34.6689
36.761
42.6352
34.0089
41.9314
33.2829
36.9988
41.3817
45.9959
42.9865
32.8478
44.1782
32.3124
37.2251
37.3328
54.6544
39.6234
40.4015
36.0869
37.3844
40.3027
36.6138
54.1021
41.8452
44.4901
43.3665
34.7526
37.0843
39.6456
35.2187
37.2875
47.9791
39.1379
43.1559
42.5151
42.5361
33.8705
34.4796
41.0841
32.3556
43.0351
45.4093
42.0931
35.2965
35.2883
35.9609
34.7947
34.6276
36.3134
41.3332
35.0926
35.3062
37.1976
37.4533
56.5203
42.1425
54.8241
35.8681
37.744
42.8133
36.7832
37.8057
43.2883
36.1782
41.2358
36.1361
46.5904
37.0278
41.9312
35.7194
39.1287
38.8753
40.7218
40.2826
43.7322
39.212
43.198
35.2863
35.1651
32.0878
41.8582
38.702
43.1407
42.7617
41.4369
36.2419
48.6232
34.2478
39.6079
40.4821
44.2255
36.3392
40.7497
32.1507
35.8082
37.2896
47.6688
37.1484
41.472
41.3752
34.7799
42.3942
48.5688
37.3975
45.2675
42.8463
43.7399
43.0464
35.8344
40.061
41.401
40.965
33.0187
40.8964
41.0044
37.1351
33.1893
38.7271
39.6986
33.4472
35.4123
37.895
34.3248
34.6206
35.222
37.1679
44.0711
42.4343
38.4377
34.6039
36.577
50.124
35.8401
36.3264
42.7484
51.9962
32.9865
39.2224
38.9878
41.6328
41.5083
42.0144
38.9864
48.3521
33.2811
55.5457
42.1106
43.6571
40.1883
37.8855
35.5425
36.9017
37.3736
37.8156
40.3264
37.3944
41.4527
33.9418
41.771
45.4441
42.802
41.6499
32.6143
36.4876
43.0823
37.2614
38.3016
37.2777
39.6129
42.3901
38.1504
41.2144
37.4022
39.9806
33.3797
46.8975
37.96
48.6367
43.7173
37.9607
46.8042
41.7056
39.5482
36.155
39.0084
36.1724
44.3041
32.6975
34.1251
43.727
35.2557
36.1312
36.9367
32.0424
38.5
44.7583
40.4613
40.6062
36.5746
36.9219
37.2643
48.2104
47.5159
37.8898
38.964
38.6006
37.3292
36.2279
41.663
38.5662
34.9615
34.7552
40.1164
42.1363
35.1302
42.6386
31.4969
34.0476
38.5427
34.8926
35.5643
49.6169
34.773
54.693
43.5663
58.8929
41.9403
42.359
52.4472
36.3675
38.3499
36.411
47.5247
37.5256
40.0296
35.1933
44.0388
37.3039
43.9478
40.5437
41.2497
32.7974
40.7815
31.7017
35.0411
36.989
54.7315
36.4124
43.7876
36.8015
41.4962
40.0635
43.1242
36.5813
41.3025
45.8576
42.625
38.8791
40.5894
34.9612
40.6889
36.8271
40.0727
40.8131
36.0564
33.1823
46.9416
35.1293
44.9711
37.9863
43.0649
36.0977
35.7395
33.2898
37.9537
45.6732
47.6899
39.8398
39.4158
32.5487
32.1696
37.6683
35.6073
38.539
40.3468
43.8026
35.6111
45.7063
48.4051
42.5151
33.0676
42.8887
36.0477
41.7483
32.8873
36.3075
34.3237
38.1407
43.0595
34.9957
43.602
45.0568
40.4913
34.4069
47.6719
40.924
36.0541
38.3162
37.0563
45.5776
39.7729
38.3117
37.6651
41.9604
36.8561
38.0458
45.8416
39.152
42.7979
40.378
36.1613
38.1882
39.322
35.409
39.721
43.3438
31.8213
37.4185
45.1335
42.1481
39.8656
41.9244
32.1658
39.3822
32.9477
44.3608
33.5928
40.1035
38.9696
34.9274
35.6234
40.3316
31.4817
32.4324
50.2875
31.8576
39.642
35.5779
39.7529
35.0019
36.8395
45.7629
47.4658
47.548
46.4898
50.2973
32.9062
38.4863
40.6856
36.5012
38.4987
36.5834
37.6823
38.3745
43.6028
33.242
38.7861
41.2447
34.2585
40.6592
39.6014
36.8406
39.0988
44.9443
36.513
42.2621
40.9179
42.9517
41.8236
47.323
35.1744
39.1618
45.8457
44.1272
45.9122
39.6284
51.0728
37.2056
42.3014
37.2291
35.2664
40.6336
37.6652
37.0703
34.1408
35.647
34.3113
40.8116
38.8354
30.6755
36.867
43.8877
44.5992
37.6369
33.3458
38.3136
34.9397
36.6834
34.9337
33.4785
38.2011
40.0057
39.7522
40.757
41.5413
32.5319
35.0224
37.6957
41.1558
38.3092
37.1802
37.8994
37.6823
44.0574
45.7751
43.9191
45.4172
35.7249
38.0121
44.3292
44.4763
39.891
42.7334
56.4805
36.6876
38.7618
45.9828
35.2885
31.3019
33.7069
41.1321
34.8077
36.1076
40.3387
39.677
40.9617
34.8512
35.9535
46.7139
37.2193
35.0241
42.6529
35.5525
36.3749
41.0833
44.2813
37.7584
37.1631
36.6307
32.103
43.4667
36.0434
34.3715
36.0734
35.6049
45.6715
45.9503
36.0736
39.6714
38.6596
35.4012
36.6686
33.9602
42.3072
42.8533
40.1882
35.4689
37.6192
34.3542
42.326
45.7942
41.7015
39.6478
36.3149
36.8387
35.8417
40.1621
38.0097
35.4274
46.4984
38.3252
36.5528
45.3041
31.9364
39.4929
41.349
36.242
37.6365
35.4907
36.5271
37.1403
40.9122
37.8111
38.7302
43.7896
34.1392
37.2513
37.0202
37.1363
37.7344
37.2662
43.5299
40.2317
42.1247
34.823
40.2861
41.378
37.9618
44.9257
33.0693
39.9844
36.6785
33.3548
37.1026
43.9784
47.4523
50.7656
39.7943
36.8361
38.5941
35.7514
32.5683
34.8807
39.9321
38.8696
44.5083
37.4428
40.5757
39.9715
40.4821
38.6122
38.2271
38.3617
43.9316
39.8466
43.3124
39.8691
32.9121
38.3799
41.9407
41.1352
35.4728
39.6173
38.178
35.5691
39.6671
35.1666
37.39
47.3882
37.1362
35.4314
41.9495
38.2162
43.7705
34.7709
36.9391
42.4217
33.4246
40.2681
42.5601
38.5635
47.2111
47.3737
37.2195
38.6908
40.3463
46.3418
36.3856
31.6568
42.0033
47.2205
38.1753
33.1384
34.4351
39.6042
40.6421
32.6178
40.758
40.6809
37.3196
34.755
51.0041
38.9137
33.9264
54.9948
40.2311
44.5866
42.0918
31.5415
32.0385
36.7575
35.8378
39.5262
36.3694
40.9067
39.2823
43.7181
37.323
37.7488
35.3872
36.498
39.2818
30.3937
34.7065
43.0659
45.2192
41.3123
48.202
37.8131
44.1463
49.2765
45.358
35.414
38.2631
44.1843
44.9528
37.8608
40.7498
41.9384
40.8337
36.9365
37.8319
34.8609
42.0704
36.0916
31.9842
40.142
35.5037
30.0101
45.6027
39.6227
44.8471
38.2693
44.1346
36.6431
35.8941
32.1663
36.4603
35.4159
37.0033
36.5571
35.4208
36.342
37.401
46.8254
37.1662
45.0914
39.6217
33.3136
37.6344
35.8394
37.55
41.0281
38.8788
49.3744
38.887
39.8348
37.6766
42.9921
37.9207
43.0827
35.076
45.057
32.2401
42.1903
48.884
41.0578
34.2112
45.8885
35.9722
35.423
53.9923
38.1347
43.546
41.4898
31.6716
37.8265
35.5089
43.0726
42.7232
37.4064
41.3788
39.9465
52.2262
41.8705
49.6842
37.3773
41.8486
40.356
40.0115
37.7964
34.9337
37.3375
48.6358
48.0279
39.7741
40.2619
41.8372
40.338
35.9462
38.3093
31.9587
46.0741
38.4545
44.3682
38.7163
37.085
37.8505
41.2165
46.6823
43.758
36.3423
32.0305
33.7846
49.2464
36.4656
51.2849
36.1749
49.8647
36.5571
34.767
38.2583
39.5593
35.7786
37.9886
37.6397
35.1669
50.3145
40.1179
50.5403
41.0809
41.8823
39.5939
36.005
37.2344
45.2202
41.7604
42.2679
36.9225
35.0969
40.1935
32.7995
36.6618
41.6091
34.4973
33.1481
36.8391
35.2749
41.8494
33.1047
33.218
42.142
36.6161
36.76
44.3149
40.077
32.6167
42.2267
44.3312
37.7164
46.2683
38.6938
35.9052
44.1113
35.3141
38.0725
39.1588
39.6138
35.6958
36.0133
41.0529
34.9353
38.458
38.8469
36.479
36.7699
37.9062
39.161
51.0213
39.2512
35.8773
40.685
40.4524
41.9168
33.2959
47.0203
36.3492
36.3436
39.6416
42.5463
35.465
52.1078
47.4809
40.2873
34.1633
54.5599
41.5798
38.1337
36.7493
41.1126
35.6841
33.6448
39.6667
43.5082
38.8047
43.7178
42.8383
43.8571
33.4701
39.4662
34.527
41.0224
33.9352
38.0995
41.364
31.3433
38.6923
33.1444
35.3662
45.2974
36.3072
35.7712
39.4418
45.1603
38.511
49.7793
46.2766
39.0741
39.4564
39.873
31.3891
43.5093
37.0408
46.2638
43.6998
40.6856
35.1134
50.6085
34.0976
40.0451
39.4434
43.3798
39.9982
33.4773
43.9106
49.4169
32.596
34.2285
37.6479
42.6822
37.1033
37.2752
34.3738
40.4818
44.5573
42.3645
38.6914
43.1671
37.8661
33.2569
37.9998
41.4661
43.7611
43.8341
39.3307
45.7053
39.8251
41.3222
37.0447
34.9764
34.2621
42.9087
35.1898
45.2367
38.3083
35.4921
36.7597
47.9532
31.9768
44.233
41.7795
39.6622
44.6138
37.3704
33.5097
35.5237
48.0993
48.0118
42.8718
40.7649
34.2492
42.1242
42.9784
40.8389
35.6231
39.8788
37.1619
44.2644
38.4365
38.2123
37.2739
32.4868
40.7311
37.6928
38.7277
41.5023
35.1313
38.4079
42.8821
37.6169
39.5734
34.263
38.3798
46.4953
36.7519
31.6275
35.002
45.7801
35.4723
40.036
40.0145
37.1016
37.8662
43.1226
40.481
42.0027
41.0054
49.6932
35.9527
36.9332
43.4464
37.6979
32.2892
35.8049
38.6887
43.223
43.9453
35.2217
37.8152
38.8982
36.6757
37.7798
38.794
31.8915
41.3169
39.9
48.4371
53.3539
41.9365
41.7794
34.6684
42.8502
40.9314
38.8472
39.0533
38.0228
45.148
36.7663
39.8694
41.4609
38.1184
35.2767
39.9156
37.0935
37.0193
33.9458
39.6815
40.462
38.8129
35.7995
33.389
45.6552
35.9483
32.3729
43.1125
42.0398
37.5658
43.1796
41.2809
41.2454
39.3966
37.0128
32.7736
34.9206
42.9322
35.926
37.7876
38.381
38.0695
33.4436
35.0872
37.5691
44.3997
35.9288
49.0128
32.6676
36.9773
38.2819
36.8312
33.4703
42.6561
43.2414
46.2106
35.1184
32.812
35.7912
42.1547
35.7308
36.8161
37.6672
35.9018
43.0649
41.4933
39.521
46.7299
40.4541
38.6094
45.8278
31.1649
33.8647
45.7464
38.0815
47.4027
40.8776
38.6784
36.0976
37.8647
39.4308
36.7568
34.1783
44.6776
35.6595
43.1167
42.1518
34.8948
38.1028
35.277
43.984
39.7346
36.4251
33.0384
39.1934
37.195
40.1988
39.0862
40.3449
32.926
37.9077
44.071
45.134
34.1787
46.7935
36.5279
52.6887
34.9309
39.3539
36.6808
50.6611
42.2073
40.7449
38.6477
36.2515
33.2555
35.6566
38.0286
47.4887
38.3986
41.3538
33.1912
40.524
35.6772
32.9813
41.6819
36.9403
41.5622
33.1577
44.2928
33.9968
40.37
38.8952
37.7952
42.0474
41.157
37.1137
42.442
42.486
42.6832
36.9899
48.689
35.4213
35.6835
41.6898
38.2346
42.6193
36.0618
41.5775
39.8187
36.161
43.197
39.7202
45.9761
33.8665
33.1855
42.1523
63.114
50.5801
45.1118
41.2579
39.0493
50.136
36.7963
37.8099
47.8707
38.1015
36.964
42.1892
42.3728
47.7851
32.0591
37.7847
39.0695
45.6795
36.462
38.2334
37.8951
36.465
37.5776
35.4315
45.6652
35.7985
33.6546
35.3912
34.8237
34.884
46.2034
44.8356
49.7998
38.2461
43.8871
38.2805
38.2893
36.1315
44.5715
30.9654
38.5399
36.7058
33.552
42.7154
33.9614
46.049
39.4393
37.6036
39.2083
45.6689
43.5701
40.2396
39.9904
44.1285
32.5138
37.7443
36.428
42.4693
51.7408
31.2836
35.7483
37.0115
37.397
47.2613
47.4593
35.9185
50.3473
39.7241
36.0527
36.2762
41.4302
43.7178
38.5863
41.9575
42.7335
40.8679
33.1706
39.6651
44.7475
34.2504
37.0139
39.0946
41.69
37.0833
36.4673
40.7763
40.3915
33.1033
38.9778
37.8444
41.217
42.3625
35.3271
36.2242
35.5995
37.941
44.9609
44.8617
40.4656
36.5904
50.3504
49.1401
32.9143
38.6742
44.9963
45.1667
36.6561
39.3718
41.2123
39.8729
40.3672
39.1645
43.7365
38.2386
37.5059
34.6515
38.0302
39.184
39.3616
47.5148
33.6795
37.3829
42.238
36.1726
32.7656
38.7438
41.4437
34.0042
51.8453
43.2075
39.3938
53.7377
41.8739
44.5582
35.6619
37.0031
38.6601
35.2048
36.7526
39.6183
40.0154
37.7289
35.9396
46.3573
37.8428
32.1121
48.9658
33.8732
37.1031
41.1817
40.1416
43.8929
36.1845
37.9962
37.9992
41.2497
36.0088
37.8088
33.1502
36.8753
39.6502
35.5736
35.5503
46.6219
31.1835
31.9568
36.4522
47.6181
39.4846
35.8873
41.5835
39.8641
42.1707
35.8155
35.2094
40.6012
36.3431
35.3139
36.6339
34.1682
39.4388
32.857
38.5288
37.8102
36.1237
41.1964
42.4381
40.9045
41.6585
41.7283
40.7995
36.33
39.3387
37.2179
35.8416
47.2189
37.1476
42.3744
32.3774
41.2555
40.531
36.2964
41.8275
39.941
40.0294
49.8329
45.9305
40.7015
39.4465
51.1826
37.8206
45.8114
50.4015
38.4495
31.8074
37.1758
40.4591
36.9548
44.7794
43.0258
37.8234
49.561
34.7149
35.6384
41.3358
38.8599
39.3983
40.307
38.6127
39.6691
42.7999
37.4296
47.1856
42.1623
44.2288
37.7095
42.087
34.5766
37.6124
41.886
42.3098
41.7095
33.1502
49.8696
41.275
39.405
44.7771
42.3635
43.4621
34.2268
39.7033
43.1681
40.2432
36.378
39.3577
48.0735
41.7928
41.6556
34.1043
32.769
41.3502
39.4381
36.4498
37.9333
45.2588
40.1471
43.8997
37.8593
42.0326
37.1543
33.5374
41.2796
40.1287
45.8322
41.9762
40.8399
38.6221
42.8653
42.2365
37.7972
45.9136
40.6562
51.8436
31.3325
45.2989
43.5677
40.4169
40.9864
42.3578
35.0388
37.2813
38.1685
40.1342
40.7156
44.2721
43.4885
35.3541
40.1437
45.3471
44.6381
33.9637
34.9543
45.0196
36.5631
39.6767
40.9825
42.8123
36.5791
38.5652
30.7156
34.1577
43.3755
39.812
36.8008
38.4946
34.2046
37.4642
34.5086
42.7563
42.7901
37.137
34.2604
41.5179
39.9417
39.3982
42.1475
34.87
41.7731
45.9719
39.0291
35.1482
33.1395
38.8152
46.1766
39.6435
42.0843
32.8136
41.5282
47.0221
49.0218
41.0541
42.981
42.377
33.8553
37.46
33.1345
36.6226
36.3723
50.8233
42.793
50.4474
37.5383
35.6287
32.8384
35.8896
34.2906
33.66
41.2904
34.9461
32.6806
38.7027
37.0646
38.2132
45.7569
34.2788
40.998
37.0482
36.1388
39.4392
34.409
34.5371
33.9801
35.8262
34.7745
35.5569
34.2029
41.7365
39.5252
39.8596
34.8503
39.0252
46.2752
35.5604
40.9393
34.7163
45.1396
39.4323
32.7618
40.2746
41.8249
41.3545
35.5421
34.3022
45.1369
36.7416
35.9281
37.3145
34.8217
40.6365
40.4692
33.0713
35.2965
36.4334
37.3573
34.9437
48.9005
33.1817
34.5024
53.4649
33.4792
40.9965
51.5169
40.0437
39.2809
34.1954
42.1898
36.9989
30.7823
40.4535
38.2249
34.7968
33.5892
39.9235
38.9207
34.0123
35.8289
39.3391
42.2112
39.1197
40.4508
35.432
38.4921
46.274
33.8378
34.6382
34.2715
36.5894
41.6971
37.8269
31.0014
38.7526
39.0277
46.6257
33.0745
39.2576
36.0232
45.5684
43.879
36.2546
39.5969
36.0187
39.6489
37.618
36.1668
42.8119
39.0965
36.4188
35.3805
36.9999
38.572
39.1591
37.9092
36.7556
40.3766
49.7787
37.246
46.3459
34.7313
41.6009
35.4
38.001
52.4215
43.2389
43.605
35.3527
47.4726
35.5639
36.694
40.1251
44.9991
42.5897
41.0022
36.6689
33.6953
43.489
46.2838
36.6152
46.5998
38.8999
42.1735
55.8269
47.5368
37.2112
39.5993
34.2054
32.7622
32.4219
33.9244
36.6917
34.8149
44.537
40.4649
40.1834
40.3133
46.1331
43.288
39.8772
35.2316
40.7796
39.4619
46.0291
42.1831
45.4053
37.9695
36.1612
45.523
35.0717
33.6553
38.3447
33.195
43.2527
34.58
48.0693
37.0684
36.6066
38.062
41.3198
40.3736
31.375
34.4625
33.3192
44.0216
32.5176
44.6242
39.1621
36.7764
34.5655
37.6702
34.1493
42.3609
42.6178
39.6099
38.6528
37.1047
34.5548
41.9244
38.4559
42.493
42.0715
38.9973
38.1379
35.3955
37.2314
44.1568
39.823
39.9986
34.6228
43.7232
46.1358
35.0892
33.4341
47.5136
38.5314
40.3834
39.6467
34.8125
41.597
32.4415
42.8732
39.1599
46.0912
32.4986
35.8403
38.5325
56.2241
43.7065
42.3581
30.2354
39.655
39.7253
41.5748
35.8263
42.0421
33.8377
37.1704
35.1853
43.0866
40.8858
33.6694
35.0417
36.961
40.4801
30.4312
39.9278
31.4079
49.1899
38.6791
47.3965
36.242
38.3163
44.4719
32.3798
35.6629
39.6814
43.9388
39.002
47.1998
44.1507
36.212
32.6139
45.6315
38.6189
45.7953
45.8205
38.8958
34.1494
38.8958
32.921
38.0727
36.5395
38.455
30.7466
38.7625
42.0625
34.5869
34.391
39.4585
39.9642
34.711
43.064
33.0685
41.8869
42.1251
38.1855
33.6626
40.6782
32.9785
39.065
37.692
40.2066
39.488
37.3691
35.6741
47.9273
36.3899
41.7796
42.9385
38.3289
41.7565
35.1856
37.8115
33.6055
36.0507
39.1981
42.4776
35.0709
43.2142
36.0061
42.6968
38.6223
37.2387
37.5094
46.5006
37.1542
43.7994
43.2598
42.3658
38.5543
39.8852
41.7135
46.6853
45.4133
37.5482
32.0706
47.6882
40.7598
48.5696
42.4145
41.0885
35.6292
35.6403
38.4211
36.9536
40.0045
43.2474
43.2426
35.3756
35.915
38.6399
46.2281
32.7432
34.9371
37.174
42.7319
36.3195
40.5323
40.2526
30.8231
34.3492
46.2521
46.6114
38.8418
36.9421
40.4603
35.9766
45.196
42.5248
40.1334
36.8322
40.3241
52.1441
32.9981
39.6939
42.4111
41.8002
37.83
41.7883
41.4601
38.2075
39.3531
46.6364
36.3401
35.154
34.9657
40.7952
51.0036
40.0069
40.2159
51.7117
44.5273
49.26
43.8235
39.7511
40.8822
40.7345
37.8746
37.4761
34.0369
35.1276
36.9829
43.207
42.6079
37.5178
32.3412
35.7571
34.5705
38.0317
35.2357
33.7917
39.947
31.9547
53.0408
35.5415
43.013
40.5636
34.4486
42.2455
35.3931
39.0762
35.7814
33.6319
40.3658
36.8907
34.6496
40.1629
50.8566
36.5262
32.6417
40.0333
33.2733
45.1512
42.7305
46.1385
39.2643
36.1235
32.5488
37.5926
41.8543
39.2966
43.0936
41.4039
49.038
42.8748
32.9891
46.1342
40.4192
30.4297
40.7624
37.241
44.0587
42.5909
37.3351
34.4878
41.6712
35.8084
37.2611
39.4128
34.244
39.839
45.0291
37.189
39.6155
39.9586
41.8141
39.7272
40.4837
43.5544
34.9773
34.6629
32.6695
37.2432
43.2206
30.6762
45.7122
44.7138
47.196
39.5184
38.4899
38.0084
45.983
39.8093
42.2056
36.6511
42.0306
49.1736
34.6446
40.675
39.6397
35.7
40.2056
40.3421
38.1983
35.6687
34.1953
36.7553
39.2609
41.6312
37.5108
37.5711
49.8408
37.6953
39.9553
43.2322
49.4367
45.4803
41.0284
34.2059
37.7668
40.4703
40.8846
51.4227
42.4966
40.802
39.7153
39.8319
33.3387
39.2628
38.4123
36.2761
40.9999
36.0457
48.0693
41.51
40.4366
41.7516
41.0224
39.7564
37.6318
39.7199
40.7043
48.2543
47.4685
31.9528
34.3922
38.5557
32.8879
45.4632
40.3411
36.783
40.8696
36.4981
34.6517
38.5511
38.091
47.8631
33.4266
42.0639
34.7217
33.9214
42.171
40.5414
33.2079
46.3
33.2815
36.5632
31.5695
47.5578
44.1849
44.4846
39.3821
38.968
36.8985
40.0458
38.7554
33.071
45.8144
37.5161
40.121
41.0328
36.2108
38.8503
37.0135
37.5974
31.3314
35.0537
39.1859
35.1465
37.6239
40.8121
43.5066
34.8691
47.0959
33.1071
39.0645
40.8237
43.0621
40.0496
35.613
43.2557
39.9404
34.9196
37.1065
39.3805
37.2041
43.6603
42.3303
34.6412
34.723
38.8762
42.4837
36.6321
36.9413
35.5498
56.0996
44.6336
34.5323
42.2695
48.0156
46.539
45.9262
44.479
45.3435
38.2348
36.998
32.2369
36.4438
34.3147
43.6414
36.3734
44.5641
37.1555
38.1454
45.2465
35.7536
36.1703
34.9231
37.3776
41.7744
35.3525
37.2583
44.8557
40.7349
36.4985
32.5495
43.6524
48.3751
37.3308
41.5854
37.9286
45.9032
36.6544
39.341
34.0516
44.384
50.0599
34.6975
52.021
39.046
38.2687
36.0862
48.2504
35.1809
41.3815
40.3463
39.4648
46.581
42.6227
36.3607
36.6938
48.9266
36.3986
36.0616
41.7892
40.5254
40.2417
40.0221
41.3784
33.3596
37.5303
37.2843
36.2061
41.0276
38.6984
39.266
35.2897
33.8222
42.7354
38.0407
36.6133
37.1524
42.106
40.1466
35.0597
40.1108
35.5524
42.4268
37.3783
36.0409
36.7288
43.4214
38.266
36.7689
49.1181
45.0336
36.548
41.4558
36.2341
50.3828
43.4117
41.8273
35.8539
34.745
42.9118
38.9186
42.9819
44.3761
34.281
46.1191
31.8566
35.9325
41.2893
42.8882
38.4635
38.0837
47.1789
43.6553
38.1735
38.1703
35.5557
42.0205
35.5249
34.7941
38.5675
39.2182
39.3295
36.4782
38.0935
41.4474
42.703
37.5724
42.6889
35.9082
38.8535
43.7917
35.0368
38.7389
40.4164
34.4068
31.3654
40.6157
40.1733
35.6421
38.2907
39.295
38.5752
40.7566
33.2902
38.4397
44.2474
41.2823
40.1015
37.2564
41.2705
37.997
33.8489
43.0677
38.3059
41.6911
40.5902
36.0173
38.4728
46.7059
48.8806
53.7407
35.9126
49.3479
35.726
40.8524
42.5797
39.1712
44.0121
41.3473
39.1401
43.9241
37.2037
33.7802
38.3368
40.7739
46.1782
48.2677
37.7243
42.4739
34.4855
33.6238
44.8442
41.0973
36.2739
33.4426
41.3601
37.0149
35.8756
40.1807
39.4998
35.3143
36.4377
43.7165
40.9138
45.2132
38.1967
40.2845
43.9495
37.2653
44.631
47.0195
36.9467
36.4899
32.6474
48.2014
43.185
33.3893
40.1222
47.4429
42.5463
30.3126
35.2121
37.9698
37.1384
33.3823
49.4273
33.8932
41.279
40.0803
39.6099
40.5079
38.2925
38.0573
37.9331
38.2745
38.9641
34.7298
38.953
33.1147
33.9428
45.9386
36.7973
38.3003
30.2018
41.6615
31.726
37.7651
31.8296
41.8343
61.6553
36.4135
34.492
43.9594
35.7479
43.0052
33.9489
38.4241
34.0449
36.45
34.8328
45.836
33.1166
44.1275
45.5825
36.4392
38.3068
41.7003
49.5547
47.5472
45.8641
42.6523
34.393
39.3062
40.0621
33.6845
40.3422
39.9692
48.7474
39.7932
38.1681
34.6382
39.6306
35.1466
36.167
43.199
44.0826
35.2656
34.8802
40.7031
38.0127
36.8463
33.5912
40.3167
43.344
49.1437
35.01
37.0114
38.7877
39.7788
43.4017
42.3797
40.9507
42.2609
35.8675
42.507
42.2433
39.497
40.6414
39.665
39.0135
32.3617
33.4807
40.6581
42.6177
35.353
38.9417
39.4219
35.6151
43.9018
42.231
34.5547
48.5164
38.9373
32.2601
43.4073
34.8174
37.5915
35.3376
46.2606
35.4745
39.6713
36.3974
36.948
38.5711
39.5416
37.7666
41.3224
38.0521
51.4563
41.2737
37.2306
40.3026
38.6426
48.5152
42.6867
40.1366
36.1473
39.3825
48.0637
40.3961
41.8495
39.8018
38.4823
36.507
35.5837
39.4334
41.2789
61.2061
53.568
43.5245
34.125
36.9818
35.1021
46.5065
39.8265
41.2803
38.6206
39.2234
41.2171
41.4453
32.44
40.6684
46.8613
35.3568
33.974
37.1619
36.7426
34.9108
41.1842
43.9828
37.4895
37.3603
39.9996
48.5843
40.8984
43.2933
41.8489
35.9446
33.3287
41.3181
43.7654
41.6329
35.8984
39.5116
47.2138
37.6321
37.414
38.7907
40.9999
43.2704
46.4463
36.2007
32.6018
40.8333
40.3048
42.8905
41.1425
39.1284
36.7384
43.5467
41.6779
36.0435
40.1399
38.2735
34.6078
46.5416
32.7787
40.5741
41.3188
38.6089
32.7067
39.1133
34.0761
35.9985
38.5693
37.5803
40.3847
40.6267
34.9309
44.6161
40.3545
39.5959
47.6186
34.7016
39.0955
48.9816
50.4823
51.4607
32.4035
32.9943
52.3503
44.7754
51.9233
42.5345
41.0449
40.983
32.1396
36.6894
51.1999
39.0365
38.0864
42.4626
38.1185
35.9605
37.3021
28.8397
34.5505
41.6413
33.2658
37.0084
39.7734
36.0713
40.7158
35.6149
36.3819
44.0418
41.8931
46.0383
36.5446
36.8867
38.5901
33.9461
36.303
39.2152
36.8487
37.4763
40.0928
42.152
34.7233
36.3934
29.8446
41.1628
42.5067
37.0722
42.5743
41.0407
33.9355
37.9366
35.7988
40.4305
41.1077
46.1033
34.372
37.0561
42.8007
42.4101
39.3484
36.1891
37.9973
43.1605
34.1592
40.4804
36.645
38.5364
44.4136
43.3711
42.994
44.1738
38.6017
44.0905
34.0071
35.4647
45.9098
38.963
44.7128
37.7066
40.13
40.4796
36.9105
39.4659
32.5669
33.4604
38.4224
45.617
43.3698
35.5822
38.9416
41.9478
38.4597
39.4697
41.4755
46.3258
40.2045
42.0763
40.2007
38.4971
42.4342
44.3363
37.8143
32.5308
53.3424
34.1753
38.9101
39.6885
40.8451
38.0607
36.2265
35.7981
35.5446
34.6497
42.0179
38.362
42.1047
46.3762
37.5566
49.1128
34.8909
38.8897
40.0842
35.1371
39.4681
46.0329
44.3074
40.3881
35.9577
37.6838
43.4134
40.5383
42.3273
36.9923
34.0214
46.5997
45.6803
34.9207
47.0132
32.2567
41.2164
35.6799
48.9666
44.0057
39.3641
39.8474
38.5057
36.0242
34.4549
42.8133
37.1297
47.564
42.3769
42.4513
38.8685
33.7434
45.7147
39.3189
37.2721
37.3275
38.7829
38.5138
34.1749
40.5557
29.8642
44.0674
41.5608
37.4996
46.3583
37.7644
34.386
34.9746
38.4869
39.0338
28.85
40.7587
35.5705
37.2892
37.6688
34.7824
36.9469
36.5143
43.4096
35.5168
44.4254
33.8772
40.0189
34.2564
37.1534
41.7648
48.1855
38.1871
33.9818
43.278
34.3167
45.4188
39.9272
42.362
36.5183
44.5193
37.7313
32.1945
38.5093
43.2048
38.7263
51.1598
35.8348
38.1914
41.4676
41.4027
35.9612
44.7558
35.4696
45.4896
35.8906
43.6658
41.6105
33.2941
37.1563
38.7949
37.8282
37.9943
39.9839
36.8968
42.1343
34.3139
35.6628
47.8935
38.9163
33.1884
42.5885
42.2243
47.2036
33.5045
38.5035
44.9093
42.3789
39.0622
36.9523
47.124
44.1987
47.9891
41.6012
37.4079
37.7118
37.4008
35.2029
38.9383
37.792
38.0368
35.294
36.1364
36.1056
33.2104
36.9295
37.1634
39.4186
40.9852
40.0507
41.0714
40.1355
38.1922
51.2868
56.4173
41.8401
34.1177
32.5134
43.6043
48.8328
38.7784
33.0963
37.0074
36.5703
41.4816
45.4285
34.8994
44.5777
33.1008
36.4675
37.1883
37.7261
48.4027
42.0283
37.4288
36.1429
40.5186
47.177
39.3269
33.8845
42.5623
44.8181
39.1036
38.4538
40.5877
43.4025
42.1313
45.1669
42.4796
40.2066
33.2274
44.4467
44.82
35.33
40.0581
39.8724
43.837
37.5847
45.9255
36.8888
35.6654
44.9389
37.6748
37.5679
40.5773
33.3457
38.3838
35.5985
37.2528
33.5785
38.5578
39.1549
37.3924
41.637
48.2904
40.8856
39.1576
38.9668
35.2303
43.3691
31.0817
40.1344
41.3415
37.6568
38.9261
39.1208
42.891
33.606
42.6885
36.7764
40.7361
41.6987
40.1181
39.0198
42.2084
48.7115
49.6884
33.0888
36.5688
45.7114
35.8509
37.1467
39.4631
34.853
31.1388
39.3474
42.3541
47.1949
36.6166
44.2093
35.4094
38.8802
41.4462
38.7994
33.3423
39.1061
39.6698
43.368
38.6465
37.2978
40.3454
32.3247
32.0168
43.6345
37.269
41.7123
40.0072
37.6002
39.902
39.359
32.0758
39.8172
49.6838
38.2395
42.2461
32.003
34.5841
39.6442
45.7203
42.6063
42.1091
47.8555
32.0693
35.1058
36.4232
36.8545
42.3623
42.3299
42.9323
38.5076
37.3168
36.4485
34.8474
36.5457
40.0884
44.0747
48.5721
38.9572
38.0936
40.3077
40.2866
43.2216
38.7681
34.3599
34.5743
35.4496
35.8245
35.8106
40.354
36.1402
48.571
37.7557
36.4097
41.1843
34.8211
39.6523
42.544
33.066
36.5338
43.4661
37.068
40.1427
39.4949
41.5538
41.0815
32.8901
40.0956
43.7834
40.9209
41.2225
39.4036
33.7326
33.2952
44.0253
37.446
37.0448
42.0567
41.8562
38.4064
41.4766
38.0507
46.7578
43.2234
36.5901
38.6868
39.8919
32.8069
33.6684
36.2486
46.2634
40.7186
37.6771
36.3335
39.852
36.861
36.9427
38.124
36.7681
35.1892
41.0322
36.9011
39.2027
34.1098
37.0007
44.5723
34.3225
40.7313
40.7152
42.2525
34.5949
34.1328
39.553
42.6424
32.1904
41.5394
40.1745
38.3452
44.2828
32.689
39.3186
47.0823
35.6314
37.258
42.1134
39.3095
39.071
33.2453
40.7514
36.6741
48.0578
37.2797
42.2144
36.9808
39.671
35.9298
35.6923
40.9839
47.7006
35.7247
36.0956
34.9722
34.9539
46.3751
36.9133
39.3293
41.9674
48.1303
36.1452
40.1959
37.346
37.9282
36.5889
39.2098
35.5307
42.1719
39.2686
36.4275
52.6147
38.0488
30.932
32.893
42.2222
33.7202
40.4414
41.4352
38.7326
36.1413
33.505
45.7456
36.7173
39.6228
40.7849
38.733
45.9849
38.1917
41.3652
38.5384
32.5447
35.7593
40.2625
43.6046
30.3968
33.9976
35.5694
43.2319
48.1834
47.9394
45.8899
46.3698
44.9481
37.1329
36.6676
29.4167
50.128
46.047
33.1818
43.7643
36.2087
41.4667
35.1606
38.5237
41.765
40.1787
35.6106
35.5081
35.8427
42.0002
40.3259
33.6784
35.649
32.4503
41.09
31.6047
34.5373
38.7695
40.6421
38.3776
38.674
40.5929
47.4812
34.3517
38.9367
43.9164
34.2992
42.1841
31.2334
33.8438
35.5552
33.9806
40.2674
36.1937
41.8768
43.2609
41.7881
48.6881
35.9583
33.6894
36.284
37.7627
35.4636
36.3073
48.3886
42.3544
41.899
43.971
35.7038
38.3501
31.3442
39.2592
36.1258
42.1801
42.3529
45.4987
37.2513
40.0723
41.3736
36.4175
33.4751
36.3353
35.5304
39.6625
35.9046
42.5155