33.5385
44.3294
33.7019
38.7248
40.693
40.6885
34.0647
35.5645
46.6955
43.4523
38.9667
36.3857
39.5476
42.2382
43.7906
39.7269
36.6446
35.2222
36.0032
39.7551
37.7781
40.2222
36.0479
49.6564
38.2164
38.9371
36.3406
42.3744
52.3103
38.8003
35.0996
51.2128
35.06
36.2809
43.5708
39.4435
34.4457
39.3481
40.0594
32.1837
34.6117
36.9296
40.0709
43.7955
40.0421
36.482
40.8901
46.0112
38.9333
45.9718
36.9711
33.3554
31.4757
34.043
33.8801
43.8317
38.603
43.6904
35.2491
36.8508
40.1115
40.4351
39.0171
38.98
46.9307
38.7269
36.9673
35.6181
38.7958
47.0358
36.0912
42.9668
36.8522
39.6263
35.7757
39.8923
35.6487
40.2913
49.175
40.1559
38.0428
38.1107
38.4098
37.44
40.461
31.1141
43.0988
42.0528
38.5737
35.069
36.6382
39.0026
34.0483
33.2606
42.0488
38.3633
42.8864
39.3515
39.1561
31.2134
39.4611
37.0542
41.3936
45.6056
28.5419
38.9985
40.5191
41.5002
40.191
43.5418
32.1156
34.2187
37.1544
42.8606
40.9805
37.9426
37.3333
37.6002
43.0828
41.2666
36.4521
36.1671
40.9097
41.0323
50.4546
40.7535
43.3886
38.624
34.0646
44.0667
39.8629
38.4959
35.0817
44.6156
38.0344
33.4046
42.8097
46.2828
38.3668
33.4943
39.4923
33.8121
45.87
32.3171
43.0411
37.3879
36.9724
35.903
38.5283
41.3134
31.2034
38.8314
39.807
36.3459
33.5839
41.2806
43.212
31.2485
35.9629
39.7963
42.7622
41.2954
42.2628
40.3515
37.9293
46.0716
33.731
38.2933
32.4674
44.5114
46.7863
33.3385
45.9525
46.6863
41.8722
44.586
34.8982
39.6594
42.8425
40.0911
36.1151
47.921
36.0173
38.9878
46.8327
36.5881
34.455
38.861
42.8774
44.357
36.7842
45.451
41.493
36.9726
41.817
42.4042
38.7327
37.4197
37.0562
34.2833
35.2559
37.7975
50.9071
47.4721
32.3367
46.2057
39.2552
41.5812
37.4795
47.3735
37.4703
40.8584
38.389
35.4009
41.1275
35.7153
37.836
38.8049
38.815
39.4061
41.4982
44.0722
43.419
42.7103
35.9341
40.9188
32.1405
45.222
41.6876
37.355
49.4343
36.8391
36.7065
35.3927
39.2241
36.896
51.4514
41.2428
42.4104
35.6935
35.4916
45.2748
35.9075
39.2871
35.8477
35.8986
35.0211
36.493
40.3968
41.2679
40.3293
42.6348
48.0257
41.493
42.8772
38.0425
38.4916
36.8346
35.7423
35.3998
35.701
48.0226
39.2156
28.9196
46.7447
42.5076
37.3658
49.6207
37.3989
40.3862
38.454
40.1339
44.3748
41.0487
37.1222
44.0402
33.0106
39.5946
32.3914
42.0681
39.8925
40.1315
37.241
37.3758
36.3539
38.4816
30.8014
38.6855
42.8766
36.7221
36.1197
44.5319
44.9282
32.3284
35.1753
32.7989
33.2564
40.474
40.5528
45.2912
34.6792
35.1485
36.9973
32.2788
37.1702
51.8089
37.2859
35.754
34.6241
51.3064
38.1145
36.6326
36.6248
43.79
34.9816
34.0345
41.8981
49.777
36.8462
39.0376
36.2652
43.326
45.8601
45.3242
47.4391
34.9424
38.1833
35.7817
42.8226
34.5624
37.3202
33.1772
32.1435
35.8963
36.8293
44.9469
41.3452
38.7811
35.9569
34.4723
39.2431
31.1859
35.5737
32.5807
36.0951
39.786
32.4433
42.481
37.8529
40.1583
32.9529
37.8356
40.128
36.2679
39.0349
40.0151
39.3103
37.97
39.6866
36.4036
40.7075
36.5324
40.3629
42.9562
39.8905
36.8554
36.485
47.2679
39.9608
40.5762
37.7064
37.4454
40.9066
41.9693
35.8676
37.7154
35.315
38.087
48.1617
33.9899
41.7957
34.6305
44.2853
33.9852
47.8566
38.321
39.7743
49.0013
38.2707
33.7007
43.9353
43.1706
41.2888
40.1763
34.8
47.1007
40.1872
39.9671
40.2342
41.7527
37.2643
54.0969
36.8316
34.9125
44.716
38.5034
36.4929
38.7132
35.2991
33.1734
42.1216
36.0939
33.3701
39.3291
36.4596
40.9402
43.6703
41.506
43.1777
41.3265
34.3333
46.9912
34.2778
42.8953
37.3467
35.455
37.8072
48.852
40.8716
49.4239
38.8978
40.6349
38.3309
41.4081
28.5721
46.644
31.6954
39.9841
36.5784
36.816
36.2619
38.3814
36.0937
36.9594
38.3061
45.4462
37.9887
39.8445
46.7632
33.0658
37.2753
40.6529
33.643
38.1303
43.4886
46.4634
40.2275
39.2736
36.6101
35.5646
36.7463
38.114
43.123
46.6301
39.4676
46.2408
36.5967
36.6709
45.2745
40.0593
29.666
39.0034
43.9601
42.9632
36.4361
36.8238
36.817
39.3623
32.8805
38.1575
32.3928
38.5738
34.6197
39.6514
39.1073
34.9947
36.3968
35.321
36.4454
36.2747
46.3338
40.0632
40.7182
38.5142
35.6559
46.2943
33.4994
43.0016
40.3698
42.1253
38.9616
40.285
46.9237
40.0769
46.6731
42.3233
45.1299
42.7948
36.7583
35.8869
42.7017
36.9106
36.6373
36.1528
42.3247
44.6908
35.4772
41.793
36.9831
42.6893
35.7835
36.2634
41.4098
33.5456
35.0997
41.8253
36.5424
35.785
36.3736
40.3863
38.9354
36.0256
46.2193
39.4061
45.906
39.749
38.7223
33.2656
39.054
36.5634
43.1602
54.7128
40.9986
53.1703
43.1329
37.0081
33.5371
33.6761
38.418
33.7703
35.7637
41.7711
43.4804
37.2088
46.2442
40.2337
34.4097
40.9477
37.2724
37.689
46.915
37.6719
33.5634
39.8157
46.8918
35.6295
39.6241
40.1739
41.5823
31.6937
41.528
36.2494
34.8308
43.5156
36.1842
49.9942
34.1131
48.0492
36.75
51.6908
40.229
35.5062
40.3446
45.458
39.2257
42.3521
37.8307
39.7769
37.1475
41.2159
37.2126
33.826
43.5527
39.9595
43.974
34.3737
34.8427
41.743
35.9987
36.2621
37.3437
42.1937
49.2036
40.4635
37.4205
39.6503
48.593
40.7405
35.0022
35.5959
45.2313
37.9392
38.8554
38.7866
42.8372
47.5211
39.6353
40.3433
39.2508
31.6881
35.7787
38.0935
33.6637
38.2284
34.6373
36.6401
39.389
34.5538
36.698
44.1863
29.5766
36.5951
41.0574
34.8847
35.0023
48.6755
35.5936
34.0854
40.7946
40.5318
35.6212
48.0944
40.6217
39.7854
41.6148
34.7576
39.1558
41.6766
44.3055
37.3747
41.0166
37.1165
35.5346
36.7777
41.2813
36.1895
41.2457
47.9847
44.828
41.4255
35.3701
37.0378
40.5915
35.7193
41.0823
39.2624
44.9908
47.6749
45.0505
38.8631
35.718
40.5639
37.2566
48.9687
37.2445
40.5578
36.3713
39.7521
42.2693
45.0555
37.3196
38.0346
33.7949
39.2407
34.5578
41.957
39.2033
35.9891
33.5925
33.9674
36.0137
46.4693
46.9627
42.2696
42.1208
37.7284
35.3219
32.1362
45.0627
40.1721
36.188
37.1494
36.3965
38.0363
35.5696
47.5756
38.9343
37.4321
39.7793
41.9354
42.8153
37.123
41.12
38.5788
43.7908
38.3839
46.7655
32.014
36.7025
42.9538
35.9682
39.3706
41.0711
34.0172
39.7228
37.9156
42.0764
34.1066
34.9907
37.3658
40.5496
40.7637
42.6354
42.0833
34.2111
41.813
38.2669
34.5492
33.6365
34.1489
45.2282
41.2928
36.9393
35.5029
43.7126
41.6514
44.4971
33.7053
37.7556
32.4505
36.5118
36.7854
34.7688
37.9174
32.7483
39.7678
42.6068
37.9719
43.2268
46.4286
35.3047
39.5396
40.3291
32.7859
51.8602
52.4904
31.4199
32.7674
35.6952
35.8768
36.6005
37.9527
38.1033
35.0211
36.3616
39.8535
37.7977
40.8345
55.4416
36.5651
45.5762
35.6138
39.5919
36.5663
39.5916
42.4775
38.331
30.3932
53.6498
47.7182
46.4668
35.0791
46.6333
38.0449
50.407
48.0445
34.0668
39.6763
47.0155
42.7163
42.0946
37.7036
34.1791
37.2057
38.7782
37.244
40.7221
41.8857
32.7189
41.8776
42.9373
38.6761
38.0838
36.2624
58.2599
32.2888
36.5244
39.1814
38.5612
38.1642
45.3219
43.0939
51.2893
36.5649
40.3285
38.3208
36.9834
40.5507
45.4077
38.2386
36.5701
34.6343
33.7078
34.9572
46.6576
45.9979
37.5465
35.5702
41.5846
39.8008
33.219
36.782
50.5994
43.0152
33.5471
37.4979
40.1796
34.1722
36.8917
38.764
37.1988
42.2161
42.9306
38.5448
36.7086
48.261
38.8683
37.0602
36.1317
35.2261
40.5416
37.1574
37.5548
39.3553
39.7727
45.5368
41.6682
34.3878
40.0983
39.6172
37.5355
38.8989
40.3469
36.8941
51.8245
32.699
47.5956
38.9475
40.5906
36.8643
42.2549
41.3147
45.0296
38.1939
49.014
40.5791
40.3502
43.4975
33.4361
43.906
34.2227
41.047
36.8888
47.2791
34.9082
41.998
42.218
40.2472
35.2066
34.9567
39.3823
36.3554
39.8296
37.5442
53.5482
33.8157
42.2299
33.754
44.0449
38.0465
46.9457
40.4668
43.4716
36.2863
42.9382
41.4555
33.6494
36.0503
32.2417
35.6944
41.0974
47.5542
44.2536
43.5169
39.258
43.1814
42.831
57.2286
38.7052
40.3694
41.4698
46.3015
34.8604
31.6336
40.9664
42.0758
37.6872
32.6011
39.9888
48.9909
30.444
38.3587
36.8819
36.0543
38.5374
45.3138
45.2318
38.4719
37.2986
43.6132
41.7021
48.3487
43.2508
56.4426
43.8034
42.4501
40.5687
36.8251
36.275
36.3599
38.1439
47.5424
37.2357
37.8432
34.3821
37.0785
35.9369
37.8396
46.0556
33.7754
43.4078
38.3447
38.3265
36.3265
36.7008
41.8533
39.3275
37.0366
48.5944
39.5286
44.8227
40.9822
30.8336
41.0899
39.2404
37.4717
37.6854
55.3312
40.0329
39.9042
42.442
38.4197
34.1664
39.677
46.7782
40.5662
40.254
35.5762
41.41
54.7319
43.8667
47.1244
34.882
38.8241
37.6426
36.413
40.1254
41.0804
39.608
37.6091
38.0522
40.4518
38.5053
38.637
39.4209
34.2075
33.9653
43.7697
38.3374
39.5481
42.9851
39.7662
48.6619
31.8477
39.6493
36.5135
39.866
38.8998
40.6781
38.4798
37.734
37.7973
35.4327
37.4674
39.9725
43.4304
46.7806
38.7472
36.5115
34.8598
37.4866
36.2463
45.5317
36.0607
44.0941
39.724
35.1736
39.1839
43.0165
39.609
36.0665
38.4934
41.3102
33.1835
37.1677
36.57
36.4787
41.5083
38.2317
31.2623
37.1814
34.531
41.3594
40.1029
34.6952
37.2989
37.3134
40.7268
49.4353
38.7999
45.8556
40.5238
32.1122
36.6675
32.6995
46.854
39.8558
60.3676
44.5442
35.0792
37.5574
42.1403
33.8831
37.3353
52.8312
47.9328
43.5611
37.0792
31.4669
50.4107
40.444
33.8976
43.8657
37.6606
38.2982
42.0452
34.0892
40.2156
38.1923
33.7064
35.4728
47.2284
43.3862
32.8774
53.1437
35.0889
34.0257
35.9001
39.5857
41.2911
37.7593
37.3188
44.2559
43.4348
41.1404
37.1756
49.9651
38.0125
35.5527
39.4408
41.653
50.6973
39.9532
34.0379
38.2611
38.0536
39.1159
36.0777
43.492
43.1367
33.9067
37.2655
38.7932
43.2861
33.3789
52.6052
46.1157
36.9738
33.3933
32.7676
41.0655
37.1744
46.5519
49.7197
33.7353
38.5041
37.9354
45.501
33.8198
36.2344
48.4246
40.2834
42.9737
47.3756
39.2287
38.5177
44.9579
38.8447
37.822
36.5219
41.3619
39.6155
33.5499
36.8478
39.0798
38.2956
45.85
39.3654
39.8411
36.6833
40.5658
37.7192
35.5198
40.9289
41.495
33.353
30.4737
34.6695
36.8098
41.864
43.4859
40.3175
37.0456
29.5747
32.96
43.9104
37.2334
37.6749
39.0979
31.5523
56.1626
40.4934
33.5392
37.7139
43.9961
45.1472
37.5284
45.8766
31.7651
33.2608
33.3522
39.4048
36.8192
45.7262
37.0819
39.9753
43.3626
31.0325
41.9974
36.2626
44.5963
45.0998
44.3229
42.2557
34.1137
48.2633
32.8833
40.4553
45.4602
40.2219
39.3208
35.9061
41.5005
41.024
40.2475
35.8735
42.2081
37.8888
37.067
34.1524
33.8084
43.1457
42.5719
38.8738
34.2012
40.4489
34.3218
39.3213
38.2637
46.344
53.8264
43.0785
38.7049
41.7759
35.9651
46.2363
30.8713
35.4801
40.5785
42.6251
42.1093
34.2093
40.0024
40.8689
37.8321
41.7862
39.3849
45.9237
39.9638
41.5358
40.2912
40.0679
39.4512
43.3788
35.7259
35.3351
44.4901
45.702
34.7694
38.9763
42.5902
42.1652
39.6182
39.4211
45.8886
33.8675
38.4872
36.334
42.4839
42.5551
34.0786
41.9526
48.6975
47.5085
40.2532
39.7998
40.4446
46.5084
46.9523
43.7563
31.9426
44.7807
39.593
44.9222
47.5411
39.8766
50.965
39.0632
42.7833
39.113
38.3615
37.2431
36.2765
40.2307
34.4207
37.8894
34.2224
32.7448
39.6978
44.3651
50.0691
34.6405
40.6218
34.0136
37.1068
37.9058
39.4439
44.4513
38.109
36.3037
36.3878
44.9353
43.2234
42.0051
36.3018
32.2987
34.1468
39.2318
50.1332
34.9723
35.1958
35.6034
35.3158
38.0047
37.2328
35.6915
46.349
37.2044
40.4046
39.9435
39.4499
35.6914
36.1672
48.7269
31.6963
44.7699
40.3963
41.2579
37.2506
44.8564
44.7869
37.909
38.7944
46.6397
31.2278
41.4131
42.1088
37.2451
36.1536
33.3582
44.3399
37.8176
36.8592
43.9244
35.1902
46.4433
38.7373
35.5569
45.515
35.2512
35.2652
39.149
34.2499
45.5261
48.1485
42.2269
42.351
46.0321
35.6496
43.3063
33.9264
44.1047
42.7303
41.5127
49.7933
43.4747
34.394
43.2575
45.3678
38.8193
39.767
40.2939
31.0394
41.9956
44.3667
47.4344
43.8311
45.9587
42.6346
42.521
40.7833
39.869
35.5489
35.9089
39.508
37.3858
39.872
37.6694
38.4992
45.6175
39.8489
38.3047
41.3469
38.8444
50.6346
42.4249
45.4876
40.1279
35.3186
37.2823
34.9144
40.0834
44.7055
37.8561
36.4345
37.6173
41.5965
33.0751
36.2157
42.9517
38.2126
47.3286
45.7532
33.5404
43.4638
43.567
52.4285
39.8788
47.7397
30.6593
38.7074
42.1469
35.594
51.5548
36.859
32.954
40.7039
47.0101
38.6655
36.3333
38.5168
43.2689
39.8832
47.2481
41.8042
36.9461
37.9067
47.5234
38.4262
33.383
41.4316
42.4145
51.2477
42.409
35.4242
43.015
44.1587
42.3605
53.1969
36.92
41.2229
46.3004
55.5207
39.7314
39.249
44.4707
33.23
39.3301
40.2775
35.0054
31.1494
47.2962
50.2848
48.4853
46.2095
47.5733
51.4668
44.129
42.2634
38.291
55.3513
38.6768
47.2042
40.388
42.13
37.3172
38.8432
50.0348
39.5128
34.7937
38.4493
38.6344
47.7574
34.736
56.8394
36.9295
37.8259
41.339
39.3027
33.3879
49.2244
34.6709
35.7682
38.3734
42.3906
37.1613
33.7186
38.6239
35.6088
35.9541
38.3078
34.6135
44.1856
33.8856
42.4169
36.2676
38.2628
41.3092
39.6115
40.8424
36.2373
38.9133
41.8926
36.2443
45.3357
43.2577
37.8724
40.282
38.8624
34.1422
36.764
34.7101
34.2386
35.8591
44.072
43.0728
42.494
42.6606
35.4257
33.5613
35.5479
38.2748
39.3995
39.8647
34.5085
51.3729
43.7361
33.8438
36.7147
45.6058
39.9201
33.1472
46.7956
38.279
36.817
36.57
37.9849
41.0329
37.843
36.1435
41.8383
37.8791
33.403
34.7677
35.8957
34.0561
41.7276
38.0921
39.142
36.7429
42.7504
36.5164
46.2487
34.8482
37.577
44.794
37.6963
49.2631
37.3967
38.9224
36.476
36.2561
38.4975
39.5674
40.357
34.7338
35.2501
41.2566
38.4191
34.2127
37.9677
33.9411
37.6454
42.1976
30.1819
38.5305
35.2904
39.2804
33.2163
39.2564
41.351
45.5181
32.29
41.0397
36.6396
46.8317
35.237
37.0876
31.8167
57.263
36.0998
41.4683
32.599
40.6616
43.9395
41.309
46.4824
34.9322
38.4537
33.0086
50.6271
47.1107
35.7806
34.6843
41.0043
39.9455
43.1362
43.7511
38.5157
42.8212
45.4102
43.7746
45.122
37.4113
39.0858
36.1069
36.6812
41.6322
36.9323
36.0452
35.7271
41.8434
44.9228
35.9951
38.525
30.7064
34.856
38.3796
43.9997
35.8025
43.1835
39.6688
39.3819
40.9859
35.0635
39.2457
38.7409
36.2617
37.5721
36.3063
38.285
36.627
38.7986
46.4198
39.0163
52.7884
38.5233
38.1002
38.4099
39.9046
39.3245
34.1488
38.758
39.6543
39.4869
38.8787
42.8631
37.3313
52.4243
33.3671
31.2462
37.2621
33.3652
39.2841
40.2701
46.7051
36.828
41.5062
37.4449
40.7861
39.8618
38.2655
40.6462
40.4292
35.5415
39.8443
33.3712
39.2892
39.4189
43.7757
37.2641
38.9764
33.5965
33.8033
35.6939
36.8066
45.1102
44.0877
32.8721
38.4386
39.4908
41.4054
44.7658
37.7566
39.5756
37.4593
35.6901
38.6143
38.3111
42.3854
36.3419
32.3428
36.9384
38.6429
39.9629
37.2293
42.9757
37.8033
34.4944
35.5662
43.1232
39.6484
34.5293
32.8374
34.9728
30.5573
36.7539
35.3912
32.1203
32.9735
43.09
48.1277
40.4431
37.6097
38.4418
49.9436
34.222
35.5859
35.9884
44.3121
35.3426
48.5932
29.9264
35.0263
46.0733
40.2794
42.4372
41.7807
36.6821
46.87
38.2235
36.9904
38.5218
35.0999
40.5552
36.1044
34.1199
33.8387
42.6418
36.5503
42.6981
34.3345
40.0312
39.6974
39.0427
41.1142
44.6818
44.4441
36.8634
36.4195
45.6504
45.5927
40.6795
32.043
36.905
40.9114
40.5159
46.7566
40.6803
35.1268
40.5077
36.8255
36.6138
40.3845
42.8391
35.4497
36.0911
37.7285
38.1099
41.0706
34.3749
39.0993
37.0311
39.4795
35.3743
37.7863
53.5844
34.2003
33.2069
32.7213
38.0947
37.9686
39.7025
43.1412
35.345
31.5592
51.6469
38.0592
37.4178
39.7329
30.2684
40.0336
32.7149
40.1182
32.8495
47.2217
38.1234
37.0261
41.9825
47.2168
37.4032
44.7783
36.6925
30.4539
44.858
38.2647
31.5114
41.6202
42.7326
45.1625
34.4016
40.7468
35.5402
34.9456
34.7495
38.9376
43.1492
37.9385
37.9712
40.2991
35.4319
34.9825
54.2544
35.2268
35.1893
35.3461
36.8206
34.308
49.3776
38.7359
36.0333
35.0461
46.8583
39.3382
39.5358
41.2525
38.3568
36.8129
43.8552
31.809
45.0365
38.3628
35.4145
42.4277
40.8307
33.476
39.0566
34.1653
47.4153
47.0843
36.4095
39.3966
36.7941
44.2842
43.009
36.4823
40.0629
48.1307
37.7547
40.6753
36.6554
37.0031
40.6329
36.7062
56.6745
36.3487
48.035
47.7685
35.566
33.9067
36.5532
47.6964
37.1774
38.1707
34.482
39.1121
36.0114
40.0374
40.8539
44.6316
36.939
35.3662
42.284
34.499
36.8378
39.116
30.1773
34.3572
35.5973
36.8927
46.6695
38.5156
35.3168
44.0863
37.0926
38.8423
33.9885
35.4079
34.821
41.9364
38.482
44.2974
37.5803
36.5258
35.5652
43.9096
35.6341
35.8411
45.7169
42.6505
35.8273
46.4334
31.8321
37.8521
37.7505
43.4804
41.8955
39.5392
36.4215
42.0986
40.3425
35.6182
51.6889
37.3212
54.5964
46.8474
49.3989
44.0087
38.0862
32.9512
36.4808
47.068
36.0643
38.9498
41.8454
41.0866
38.501
35.9756
37.8365
36.6234
37.8717
30.4429
39.4445
38.5131
37.9462
41.919
44.0499
44.4195
41.6517
39.1977
41.4046
32.0256
38.8064
47.1842
44.7297
35.9868
41.9503
38.7631
34.001
46.4176
35.4729
43.1628
35.3952
39.4571
42.0731
32.5676
34.2835
39.0937
38.9332
39.6418
41.4517
45.36
38.4278
43.1952
34.9916
44.2153
32.8742
35.4688
48.9461
36.0476
32.7969
42.7778
41.8589
36.1278
46.4972
34.1326
35.8729
47.3761
34.1263
41.3719
39.0486
40.0925
33.096
35.6037
37.1556
36.0081
39.3255
36.6701
37.6814
42.5683
42.0715
46.9642
45.9739
48.6323
37.8537
36.6266
35.5565
43.5718
38.7138
43.17
37.9034
44.0023
57.5105
40.2433
36.4219
34.5865
31.1002
43.0221
39.8554
45.9756
38.6465
40.7143
36.1211
35.8291
35.5006
35.7996
34.3898
39.3587
34.3656
43.0688
37.2837
36.4523
36.0803
42.0039
39.0547
37.8544
38.2133
38.8851
48.4256
34.4219
32.4798
36.1256
38.0547
48.5011
40.4793
40.1402
35.0574
36.4158
40.508
35.0647
38.2595
42.1513
39.8451
40.7406
37.2269
41.1392
43.0709
45.0662
34.8742
37.4605
38.7152
42.3782
33.3821
32.4629
35.0614
40.6476
43.0236
42.2361
39.0193
36.4302
40.3761
37.3748
36.5275
37.0525
33.8427
49.2867
36.8434
52.0479
42.2487
36.0852
36.1569
40.114
33.6475
43.6068
35.0192
34.0074
37.3305
33.802
45.2096
35.1768
46.8463
44.6228
34.5719
41.4552
31.49
35.9074
35.964
44.0709
45.0846
42.7341
42.6894
34.8885
46.2588
49.9478
40.5284
41.69
44.4066
36.1602
35.6188
35.7981
34.5563
37.1545
37.003
41.306
33.8673
36.7676
34.839
41.3423
45.2649
37.2898
41.0166
41.9156
44.748
33.5533
35.3204
39.7813
37.6704
44.6327
36.1358
38.1897
37.0858
38.195
30.35
43.9598
37.6275
40.2103
33.763
35.0497
38.2286
53.4688
48.0046
50.7554
39.9088
45.9422
40.2079
38.6613
35.7176
40.9926
37.0285
40.0371
33.7373
35.3848
43.9472
47.1374
40.4516
42.7605
46.5367
39.2364
39.9178
42.9874
42.7269
35.8458
39.874
43.0084
34.694
42.9734
47.315
39.5958
48.9051
40.9072
40.1558
54.227
52.1841
43.473
36.3868
41.1901
36.6187
44.798
32.9137
37.9187
40.4992
46.1587
36.8052
43.1599
36.6081
39.1374
41.5234
36.5969
33.2757
42.6474
38.7059
47.342
37.0672
45.216
37.3686
35.3238
37.9655
43.6029
43.46
38.9595
36.2056
34.4993
45.9907
41.8728
35.1282
35.8167
47.4534
35.9802
38.2446
34.7121
38.0773
35.4577
37.1148
33.0701
38.0344
35.0104
41.0983
37.0885
37.3894
32.8822
33.3212
47.1667
31.7698
43.9598
37.0355
35.1144
37.9614
37.5947
36.7045
32.1464
33.0512
39.5079
42.9614
43.9251
36.3712
37.1353
35.5161
38.2168
33.7727
46.3092
39.9166
44.4838
39.4595
42.1457
36.9222
39.7596
36.9817
37.5594
38.2141
38.0866
40.3354
43.2307
32.604
42.4697
35.3285
33.7319
58.2719
38.8459
36.2749
41.7637
38.0646
38.3425
41.3449
42.4406
32.8962
39.0575
39.331
35.8692
38.7857
38.2874
36.3734
33.3832
37.8599
36.0868
35.2207
41.711
31.2588
41.2158
41.0632
36.7456
37.0887
36.3346
35.5169
39.6268
36.8298
40.9097
40.7422
34.925
43.1292
37.1275
33.1687
37.3843
44.5049
45.3173
45.2667
37.2708
47.6678
48.1942
39.7553
34.8193
38.9665
38.3817
39.1684
37.1269
36.5666
34.8354
42.6697
39.9596
43.1996
45.6308
40.8995
38.8106
57.7784
54.1706
36.3035
39.8148
40.2158
39.3321
37.9292
34.8364
44.9051
37.8941
39.2214
39.0896
37.1319
35.8838
36.6819
37.1585
31.1379
40.2642
39.5595
39.4244
47.819
36.3439
37.0208
40.968
32.214
37.4239
38.6146
35.0286
40.3533
33.4561
35.8162
43.8736
42.2243
32.3938
39.4587
37.8762
35.3383
37.7355
36.375
41.1041
58.8966
38.6637
35.8057
34.5565
40.0439
34.1444
36.7138
38.4487
36.3546
36.0373
38.0596
34.1845
39.5968
35.1151
46.0724
44.9388
47.2843
42.0473
36.8793
40.7219
41.0658
38.1647
37.4324
40.2451
37.1802
33.7543
39.9739
37.0438
37.0268
42.5903
35.1218
33.3286
33.3842
33.9179
60.7989
33.4735
40.3836
32.1248
41.9789
39.8698
34.7218
36.2931
42.5122
38.5063
35.9054
32.9751
44.3548
42.2718
41.7634
36.0501
36.6676
32.9438
47.9119
36.4185
39.4043
45.5072
41.8979
39.4521
45.1223
38.4896
41.8354
35.2048
42.4972
33.9541
38.3922
40.6413
37.3537
41.0637
38.7888
41.9309
35.4096
35.9546
37.0933
37.9601
40.2686
37.0666
43.7555
40.7222
45.2599
33.0271
36.0692
38.1248
40.2718
40.5864
45.7381
32.4463
45.1494
43.6466
38.5173
43.2221
34.7494
38.842
41.4328
34.8509
41.5179
41.0592
39.359
39.5024
34.0159
40.5866
40.8722
40.1028
35.9611
44.2909
34.7803
42.5914
43.9553
44.1457
36.8662
41.4567
36.4211
39.5175
33.9223
45.2393
37.1236
54.073
34.0283
36.576
41.6617
39.6828
31.5012
44.2695
44.2771
35.4775
39.0956
34.6928
44.8926
38.3617
33.017
40.3735
33.4049
35.3926
37.8715
42.047
38.9463
41.3941
35.1198
34.8807
34.3453
39.6641
40.6164
42.2192
40.7647
41.9698
42.7276
45.1244
45.4361
34.6456
33.625
38.4194
38.8307
40.1755
38.1311
36.2511
39.4052
40.4392
47.9803
39.1268
40.2743
41.2711
44.1177
33.6522
37.1828
42.4343
38.5889
36.365
40.6607
39.5232
35.8812
39.5999
39.4567
42.2132
42.358
39.6625
35.3184
37.6195
38.2085
35.6092
41.2417
41.3893
37.1382
43.6456
36.5524
41.2547
35.6907
51.6866
44.3602
41.7809
33.4908
39.4973
42.1457
34.9705
36.8789
43.2721
58.6107
41.14
41.4903
35.463
42.005
35.5042
38.0052
38.3714
33.4512
43.3814
49.6344
44.2599
39.1198
39.6597
40.7755
39.8759
34.8269
39.796
41.4977
38.738
35.3824
42.3737
37.5429
37.7453
45.3749
36.4546
37.6791
34.7744
38.6253
43.7308
37.7296
45.7073
42.361
34.1879
42.332
45.6196
45.746
49.1314
47.2209
37.9942
40.0387
35.3021
39.4579
43.4861
40.0171
34.1101
37.8067
46.0685
41.8096
29.8099
38.1746
38.7464
39.6707
38.9702
38.2984
37.3604
35.0432
40.0771
36.0001
40.971
32.177
35.6064
37.3481
36.6538
49.429
44.6844
37.7113
35.5836
34.7822
41.5889
43.5286
32.5557
32.4277
33.7002
38.0029
34.9627
40.1886
42.3745
38.9399
44.0169
40.1465
34.7451
41.9347
39.8601
42.4616
38.7868
35.7481
38.0145
41.2803
33.5421
45.3295
39.835
36.8772
37.3179
44.9477
35.8675
39.8203
44.1955
34.6163
37.3753
49.4387
37.1827
41.4172
34.1968
46.103
44.1801
36.8374
36.0888
40.8661
38.8778
36.9987
35.2387
46.1833
48.3518
38.0669
41.15
40.6822
48.8386
41.5372
34.8017
45.1638
36.0397
34.6199
37.111
32.6311
41.4978
36.9969
41.509
34.932
41.0573
35.9834
33.5515
47.2729
36.8501
35.5339
47.6778
37.6022
35.9976
40.6034
34.7307
56.8022
35.0598
35.9038
45.2853
45.9933
44.5462
33.8671
37.2219
48.7828
38.4071
41.081
36.9465
56.4269
48.5415
37.5699
47.3991
41.7344
34.6889
37.1796
36.7465
37.2306
37.0003
36.2775
33.9962
46.0319
39.2586
41.3796
39.9986
38.2367
38.9744
33.9214
53.7361
38.936
35.6944
41.8059
42.804
34.0642
36.7829
40.0404
49.5703
30.5995
33.3708
36.6297
42.5566
43.0452
36.8297
38.6173
39.0437
44.967
34.4708
38.2275
33.6292
38.0904
42.4124
42.7491
31.5116
49.3423
38.132
37.7606
34.5479
38.7711
39.6614
37.3427
53.0242
39.241
32.7436
39.7459
42.085
38.4476
39.3392
33.4843
43.735
43.5023
49.2348
33.9414
33.8053
31.9477
40.8661
49.4162
39.5589
41.0516
40.1069
39.479
48.955
37.7463
35.6955
38.2159
32.5696
38.6397
34.9594
37.9
34.0436
34.769
35.4821
46.6458
42.399
41.558
43.4564
36.8864
35.3921
36.105
54.7365
43.7978
48.7071
36.4718
35.7666
30.3961
39.3314
40.4021
52.2252
55.4389
35.0206
48.6547
37.3433
33.4779
43.8543
45.1871
38.1469
42.4524
37.8408
39.6333
41.7919
41.8262
38.3895
32.3013
72.2527
34.2567
37.3863
35.8492
39.4086
38.7321
39.7228
45.0709
40.4303
37.2223
41.0116
44.4041
40.8091
43.7845
31.9273
37.3783
54.2615
40.9142
31.3511
41.5386
36.9172
39.8114
42.3322
45.5146
41.3483
36.428
35.8619
44.0329
40.5764
40.2823
36.6478
53.3484
46.5664
33.2954
43.7682
39.8275
41.2833
43.0874
40.5452
36.304
37.4715
36.716
46.5579
38.7709
36.5419
40.868
37.7891
40.1682
39.8906
35.2838
45.5038
35.4946
42.475
40.6049
41.7561
55.8374
35.8117
41.9136
48.6904
36.8358
34.8099
44.9451
34.8208
40.0259
38.7777
38.4609
38.259
39.9568
44.7232
41.4085
49.2705
40.1824
34.3366
52.1626
35.1514
46.1451
32.7983
48.0802
42.8058
45.2572
51.1501
38.1901
38.7598
42.0988
35.0701
42.0166
33.7123
37.3832
38.5631
32.0115
40.7882
36.5396
39.261
44.7349
41.4467
36.3004
36.9391
47.6981
38.8398
30.0059
34.141
35.2563
45.5691
34.5071
32.1584
34.6167
39.5687
42.2267
36.2997
43.428
33.1255
35.451
55.3403
34.9555
33.037
49.2442
38.7457
38.7463
48.2662
37.626
34.2628
42.734
41.125
35.3002
36.1037
32.957
37.8457
42.3064
34.7113
38.2112
39.981
43.6921
40.6846
34.8104
38.906
40.4239
35.2068
35.1753
51.3948
38.0591
42.2436
37.397
38.09
39.6333
42.5669
36.7781
39.9443
42.4697
30.3413
37.2546
35.6724
35.0261
37.3729
47.88
35.7443
39.5539
35.0503
37.6403
39.726
42.7668
45.3276
36.6241
41.2598
36.428
32.9144
41.2046
40.181
46.0027
39.6938
35.3353
40.0045
40.0458
35.2109
44.1379
43.1886
39.7258
47.0377
37.6251
34.8974
33.5455
38.2438
33.5506
37.3876
36.1237
44.3573
32.2647
42.8906
43.2119
36.4091
38.5603
32.9528
40.7155
36.7369
42.4584
51.979
41.6065
40.4449
37.8524
34.3749
42.7017
40.2957
37.3943
38.7036
45.5881
55.5172
38.4563
39.8455
36.6141
38.4417
43.3913
39.922
39.4949
33.0788
37.4292
44.8767
51.4383
41.9487
39.4344
38.6248
33.8108
35.9854
44.0563
49.4234
35.5527
37.1265
37.0011
47.3978
35.8792
41.098
42.7712
35.7566
40.3607
39.1515
39.2949
42.8815
43.7312
42.6938
40.7697
41.7834
41.8947
45.6072
44.3652
37.4221
38.4185
41.6337
38.4065
36.7648
41.6553
36.469
46.9211
39.1839
37.5552
35.6957
40.0804
37.2154
37.6554
39.5351
33.3091
42.9407
34.3808
38.971
37.3429
46.2143
39.5995
42.502
39.2782
41.9674
39.9824
40.2377
39.455
55.1497
42.1238
40.7478
33.9973
36.4128
38.7463
38.8753
40.4437
34.3981
43.9838
34.9705
37.9439
46.1738
35.6087
40.402
39.8487
45.2168
38.048
34.5393
44.8026
34.8182
34.875
37.6026
40.3012
45.6668
33.2707
36.8675
42.862
45.6397
42.7898
40.4803
35.4299
46.6738
35.4103
37.0247
42.5304
42.4295
41.6644
53.3258
32.5763
41.3059
33.3204
38.5758
40.2781
43.2156
37.9191
38.5402
48.5291
37.395
37.4953
33.4324
41.88
41.8236
54.3025
38.4932
38.5899
32.3202
35.5144
34.4842
38.6546
31.9409
45.8884
39.7913
42.2363
38.3159
44.0242
41.2795
39.6978
35.7617
39.5755
31.2804
36.5177
39.6932
44.1815
48.3338
34.8596
36.5095
51.6387
38.3903
35.59
38.0448
34.7666
35.7599
38.4915
39.0521
34.593
42.0529
40.879
45.4126
39.0893
36.6462
40.3597
38.332
50.9893
64.3266
39.9922
38.5884
33.715
45.5807
41.5499
32.9336
38.8513
37.9578
35.0435
36.1404
37.5027
33.4913
39.9491
38.2972
44.2612
42.2521
40.1962
36.1406
43.8583
36.1046
36.9472
38.4056
36.8069
43.5904
40.3139
41.7932
33.6878
38.456
38.1133
32.5626
37.5512
41.8453
37.4431
36.8728
41.4207
45.0415
44.4918
36.44
39.1885
41.5223
41.2692
42.6601
32.8753
38.5631
38.8182
44.5156
44.615
38.453
37.4465
34.003
37.2563
39.8043
35.801
44.6929
44.215
36.0386
33.0891
38.2189
33.8387
43.0361
37.7921
42.1343
42.0655
47.4839
50.9383
33.3831
37.6784
41.4938
35.5386
37.2175
56.4794
37.741
43.5305
35.7798
43.4024
36.2014
35.4604
34.8506
34.9275
33.2912
33.81
34.5264
40.9733
51.5873
44.9872
39.364
39.2115
32.2086
36.9218
32.3892
36.1414
28.5894
41.5688
28.7483
37.1897
48.3486
40.0036
31.69
39.3772
39.9451
41.4993
41.1514
37.3377
48.8719
34.3149
40.7224
40.1884
37.6617
33.9964
33.0755
36.3669
41.3883
33.2284
43.6116
48.475
36.6249
33.5268
41.0441
41.5984
35.3915
43.8002
35.9122
36.2262
40.4059
38.5293
36.9309
33.9355
41.2497
42.1443
41.369
37.8356
34.5939
31.1361
39.7365
43.4187
34.2251
41.5917
37.4709
39.0586
36.3989
41.8895
36.1502
39.1183
36.8755
48.6505
43.6318
34.6426
48.4805
36.736
35.5985
37.9135
42.1152
46.085
38.4563
37.2555
40.8974
36.8823
37.8378
32.642
35.6841
37.5331
35.9921
42.074
46.394
47.2496
40.9256
36.9354
31.2828
37.0534
31.2266
37.6668
41.266
37.3451
36.0466
38.1231
43.4618
45.3446
38.2192
50.3562
39.4933
36.8741
39.3481
33.1736
34.5822
50.5892
35.1261
45.7127
39.6312
32.876
35.58
37.3861
37.6367
38.4277
34.9868
31.1496
42.3122
44.7846
44.7688
45.19
33.5301
40.1886
36.9387
41.1249
41.5469
31.4476
35.8169
35.9017
36.1155
44.6295
42.0355
31.8982
40.6916
36.9815
41.1632
32.1648
41.2929
41.0096
34.255
42.7852
44.7268
54.7711
34.8104
43.6873
36.9028
33.9981
35.9903
39.9595
38.4133
40.556
37.1886
35.3784
47.3674
36.5797
39.6344
40.6747
37.008
44.9267
40.9757
38.189
43.849
31.8031
36.5982
34.2464
37.1606
52.8977
42.994
35.1714
38.1377
46.0682
40.7108
41.3278
45.1293
40.8241
43.3884
39.2039
52.8198
43.9325
33.9328
33.1558
43.0192
38.77
38.1224
38.684
45.7455
35.5532
40.2125
38.7561
34.8292
40.2345
42.6088
38.9648
40.7572
36.0995
36.568
38.9281
35.7865
34.7275
41.5501
36.2405
43.056
42.0929
35.3982
34.8867
48.7143
36.5306
46.1685
34.3534
33.9216
44.9391
37.8729
43.0055
40.7572
38.8356
40.9293
33.2635
39.5729
39.9042
42.9774
45.5491
38.4576
33.1989
34.7109
36.7358
36.0532
38.5605
34.4981
36.8759
45.9587
37.84
45.7385
44.0103
38.4293
39.6616
35.0097
34.7636
48.1304
37.2281
30.3849
37.1446
40.5481
35.8999
39.28
41.4606
43.6335
47.2434
41.3436
38.3907
42.069
36.8856
36.0328
32.857
37.8022
34.9588
36.8772
40.1379
45.7759
34.432
39.8672
34.6218
31.4653
32.6221
33.7812
41.1727
35.0167
36.8923
31.988
39.4442
33.3351
44.8123
35.2975
45.0977
42.1185
38.3159
38.8295
33.6541
38.9629
39.1319
39.9271
36.657
37.672
37.0464
41.792
37.5247
42.0726
38.5605
37.8578
39.1567
43.5066
35.6396
32.5585
36.0367
41.0945
38.5886
35.6618
32.7303
38.6998
37.231
45.0943
47.4327
39.5427
32.4392
42.8261
40.8851
33.1402
36.4231
40.1906
40.6179
33.8952
43.7291
46.8803
42.084
34.6683
46.3511
42.5026
34.2805
35.1865
37.2144
35.2984
43.2053
40.6866
45.9083
37.8512
39.929
51.5922
39.3919
48.633
42.7657
42.9001
38.9486
39.8007
34.5047
39.0805
48.6772
48.0737
35.7306
33.9056
42.7676
40.0567
40.2921
40.4684
45.0125
41.8909
42.3056
38.6072
35.0714
37.2692
35.0334
41.0901
41.2575
53.7302
42.0365
41.7911
30.6812
37.1052
41.259
42.7443
44.15
37.9463
43.0411
45.0234
43.4201
45.832
43.5176
33.6726
35.9576
38.679
40.6655
35.6211
36.208
35.5328
45.572
37.8452
40.745
38.3988
44.4833
36.7992
42.9629
48.6495
43.3443
38.6882
33.7835
36.2231
40.7168
37.0134
36.8501
39.8782
47.3732
43.1052
38.4577
33.5258
40.5796
39.6522
35.2075
38.3292
46.8728
35.939
38.2813
44.1343
34.2766
42.8057
40.9889
35.1401
36.7314
41.8887
40.243
44.6944
35.5159
46.0266
40.7521
33.4472
44.3784
39.7198
40.0666
33.8882
39.5489
37.5841
32.3206
36.0862
37.8913
36.5476
36.5702
42.7094
40.7005
30.3261
36.8568
38.1115
44.9986
41.2897
33.4012
33.5597
41.3135
51.3949
34.9515
35.5139
32.7599
37.7276
37.544
32.1533
34.9895
37.9014
38.807
36.705
36.152
35.2943
36.9149
40.8191
37.9775
52.6211
33.4278
42.9866
31.5288
44.6209
40.1985
49.9346
39.7301
40.2925
38.5597
35.2959
32.4464
46.3491
44.0766
40.0894
39.5046
34.5898
41.3401
33.8968
38.5175
44.6021
38.303
39.5768
40.2749
41.6142
38.917
35.3419
37.8624
43.2911
38.7244
43.9493
42.7181
35.5183
37.8612
38.2272
38.5888
37.0377
33.0593
51.9606
38.3399
38.0974
42.7364
40.3194
41.2509
34.6724
41.3081
36.4031
38.2118
35.4904
34.4645
37.3395
43.3987
46.87
47.401
37.9536
42.5973
37.2968
41.7553
34.5903
40.4828
35.5558
43.9173
54.6875
37.2673
42.5894
40.5755
37.0882
46.4995
36.0593
38.8534
38.2935
33.3882
36.3821
34.4305
38.2576
41.9242
38.4429
31.5804
38.9343
43.778
40.7633
39.9047
38.9108
36.3738
36.519
47.9105
43.6779
31.6204
39.263
41.3111
44.6268
40.7605
39.3205
58.4764
44.8483
35.8291
47.5091
35.3357
39.3613
45.8409
36.3328
34.4113
35.2669
37.5211
35.9099
38.7852
46.9922
36.2461
30.0779
42.086
33.3708
44.1883
48.9064
44.6273
46.0346
33.0227
40.1754
37.6477
40.434
35.7015
40.7336
39.5822
43.7833
37.5677
37.5807
45.2364
36.9331
33.2258
36.7519
37.7699
37.5355
38.9323
33.7643
42.2031
42.559
39.4711
37.8477
43.2657
38.0683
42.4949
33.2978
40.2639
35.9949
37.3605
47.5662
42.6525
48.6907
41.4751
39.0546
31.6165
34.5608
43.5026
38.2565
30.6118
38.8699
42.6294
39.2099
42.2463
35.207
37.7466
35.7466
45.3708
49.1316
33.6086
33.2723
43.1212
57.6519
50.3667
39.9089
40.0856
33.2075
49.7328
40.3244
41.2308
34.2196
32.1192
40.9595
34.206
39.9745
38.7716
37.3961
50.0592
37.5584
34.1459
34.9286
35.9609
35.8025
37.8333
39.2807
31.8842
37.9591
38.2959
37.2
44.2824
37.7464
42.3692
35.8296
42.8135
35.5404
41.9129
33.7949
34.4971
40.9426
45.2694
43.5205
38.9756
36.177
34.1267
31.8402
39.9623
41.0636
39.6503
44.3782
35.7215
37.8036
37.6179
33.6624
37.5669
36.1452
41.9821
35.427
34.0839
38.122
45.385
37.8377
46.5524
39.1328
36.732
34.819
44.3853
40.9363
40.5024
33.7076
32.4508
36.1302
33.2583
39.2128
33.6106
40.1136
36.1164
32.0345
38.0332
59.688
51.4325
32.4821
35.4668
40.0223
34.8299
40.031
39.7723
38.2441
44.0917
41.8127
45.4913
39.5781
34.9838
32.6637
35.5557
35.3324
37.667
36.649
35.2755
39.7838
38.9152
53.0778
36.845
38.2173
42.2272
34.2979
36.1156
40.6586
35.9937
32.0884
33.5089
54.2713
42.6866
52.3556
47.5515
34.881
38.9382
42.349
33.5255
35.3812
42.4511
42.152
51.1244
50.6827
39.132
35.5144
38.7573
32.6834
42.0778
36.8568
39.0102
43.8563
34.7579
43.3794
32.6679
41.6354
30.9061
33.0928
35.8783
50.9807
35.3739
37.611
37.5748
36.1671
34.6717
35.7641
41.3528
37.546
41.2056
36.1675
36.9364
41.5069
53.0777
35.7817
38.0402
34.6688
36.2127
38.5944
37.9534
43.4639
35.8088
31.7125
44.0878
37.1297
43.7641
36.6011
38.1655
39.3076
33.1383
37.4287
48.7976
42.0378
30.7629
40.2858
41.9753
42.5117
44.5962
36.9234
40.9558
35.2405
36.3919
41.4491
42.924
43.2649
43.6057
41.6265
38.9733
39.2672
47.7319
35.4382
44.3242
57.2976
47.8827
46.6533
39.7799
34.0869
35.3742
41.472
37.0807
37.6457
45.7464
38.2501
36.1435
43.8696
35.7923
36.3642
32.2628
37.6088
38.0214
38.3342
37.3737
35.6203
37.4974
48.2401
38.04
38.4092
40.8535
42.2184
33.4601
37.7521
37.0205
41.8721
36.6954
37.8371
53.8362
36.5382
38.8996
42.726
47.408
38.346
42.8124
40.9954
38.3494
35.9024
37.8162
51.9192
34.9841
33.0624
38.6161
48.3184
45.1765
42.4195
39.0414
53.0896
33.4236
43.1096
34.0909
40.833
36.8484
36.0488
38.7202
35.9581
37.7562
42.8308
44.0499
35.3811
37.1123
38.4446
38.6503
41.4418
38.2248
41.2449
42.6263
37.8478
44.6533
39.415
46.9499
41.3332
44.9005
41.721
37.2291
35.7411
41.4972
44.7914
43.769
37.152
34.427
37.1833
43.6739
38.1947
37.4542
34.9784
36.9853
38.6822
35.5766
35.1903
39.5489
38.007
41.0843
46.4644
38.9214
38.4174
35.4021
41.4721
44.2221
39.6892
35.2741
37.2539
41.4936
35.9224
40.5238
38.406
40.2741
33.5037
38.6978
42.1069
40.8322
42.1867
44.6177
36.168
37.0735
42.8285
33.6822
36.1646
37.7933
33.5954
37.7113
37.8449
43.2792
40.1278
40.8916
37.6974
43.2763
37.1003
39.2258
38.2944
33.8701
35.9811
39.4625
37.8084
38.1216
48.4698
39.4077
34.4855
38.4323
47.4741
38.6499
35.1263
38.7447
35.1398
36.1529
35.3224
42.9503
49.6968
46.1468
36.7872
41.6285
37.3017
36.4943
37.9684
40.3418
35.9518
37.0133
32.4994
45.0869
41.3036
42.7445
34.6634
34.3874
36.4766
39.1856
43.0321
43.6025
47.1009
33.3627
32.2359
46.5304
45.8371
34.6094
39.3694
38.8162
36.58
36.8883
36.4247
33.3324
35.2092
37.8248
33.13
42.4645
37.9336
45.4301
41.4634
47.9525
32.9519
36.3668
37.7491
45.1795
40.3177
46.0152
33.9748
34.2962
37.6952
33.6878
53.0444
37.2796
38.6803
38.1182
39.7452
42.0601
43.4089
32.6027
38.7572
35.3295
42.6747
32.9944
53.5621
41.9352
40.2457
33.8803
37.0049
63.0566
33.0335
45.4207
36.4877
31.1965
38.9362
38.4539
46.7992
47.2438
40.3158
42.5144
35.0864
39.0781
42.8414
34.725
44.4402
41.2429
35.0694
38.1541
31.4354
38.5856
33.4472
39.5875
39.2832
46.0805
35.9881
44.2099
40.3253
41.8299
42.1677
39.7752
35.8413
39.178
37.746
44.411
38.0289
46.2839
36.8999
36.7493
40.6233
35.502
35.4965
33.1463
31.8493
42.2607
40.1785
38.3478
35.3222
36.158
33.1695
34.7392
32.5662
34.8918
33.9537
48.0102
37.7498
36.1207
36.6491
43.272
33.8406
43.1225
45.7345
36.8365
36.5982
37.9016
40.2583
41.8925
35.9359
39.2009
33.9379
38.62
37.955
40.6446
39.5181
38.802
35.4035
42.4405
34.316
41.5098
35.8418
38.0479
33.1648
45.559
41.2268
43.9496
38.4128
42.2758
35.3651
39.722
37.6955
37.8514
42.96
36.077
38.2666
36.0365
35.2124
40.0933
42.4574
42.0418
33.6357
36.485
36.9975
55.0697
41.368
35.2087
38.2169
35.6345
34.824
38.3675
39.7241
36.4211
37.9189
37.4331
44.2637
44.4637
34.0281
32.5925
43.938
44.925
32.8971
44.9596
40.4798
37.2996
37.5271
37.3625
49.1297
41.7578
38.1471
41.8358
46.0672
33.43
48.743
41.9472
52.3479
40.8393
37.7184
39.716
37.3821
32.671
43.2348
43.5901
41.5116
38.697
38.8603
37.6154
34.9766
42.2833
38.123
40.5564
40.4588
37.0869
45.1599
42.1847
35.3759
36.6061
41.2044
42.639
39.9682
33.828
38.196
37.8915
44.5064
38.7613
37.4409
42.5399
47.4085
41.9282
38.0805
38.745
47.6882
42.8018
42.9606
48.8985
38.1931
44.4214
37.3768
40.2964
40.7278
43.8835
34.1848
36.8141
44.9714
45.031
48.3782
47.5834
41.5384
40.531
37.3696
41.0785
37.7344
41.3023
37.4259
35.5535
37.1797
37.5964
36.7727
45.2484
40.1264
39.7805
34.4918
51.872
42.431
35.92
37.8414
40.5647
42.6891
35.437
45.4108
41.7226
41.4738
44.5899
38.4653
39.3684
41.2357
36.0387
42.0602
39.733
32.9119
33.4298
39.2451
41.5866
57.8757
31.6533
44.1836
41.295
40.7166
38.1124
37.3171
35.9111
37.7226
39.419
36.7448
45.9178
50.4186
42.8652
36.528
36.1246
39.2585
36.5905
44.9961
39.529
35.0755
37.9847
35.5824
34.4084
35.5534
39.5085
40.4091
37.6768
43.692
37.73
49.9497
39.4651
41.6407
39.4424
41.7301
46.6485
39.6478
42.7795
36.9445
41.2913
34.3914
43.1952
37.5443
40.7924
44.0388
38.1005
39.7134
41.6813
37.0856
31.8632
35.1176
36.8257
46.5532
42.8645
40.423
33.1026
45.2582
35.9377
45.0124
39.2062
36.8064
44.1018
35.8286
35.0903
37.8487
41.1478
37.6808
32.4116
33.6612
37.1704
36.2286
39.3845
43.1124
39.1835
43.1147
35.0341
44.4003
41.8473
35.0571
45.275
43.6236
34.617
36.9859
37.2193
37.8719
37.5393
36.9476
33.7688
32.3989
40.1841
32.4549
41.3371
43.1851
44.0717
35.0476
36.9373
36.0949
42.6092
54.5981
45.5143
38.0583
34.0566
35.408
33.6294
44.8345
42.8218
39.6089
40.0822
46.3462
41.0065
31.9582
54.1862
38.5752
32.5457
44.2585
40.4404
42.3454
41.1728
38.4964
41.152
36.8615
55.1643
45.4981
44.9375
44.5179
39.4677
49.6399
42.5278
42.058
40.1934
46.6017
33.1601
39.1796
34.5291
32.6562
39.5518
33.0774
40.681
30.9641
31.9315
47.4057
39.0384
38.1455
35.589
34.174
46.7439
36.817
36.3739
50.8775
42.6781
39.2585
39.5801
32.8336
46.0094
45.8199
38.1148
36.0897
33.6481
43.2478
42.9697
44.7007
37.0953
34.5485
35.7249
34.3152
34.0242
40.0438
59.2495
37.3275
44.1361
34.9305
33.939
39.1459
35.7602
35.2232
32.707
35.5645
40.1121
37.9617
40.7039
41.5059
38.0887
42.5256
41.5726
34.6992
40.2949
42.2898
47.8067
32.4534
34.5102
41.4532
39.0606
38.6839
41.8358
46.0649
38.4223
37.9071
40.5611
41.7421
34.021
44.2202
33.9936
33.4661
41.2626
45.2976
37.5078
38.0063
41.7646
34.5679
39.9164
36.3379
34.5506
42.3172
32.8407
41.6954
46.2796
41.5016
39.3145
41.8116
38.0799
44.1055
37.8021
39.6472
38.1985
40.7557
35.4837
45.3951
38.047
38.232
43.5441
37.4881
39.8951
39.2427
51.1394
39.4556
38.4927
30.0506
36.6097
39.3262
40.8458
40.0173
43.6864
57.5798
39.4383
34.9086
38.4487
37.8091
42.3049
48.3814
34.1214
39.0058
36.915
36.9258
40.5145
37.2961
44.5276
37.2321
33.9907
44.5889
44.21
40.4798
46.5715
39.4326
42.3553
42.7456
42.979
36.7465
30.9015
41.0065
45.2302
32.8126
40.0466
33.1068
39.8999
43.2496
39.9627
43.0349
40.4276
43.2829
34.3685
37.5444
40.4857
37.5245
45.5326
47.529
44.0538
40.5518
37.1257
44.1335
34.7126
43.9193
43.1212
39.8971
39.3218
42.6058
36.4769
33.9141
35.683
38.0719
40.0467
45.2526
39.5502
33.2009
34.2034
41.332
33.1574
36.6797
41.7518
39.9105
39.9956
43.4836
38.4103
39.0432
42.5143
46.7732
35.8159
38.5392
36.7626
32.4652
35.2278
38.4539
35.8146
38.7614
40.4637
36.4683
38.8832
35.4516
37.2248
36.5952
39.4971
31.3191
38.1097
42.2664
36.7688
34.9951
35.7046
41.6115
38.9315
38.6739
35.0505
41.1133
34.6023
34.7785
37.685
34.7583
34.0901
35.0705
37.7826
33.7119
38.6465
40.1206
37.6387
35.842
41.7451
54.8267
38.4938
36.766
49.9887
41.0457
42.4985
38.5881
51.5193
41.2599
37.1329
40.8272
34.7383
36.8925
39.179
38.4572
44.0889
38.3652
36.7537
40.9514
40.617
39.0165
49.9809
37.5499
42.9539
39.8235
38.7345
42.0583
38.1997
46.9623
36.7554
37.2565
47.477
36.6095
41.6851
42.1175
45.1966
40.3703
33.2289
37.8696
38.7003
36.1542
39.6762
35.589
33.7385
35.4378
38.3955
50.6515
42.3734
33.7895
31.3823
39.8078
42.9001
35.6165
49.1462
30.6081
43.5268
42.3416
37.5434
30.4377
39.2363
32.0734
37.9973
45.0985
38.7241
36.0104
39.0175
38.3079
43.1214
34.4868
33.437
34.0163
47.2637
38.2909
37.1453
44.1949
39.7408
43.0574
34.7288
40.2329
34.6049
40.1375
38.9081
41.017
44.9437
39.5798
41.17
34.784
35.8203
35.6893
42.9036
35.5584
38.1746
38.0067
31.303
43.1424
34.8137
43.0116
37.3219
40.7161
54.1038
41.2019
54.0577
36.0971
41.2947
42.2256
32.9507
36.4176
40.937
34.9707
34.3715
40.5939
38.7694
31.0133
38.9663
42.3595
31.5321
42.3598
36.5237
34.6682
38.6148
33.5244
42.4442
42.3328
34.1112
36.2217
39.1969
40.4441
40.578
39.0499
44.4227
34.9592
36.0572
39.256
33.9375
38.7351
40.8423
41.7887
39.0701
36.3102
36.3701
37.6767
45.5591
42.0219
43.4473
42.7806
33.586
38.7452
36.5648
48.2337
39.2206
39.8206
38.1891
36.966
38.9404
40.8726
34.0408
40.3551
48.8994
39.5007
43.419
37.1628
39.6948
37.7255
41.4717
36.1207
34.5241
47.1226
39.4813
43.4369
37
36.0827
42.0967
42.5084
41.8504
46.2024
42.9495
41.7717
44.1711
40.45
37.8937
37.5747
43.9405
52.0005
36.1581
37.8261
35.3018
36.4747
41.1171
35.2677
41.5858
39.1922
42.2262
37.9482
36.8192
46.7721
43.2831
40.7082
35.9214
44.0095
33.8881
41.604
33.853
39.4417
36.9109
34.7148
36.8595
42.1147
39.747
44.0928
38.4284
39.2972
56.0012
43.0934
36.0353
41.303
33.8307
32.6167
36.4972
45.5975
33.1024
40.2621
42.5267
53.516
36.1425
40.5207
37.4553
42.7137
31.7533
35.6317
39.2852
38.469
37.8209
32.5792
40.4227
40.7238
44.8886
38.9824
39.9566
37.2028
37.408
44.0411
39.0986
34.479
33.9229
42.4505
38.28
34.1251
43.1335
32.5831
43.6405
43.1071
35.4839
38.4443
38.0182
39.8741
41.8726
37.0294
30.7853
33.4505
40.1182
40.4299
36.8215
43.1483
39.5823
42.4687
41.2852
37.5487
45.463
49.6711
32.1262
45.5899
45.7994
32.151
38.4546
38.9339
40.8173
37.5945
34.6871
39.4425
35.7139
32.3113
36.381
35.9967
39.7005
33.1918
39.0751
41.2068
36.1449
40.2267
38.2203
35.9713
45.484
45.6076
38.5813
36.5337
36.6774
41.5688
41.5819
43.3238
44.1256
38.5465
37.0635
35.5999
43.3455
37.7317
39.6393
44.2124
40.4521
48.0633
36.5915
39.6033
40.9409
31.7859
39.0819
34.6779
42.6795
33.548
38.0913
35.8086
36.611
37.5737
39.5341
37.1959
60.9099
34.643
32.8319
47.2186
41.1835
39.7434
39.4825
41.9677
51.41
42.7989
40.4974
45.2733
31.9973
36.1188
41.2124
41.6805
40.1878
41.4012
35.5841
37.0188
34.4768
32.5773
42.3926
40.384
39.2694
38.3494
40.8142
42.0516
36.3733
50.0303
35.4991
33.0126
38.2615
38.0126
48.0399
61.8966
35.1777
36.0872
42.5996
44.2164
38.6651
33.2249
35.1204
46.2549
39.6896
38.667
36.516
38.7299
46.8319
39.9349
47.9673
34.1027
39.6799
41.2281
38.8593
40.2157
41.0447
39.4612
36.6567
40.3425
44.8257
46.1268
69.5617
35.4662
40.1556
36.9032
46.4987
38.9988
36.7843
39.6575
37.5598
35.1564
38.2242
38.0947
37.0013
40.1986
36.256
34.0894
44.1597
37.4942
38.3846
40.4112
38.7088
40.4815
42.137
39.1537
39.1316
40.1364
35.6654
37.6795
32.2842
36.6886
56.0986
44.7189
44.8943
40.1594
38.5293
37.9543
43.008
36.7013
48.2489
55.6792
37.1697
42.6297
60.8458
37.147
36.5047
36.6906
36.5588
35.1362
49.2273
48.5872
39.0575
44.5488
37.9523
37.5149
39.336
45.6603
38.4274
41.5119
35.5628
36.6776
38.8465
39.4732
34.7874
31.8941
35.6813
38.6843
41.8118
35.8191
40.3574
34.8897
48.2556
43.7045
42.2098
34.7232
48.3742
39.9094
34.0425
34.8627
40.6768
36.3978
37.066
35.0634
39.1422
41.548
38.7998
45.8094
40.9981
35.8098
48.507
36.6451
40.76
36.2763
38.0981
35.4696
38.9284
39.2533
32.7151
35.7687
38.0413
38.0963
43.0592
38.7119
34.8192
37.012
34.0436
38.8273
41.1031
38.679
37.2695
41.5818
33.8068
43.0088
33.8964
35.9397
40.3343
40.3955
42.7582
37.4166
37.5836
45.289
37.0292
42.8539
34.0622
46.6062
38.2655
37.8122
47.4808
43.4048
39.3686
47.9054
43.1891
32.4237
36.5403
43.8002
35.6741
36.8907
36.4589
38.4715
45.8587
36.9959
40.7917
36.9258
44.6884
38.4238
44.1591
37.9734
40.6831
50.4419
40.8477
35.8824
35.1863
43.0374
36.0261
38.2203
42.9204
41.8227
41.3925
42.9618
37.787
34.4409
35.3501
36.9637
32.4634
40.0035
46.0697
46.6986
36.4646
39.2742
33.6685
34.1298
36.5125
44.5881
36.4322
35.414
40.4598
38.7599
36.3241
35.2439
38.2612
42.1566
39.5451
38.8407
39.0707
45.3659
43.0336
38.242
38.1448
44.3436
28.2864
40.2045
38.4708
35.5705
44.9719
33.1041
45.9185
40.4531
35.0445
41.1201
34.2854
47.3889
49.1624
36.041
45.8595
44.6884
41.6805
39.0431
35.8397
40.8342
42.6332
37.9213
37.3531
39.0894
34.9636
48.871
40.1928
44.7033
39.8611
39.924
38.3933
37.6683
40.1719
45.5243
42.6034
41.4533
44.901
38.8885
41.2259
35.2259
41.6342
33.0396
38.2739
37.4309
42.1825
37.0223
38.7211
48.9796
48.4688
43.447
45.2865
42.0658
42.1455
35.9815
35.4519
36.5237
33.0195
34.6845
43.796
38.976
39.3541
35.9973
39.4816
34.3451
43.2277
50.1183
37.4863
34.3267
36.6961
32.1529
38.3507
40.2042
35.949
35.9413
49.3196
48.4711
41.2906
39.1193
38.081
41.6184
47.6466
44.0093
38.799
35.7789
38.7828
34.806
40.6405
34.5911
32.1146
35.06
46.1978
33.0338
49.3151
37.0803
33.8562
37.0569
42.02
37.4513
46.9795
41.6324
36.8279
37.3505
44.1435
39.9658
33.663
40.9347
39.2828
35.6605
39.561
43.7556
35.9018
37.0808
38.4139
42.3391
43.657
36.9931
32.7065
33.0383
37.0492
32.2259
61.9346
36.2623
35.3346
36.5872
37.6796
44.0348
34.2654
37.5417
37.0336
45.1959
34.2714
36.514
45.9181
35.027
51.3021
39.529
37.8125
37.7637
36.5518
35.2348
41.6422
49.6003
35.7241
47.5706
40.1
38.5314
39.2606
37.5267
38.172
38.787
40.9905
43.8956
38.7343
39.6861
52.1513
46.2235
57.3634
34.8901
39.0801
43.5626
33.2092
42.3067
41.8832
39.7413
33.9831
31.3617
35.7019
39.9305
41.2206
37.8191
42.3658
35.5789
45.1899
33.2824
41.7723
32.2003
35.1321
37.1604
49.1165
34.752
39.8983
39.922
49.6027
39.1537
37.2274
34.6171
38.555
40.8246
37.2266
39.131
38.9349
40.5715
42.1993
37.2646
34.9219
43.9871
40.266
42.5475
42.3835
39.6818
45.302
41.2162
39.7384
40.1624
42.8082
38.3735
41.0708
36.019
34.9253
39.5332
36.4235
43.8717
34.4104
40.8382
38.7336
41.1067
36.6881
32.9957
37.4994
38.6643
36.7972
38.2585
37.6635
39.8426
40.5585
44.5281
37.5687
41.252
38.706
47.5997
46.876
39.1024
36.308
45.057
33.4718
38.6625
40.0326
61.1938
35.766
47.5818
37.4651
40.2746
36.1622
41.2866
48.26
40.232
45.8404
39.071
38.6376
39.2834
37.2308
49.4156
34.1607
42.9001
45.88
40.3486
39.6136
32.6606
34.6831
41.577
35.1693
42.4554
37.0205
42.184
41.2269
35.643
42.0376
36.8784
35.6756
39.6758
31.7235
35.9239
35.2232
36.7226
43.4695
33.3171
45.9048
37.0485
36.2018
41.2799
36.0392
41.605
35.8623
50.4851
39.5616
35.1704
37.8384
39.5863
38.4661
37.8765
40.0517
40.1162
32.3766
34.5107
43.0194
43.1882
41.3976
36.7453
36.8048
43.6714
38.1518
33.3922
29.7137
39.1805
45.687
38.4275
45.0377
41.6535
32.3176
39.0871
40.599
34.2471
40.7072
45.6767
40.7304
35.7735
38.7237
37.6507
49.6668
37.8609
43.6462
42.4351
35.821
34.739
42.6643
44.5024
33.1958
33.1275
48.674
44.8239
36.4797
40.3499
42.9713
35.1408
49.6076
51.9736
35.1918
37.9855
41.6388
39.6829
47.1194
40.8478
44.9195
34.7111
40.3143
41.9028
37.5364
38.5491
38.3235
34.2831
38.3073
42.2225
45.2267
41.3888
38.1062
36.7693
39.4266
39.7173
38.3131
36.0957
54.8686
50.1923
40.3529
46.1481
46.3351
38.9235
33.9589
39.1477
41.5847
37.3442
38.9113
41.0876
43.5773
34.2416
34.816
38.6739
37.2011
37.2235
38.1923
40.8833
35.9055
35.4138
37.3472
36.8995
42.5355
39.2971
53.0051
32.0226
37.9323
39.336
42.6605
43.7187
41.1783
38.5762
42.9454
40.198
38.111
27.4295
43.9837
52.1893
36.1428
45.4072
41.2555
39.3379
36.9414
34.5536
55.946
44.8467
44.5582
37.4612
37.5524
39.338
40.5944
35.4424
39.7337
50.6048
44.4418
32.6058
40.1243
38.0508
31.7036
47.004
38.5479
61.3105
43.4172
36.6044
38.6118
38.7344
38.7171
44.8084
45.0113
34.5466
38.6066
39.1888
39.0268
34.2565
45.9037
37.2289
36.9709
32.6307
29.6396
37.0204
46.9487
33.4688
38.9902
32.7907
33.8647
45.8784
38.5682
41.9606
42.3999
39.6567
38.8433
43.9274
38.0677
44.0079
34.5986
45.958
44.2043
32.7124
50.0506
34.6998
38.3374
40.6969
37.8992
37.7559
40.0444
40.0053
39.0426
40.5499
43.1616
39.6404
40.9713
44.5353
44.2373
35.9739
39.3374
40.2082
33.0506
40.7893
41.4246
38.1408
34.0615
37.2378
39.1084
46.619
37.0733
45.794
37.7082
34.8133
35.1239
41.2888
45.4202
35.8512
37.0603
38.0817
43.676
37.4337
40.3661
40.0663
50.7536
46.4536
40.1258
32.8227
37.9909
37.8093
37.2492
39.8819
39.2892
36.4566
37.6618
40.8848
35.54
37.4819
40.4607
41.0685
29.91
41.3525
51.7561
35.8999
35.8512
41.7152
40.1737
36.1066
38.446
42.9831
35.5955
40.576
40.2967
38.3093
42.0929
39.1964
45.4597
34.8997
43.6792
41.9265
44.8288
38.9993
38.1857
37.7323
33.383
38.6429
39.3059
34.1738
45.3306
38.7476
35.2071
44.4903
38.3238
41.0593
40.7998
42.0613
33.6276
46.0249
33.2258
38.9596
41.9807
43.7439
36.8826
40.608
38.154
35.5381
38.161
38.8893
33.7127
40.3363
34.7622
35.3652
40.0012
38.6013
41.1882
36.4921
34.5497
34.077
43.7277
43.456
40.1042
40.6789
42.6293
33.5907
42.7674
40.9498
47.2697
35.0208
37.3736
49.8241
36.3222
38.5689
35.9604
33.4218
40.1397
34.1302
40.5935
34.4665
37.4533
45.0689
34.4483
43.7393
43.3415
42.8553
36.0064
54.5886
40.4492
44.5615
34.2002
43.3687
49.2759
38.8138
42.6626
40.4776
40.1617
36.7539
48.5775
36.9674
41.1366
35.1169
55.6815
34.3215
36.6942
43.2112
35.1374
41.0906
37.5029
38.2438
39.0105
42.9469
35.1795
43.8305
41.855
39.3827
41.3365
37.9776
37.4594
39.5398
48.5586
42.0537
53.1968
38.2407
36.9867
35.3303
40.969
42.6965
35.3446
37.5929
39.7802
36.1325
35.3495
37.1713
36.5438
38.3011
43.9922
33.3909
35.5056
40.3036
35.8929
34.529
46.1338
37.0229
54.5288
34.1963
44.2515
34.6911
39.1405
34.7491
41.703
40.334
38.707
38.1295
40.9662
40.2343
37.9631
37.1335
38.8808
39.0851
35.1108
37.3134
35.6024
43.0353
30.7815
44.8106
38.6515
36.5834
38.7844
36.789
33.8519
39.6179
39.0803
48.5655
43.7611
34.9391
37.5668
41.4674
38.6143
40.9868
36.5169
39.6122
45.9476
34.8849
41.819
46.2562
39.9801
47.8491
39.2454
37.0667
36.7526
33.1678
34.5455
38.5589
60.8172
38.6182
38.6416
36.6408
36.6285
47.7633
33.8068
36.2083
36.695
43.6093
39.4471
35.3575
57.4417
38.8583
45.6578
41.9953
38.9916
32.366
40.9387
34.3588
42.2611
35.7767
37.6267
39.8704
49.2259
49.4375
41.8186
37.1468
37.4126
41.5181
42.1493
40.2351
42.636
34.0194
40.5325
48.4194
38.4267
42.8614
43.5453
53.9408
34.5122
40.2413
32.4422
40.1323
37.42
34.3054
40.5663
39.1574
38.1107
38.2411
44.1719
41.1394
49.8414
47.395
34.215
46.5072
39.2498
33.7515
30.1701
40.2106
36.185
35.8348
39.9293