44.9094
38.0584
36.1076
43.7236
41.2911
41.876
39.3088
45.2235
36.9096
35.5052
41.5472
40.4319
44.0533
36.6134
38.1648
37.1227
40.3346
37.2822
36.7196
41.45
40.7625
31.6157
38.0809
42.2924
50.2424
38.8126
36.948
42.9683
40.3384
39.3662
38.1559
36.433
42.7465
40.2266
38.0783
44.2246
39.6191
46.3107
37.753
47.7898
42.3922
35.4288
40.0265
40.1559
41.6937
46.1831
39.7501
41.5283
39.9444
35.1599
33.232
44.3748
39.589
51.5967
44.4
42.7707
40.6321
35.972
43.942
33.6635
38.025
33.7185
40.2837
37.3339
37.4876
44.4842
41.008
46.6164
39.6202
41.0119
31.7486
39.3564
37.5493
40.8897
35.3726
40.8813
35.207
41.7443
47.3536
38.2066
38.6562
37.1555
52.3103
38.4939
36.875
40.251
48.0192
39.1208
31.8766
44.2439
36.7029
39.5988
34.7156
37.7823
38.3489
44.434
39.4203
38.3789
41.2873
33.1781
41.9543
43.2998
38.0535
34.6033
36.5506
43.9016
39.6379
41.3659
37.8507
36.2611
41.7404
30.6364
35.1737
38.6845
37.8715
35.9989
32.0525
47.9786
39.3653
49.0604
42.4407
37.1737
43.6296
35.9369
43.4451
39.757
36.9504
35.688
38.0338
32.6329
33.6602
37.9829
36.4946
36.356
41.2867
38.2338
37.2086
40.5616
40.471
38.1742
35.5734
35.5397
38.6769
33.6111
34.8424
53.4057
40.6833
45.8669
34.1674
39.1295
43.9042
41.8028
42.1756
44.2408
32.3662
43.2267
38.002
33.1647
34.6925
38.0097
35.7627
39.4466
42.5786
35.716
40.3877
44.722
37.0289
33.4299
50.8939
38.2855
46.9487
34.6341
43.8625
40.9615
42.0463
36.6029
39.0106
41.8889
36.2876
35.5558
44.3767
35.767
35.3946
41.9377
35.4453
34.9672
34.3657
34.3949
38.8911
45.096
42.4972
35.4862
32.0865
37.0027
47.4677
47.6974
38.7737
30.5867
36.8156
35.8957
36.5258
35.9082
40.1026
40.6855
34.9586
36.9748
37.1468
37.8221
43.8893
37.5204
47.807
51.2947
33.8725
42.1593
39.9251
44.9765
41.2942
38.5455
35.997
33.4948
35.6968
34.0261
37.734
35.3761
41.1101
35.4115
40.1051
32.773
37.1792
50.8549
37.3919
41.6482
39.6153
35.5719
45.6828
39.8468
42.1695
47.9653
43.5476
35.2048
38.8153
34.2262
36.8906
33.443
36.9626
39.3963
40.3501
34.8733
28.3369
31.5594
39.9374
37.4426
36.8325
41.929
41.369
38.4867
39.0578
36.2954
43.0873
51.5805
51.6192
51.9901
41.2981
37.6464
37.4538
38.5031
45.299
35.3585
42.6485
41.8523
37.5255
35.9691
39.2295
36.0548
36.9575
35.5867
38.7438
34.0981
46.6279
41.3877
41.2956
41.0686
36.5421
43.3668
48.5936
42.1163
45.343
31.4363
43.4786
36.1996
39.0426
36.1722
34.5348
38.4201
40.7119
36.1653
32.4865
37.3945
36.0087
36.3022
41.1269
42.1939
37.6654
37.4681
41.3658
39.4044
38.3986
42.7103
37.9779
36.8262
34.859
38.4692
40.2611
38.3679
51.4743
37.6665
35.2785
33.7874
35.1575
43.6431
38.4568
35.2443
42.0696
39.5004
37.6422
38.9586
48.6107
43.413
38.8279
37.6185
49.4003
41.585
43.0211
46.6244
40.6438
38.0063
36.3389
38.7206
31.7575
34.8718
39.7598
32.1085
42.1246
40.0159
44.3679
45.3039
49.3428
42.7148
39.2838
35.4018
40.2229
37.3511
36.5392
33.5826
41.6607
38.3074
33.1799
40.3472
36.3943
38.8746
36.4026
40.4277
38.2856
43.2904
37.0352
35.1645
39.0348
37.9359
40.7486
35.0896
36.0662
43.9833
35.0318
44.0788
40.5152
40.5725
35.8883
35.0403
36.618
39.6507
39.3736
33.5625
35.6993
35.1576
35.9101
34.6149
39.8844
36.3295
40.7672
36.7869
35.7972
43.0782
35.4059
36.7892
34.8957
33.6305
39.9543
42.1415
37.5727
40.1506
44.5546
39.9054
37.0267
39.3044
37.1139
35.1806
36.998
33.2399
36.3935
40.9938
40.562
36.1076
36.0775
33.556
40.502
35.7232
35.688
34.7655
42.262
46.664
37.6631
34.8623
40.5691
40.7178
34.7344
29.7461
37.8145
38.4105
39.9278
41.7506
39.4072
41.8353
33.293
35.244
33.2214
42.0653
38.1726
37.8941
39.4531
49.0974
38.4936
44.5682
34.9134
30.7878
36.8526
36.6165
42.3148
39.2355
41.9395
34.7688
33.5899
41.3716
38.9438
50.023
33.9689
34.8616
41.4098
36.1338
36.3783
37.0603
41.9114
47.1048
32.6178
40.366
34.7008
44.9294
39.9089
40.0589
35.7032
38.4046
37.9345
41.9586
34.514
45.2343
34.9555
32.2845
40.2093
34.8557
37.9032
38.9208
39.5648
47.691
43.8563
46.9467
40.3229
36.9077
35.1978
46.0022
39.595
30.5057
33.518
34.3788
40.0566
37.4361
39.4584
40.7481
47.3049
36.344
40.5946
34.0556
39.6623
46.3169
31.5956
39.4877
42.5154
38.8857
40.9817
43.6102
35.9698
47.7439
41.4959
46.5286
49.0779
34.8222
44.1826
32.1952
35.3254
40.5868
43.9926
39.1563
36.0881
51.173
37.5084
39.5102
40.0291
45.8654
32.8868
44.1411
40.0433
40.9101
35.8182
39.6425
42.877
44.9164
42.2224
39.1516
35.2223
46.3007
35.0996
33.4563
41.4342
36.9739
37.1514
38.9922
36.4155
36.8672
36.0864
38.6397
37.785
40.3871
40.3132
37.4101
45.3797
33.8666
33.1369
52.0622
37.4166
44.6241
37.5262
39.6887
33.5665
38.7284
42.283
43.9406
40.6502
42.9269
38.6829
42.91
32.5256
35.8679
33.3216
34.1567
36.8979
32.1618
42.6054
41.2317
55.9877
36.6967
41.5884
50.0203
45.1618
36.4171
47.5509
36.3829
36.2011
57.0535
34.8246
36.2873
36.2913
51.0915
32.3813
35.3441
51.9748
34.9782
32.5986
37.4638
35.715
36.3541
36.6439
38.7024
34.3735
42.9324
55.3014
47.0994
38.2215
42.0983
32.8189
41.7791
38.6077
37.5453
44.9008
45.6845
39.0096
40.4816
44.6084
37.8028
42.0111
35.2056
40.797
34.9302
40.8521
39.8573
37.5283
37.5873
40.214
45.2754
35.1676
34.1593
38.159
41.4799
36.3756
44.9587
38.9858
34.6963
61.4006
46.8265
40.9563
42.2069
36.0895
36.0343
36.1079
34.7061
44.4415
41.7758
33.9744
36.0974
47.2367
44.3078
42.8969
40.1431
35.549
41.8694
36.1787
40.4832
38.0797
42.1777
36.7658
37.8777
40.8949
31.6527
46.4521
39.0288
43.7001
42.2666
48.9882
39.9324
37.1504
34.7514
36.8707
39.9876
39.2181
56.0715
37.1887
36.0028
41.5037
37.0758
43.1552
34.159
38.2318
39.3654
44.3005
39.36
34.1353
35.3999
39.2751
37.8224
38.887
31.2566
39.8224
38.3485
36.8255
39.4031
35.1793
38.289
30.1715
47.2438
37.8911
36.0627
39.1478
44.5616
39.237
46.6565
34.6679
41.1729
40.751
47.1187
48.6987
36.4684
34.4426
34.3102
39.2338
34.3446
36.2266
42.4563
40.9442
52.9245
41.1289
46.6831
35.7874
44.1608
37.3982
44.6571
41.2555
37.5775
37.5426
38.4955
34.5283
40.6813
35.332
41.6546
39.0797
39.4013
48.2953
39.8928
38.1021
31.9709
41.1647
34.9731
37.8295
34.4552
41.9671
37.8363
36.6123
41.193
40.6081
37.159
45.6323
33.6843
39.8246
31.6607
37.9822
40.4721
37.834
38.7852
42.1432
36.2512
36.5701
34.4258
43.0371
39.2338
36.9184
43.5089
32.2761
34.0228
35.3052
34.4153
42.0777
43.9934
32.9019
45.4133
33.805
50.1061
30.9858
35.7815
35.0725
34.1851
38.3426
36.561
42.7093
44.0545
40.1246
45.8021
36.6129
49.1746
38.7468
38.5741
45.6487
42.2466
40.5338
36.7736
35.2278
36.1688
36.9853
37.329
50.9975
47.0638
40.2681
43.6375
37.2252
37.2774
37.9074
38.6296
35.4302
40.069
36.305
42.5339
39.2053
38.0276
33.3391
44.9037
33.4977
40.6682
35.3774
41.077
32.6042
41.7718
43.5459
45.9461
33.7223
34.5987
37.4646
42.4926
36.051
41.1358
42.7547
41.3675
34.3277
44.2165
31.8622
37.5482
30.9688
32.3444
33.8257
32.7274
42.4215
39.7115
34.8779
42.7434
43.8052
49.1909
35.4722
40.9562
32.16
38.0532
38.3841
42.7638
39.8747
31.3854
37.4406
33.1397
40.2835
38.0127
39.2051
36.6918
43.8372
40.0236
40.4129
37.8152
41.9203
38.4009
41.8243
37.5397
41.2591
35.9082
36.3955
47.0364
43.2923
41.4141
41.1153
33.0314
33.7318
30.8605
39.4597
37.7279
38.0195
39.9353
43.8359
32.0293
36.3267
44.5117
38.6894
35.6162
38.3683
42.3013
46.6417
37.538
44.8019
56.0446
42.5465
46.5917
35.9806
35.0211
39.3428
47.0881
35.6623
47.2348
36.4989
37.8502
41.4625
37.3875
34.309
34.847
40.7759
39.3406
37.7351
38.8656
43.6739
40.5731
43.985
36.3521
58.8786
38.2099
36.609
41.0026
39.763
35.6839
38.4973
36.1909
38.2135
37.5976
41.8128
35.722
37.1536
35.1938
42.9023
50.1748
44.4596
34.0177
40.0443
33.8059
42.6031
37.1125
34.7807
46.8947
43.0877
43.2279
52.9237
37.7667
36.802
40.9914
40.3351
36.3185
34.3981
37.7343
40.3562
42.2123
33.6276
33.4528
37.5197
38.6848
42.451
41.6564
37.9319
36.5663
50.4141
40.4411
33.3287
34.3488
37.2187
36.6852
40.1215
43.0837
33.951
44.9956
32.9886
43.6904
39.0271
40.9093
44.0732
34.0226
37.0705
45.0556
45.6588
37.0709
43.2855
31.921
43.2619
43.1642
38.7762
48.7519
43.391
40.4898
36.0418
54.5908
34.3491
37.297
37.7824
35.8464
34.3898
37.7118
48.1873
42.2584
31.3041
36.5304
36.1094
40.3379
32.4635
32.4971
39.2228
38.0982
38.1695
34.2336
33.9624
39.5947
41.4429
46.759
36.3128
33.5721
50.2659
33.2482
36.9307
42.9578
37.9939
31.3042
32.0517
35.9933
45.3544
41.208
38.7903
31.8398
34.8786
33.7317
41.6364
42.7003
36.7696
33.7362
33.1779
40.5792
30.8657
38.1824
43.4197
46.0561
36.0996
37.8416
32.7723
31.0361
32.8028
38.9184
48.3387
36.7865
37.2142
39.2093
35.1929
40.0188
45.6188
42.0918
37.627
38.1298
48.6333
41.2689
37.9895
43.1278
39.9342
33.2655
42.0598
40.4978
36.7505
48.1078
47.4122
42.4511
43.5152
38.428
36.5361
42.6243
37.8381
34.6004
38.2406
39.2885
37.3739
45.5878
49.2356
40.2065
37.7966
41.5963
54.6905
32.6361
40.6279
43.1133
43.2244
35.9001
41.8646
43.7394
40.0555
41.1786
35.6669
41.9792
47.5556
55.3132
40.9496
44.4784
46.8963
37.8765
34.9013
36.4985
38.141
43.0419
35.9503
39.787
38.9426
40.1848
41.851
35.2261
37.9651
35.1058
39.3384
42.7086
38.9057
38.1132
37.3797
38.7147
38.2987
48.1032
37.773
37.7073
37.1429
33.7659
40.0798
35.9842
40.6422
38.6631
37.2201
40.5669
39.2139
35.4556
46.7166
35.7544
35.2789
39.1194
41.8805
39.4208
51.5384
43.1282
34.1945
37.0478
35.2903
46.0109
42.4831
35.4509
50.6714
39.4177
38.1029
34.9539
34.2302
46.3532
35.2233
37.714
44.0136
40.2519
41.9745
39.907
34.9155
39.933
34.4712
43.7328
37.8611
44.1556
40.2837
38.3832
63.1926
34.4848
62.3325
42.6317
36.5721
43.9184
31.1467
46.0657
36.1021
47.5435
38.7565
38.2657
42.0438
56.2353
45.7409
37.2391
38.8116
42.8178
38.6344
33.4626
53.7443
37.3305
31.2547
47.2457
49.6621
44.2364
36.4512
36.2929
36.1879
37.6299
39.6775
35.6849
37.2287
46.3106
36.7745
42.0646
34.3735
52.974
46.7452
33.0746
36.0418
36.6258
44.0851
42.7977
46.9071
33.837
34.5684
41.6458
32.27
42.1796
34.378
35.35
33.971
53.2573
38.5425
40.5981
41.2285
34.3184
38.9122
38.2678
40.9511
39.2037
45.6563
41.4171
39.708
49.0156
36.2101
38.6567
39.5553
44.4925
38.5813
35.6239
42.3558
35.3904
40.2144
38.0719
47.6324
36.2621
33.8324
39.9626
35.5096
34.9507
40.4273
36.8588
37.2968
39.4093
31.4555
35.8414
43.9713
53.3411
39.0617
33.5925
34.5054
32.1116
30.1698
41.684
44.6915
46.7686
36.5295
40.5926
49.4757
44.5504
37.8304
38.2412
34.6973
42.5353
36.2806
40.7621
38.8397
36.3074
36.5122
39.0788
40.0032
36.7743
33.1491
46.6017
37.5092
31.6356
36.3815
34.1537
35.856
41.1674
42.8728
49.2953
39.0066
33.0495
36.2268
38.4666
39.2105
40.1516
39.2476
46.8251
42.8507
35.6141
38.2518
36.0033
40.8037
59.6987
36.991
36.6154
40.3784
39.3474
45.8338
34.3192
41.4453
41.361
45.9148
36.8593
46.4821
42.1989
37.3943
36.2126
43.7709
43.3508
41.0428
40.1864
37.952
41.4396
37.4034
40.8424
42.1499
40.1846
54.0233
39.2151
35.4823
32.2017
45.1296
41.1738
37.6547
41.4591
40.8663
38.5219
35.9987
37.0509
42.3654
49.3957
42.1824
35.096
42.0974
53.809
36.9586
31.8804
49.1906
37.7175
43.9693
39.7278
44.0312
43.0033
32.5294
38.7172
31.9847
45.054
35.7259
39.2548
40.4121
43.3139
40.1696
41.3267
39.5717
34.4829
37.3807
31.2278
33.7779
41.5308
60.1962
34.9546
37.0605
35.6989
48.052
40.5666
45.6034
33.1573
36.1932
36.2635
32.1055
36.6401
39.9552
37.9907
36.9602
43.8971
29.0798
51.1102
48.2885
41.8875
42.8717
38.3786
38.9878
44.7639
35.001
38.1757
35.1233
43.9182
43.0433
39.6654
46.7024
47.5634
39.7889
36.6863
35.3793
44.9557
39.5317
44.8757
33.8764
38.401
34.5975
38.116
43.8165
42.3933
42.611
36.9849
41.6065
40.543
32.8812
43.3658
39.8313
41.4461
38.4496
36.7457
35.9113
34.7287
47.3014
37.4098
42.6612
39.1011
35.8218
33.9743
41.0025
38.4606
38.4228
51.5898
44.0426
40.9791
38.2925
38.7472
51.0205
48.0073
40.5821
42.1113
38.0347
44.501
38.5044
39.7944
36.3694
41.7964
32.7999
35.9233
36.3779
42.2864
43.2076
42.4957
35.5333
38.5658
37.8621
38.9604
35.831
38.1208
44.1859
34.8807
42.0156
38.3107
39.4093
38.5445
34.85
40.1934
34.3776
36.8898
36.3117
41.7873
39.495
36.9696
46.6114
42.9271
47.8145
35.5582
39.0695
39.0962
37.7451
37.3439
43.3516
44.8645
34.9977
36.6966
32.7026
36.3315
49.5426
34.9941
37.8738
29.897
48.3254
40.3686
31.6201
34.2342
39.2762
44.4298
46.5449
41.5796
43.1185
35.4563
37.8206
39.8709
36.6997
31.2597
34.2614
40.5332
41.5523
38.1167
38.4435
41.6992
44.6881
39.1417
33.1054
38.885
41.926
39.4401
36.2013
43.0232
34.0638
38.6891
36.3247
34.5716
37.7315
44.6504
46.3878
38.2115
37.8421
33.8412
41.2276
40.3458
56.1842
44.7161
36.1406
39.1643
36.7673
42.4414
46.4107
46.3074
41.9654
37.236
39.2211
32.9894
40.6551
35.0451
43.7985
40.3317
34.0647
52.1371
36.3089
41.3231
36.063
37.6427
34.4152
35.3111
43.7889
36.3616
36.8734
42.3138
41.535
47.8964
42.8486
38.4778
40.4865
45.9248
39.4029
60.7306
40.0081
40.3856
43.6108
33.4978
36.0164
44.7615
40.8114
47.4537
41.8096
56.0802
57.2516
34.9217
39.6578
41.3061
34.993
40.8201
33.8276
53.8441
40.6415
33.6876
36.5141
39.8951
41.0434
36.2155
42.6672
40.6278
40.3077
42.3709
44.6507
38.1922
35.8846
41.7019
37.9631
37.6067
39.2555
34.8016
40.164
52.6638
38.3624
43.3738
55.774
39.2137
42.3079
39.567
42.332
31.1337
31.4506
39.9136
39.9577
40.0931
39.4995
35.3799
42.6353
50.9441
34.1422
45.3975
36.5619
33.1043
35.702
41.2461
37.8781
36.3651
31.8894
30.6555
30.9688
39.1589
40.7161
35.1538
52.0236
38.1596
44.6927
44.0367
43.032
36.7764
37.9933
38.3158
38.5973
45.2664
32.6562
35.7914
41.5424
37.5057
40.6936
47.0972
40.9302
29.5061
36.579
38.2023
35.9302
44.2094
45.4197
33.574
40.9538
35.3289
36.2443
41.2451
35.1421
33.7842
35.5825
37.5713
34.4185
39.8813
58.4061
37.4601
37.7019
40.5268
38.3103
47.4023
33.8975
44.6026
38.592
47.444
38.4369
38.3726
34.1309
36.2795
34.6451
31.5232
32.8393
45.9084
34.7136
42.6351
43.3605
38.0981
43.2913
46.5719
47.1387
43.9836
41.0122
40.1751
44.1669
41.7425
38.6738
45.194
38.4078
40.9559
40.0488
35.1015
38.185
43.8671
39.6618
42.6858
36.8563
38.0687
37.8883
33.7293
46.8292
48.0506
34.181
36.3373
35.1334
39.4638
39.8754
36.1126
43.4471
38.1677
39.9038
39.2789
36.3616
32.8753
34.9034
38.208
38.1214
34.2018
36.943
36.1218
38.8999
32.7071
33.1395
39.9961
42.9733
35.7237
47.2589
42.3483
52.0936
41.617
40.307
47.698
41.9582
34.0853
31.229
43.6926
43.0769
40.8515
40.9813
37.2458
35.3287
38.0405
34.5708
35.3112
35.8751
36.5804
37.2303
37.5263
34.4411
38.5855
34.5067
39.8068
39.7807
39.2362
40.6446
35.6587
34.3556
39.5777
38.1103
36.8371
34.2264
45.0606
34.5108
40.8718
36.3169
38.3072
46.634
33.7602
38.1223
37.9271
48.0889
42.5198
39.8522
38.3134
36.923
40.5003
31.6402
36.9997
40.1038
36.8532
32.7916
38.5116
39.9079
51.2957
32.6387
42.1346
30.2126
41.6026
42.0187
42.8239
34.2783
38.8676
36.1237
38.941
33.5608
29.9876
36.3033
30.3876
36.5191
41.8046
44.3636
40.4927
35.5189
34.119
35.029
44.3396
46.2938
42.906
35.2135
33.891
33.7553
38.0485
40.3116
39.4707
43.0637
38.0598
48.1306
41.6581
38.9199
32.1379
41.4721
43.5607
42.9578
30.6484
39.6932
45.1375
34.5699
39.0044
38.5894
34.0379
46.0378
34.8141
34.6093
33.5282
39.5911
35.4661
38.5986
34.9813
32.4804
34.1904
36.5447
43.8024
41.4363
43.8664
37.9602
35.6763
30.5448
35.0318
34.95
40.2344
36.8586
36.2261
39.1971
43.68
39.2502
36.8044
38.2137
43.9059
37.6249
34.866
36.1108
31.4147
42.8607
43.3554
30.5103
40.7563
40.3711
40.8749
33.258
42.6687
35.9478
36.1652
39.0878
38.3588
42.7284
43.5991
45.1387
35.208
39.1129
42.5129
34.7668
41.1097
45.0375
43.1819
41.8556
38.321
42.4056
38.6721
40.7587
51.5686
34.4892
41.179
45.3532
43.5794
42.7887
37.598
32.7783
35.6026
29.6901
33.1641
38.7722
38.5488
33.0778
36.2889
44.3275
38.3486
38.7344
40.6808
34.1738
37.6337
47.1197
31.7554
34.9328
32.8253
32.5992
44.9207
41.206
38.7748
45.6999
30.8488
39.3056
34.3898
35.2573
41.4612
40.5943
42.465
30.8472
49.0348
40.2148
44.0435
44.4269
43.5152
43.9546
42.5751
38.1102
39.6562
48.6702
45.7017
37.7702
38.3475
32.154
36.822
32.8245
44.6534
35.718
33.315
36.0657
41.3473
40.8859
33.7894
37.0597
40.7752
42.1561
40.0124
35.0719
30.3762
42.2553
39.7156
34.8674
44.2978
34.1783
34.4207
41.6963
36.431
44.6669
35.4133
42.8056
40.8033
37.3821
43.4065
39.379
32.9247
36.7866
33.9115
38.8889
38.0246
38.7827
34.3074
38.425
48.0563
41.2722
40.2588
47.631
43.012
37.3311
48.3085
39.9725
34.2776
33.343
40.0272
40.3882
48.1766
38.4906
41.9286
39.6422
37.4724
40.4123
31.9408
35.2645
37.0696
30.8136
34.8775
40.0123
33.1021
36.1409
40.4366
48.2923
47.4581
48.2973
38.9955
35.9446
50.1193
45.2086
34.9704
37.13
38.0961
37.305
34.9233
33.8472
46.3294
30.7542
47.0145
39.4819
57.3291
37.0288
50.847
39.4239
35.1889
34.1146
38.9274
41.7323
43.2939
38.5191
44.4561
30.7147
41.6761
57.229
35.4973
40.6037
40.5167
43.0675
41.2949
43.311
39.0344
39.8629
36.9136
38.586
46.4597
39.041
34.3149
35.9775
36.6168
37.9713
49.4209
41.0993
43.7642
43.184
37.2579
39.9281
30.7169
42.1831
35.6911
33.5476
37.1028
36.4849
36.6539
41.6049
44.3218
44.874
44.2869
40.1354
35.7366
40.9775
43.8729
32.6535
35.8295
42.2296
38.7622
37.7483
41.3899
39.7969
43.266
34.4073
43.7193
44.1518
30.9313
30.953
35.0702
39.3507
47.7838
36.025
44.2691
43.9556
33.9252
42.9259
43.7459
34.876
39.6841
35.185
35.1983
32.9329
44.7886
33.6511
37.1742
34.9868
35.1793
37.0081
31.9717
47.2442
36.5305
38.1896
34.7511
39.3708
38.4934
36.0472
47.9142
38.665
29.5277
44.1668
38.0146
37.5677
39.3956
44.0972
39.9017
41.6187
37.1263
40.8176
33.3879
38.4014
47.5077
33.9171
43.7298
34.8876
37.3044
41.4265
33.4244
58.1057
42.8215
39.958
39.6554
41.1917
43.6239
40.3855
39.2385
45.1016
53.1574
36.1297
39.1099
36.4525
43.679
35.5164
41.3814
38.4335
39.5086
45.0422
49.0674
49.1068
39.4661
42.413
41.3974
43.0988
38.8126
47.4436
40.7426
38.8923
38.8653
51.4727
40.5706
39.3484
34.7418
34.5274
41.3363
38.48
43.7212
47.0802
36.7609
35.432
34.6516
39.2919
36.5584
38.113
36.0377
34.1421
39.6186
34.401
34.4585
39.4521
35.6594
41.7838
54.4297
34.2756
43.4588
39.8672
44.9733
35.9611
35.8644
37.8858
44.5801
35.1847
31.9967
41.0297
39.1782
41.7844
43.0715
45.6619
39.1197
42.586
35.357
36.5632
41.1593
37.1156
44.2681
37.9732
37.6968
34.6568
37.8547
49.2473
34.966
38.283
42.8635
31.5603
30.0407
45.5373
37.2881
44.1663
35.9938
38.3687
38.5843
35.9295
37.5616
33.4822
40.6343
33.4874
38.8079
34.5017
41.7539
43.8254
45.269
34.4972
34.2406
35.6664
54.092
33.2346
45.8342
51.3696
34.5809
28.9276
40.8185
36.1075
61.4686
39.9034
36.5828
41.5412
39.1668
34.3386
35.2648
37.8488
33.6941
38.9885
36.8241
44.4185
38.944
37.978
37.1834
41.2694
40.7908
39.2749
36.1718
46.0648
38.1717
40.7541
43.4986
37.1853
38.5688
40.8493
45.5785
32.3139
35.8895
40.8166
44.1412
41.7591
41.2256
33.4275
47.45
41.7296
35.78
37.1917
39.3161
41.0085
40.1816
37.9001
38.3043
33.9084
35.868
35.2208
38.5961
39.8387
44.5924
46.8494
36.5967
49.7383
43.589
41.9123
38.7287
46.5577
35.3577
44.1124
46.2554
45.6691
37.6045
37.3067
39.1166
41.1215
38.5409
33.4658
33.8922
40.8405
32.1855
34.9631
35.5713
41.5137
37.5263
33.6279
36.6104
30.4532
40.5004
40.0997
37.2583
33.7904
37.1273
38.672
37.7423
34.7542
37.557
51.388
34.1972
34.4676
30.262
40.033
44.253
44.9998
43.763
32.233
40.9888
37.7298
41.0726
38.6679
36.0856
33.8612
35.9298
44.3851
36.8655
38.9508
46.6339
38.5087
37.2271
41.0207
40.9807
41.0075
33.1929
34.5471
37.5298
35.0376
38.6459
40.3946
42.2996
36.8341
38.7261
34.2242
41.0115
40.5512
37.534
31.6736
35.4758
40.1591
46.806
37.78
35.7608
41.4741
34.9192
41.3388
32.1297
37.634
40.5983
41.3988
36.9422
41.5807
39.1625
48.2291
34.1078
39.4601
39.9344
40.1534
41.0956
32.8491
32.7757
40.8283
40.4401
38.0937
40.5311
35.2322
32.7261
35.8748
33.4996
46.2749
43.4311
39.4954
39.9496
41.3103
43.0797
33.2865
40.5982
40.0431
44.1108
31.6161
36.4869
38.0822
42.3043
37.1795
46.3268
37.9166
39.6649
37.9373
53.4523
40.489
41.5843
38.0768
35.9137
39.9185
42.1927
40.0706
37.7573
38.3071
41.3824
38.5177
33.937
40.012
36.9535
38.8805
42.4376
35.7747
41.5795
35.6447
35.1426
45.1539
39.1308
36.3472
42.84
41.8009
34.6352
33.0293
42.9765
54.9919
35.6095
46.6201
41.6737
37.4128
39.3212
45.5263
47.02
45.5462
39.3902
40.169
40.2496
37.7875
44.0237
36.2855
38.7438
38.0716
42.4845
48.2063
36.9631
42.5454
38.2821
36.8553
35.0402
40.8301
42.1478
35.1249
32.754
36.72
46.62
37.3302
34.7651
35.3799
44.1327
40.4065
37.9645
39.7587
35.9553
32.0335
46.0839
33.0348
37.6662
40.1597
39.2816
32.7211
42.3152
40.4306
39.7758
40.3476
43.116
43.7953
37.8182
42.8298
37.6979
43.8038
39.3389
35.0257
45.116
36.8506
46.3159
37.2263
36.6033
57.5758
44.2101
36.2127
35.3493
36.6553
40.2137
37.526
37.0435
42.4144
39.1469
40.5464
40.1042
39.9454
41.4649
38.2814
32.5873
39.7297
41.8587
34.2705
35.6331
52.6196
52.2671
43.0387
39.5466
45.7342
38.2084
27.7656
35.3545
38.5608
40.5978
30.8152
32.0745
42.5501
36.6809
42.9125
43.2685
37.1746
40.673
42.8961
47.5492
38.7316
34.9177
33.1982
32.8655
36.0637
37.3796
40.4883
42.7891
36.7821
46.3056
37.6592
42.9768
39.6705
39.4794
31.057
36.1631
42.6235
32.9815
40.2494
37.2556
48.2534
43.1132
40.984
52.5033
29.2763
33.5371
35.7383
32.2203
43.3336
42.8072
41.0603
31.5757
45.4436
47.5301
38.8983
35.0335
52.7813
42.9011
36.7234
38.1568
41.576
44.131
40.1589
33.0365
31.6088
44.5823
37.277
36.9637
35.1309
40.9672
33.2825
35.0113
39.8482
42.291
38.937
40.2351
42.7964
36.2822
32.2222
38.5267
42.2919
42.0194
40.1934
37.1661
37.6432
42.5455
52.256
36.6326
36.6012
42.7141
44.4604
37.471
43.6729
41.9855
40.9743
41.5409
30.9498
42.6197
38.3514
35.0105
37.7709
39.5871
34.015
38.2506
36.6066
36.3285
38.9722
44.2876
40.3913
36.1212
35.537
45.152
48.4495
38.3568
40.9795
37.8804
42.6098
36.1447
34.761
30.4066
38.5862
39.6498
40.0402
41.3576
38.9743
40.6178
41.6376
36.2933
34.9324
38.3341
43.1352
42.9729
51.644
39.1737
40.4318
37.8621
35.7415
44.625
36.5423
31.4557
35.6763
32.8779
36.5304
34.6848
34.0215
40.4923
40.2154
39.5899
36.8872
36.5899
40.479
35.7887
37.8192
36.2693
36.3627
34.2559
37.7437
40.6448
34.271
40.6835
47.7181
44.1192
33.9707
47.1096
33.1392
39.9775
46.344
42.9741
40.9939
44.7454
39.3569
39.2182
44.4168
36.4704
39.5836
42.5475
46.5463
38.1658
42.0835
36.2886
43.6187
35.0602
37.3078
36.1473
40.4051
36.8325
35.3612
45.3303
37.27
37.3559
42.3026
52.3014
37.7778
38.0181
45.797
40.2334
38.8301
34.9399
39.123
49.766
37.5245
37.3744
41.5526
39.2634
37.7558
36.7066
34.9534
41.3679
41.5181
34.7047
44.5749
35.2363
45.0311
40.3237
34.8944
46.5638
36.5053
44.8679
32.1745
35.3312
38.1243
37.7143
39.2481
39.9967
38.9197
45.252
32.792
38.679
38.2571
41.7926
46.1659
33.5758
37.5027
41.4591
42.5008
34.8514
39.4505
39.4327
35.3476
33.7874
39.5364
43.0727
45.3458
46.5676
37.0664
36.021
39.2188
45.3943
37.3564
46.4385
42.3139
35.8281
36.3642
38.2117
36.8675
35.7689
33.8498
30.1596
37.5623
32.0455
43.0655
39.5143
45.8776
39.7472
37.36
37.1212
39.1975
35.8839
36.9955
44.142
44.7839
37.1963
34.5177
38.3574
32.9062
37.1331
34.9441
45.5911
46.5316
45.3028
36.3179
32.972
40.2518
37.9529
42.5401
36.161
39.8194
39.0514
39.2045
34.1815
40.3114
41.9997
33.7667
34.3924
36.3576
40.9437
37.3022
39.3382
36.0738
41.4355
35.1125
37.917
39.4919
34.8811
40.699
49.8359
39.1632
37.2445
34.7899
45.3719
39.7333
35.3536
39.3327
39.2111
39.5024
36.1696
39.4795
38.7537
40.2313
34.2456
40.1057
41.3115
43.1524
33.401
49.2902
37.3956
39.7618
39.3109
41.4927
39.0846
32.148
42.1573
39.6491
38.7967
41.1639
37.3006
35.9201
42.3029
34.2098
43.3212
35.2315
43.9022
40.1165
44.4314
41.1328
37.0757
42.501
40.0348
38.0644
38.43
36.2035
38.4642
34.8611
37.5519
37.599
40.0113
39.2961
45.6949
46.3875
58.9163
38.6224
32.507
48.0362
37.322
34.1053
33.7301
37.8841
40.9054
43.63
36.8215
40.7958
36.9057
40.9282
35.0992
34.7807
39.1315
34.9385
34.4641
41.6127
44.6158
37.81
43.601
38.5496
45.1955
39.7281
34.3437
40.3604
47.1338
33.8749
40.4361
37.355
36.1461
37.0251
41.7679
38.9659
36.2793
34.609
33.5629
31.6393
37.5058
37.9483
35.434
33.009
39.5556
38.0376
37.919
33.3414
44.6734
40.0027
41.357
34.9636
36.5272
48.7274
33.4664
38.6468
33.3502
31.4183
34.8916
41.1644
46.3888
31.2582
39.3302
37.3949
38.3268
38.4886
36.3763
39.569
32.6961
33.7482
35.3978
41.5182
39.5751
47.1657
34.2691
45.3209
39.6499
34.3694
40.735
38.3061
42.8944
34.7502
39.3965
39.0337
52.7385
30.4931
39.3123
40.3251
40.5719
39.6234
34.1233
39.1895
46.7553
49.8265
38.3135
39.3823
46.3055
34.7995
41.5309
33.5413
38.6254
35.606
37.3047
34.7639
34.2674
38.2297
37.4451
38.9945
44.0968
39.8531
37.0425
42.0087
35.3552
40.3519
40.7386
46.1716
35.0981
35.7953
38.6354
42.2021
39.5439
33.4945
35.6533
46.9083
41.5144
38.8421
40.1628
36.2908
34.7067
37.3419
45.9218
34.017
41.1926
46.4705
39.261
39.5244
39.3502
40.583
37.8121
38.8068
44.2849
35.4505
39.5091
32.6236
33.9053
43.3262
42.8178
40.5806
41.4489
36.5981
37.9576
37.0284
39.6821
34.4616
39.4775
40.2208
37.0087
38.1619
38.1713
35.9395
34.6756
36.3249
40.1034
35.4796
35.5321
32.3811
48.49
35.7693
42.2494
44.8824
42.6993
43.3043
35.6518
40.1306
36.0916
37.3539
45.388
32.6696
40.31
40.2791
36.3079
33.379
37.2598
45.4412
44.5018
42.5285
38.3926
44.9166
51.5773
45.513
35.9543
48.7147
37.9465
41.6548
47.6233
44.1511
35.5165
44.757
41.7928
30.4127
35.637
34.8999
42.0695
38.6771
41.95
32.7829
39.0929
42.1251
34.7308
39.6204
33.6326
32.8413
42.7573
43.4995
41.4724
38.3281
38.4424
39.346
35.3241
47.1196
42.9138
36.298
38.1572
39.1075
38.662
41.1574
37.7725
37.8725
43.8829
41.0829
44.2512
48.6861
39.027
43.9641
44.2536
40.3165
42.3588
36.7842
39.3689
45.5145
39.4705
32.5351
41.1544
33.6168
44.0852
53.7644
40.4392
39.2154
37.6163
33.5562
30.5649
33.6729
44.6529
37.5782
41.4792
37.3233
36.2102
40.2129
41.1152
37.0298
34.2443
32.4666
35.0132
40.2111
32.9893
37.0985
40.3787
37.5605
36.9162
41.8426
32.2823
37.5118
46.3107
45.4633
40.1579
47.4266
37.9855
33.8242
35.6438
42.4135
38.7812
37.6622
37.7571
36.2267
43.4063
36.9528
37.8164
32.7507
42.4035
38.2114
42.6165
46.2029
40.1151
35.8784
41.196
46.8361
40.1938
37.314
41.3844
39.2119
39.7325
37.8559
39.0878
31.2796
33.3879
36.1727
34.762
37.8607
39.9156
42.2695
38.5128
42.6854
38.2837
41.7398
45.2381
37.2817
41.3273
34.8314
39.6362
36.9193
39.9415
40.6432
39.4538
43.1474
31.4979
42.7199
42.4751
36.0321
42.3373
34.0796
41.3716
38.0156
36.7956
35.3139
44.1943
44.6693
40.7894
35.5437
41.9433
46.1873
40.0559
40.1782
45.477
44.094
31.9611
36.438
38.8433
41.85
42.3095
36.1994
40.6998
48.9359
41.4561
32.1117
43.5514
37.8678
39.8933
42.1003
35.7803
41.4082
41.924
41.2436
41.8943
45.8533
38.9987
37.4972
32.3854
47.1968
39.1139
38.7751
42.0481
31.3237
33.1483
44.4401
41.099
39.5768
32.7127
39.0528
32.8585
47.9858
42.1995
33.7746
36.006
36.5877
54.635
35.8963
46.283
42.041
41.4768
41.9423
41.8527
41.1382
35.7493
42.7493
37.0614
47.2726
33.0529
49.4463
42.1402
41.4739
39.2526
44.2784
43.1075
36.977
33.6586
33.4381
37.4721
40.1218
65.3769
31.8785
38.4475
38.4143
35.5168
36.7312
35.171
41.4988
35.1869
41.5222
46.009
32.9521
34.413
34.1693
38.9454
37.9427
38.6622
36.6672
44.2878
42.2372
36.6871
45.7083
38.5791
30.1729
34.4556
29.5857
32.9873
31.3144
42.4351
34.0993
42.2061
47.4669
38.9219
35.7292
35.3766
41.7072
41.9616
39.258
41.0424
37.5443
39.1811
35.6066
36.1254
42.78
35.6305
43.0194
35.2001
37.0645
33.8864
42.3892
38.3052
41.4863
44.2638
34.3938
45.1445
38.1477
37.8345
46.1807
41.517
41.9276
35.0068
48.3365
36.4997
36.0153
34.5806
54.6978
42.7144
34.5391
47.1457
46.7415
40.5587
36.8906
39.1224
47.4591
40.9426
46.6915
41.205
41.9231
36.8094
34.6807
33.6926
34.3439
34.0994
35.5721
34.5333
35.2559
39.1678
38.8431
41.9995
35.196
38.492
36.9821
44.0964
40.2143
33.3664
44.1963
36.346
41.4796
36.4523
46.4169
42.9221
30.6986
37.0491
49.4812
36.6656
45.2988
35.4596
33.1974
33.8267
43.9764
36.0636
32.9592
35.2521
36.7352
32.483
46.328
40.2921
41.2375
44.4015
35.3171
37.6301
37.3695
34.0751
38.5438
36.5219
34.7109
42.6075
47.8389
36.1014
41.1973
41.1515
35.1322
43.3025
37.514
37.1071
48.2273
32.8456
42.9911
34.2365
43.4748
40.7646
42.2227
39.9872
33.0588
42.8984
37.3813
35.1201
38.7656
49.1322
49.61
33.0681
48.4978
39.8624
40.9268
41.8547
43.1955
38.7124
48.6446
33.3047
45.7555
33.6001
33.2873
41.1241
40.8371
38.249
35.2566
39.1618
33.5972
40.3504
39.6865
37.0532
42.0713
43.3831
35.1158
41.9925
38.127
49.0872
53.5303
39.3498
39.6559
42.8959
38.2528
43.5301
42.7422
34.841
40.8425
40.9558
36.2712
36.0875
47.8227
39.4901
33.9817
43.6511
41.8651
34.1069
35.6256
36.6026
34.0713
38.1949
33.5821
43.771
40.2541
38.0105
39.2556
41.5098
33.0338
36.4053
38.6719
39.729
53.9424
37.8672
37.2462
33.0145
46.9017
34.735
45.7951
36.1598
31.9669
39.2686
43.2266
41.956
45.4077
32.4675
36.7223
41.3741
40.4924
37.5398
35.793
31.8854
35.1441
34.3504
36.4133
42.7254
41.7455
36.9782
37.4879
38.3918
34.4956
44.3038
32.4926
33.5679
34.6813
42.4598
47.0694
36.9578
34.5376
49.4285
37.9348
36.8943
38.6112
35.4022
37.1466
37.0641
47.2779
37.732
40.8976
40.4817
35.3565
33.0554
37.5173
35.604
35.1678
39.7233
46.0258
53.2447
39.2804
41.3071
49.9197
37.4895
50.0911
40.3063
36.9823
38.6185
34.939
43.6867
45.0311
45.6397
30.322
42.9176
42.342
30.615
53.423
42.5618
35.195
36.2743
38.6971
41.7781
46.763
42.7556
33.8832
39.956
48.9718
38.6038
44.2415
39.363
33.2197
37.0705
29.9016
41.3645
32.0085
41.3813
30.6574
40.7761
42.7089
31.97
49.3573
39.5505
36.8148
39.0014
36.5461
47.2073
37.4775
35.0167
36.9077
33.7636
33.5989
44.2255
29.0153
46.2972
43.563
31.2317
42.6829
41.5247
31.7973
38.6187
36.1722
37.0404
40.8082
34.6982
43.3681
48.5682
33.0688
37.2427
39.6006
40.3963
44.8328
34.8144
35.3417
37.338
40.3569
37.2306
43.0642
38.9204
38.4124
35.6221
44.2287
39.0414
37.5125
36.9481
41.1444
40.0397
38.3044
42.0746
39.3848
34.2838
35.5996
42.4066
33.7773
36.4912
34.9491
42.5216
39.7988
33.4263
38.6686
39.3596
34.4661
40.7362
43.3664
38.2883
42.5133
43.0234
41.6048
35.5144
44.1496
38.7134
56.2464
35.0471
33.4158
38.0786
42.1292
40.5243
46.3841
38.3992
36.1383
44.6754
44.5102
43.7874
40.0891
42.6338
40.3318
39.1373
35.4897
38.44
33.5397
39.8277
40.3931
36.0401
35.962
41.777
37.4209
44.3548
32.5546
33.6813
40.1365
33.9873
37.2573
32.8431
35.8122
34.8451
35.1085
39.6622
47.5196
44.0901
35.3471
43.7388
37.4771
37.8876
52.6424
38.9971
39.5796
41.98
47.7292
42.6051
39.5935
40.0601
36.715
38.8994
35.5627
38.4487
44.0282
37.7992
36.2353
38.6591
39.2656
42.7839
43.4809
40.3734
35.615
40.2217
36.9907
36.3416
32.5392
45.8168
38.7927
36.5848
38.0325
40.8802
39.4307
45.5978
49.8873
39.3278
37.071
39.3192
35.7716
40.7873
33.3759
38.5096
35.7058
36.6538
36.133
36.2356
37.7393
40.1287
43.3244
43.641
40.8679
31.9038
32.9783
37.1668
34.9266
40.76
38.0907
53.2598
49.573
42.3239
38.4272
38.3611
44.9386
34.7291
39.7488
41.3583
41.3174
39.53
34.5657
40.4253
49.2266
36.1323
38.2053
39.7767
36.2376
39.7092
38.0739
34.1908
41.6036
31.9159
39.6802
57.3834
43.2627
36.0359
36.897
41.2429
38.8949
46.5858
34.127
38.2232
38.8878
38.1197
36.1373
42.1976
30.5145
41.3076
37.4204
40.9145
38.3661
36.2751
36.1557
38.7062
30.9621
32.3888
34.871
36.2783
41.3372
40.3759
34.0839
35.5445
44.1658
38.7374
40.5207
34.0107
38.116
45.4415
36.7089
39.8729
36.3214
38.2701
32.2147
40.124
41.8812
43.6469
38.4979
39.117
37.6489
37.3007
30.916
32.5376
36.2268
47.0314
46.0804
39.7715
38.4605
45.7734
39.7906
48.0015
41.901
34.9049
44.247
41.7928
38.2987
40.267
33.0928
34.2588
37.0389
38.2547
35.9373
35.2288
44.2242
48.2294
33.1843
38.1036
33.8353
34.2935
41.2586
48.5053
42.9325
40.8865
38.4586
39.1465
39.1174
36.8416
36.2983
39.8638
44.6531
36.1096
44.6611
47.7626
44.7286
34.4543
35.608
38.5723
43.8637
42.0301
34.4619
42.1736
38.6256
32.768
41.321
41.3611
34.3534
37.1361
34.3782
35.926
40.4558
35.4293
43.7068
43.3757
40.0034
37.0612
36.464
38.629
52.6299
33.304
41.495
39.3871
37.051
36.1655
52.1049
38.6762
47.1251
40.9354
39.5511
41.8327
39.6155
35.0535
41.8809
36.3291
36.8527
36.9623
43.9258
35.038
37.6668
42.484
38.5545
46.8428
36.7557
34.815
38.5274
46.4461
46.0527
36.6294
33.8739
36.15
44.5201
36.1821
39.765
38.4963
46.8466
41.9203
36.6436
40.7049
37.4966
38.9152
35.7832
44.0503
47.9093
33.1635
44.8646
46.1562
40.3874
35.4284
39.9963
48.0161
45.2343
45.1549
38.2012
37.3141
34.6612
36.7314
39.5073
35.8881
32.2071
39.6173
38.8885
48.5861
37.0576
32.2887
44.1825
39.2621
38.2247
39.0467
39.8893
39.1328
42.885
37.0751
39.8715
37.5153
37.5708
34.0217
36.8505
35.786
34.0843
42.6027
41.2366
36.0488
39.9484
36.3352
46.5854
36.7482
34.6296
39.9894
42.9604
38.4774
37.3928
34.106
39.1345
39.1294
44.1347
48.7278
44.4565
41.2063
36.2757
40.9724
35.9506
33.1706
38.7761
38.9444
36.2109
39.6927
41.4322
46.1908
36.6399
44.7854
36.651
39.2195
39.0807
37.4221
38.1617
40.0559
33.0953
41.3841
41.4
36.2167
40.2925
38.6651
33.4054
38.0768
35.6914
44.1381
34.3036
34.3727
37.2305
43.2211
46.0655
38.6591
32.1382
44.8613
34.7696
41.2669
32.4777
45.2342
38.9005
34.9076
43.2452
55.1402
35.0485
41.2016
33.6791
41.6325
44.4557
33.2264
34.913
35.9964
38.9914
43.6876
41.0796
41.6641
43.2616
35.6147
38.1944
36.0698
53.5129
35.7574
35.3015
33.0985
32.3919
41.3701
47.6204
37.9096
35.538
37.9718
36.4273
41.1176
34.1422
40.6244
40.3162
36.5193
40.8501
41.1377
37.9898
38.4296
34.3396
36.3752
37.5926
37.8144
38.9546
35.0506
41.9793
39.6459
34.1085
34.0956
43.6844
40.906
42.3804
34.3974
37.6275
35.2366
60.7974
38.7708
42.6956
35.6378
43.2248
41.5708
47.442
29.206
39.0798
48.6777
42.7446
38.4478
38.3415
41.4935
42.5986
44.7667
45.9753
38.4437
33.1384
35.8127
36.6852
32.9642
33.0397
47.567
36.7708
46.366
39.5331
39.1085
44.2911
40.7141
34.2085
36.7686
41.3077
38.9567
40.8946
38.7305
40.656
37.2679
38.8677
44.7206
38.4637
41.4841
36.8762
33.1522
37.4245
37.9225
35.5208
34.8871
39.4029
45.3196
36.5704
43.0646
43.0821
36.9681
42.7758
36.5835
48.0737
44.7928
39.2554
38.3595
33.6621
40.1868
42.8909
45.8263
34.7938
47.3908
58.2735
33.2284
57.3434
42.761
40.436
40.4594
36.078
33.6857
35.6838
41.4305
43.2513
36.3715
36.847
35.2947
45.1337
31.0311
48.0555
38.2132
32.8119
39.2628
39.0291
39.3866
40.3488
48.7242
37.9053
32.5665
34.8832
33.9238
37.5436
35.8158
39.7886
38.1436
35.1272
33.4038
42.6034
42.6392
38.1731
41.9082
31.3312
41.9259
40.2169
36.8962
32.1593
54.3249
34.9186
35.8995
45.1898
37.5342
44.5493
41.5549
35.042
60.8099
45.5934
37.1962
36.4083
39.4599
39.9051
40.6123
36.9935
38.8423
39.1068
38.7425
40.9229
31.5955
33.6112
46.0872
38.4811
48.4893
36.3546
36.4926
36.5801
39.0164
38.905
48.4358
36.7121
37.0395
36.5373
37.9226
41.5223
34.0315
44.3987
34.6156
36.2609
37.8242
34.9111
44.6124
40.9166
37.7249
37.9156
48.5912
39.3446
48.4048
46.0281
36.4648
39.0277
49.845
48.3716
42.9691
38.6125
39.0317
44.5279
38.9561
43.4227
33.5593
37.5019
34.2707
38.723
30.7023
42.8191
52.4863
36.6709
41.2069
35.6109
41.5807
47.2226
39.713
42.6563
37.5136
38.9652
42.7546
33.9695
33.8957
37.4188
35.2437
48.3992
40.0448
30.05
37.6756
33.1687
42.5961
33.9517
36.8699
43.3494
38.8089
38.792
33.9979
36.5777
40.1204
36.2909
43.0828
37.3623
42.2681
34.6798
40.7795
37.5169
35.7791
44.8887
35.8017
36.7815
35.8193
33.4208
40.6444
40.0804
40.2467
51.1419
41.1576
37.5707
44.0908
35.2491
36.9711
41.359
40.7286
45.6293
42.8965
47.0425
41.9701
36.621
38.105
43.1164
39.5089
42.0926
45.2654
41.7229
33.4824
31.6535
41.9144
39.7776
38.5654
40.6031
45.1989
43.5223
37.0961
45.2712
38.6317
47.2687
41.6893
30.9133
37.2284
37.0867
45.2262
39.6097
44.5232
42.7814
41.8948
34.2537
43.8779
38.5063
47.5844
36.1845
42.9846
32.8211
36.1776
41.5447
36.723
42.8749
36.9899
38.4121
38.1274
35.1839
36.5947
35.718
43.7713
36.937
43.3475
46.5244
39.8629
40.0953
36.3874
46.4298
39.3169
37.1035
44.7873
42.2635
41.2287
30.8651
38.7156
48.3504
35.8908
36.7555
40.5461
43.5538
50.3103
36.2004
42.9012
34.6905
38.6961
39.4028
35.4134
35.2749
39.5603
41.9777
39.7006
44.06
40.9779
37.3078
41.6468
40.5952
38.6512
47.2599
40.7467
37.5534
34.8647
33.4732
31.0041
44.9463
33.1606
38.5538
49.561
46.1966
44.104
41.4665
34.4882
40.543
35.6614
47.6863
32.8392
40.3113
38.3466
44.0096
34.2604
37.3109
41.1521
45.3818
34.7488
41.952
36.9683
34.0218
42.8445
35.6339
36.8381
32.9758
37.3976
38.6793
42.1528
39.8921
38.5025
32.5924
40.4584
38.5508
41.495
33.4581
36.3688
36.9697
41.57
38.8698
34.3109
40.3227
37.235
29.4966
44.9047
41.9506
37.017
34.8648
43.0362
34.154
29.9594
46.3209
32.655
34.6421
42.955
46.0492
36.7021
40.1107
34.3474
36.2442
40.6849
38.3402
33.5738
43.9999
37.8503
33.7983
43.5903
39.7545
39.9526
48.6924
42.3923
39.6384
43.3364
40.6333
36.298
33.7821
45.4524
36.8879
39.8685
37.9619
37.0739
34.8426
47.429
38.6125
35.6936
40.5642
35.2429
39.1559
45.0363
39.4311
34.4349
29.4465
34.9005
36.2209
38.7025
42.4488
37.3146
40.8973
37.332
42.1669
42.8003
34.8792
38.9325
39.3211
44.3562
36.6936
39.0783
35.3857
38.5087
35.2096
46.1169
42.6126
34.8189
45.1509
45.3081
49.2458
44.4144
47.7902
35.6956
36.9365
39.8602
37.9972
36.9889
38.2243
40.7113
47.8645
34.7631
34.6983
37.5585
37.8763
38.4386
42.873
41.8091
41.2938
38.5265
41.8362
37.7492
45.1261
53.5888
38.1916
52.1189
40.8478
49.438
44.7963
39.1069
38.6281
44.1889
39.1724
33.508
36.2723
40.0886
52.9228
40.3127
36.0607
42.8786
40.6539
41.1276
37.7423
38.6212
38.1575
37.6045
37.5234
41.9839
42.7691
39.0947
38.8602
49.002
39.6153
40.3102
43.4302
37.7379
40.4283
34.0252
41.6317
38.9205
46.101
38.8921
37.0593
33.8016
37.0929
37.2912
39.7828
47.6298
36.1072
40.0657
33.6959
38.0758
34.3746
34.5628
45.3943
37.3722
40.5452
52.9699
45.4031
40.166
42.3872
40.6358
39.5444
42.4678
39.1774
40.3196
34.4805
34.2648
33.8123
44.1499
36.9428
39.0506
35.9507
36.7296
39.2989
36.0559
39.3758
30.8208
28.8057
37.1913
49.1468
41.1497
42.7673
43.9611
39.0031
34.154
37.6096
36.5201
42.5088
38.6806
46.3787
36.126
39.5719
35.4717
40.2159
47.602
41.8919
34.7714
37.5962
47.6883
44.1073
34.1595
37.8734
38.0245
36.9695
36.0312
35.4189
44.2022
37.5745
40.5312
36.0314
46.2026
44.0319
41.994
37.6339
41.5538
40.8106
33.7512
42.5978
44.9305
42.2962
38.6959
43.2808
39.0956
34.4484
38.4678
35.749
42.3266
49.0136
34.9033
32.0846
45.2342
41.3615
42.5936
35.218
46.797
40.9055
48.2218
38.4231
35.8894
37.9135
35.3911
33.6061
42.1137
34.0034
47.4243
46.4621
34.8243
39.1158
32.2981
34.1137
39.7241
36.4193
38.8617
37.5347
32.3174
34.51
36.132
31.709
39.8559
35.3026
38.0616
44.9746
38.5104
35.2146
38.5661
44.5373
44.0325
41.4017
38.0985
41.9726
43.8512
31.848
46.8562
48.1473
35.7483
36.1519
45.945
47.7867
43.6863
39.7371
34.5317
34.1332
42.9553
32.9658
46.0252
36.7328
40.4478
46.5909
44.9174
31.7871
34.9977
35.2794
37.5913
35.6454
42.5216
34.9958
38.4154
38.0048
36.6263
44.9298
40.5437
40.6675
37.301
38.0253
50.0143
44.1271
41.3532
33.7887
45.9156
36.8442
43.2678
36.141
34.3119
34.4514
48.5866
45.5635
48.009
41.5985
40.7877
41.2412
44.3996
37.553
40.8992
37.3768
31.4778
44.9224
36.6111
36.4194
34.2139
33.2326
47.268
43.3342
31.8922
40.1963
46.7436
42.8302
41.096
46.9193
54.7991
37.4692
34.9558
44.5794
37.7378
39.1192
42.7277
38.2611
40.8292
55.7264
36.4745
36.69
45.5834
34.1823
37.7097
31.2525
46.258
39.8067
40.8913
36.8514
37.1238
51.8209
33.6491
44.3584
41.4506
42.019
41.7925
47.3538
37.9768
53.831
41.5648
44.0482
36.9698
35.249
38.0976
37.9877
42.5096
48.7339
33.4196
42.5224
43.457
36.6731
41.14
43.1454
41.249
42.3258
37.2936
43.6371
44.5204
34.9228
33.4037
40.1181
41.5104
30.7997
38.5238
37.9424
35.5266
35.9028
36.5111
35.6585
43.2926
39.0988
38.1766
39.2259
32.5828
46.939
38.2418
42.6252
43.4684
36.2451
33.0531
42.7839
34.7489
35.2633
40.2419
40.0208
33.0548
32.8976
39.7282
37.5444
33.5257
36.0555
39.2201
35.7017
42.4397
36.7484
38.1248
42.3432
41.137
34.9989
52.3223
39.894
34.3711
41.8563
42.5095
35.2311
41.401
42.3728
36.1495
39.9704
34.7419
36.8299
41.4513
36.1122
49.6326
30.7856
43.985
35.3953
39.3333
41.9501
37.6259
48.555
37.0291
38.3633
37.9511
37.8604
37.4935
40.0228
39.6375
44.7129
41.9347
38.0566
36.2659
40.5227
29.9454
39.5378
36.9613
38.159
37.0808
39.5721
36.5001
33.9762
38.9765
40.6514
36.8028
42.8684
34.3881
37.1578
38.2521
32.3456
58.1903
35.8232
35.4884
38.419
31.7178
35.7898
35.1641
36.995
33.2589
34.6923
41.1129
42.1584
37.0044
37.8998
41.5874
36.4554
34.7791
36.0007
48.3091
35.9054
32.2894
53.8649
41.4671
38.1363
35.7584
36.8491
36.1572
36.9758
33.8434
43.4364
43.558
40.4601
35.7907
39.1438
38.3873
37.5735
42.6259
36.8203
38.4425
43.6058
41.7979
40.2905
39.6858
43.8521
31.6685
36.5803
33.4092
32.8121
42.8907
34.932
42.2465
41.9589
40.8385
35.6808
33.1261
51.2001
41.4102
32.5806
51.7677
43.6673
35.7923
39.9415
39.4736
37.3324
35.5013
36.1321
36.0665
38.5208
38.6181
39.7675
39.0603
37.8581
33.7832
35.5231
34.4867
40.0218
41.8901
41.9968
47.4156
36.6451
39.1562
40.3787
32.6119
37.3589
37.7462
35.974
35.805
38.1101
36.0819
43.608
33.0055
36.5816
37.0414
35.5591
37.4468
35.9579
37.0882
34.2454
40.0693
38.7087
41.1416
42.8937
34.6725
40.7106
39.0034
33.0169
37.5549
39.2102
36.337
43.5278
36.8179
39.1783
43.4011
36.927
44.4349
38.1222
39.5879
39.3231
50.2759
35.6724
38.5534
41.2135
36.4448
53.7177
42.3654
35.62
37.4924
45.9427
42.478
39.1813
39.9029
35.8554
38.8886
35.0346
41.1637
43.8458
39.1623
37.5622
39.5738
46.5605
37.3603
41.3734
36.3514
42.868
43.1946
55.0792
34.4672
42.9338
39.6011
38.6582
33.565
38.5081
50.9434
38.3224
43.978
36.7736
45.4223
39.3429
41.8383
41.2273
36.8877
36.4801
42.8468
45.947
44.5533
43.7175
38.2719
36.9678
45.2486
43.3354
42.4366
38.289
42.2933
35.3354
40.3523
38.471
37.4542
37.3893
38.9883
43.0974
48.1571
32.749
32.386
41.4627
44.1258
35.5931
43.0069
41.593
43.396
43.0578
44.8456
40.4017
41.6189
40.8492
47.4026
43.5355
30.98
38.5875
33.0923
38.6831
43.4421
42.9914
42.6684
34.607
34.1557
38.547
37.4204
45.2306
33.6507
40.8493
30.6803
32.4108
37.992
42.5928
38.2146
33.7547
36.2603
39.3062
41.6367
45.5291
41.7208
39.1568
39.3722
35.4024
46.6913
49.7197
38.5423
39.3168
45.3437
36.4234
34.7315
33.3006
48.0956
31.4668
41.6135
41.7342
41.2527
49.3532
53.5087
45.7361
37.0273
35.1018
38.9112
35.3882
33.527
40.9599
37.8486
35.5741
39.3938
36.2324
43.0455
34.68
47.944
44.4356
43.5558
44.1532
44.0686
41.0022
29.8626
43.0515
40.4533
39.0313
32.1489
33.797
37.1012
35.5431
45.6863
34.3531
36.0881
41.2063
34.0439
39.9274
39.9608
36.7887
38.6574
33.0927
42.6117
39.3335
36.4984
38.3934
40.2496
47.1198
42.8235
43.2923
41.3907
41.4698
45.6949
42.8746
34.8354
33.2357
39.6047
35.6113
38.3048
42.0274
38.0562
34.8823
36.8802
39.4104
33.6608
40.7618
39.3615
36.5577
37.0864
36.6502
32.4141
42.603
41.1146
37.2004
46.8181
40.0893
35.1347
39.044
40.9527
39.6041
40.9806
41.459
35.9223
38.6376
38.1437
45.1177
33.6464
38.2434
39.43
42.0016
44.5191
37.7607
39.2698
36.4983
37.7492
36.5895
35.6607
41.8508
33.4799
40.5533
38.1718
38.5439
38.1684
44.53
38.1376
36.1631
36.9198
44.6911
35.22
42.1134
38.0513
45.5905
36.8774
41.0187
34.985
38.0474
42.8898
38.9947
38.0861
44.2782
38.5253
37.4081
40.9326
36.5014
45.8389
40.0159
34.7135
37.7129
38.5543
33.2654
41.5009
40.7059
43.0013
49.7681
40.7692
39.0079
40.5134
39.1438
47.4614
40.1852
33.4131
37.1663
42.5075
39.4814
32.4215
41.7402
37.4066
42.042
45.6363
37.4607
43.2347
54.1402
38.2155
40.6289
40.7828
42.9011
33.2867
43.6521
37.2686
43.3219
40.0861
50.3096
33.778
41.4372
40.8953
49.3317
32.822
49.2428
37.5598
44.6278
39.5363
41.5793
44.06
34.3399
35.4793
41.3761
38.0271
38.2579
44.6053
43.8082
34.2241
35.8791
34.1045
35.0896
36.1314
41.202
34.0509
39.6141
46.7434
40.2908
31.6391
44.8167
36.782
43.0006
36.5148
40.602
37.1621
37.3788
32.1013
42.7583
44.68
31.3274
36.841
37.957
41.6355
34.7735
40.5963
43.3311
40.027
40.6033
34.0457
44.4796
40.3994
43.1339
34.8905
45.711
39.4259
34.2818
41.8093
37.7716
39.2151
38.3347
49.3379
37.6598
33.953
40.3488
40.3643
39.2632
37.5927
48.6627
41.7341
34.694
45.4969
34.0094
41.5205
32.3938
49.6714
50.9687
38.5274
36.6983
37.6555
46.7506
34.4745
43.6955
43.93
43.2728
35.8166
42.7867
44.7645
38.3522
39.3038
35.3537
48.5603
40.1156
61.5064
33.7803
36.9958
35.1148
36.7718
41.2296
42.2218
40.7654
32.3012
34.4129
41.3482
32.5777
35.2462
33.8616
39.3881
42.0026
32.8427
38.721
34.205
36.1706
45.5041
37.0172
37.5434
33.185
41.927
35.4449
39.3036
31.045
41.3736
31.4334
35.558
46.6854
36.6069
36.8513
37.2931
37.5583
41.048
43.3343
41.4098
41.9736
35.7677
36.9911
46.7737
41.3492
34.5273
47.4166
48.5663
39.3728
44.1037
40.0418
41.4316
39.2845
37.2711
48.1832
39.3429
33.4635
36.182
40.7394
43.8344
34.8798
39.6512
37.3751
38.2365
37.1154
38.8757
34.7271
43.6074
37.0596
38.6786
43.4572
44.9807
37.5869
29.7568
40.2311
39.0297
31.2436
33.4854
37.9893
39.3086
32.7545
39.6021
39.8951
31.057
39.9994
33.7235
46.1426
38.3347
37.8422
38.1849
43.6374
40.5132
34.7105
41.6138
32.4211
36.4624
37.7042
40.2869
41.9587
42.8737
40.8272
35.9559
37.9493
39.9965
37.8452
32.9211
34.4016
56.2695
42.5111
42.896
43.2659
40.0101
37.7769
40.8339
43.9784
32.374
37.4189
49.1812
37.4133
38.5352
41.3948
35.2106
37.1477
46.6879
37.8974
45.9441
41.3667
44.4029
32.867
36.4723
41.7873
38.1756
43.3048
35.9187
53.8547
41.2404
40.5774
43.7123
37.6259
33.6868
35.7588
37.1546
35.5464
43.1302
35.4501
31.3969
37.3741
40.76
35.9874
37.0336
36.0714
36.7574
33.2626
44.5662
47.7845
35.4426
46.3694
44.5772
31.9256
36.1959
41.0803
42.9094
42.2287
44.3746
36.9148
34.6091
35.3951
32.7195
37.361
47.4996
34.3827
36.8214
43.1778
41.2033
33.689
35.6608
36.3389
36.7352
37.2625
41.6975
45.1541
35.1275
42.802
38.3256
38.0048
38.7348
42.4239
38.2455
44.5588
43.5626
40.7625
34.6185
36.2207
38.8491
38.1056
34.3567
43.9887
48.5269
38.1218
42.3436
37.0529
37.5703
37.5102
45.3088
33.4934
40.617
42.075
37.5707
41.4066
33.3305
38.8495
41.2786
51.0529
32.705
33.7781
30.9992
37.27
42.2582
38.5125
33.5933
37.5094
36.2635
42.0788
44.0598
37.8216
33.8952
33.4638
32.2961
39.6735
34.7404
35.2495
41.7849
42.064
40.5362
49.3899
33.148
35.8348
39.8927
36.9265
35.7705
37.4741
38.1914
33.841
39.0575
39.272
36.2331
34.1752
41.2395
39.2068
37.2283
40.7252
46.7631
40.4531
42.3092
36.2166
40.0175
45.7626
42.4157
46.3473
35.2887
37.9613
41.6731
36.5343
40.4728
54.0065
49.7441
45.7563
38.8397
35.3803
41.162
39.5883
33.9216
45.8306
41.0779
38.5266
38.6215
41.335
43.6755
33.9741
35.3109
35.4369
36.7661
40.1433
37.3912
40.7784
37.9252
39.0346
38.9408
31.5327
45.7467
38.9554
36.8086
40.7786
43.1054
39.5893
38.1157
32.7441
35.5752
37.2619
36.5946
45.1564
34.7294
47.889
35.4436
35.2944
37.9587
41.4962
35.3937
39.9348
54.7004
31.2573
44.4023
51.8316
42.6573
38.9781
43.4588
35.3778
37.4894
40.5186
37.0675
33.1825
39.4729
44.7531
45.1022
46.1728
36.8645
37.6687
42.4067
39.3006
35.5873
44.8216
45.2517
34.2918
35.923
43.523
31.0812
42.4455
33.1829
37.9039
40.4245
44.8633
43.1586
45.8261
35.4003
46.2791
37.0643
37.4721
42.5983
34.4453
35.5859
47.7296
39.3697
36.4154
45.3842
35.5017
33.1196
40.6773
36.4104
41.0555
44.0043
36.8384
30.3589
46.7249
36.5219
38.0781
43.8872
40.5957
42.7372
33.3078
43.2373
33.7837
36.0083
40.2885
33.4945
33.9694
36.3463
34.6508
44.7038
40.372
33.0961
38.9526
38.3092
38.4259
39.5957
37.6079
36.6054
36.6441
54.8019
40.077
39.6063
43.4843
40.0105
42.448
36.3467
37.5211
39.3336
43.8942
37.239
34.53
45.1804
40.1396
41.2255
35.4849
33.2827
35.3554
37.1646
35.5147
45.3023
38.1902
37.7342
33.2328
40.566
39.1562
36.8586
43.7491
35.7755
45.8256
33.6943
37.8578
43.7591
35.7407
37.7552
42.5481
30.8327
35.321
45.9632
32.6957
33.5507
37.441
37.793
39.6223
38.8351
41.2742
36.5169
40.761
44.989
34.7789
40.4732
45.0011
39.9464
33.4451
35.3974
43.0078
32.997
34.7033
33.2742
44.2248
35.2769
41.5897
33.6819
35.8154
32.8145
43.9012
38.9851
36.5901
41.6426
35.1533
44.6786
41.4363
37.293
39.3132
35.6217
40.7644
34.0774
39.2833
34.5695
45.1536
38.4665
43.0525
34.1646
34.9351
39.0323
48.1771
46.8536
38.1228
37.3093
33.5036
44.7894
44.286
44.2383
50.7566
40.3914
41.5046
34.9459
41.1937
37.96
38.6815
42.036
48.8292
40.8152
36.6134
43.5058
38.0804
46.4535
44.0819
35.273
38.8588
46.0285
41.8961
41.8118
40.2627
39.5295
34.6986
30.2067
41.5997
38.1025
37.9685
40.8511
35.0864
39.3331
47.0818
34.8604
38.7273
43.0625
37.3282
33.8947
39.1856
38.6378
36.6253
37.1336
35.7206
39.0969
45.4689
34.2544
36.3089
34.6844
38.0655
38.8138
40.7184
46.197
36.5705
42.7267
34.8247
35.781
40.0302
44.0535
44.2983
37.9264
33.1378
36.219
46.4209
42.0013
49.6178
40.6695
36.1946
40.0577
33.744
39.7564
36.379
36.1521
33.8116
40.1623
44.5968
41.4137
33.3788
50.5957
36.9774
34.1578
41.589
35.3967
35.9311
43.307
45.9078
49.2821
33.5882
49.1836
38.5944
37.5258
50.9
50.2529
52.5919
39.6367
31.3831
47.7002
42.1939
42.6793
43.9241
44.5742
37.4535
35.7692
33.9039
45.1044
51.8414
38.1575
41.5725
51.6941
35.5712
45.7728
37.7691
42.0023
37.7399
37.3692
42.3628
44.5867
34.866
39.4031
36.8932
44.3083
33.0989
32.8432
42.0167
42.7392
42.318
40.3202
35.7841
45.0748
42.1017
44.1597
37.3352
38.9005
37.8047
37.6785
39.4699
38.2665
45.1139
49.1618
39.3531
38.9416
50.7409
43.6262
45.2929
32.6353
36.4439
37.9252
39.919
34.0244
37.8281
43.2788
38.6112
33.3218
43.2478
47.6602
40.1625
40.762
38.7141
52.2077
33.0113
47.3905
31.3908
41.3804
39.5331
41.2158
36.7291
37.6601
36.2959
44.2353
42.3977
42.5282
40.2025
34.8
37.2088
38.8094
42.3081
37.5352
38.8225
41.9546
43.3868
41.1264
37.939
34.097
39.0686
37.7166
39.3538
42.8921
31.2979
34.6759
36.166
36.8051
43.2639
38.4181
39.468
37.1584
38.7978
42.1311
46.1149
33.933
38.9964
45.5189
38.3824
39.1845
39.662
47.0736
31.8876
46.5046
37.8667
33.2187
39.0916
32.9832
35.788
45.1424
37.7395
51.8922
54.1495
33.7179
38.7556
39.4147
37.6345
35.1725
37.7956
48.5733
44.7265
37.977
41.2387
43.773
36.8813
41.0794
41.2781
39.4912
35.3258
45.5239
39.3831
38.947
41.5898
45.1638
43.7095
36.5618
38.289
42.6832
39.457
41.7549
35.0506
35.7617
40.3247
42.2424
38.6985
36.9868
38.2116
34.8077
41.8336
29.4656
36.8378
33.5749
36.4719
35.8236
35.8457
38.8466
49.9202
33.8112
39.7178
45.2103
39.3915
35.3651
35.4775
44.6055
39.2244
30.4703
33.8783
36.4895
36.1157
35.5065
40.8865
38.6856
45.4966
36.1864
41.7778
34.2718
38.4918
34.1612
32.5817
39.4968
37.9585
40.5608
46.5906
39.244
41.2163
48.2981
43.3729
36.8758
34.7818
44.632
39.5809
46.0869
34.6078
38.6366
45.9355
39.9959
45.8974
38.1101
42.8497
41.8194
35.8116
37.9935
36.5542
35.6061
42.0357
30.6216
38.5126
43.7025
34.2164
51.8809
39.2131
45.049
38.3883
39.4785
44.3299
35.7242
36.121
41.4271
32.4153
38.4678
43.5056
34.6618
33.73
38.3573
33.5476
38.4198
36.7758
35.3477
31.3408
33.6834
35.7261
41.7747
35.3791
46.211
34.9382
37.0564
43.2479
40.7061
39.7679
40.8176
39.8976
41.775
36.1942
38.9208
50.0411
41.0022
44.2099
45.2089
39.9454
41.1715
41.8512
37.4275
34.358
36.3775
40.4026
43.2397
41.1101
39.0107
32.8412
34.8399
32.7099
37.9409
39.351
42.362
39.0449
37.8907
37.8803
37.3584
35.7111
35.2974
40.9773
44.5304
34.8138
47.599
40.4667
40.4446
42.9076
38.5947
46.7805
39.9247
38.865
42.444
36.7413
35.6597
31.6857
40.853
37.7411
37.0826
44.3727
38.9053
38.1206
38.8175
35.5868
33.225
38.528
40.7042
34.8758
45.4137
35.9169
40.5839
40.4891
37.5542
39.694
36.8317
35.5157
36.089
36.4855
35.1165
34.3208
42.0688
39.2301
41.4155
39.8966
40.8169
49.673
36.7507
35.8381
47.3762
43.1083
40.8567
33.9262
42.1284
37.4102
32.8548
40.6216
40.5244
35.0412
39.6945
38.7865
48.6865
40.2305
45.5349
35.9141
34.084
31.3838
38.7183
37.9332
38.9583
34.9311
45.4036
36.1673
39.2544
34.6842
47.0554
40.821
40.202
40.1545
43.5156
35.8207
35.4223
49.5309
52.6268
46.7029
35.8225
44.903
32.9192
40.3814
39.4674
41.5747
37.8943
48.5584
31.4899
37.3767
33.7764
50.7373
41.7803
39.1489
29.3835
35.7695
36.6397
33.9544
38.1917
39.976
32.5913
41.5787
35.4652
38.7099
48.3425
43.3527
48.2378
40.2322
48.1141
40.6266
45.0935
50.2936
35.5178
33.0212
36.3395
38.2124
46.2562
36.8786
36.6023
39.6793
38.0235
35.4092
39.6664
44.9504
32.6373
37.9734
47.0003
37.0336
42.7895
40.2051
35.2837
38.6222
39.7177
43.2282
47.5018
32.238
49.1518
37.7617
47.0667
35.253
41.39
44.2466
43.0843
46.2502
49.5188
35.5138
35.0845
35.5599
36.7448
33.1949
35.2908
41.5202
35.2713
38.5066
39.047
40.2895
39.8124
34.3624
40.2841
33.3332
30.7568
39.379
35.8747
43.3527
42.9618
36.4483
40.9864
35.6174
36.7766
38.2081
47.0166
50.846
31.3493
37.4846
45.5107
43.0102
42.6418
33.9525
36.1864
44.8998
36.0546
34.4689
38.699
39.7111
38.3111
38.666
38.2457
39.1316
47.1494
41.2912
46.5154
35.6527
30.8385
45.8165
38.6644
38.1028
42.2763
36.0171
41.8882
41.3648
40.4781
47.6534
32.1039
33.2819
38.5742
38.5231
36.8395
39.2033
37.8881
41.9547
36.9333
30.5628
40.5353
46.8134
42.6717
45.1914
48.4975
46.1804
34.5417
40.2963
36.6241
39.6039
38.7149
37.125
35.8136
37.2088
37.4685
42.6196
36.9022
37.8308
32.7044
41.9259
36.8818
51.201
37.9998
40.0971
42.7595
33.2313
42.1716
45.0418
48.981
38.2124
44.3965
40.9911
32.6891
38.3467
37.5184
37.7835
36.6046
47.0383
42.1821
44.4822
36.2469
40.2821
43.2987
34.2895
37.1015
35.5328
35.7605
38.188
41.1682
39.3233
45.9219
45.3614
40.5898
36.461
47.9104
37.3952
54.0642
39.4357
39.607
36.8818
35.9088
46.6408
42.6315
42.6715
34.0553
40.7055
44.4678
41.4414
33.6851
45.0088
42.6118
46.4329
34.9163
38.3926
32.4455
33.6252
39.1616
35.9324
36.4973
42.0762
42.527
34.5214
45.0993
40.6392
37.8212
34.8654
39.9648
45.4988
46.3098
42.284
49.0006
37.0066
35.1184
36.9758
50.8385
44.6723
42.88
41.3621
36.4878
38.4581
47.0318
30.8389
38.5441
40.9133
42.355
31.525
39.9696
35.7923
36.6559
40.1127
39.3763
39.149
41.9768
38.5981
31.7526
38.55
32.7676
42.2496
36.6277
34.9041
44.7768
31.6386
37.7672
38.3294
37.0793
40.4684
35.3705
39.6502
38.4704
33.1512
39.8515
44.5407
44.4169
34.4489
37.9197
44.3014
40.624
33.0916
39.2509
40.0539
39.6171
37.1603
40.3213
41.0528
39.2629
39.7624
37.1446
32.4106
38.2054
35.8715
55.1558
46.9544
36.7576
34.3385
47.8632
37.2911
58.3844
34.5433
51.6383
36.8434
43.946
39.6819
47.6982
38.7933
42.8124
41.1134
43.1596
32.0762
38.3406
36.6216
35.2997
34.1792
33.3057
33.8348
31.2753
40.4577
33.1226
33.5582
36.6217
39.2008
34.7057
43.9364
35.2953
42.5001
40.1097
37.4091
47.1443
38.1333
42.0987
40.7784
40.2205
37.9802
34.5446
38.254
36.0585
37.2406
33.6334
30.7643
41.6115
40.124
34.1601
38.0495
41.1108
35.5202
34.4523
49.9405
38.1975
38.2914
37.4114
38.7438
38.2704
38.4056
37.1813
35.3297
38.278
37.2656
36.1727
38.4892
35.4388
46.0404
36.8266
38.5025
44.6047
35.2435
34.8179
43.1906
39.9352
37.3039
39.8957
37.5543
47.8623
39.4123
32.834
57.87
42.1409
34.1533
38.7006
37.7055
37.4541
48.5839
47.8774
39.5637
39.2519
37.2221
46.4979
40.5328
40.1709
39.938
41.2064
37.4953
38.9924
41.3631
38.9485
34.5015
39.7149
36.7651
48.3879
32.0702
38.0942
37.6904
29.2834
37.9842
55.3904
35.4089
45.4489
40.7289
42.1302
35.9137
35.3422
38.0827
36.7078
39.9991
50.2692
44.6367
41.6225
42.5087
37.7946
41.8669
41.7187
31.6731
43.0001
44.2778
33.6134
33.8358
40.941
36.7493
42.1554
34.7237
36.6209
43.9484
37.2902
35.4188
29.212
48.576
41.6764
33.5562
38.2867
36.1926
37.3828
33.5382
34.4335
35.8006
39.4534
36.3716
36.1453
33.9431
45.3783
31.0684
31.9325
39.9231
41.6392
39.054
35.6224
34.4703
39.2188
39.2421
39.6968
43.5688
35.7361
33.8902
40.601
30.8157
45.4299
37.2077
37.3837
37.5154
54.2787
36.6634
44.5354
35.6667
43.8563
34.9698
37.8792
48.862
36.5069
32.162
41.8788
42.6096
37.2982
36.2359
43.1618
43.5733
34.4297
43.3277
34.0913
31.9031
42.2295
40.5058
43.6279
34.0196
39.4315
50.5017
37.1965
33.5559
45.6839
43.3928
34.6373
34.9419
38.4652
47.0746
31.1963
37.5358
40.2117
35.7072
45.2918
45.3738
39.2169
34.3393
34.9099
33.7653
37.3122
39.1325
38.5645
38.076
48.0324
39.6432
37.319
37.8293
41.3983
38.9072
37.9828
36.8705
33.9666
42.6802
35.0694
43.3009
36.4711
43.9275
37.2626
38.5009
36.6728
36.4799
41.4725
39.6644
43.1714
41.8016
38.1956
41.9935
36.3856
35.628
39.5416
37.4956
42.1682
38.1774
37.1705
47.6466
40.0211
36.1875
34.0712
42.6596
41.1838
53.4297
44.6037
36.7796
39.0247
36.6367
34.548
38.3298
34.8893
33.6471
40.0912
32.5405
33.1549
44.0739
34.8387
34.3799
41.4773
46.1758
42.3928
36.8084
34.8815
38.0072
33.6954
32.1873
40.4349
36.2341
34.1459
38.3122
42.0129
42.4912
40.8243
38.8209
33.5159
39.0655
45.4506
43.2691
42.9019
36.252
39.6199
33.295
42.508
33.9698
42.5879
40.8758
45.8702
40.7544
33.9771
36.5543
40.477
32.6931
50.6739
35.65
37.5138
50.0459
32.6654
54.7917
34.5272
40.2184
40.8154
35.3095
48.5969
53.313
37.491
38.6736
36.7482
43.403
41.4625
46.1059
34.9949
43.1456
41.5359
36.9238
45.6359
40.5889
42.5296
42.8204
38.8326
43.7076
37.4459
38.3552
46.0102
37.2001
39.5247
34.1044
42.9621
44.0869
30.751
38.4694
37.05
36.8014
39.3827
44.329
36.0823
39.769
37.7539
34.3633
38.3427
34.6987
36.4486
45.3872
35.5144
38.9207
41.0054
44.0213
36.5416
39.3968
37.1186
38.8524
34.7419
42.7882
40.0495
45.417
45.2557
42.3013
37.7021
43.4623
42.8135
36.8316
37.4245
41.8798
35.586
42.7272
35.9246
37.608
39.5711
41.4417
33.7311
44.4561
32.6022
34.9091
43.4128
34.0694
35.3044
43.393
43.3174
39.8726
39.3619
48.0029
43.6936
39.3671
32.4027
36.5694
41.4283
38.0096
33.927
35.9058
43.6452
39.7371
43.6814
45.0469
48.6922
36.2246
38.263
45.602
39.7956
41.2338
33.6808
36.5107
39.4689
37.1084
36.1239
56.5572
43.8479
36.8292
46.5913
35.8414
46.0789
35.0641
41.6335
35.7888
38.2859
49.1955
34.3861
42.0709
39.9759
41.0183
37.5494
46.709
39.0575
35.1488
39.875
38.9077
57.4128
35.0153
34.0487
36.2638
44.8062
38.6191
38.104
34.4643
40.6231
39.2487
44.4667
46.4468
42.1052
40.5871
40.3036
37.6639
40.2371
36.4496
40.3506
45.9177
38.6685
43.8712
33.4945
41.313
39.7038
38.0847
39.2247
31.9719
45.6624
36.6866
35.834
43.4487
36.4328
40.5985
37.9202
42.7731
37.7316
39.8619
35.1815
39.4635
30.7202
46.8796
35.9288
45.0713
42.026
34.4797
40.8665
39.681
38.9908
31.8146
38.4597
36.2362
39.4906
38.5088
36.2927
40.8436
31.5963
39.8918
37.119
42.9089
46.9169
40.396
39.185
41.2621
35.1876
33.2849
39.2809
41.9713
35.5437
35.7013
43.2791
35.574
46.8256
38.5014
60.7079
31.7147
35.0666
40.1237
36.7945
60.3265
44.0369
35.1302
43.2892
34.6476
33.3798
36.6754
43.0002
31.4308
38.8449
35.0562
39.4018
45.1439
40.9942
41.9657
38.0104
34.5014
40.0691
30.827
39.0918
38.0005
42.5597
33.2923
36.4233
40.9135
38.5794
39.3748
40.1543
40.1626
37.3101
41.5637
39.8367
36.2142
31.0831
38.7103
45.2233
36.0124
43.26
45.3561
34.6447
36.3049
41.298
41.0962
41.1471
35.0756
42.0799
34.3391
41.9494
36.0202
34.5841
38.9579
34.4199
43.381
37.1542
36.026
32.429
34.1442
31.2406
35.9732
34.6071
34.8547
42.0143
31.7408
41.5201
44.1132
41.6467
37.9323
36.2427
40.3839
46.8769
33.3501
35.8443
41.3323
43.6291
38.0089
43.5445
38.7636
42.3688
35.3372
43.5428
36.0591
34.9601
45.1906
36.5691
39.8178
31.5815
36.5566
36.3487
37.1086
43.0165
36.3663
37.7276
36.3316