39.696
38.1202
35.1889
44.5522
37.8082
35.3902
42.8652
35.8261
36.295
37.6754
34.1181
36.246
48.8489
34.2251
36.2934
41.4018
35.6309
34.8718
34.7365
41.0126
39.7648
38.5601
49.9
36.8071
35.1649
38.7459
33.916
41.6866
34.1828
36.2632
37.8752
37.7223
34.9542
53.8077
41.1402
33.3293
46.453
34.0658
33.8616
41.3063
47.5169
41.9101
40.3152
42.3076
35.5199
34.1861
38.2796
45.0188
34.0579
40.2556
38.8313
48.2962
33.7448
40.7467
40.9521
46.875
39.7382
32.9334
33.4232
33.6897
45.1023
38.3967
36.6699
42.1362
36.4774
37.5059
45.2306
37.8407
43.7563
42.7603
33.5863
39.7201
36.5881
39.2182
38.2097
35.2233
34.4891
41.5498
37.6145
32.2061
39.5951
36.7364
37.454
32.614
46.9037
31.6987
35.3693
40.0511
38.1374
39.8254
37.7643
35.8041
33.3905
49.204
45.0901
38.1766
38.0524
37.5391
38.4464
49.5426
37.8858
33.9698
41.5873
33.83
39.0492
36.513
37.8731
43.8504
32.8114
39.2379
35.0287
36.4527
40.643
36.1179
31.7027
47.792
32.4028
35.9002
34.2465
39.3684
38.5354
54.9332
36.2328
45.0688
42.1122
39.4833
34.1436
47.0784
45.7531
40.657
40.7212
42.3254
44.7649
39.6241
32.0833
41.0927
34.9185
46.0307
37.3408
39.0583
38.7488
44.5411
45.6155
35.3203
36.3228
31.6209
39.032
36.5718
38.0575
38.8489
32.6797
33.5529
40.6551
40.1923
37.6663
40.2029
37.4472
36.0602
35.8879
40.5447
42.7119
49.9745
41.9813
37.2411
44.4727
38.2246
40.7022
43.8238
39.225
34.8254
33.1731
43.3898
45.345
36.7172
44.1519
40.6653
40.1782
38.0157
41.4169
38.5705
38.1028
41.1377
36.306
40.4177
35.804
42.6743
41.9529
42.915
35.6727
44.8597
35.5656
44.4332
47.5075
33.1567
39.2108
36.8991
54.8208
37.9078
35.6549
43.1764
38.1753
41.468
42.7571
35.9048
40.3928
38.8182
38.4575
41.1208
40.298
46.1388
38.8831
39.2081
38.3695
46.7171
37.1511
34.1916
45.2741
34.3736
40.2997
38.3792
38.9718
41.6867
45.6622
43.2321
37.0189
35.2415
42.5755
40.7257
40.2503
45.3583
37.755
42.8767
35.6975
42.7854
36.7196
36.132
45.4326
37.8125
39.9105
40.4245
38.4137
43.2292
44.4222
36.0015
46.5438
37.3339
32.9959
34.5625
39.3446
37.6159
39.9696
40.8856
42.6414
36.089
39.7417
32.7113
36.0865
41.0289
40.6452
34.8828
37.6607
39.8867
37.9987
43.5415
35.8413
37.0347
35.2463
43.1209
44.4605
40.273
42.1652
37.4515
35.9759
37.8719
43.4506
38.6159
36.2056
43.1185
42.6582
41.8625
38.9144
40.9956
43.2071
38.0499
38.5199
39.0333
34.9475
38.1697
35.9905
49.6703
45.8227
45.228
37.0907
39.2272
41.3178
43.2998
38.945
35.8875
33.2996
40.1519
43.9527
40.5976
45.4261
37.1807
36.5833
35.1237
33.6571
31.7627
37.3148
38.5938
40.8295
40.2845
37.3124
37.0237
42.8156
39.8713
36.8674
34.9612
37.0427
37.4764
39.1555
39.0756
39.8724
37.9661
43.1163
34.812
42.1451
41.2846
47.746
39.4034
32.7589
52.5676
41.9176
41.2879
36.4377
42.971
35.5062
44.9838
35.8271
37.0278
32.3754
41.6092
36.5469
38.3614
32.2062
39.9987
46.5354
32.9304
35.3108
44.9593
40.092
41.7289
37.2289
41.0532
36.996
38.1343
38.0622
47.6366
34.5138
44.3296
36.9534
36.7823
39.092
46.4342
42.7152
39.6136
53.3074
38.436
42.7215
38.7733
34.7291
31.3989
36.2599
44.5571
34.5032
33.8792
41.248
35.5925
40.2764
39.4918
46.0554
37.0385
32.0264
41.2356
37.01
45.4313
42.7155
37.4273
34.2719
49.0825
38.277
37.0698
35.7854
61.7276
43.5595
40.3232
53.3233
39.3399
36.7983
47.3241
44.2265
35.641
32.443
47.0677
36.7155
38.6733
37.2043
40.705
45.0893
36.9875
38.5307
41.1696
42.2001
36.4709
35.5923
41.7526
45.7143
45.672
45.4892
40.1116
37.023
44.7109
42.4107
33.6541
40.634
42.9301
40.0007
37.4646
35.2181
39.3821
33.097
46.1367
40.7347
41.9505
40.9784
35.5749
42.7409
37.1688
44.1418
38.607
42.592
36.48
39.6404
37.2589
39.1849
41.6764
41.3759
36.2544
37.9573
33.9442
38.5193
46.1948
39.5941
33.9443
38.4273
33.622
42.3193
37.5749
47.487
39.2377
41.181
42.9531
38.6576
37.7856
35.2453
42.6811
33.8384
44.4949
42.3512
38.4347
37.0153
40.441
46.257
35.7599
40.2357
34.6244
36.9741
34.1454
42.1579
35.9002
39.4471
40.4494
45.0341
36.7809
31.5818
44.5944
43.2401
33.5454
34.4989
39.1232
40.7456
43.5625
46.2809
50.7412
37.1599
38.7396
33.6563
39.8036
39.5237
34.2576
38.378
36.9953
53.5174
44.5937
34.8555
42.6596
40.255
34.5642
33.6492
39.9969
39.0015
37.2772
37.9973
42.5218
34.4536
37.4759
40.6612
36.6105
31.8307
36.0139
36.6795
41.4971
44.399
34.7613
36.3994
31.3054
38.3638
33.936
48.3182
33.2811
36.6463
30.4171
41.8646
42.5144
37.009
42.8193
35.1348
33.0595
35.4328
45.75
40.8061
37.7491
42.982
38.9905
36.8823
43.1482
42.9723
36.3511
39.8627
40.5587
36.1524
37.2012
38.7237
36.9096
51.5942
37.8224
33.0418
33.6311
38.3776
36.3794
44.7053
44.8368
36.4586
36.3174
39.5629
35.8021
38.3809
31.3291
44.4165
44.2477
38.2217
42.3206
40.9636
39.3309
42.8016
45.4128
37.9901
36.1029
38.279
38.703
47.7129
33.0139
49.607
36.5008
31.3443
39.201
32.5277
33.1306
35.9996
47.5267
33.5682
34.1507
37.3989
36.7024
34.676
34.5853
35.5455
29.4658
36.198
42.7173
37.569
40.5352
39.7653
39.5742
42.1869
38.4556
37.6846
42.9759
34.7679
39.1135
32.7885
33.0932
41.6403
39.7684
41.9759
50.0102
42.4205
37.4478
43.3299
43.4315
38.7732
37.7344
42.8452
43.6455
37.4782
40.2676
44.712
43.5487
34.6253
46.7749
39.6524
37.9277
43.676
43.1165
36.3439
34.1815
36.5841
39.6519
37.6634
41.9374
38.6063
36.6401
39.5923
41.0478
49.6671
48.6671
33.1665
36.9099
38.7997
36.0336
44.8828
39.1621
33.8153
44.7827
39.7989
41.1025
37.9801
36.4651
34.1909
39.0998
43.1575
43.4518
42.8454
38.3696
43.1459
41.7532
49.9891
38.1749
46.0451
37.0284
45.4033
39.0621
39.0378
38.4618
38.562
39.1813
32.4205
41.6329
40.023
34.5484
34.4853
35.948
32.1754
36.116
35.2758
41.3474
36.1299
38.1068
33.8802
42.5825
42.748
39.1461
55.0789
37.5229
36.3672
49.822
37.233
36.203
38.1103
36.694
40.1216
31.9268
45.1986
33.1092
29.8675
35.4834
42.0607
48.7104
38.8273
37.3408
37.9075
44.9844
47.7555
36.2408
42.4208
36.9876
37.523
36.8467
35.8677
40.9546
37.1526
42.7166
43.3065
31.9732
35.6682
43.0715
47.5107
52.8353
40.2842
47.7001
55.0078
34.4527
44.7279
50.7622
46.6521
36.2849
40.3784
32.3426
42.7311
50.7736
36.0696
37.8467
35.8616
47.3439
40.1009
36.9292
36.913
32.5796
46.6569
43.9391
41.6787
35.7497
36.9164
36.9157
48.0085
35.5694
42.2204
51.7665
37.086
36.4751
34.4454
41.9418
49.0458
38.2495
43.3378
45.1239
39.3803
39.8404
39.4803
47.9145
43.3181
38.5896
43.359
33.3885
34.4646
37.8016
36.2862
36.9917
39.8663
34.6042
38.4075
36.7043
42.534
44.425
47.0173
38.543
46.1805
41.405
41.1774
35.7885
40.7252
40.4591
41.7267
36.3727
38.5507
48.4065
43.1592
43.9417
32.987
41.1153
40.1481
38.2296
40.7877
40.7587
39.8358
43.5906
38.5505
42.3479
39.8904
42.0308
43.2019
37.8251
37.84
39.4375
42.5326
37.6344
37.7421
34.5658
41.1458
36.7771
35.6336
37.4931
39.6262
31.4894
35.4165
33.4942
34.3988
40.4212
40.9861
36.9517
39.078
39.296
33.5597
40.5412
36.7854
37.1909
39.4287
43.6698
34.7172
47.7857
38.1703
39.2076
42.9221
36.7644
41.205
36.464
37.2375
36.2212
35.1948
36.6937
48.6651
48.9739
39.5107
41.1284
38.8708
44.893
36.3788
41.43
43.1371
47.7501
36.2938
46.6311
34.6789
43.1479
44.317
38.7402
41.5976
38.5418
42.5918
46.5225
37.5226
41.0377
39.3955
36.0916
36.0074
44.4207
38.4939
39.1674
45.5938
36.7831
45.4668
42.6816
40.4229
41.7924
41.2628
42.8451
46.4069
36.1654
50.086
35.8865
47.2194
39.1036
42.3111
53.5929
32.5997
33.7767
35.9595
41.2728
34.0482
42.2381
46.5631
37.1341
44.2518
39.476
43.8109
42.2575
40.397
36.5798
40.6744
37.926
31.9196
35.9218
42.3663
37.8834
32.2111
38.5725
44.2864
34.1651
37.9159
36.0402
51.0378
53.0619
44.2618
50.6117
43.7322
33.3671
43.8218
40.2744
35.8808
43.0978
35.5449
38.0203
33.5431
39.9919
33.2874
37.7001
36.924
36.5808
31.6894
33.8699
40.425
48.2167
35.1105
40.7522
39.4893
39.515
36.5712
38.8906
38.1981
40.1578
33.3927
37.0004
38.8314
45.1456
39.2737
37.4452
34.0799
38.6747
38.8982
36.8826
46.0805
37.5168
40.938
32.8478
52.2661
39.3073
36.3306
39.1023
50.2444
37.4364
36.2324
36.3342
38.2941
39.8525
43.4947
37.5936
40.9663
38.6686
32.2323
41.5402
38.374
35.0521
33.5164
41.6962
34.7914
36.3209
33.9315
36.5569
38.2967
53.8429
36.2006
43.5679
38.9765
36.7402
41.0505
44.9493
45.7461
42.0389
42.7845
39.7564
44.9021
43.9601
37.5754
36.837
35.2527
42.3807
36.737
36.3073
53.3441
37.2913
35.5101
35.2594
43.9337
41.4593
38.5852
34.579
38.1634
41.2037
37.4739
39.1195
41.9466
36.5349
37.8697
36.1673
32.4782
41.8981
41.0223
33.1176
42.4926
38.6772
49.5298
39.069
37.022
42.5459
38.6321
39.2756
33.559
37.5687
44.0052
35.2817
37.7838
38.0369
40.6417
47.4927
37.0539
37.1936
45.1439
32.9899
39.7848
30.9448
38.6239
41.1808
40.6478
38.7256
25.8265
37.999
36.3108
36.4668
36.6688
40.4241
42.2891
39.2694
39.8778
39.7312
43.8975
43.1029
39.1971
37.2017
39.5448
37.7305
44.1516
45.4425
36.1798
44.7935
40.3848
39.2038
43.783
31.3332
32.0055
36.4503
39.7458
38.8783
41.2979
38.6303
41.1142
43.2272
30.5423
35.2704
42.74
38.8583
43.8797
41.7876
36.4989
40.4066
41.4974
41.0599
43.4376
40.9709
32.4213
33.6947
37.4325
37.7494
49.8464
34.3171
39.5178
43.5194
38.9706
52.3879
37.4488
39.7984
36.722
41.6089
38.9081
37.879
40.9793
47.9727
36.986
35.8825
37.1479
44.6719
35.357
34.1382
35.7087
50.2647
41.215
47.5951
36.2036
33.5522
42.7285
35.7199
34.2567
33.3779
36.0285
41.3858
42.5844
37.5183
37.6528
41.459
47.9577
42.5871
33.4497
33.99
36.7796
41.9766
34.8522
36.1268
35.2064
34.8279
36.4213
40.29
38.9443
37.5606
42.7734
42.0631
35.1567
42.778
35.8407
46.3715
52.4813
40.1103
33.6718
34.3785
40.7317
38.5113
44.322
40.453
37.7146
40.9806
39.4699
49.9838
46.0533
43.2845
39.0442
39.2498
33.9629
39.697
31.7634
33.7071
33.7606
37.1555
40.5308
43.0972
41.6641
40.3228
44.923
36.0677
44.5872
34.7451
44.519
43.9253
40.4974
38.1079
34.7144
36.2113
39.9279
43.8209
47.9337
35.4115
37.5399
37.9957
36.3812
39.142
36.5849
41.0902
46.9376
36.5107
39.5741
35.9179
34.3611
39.7239
31.4452
49.8962
33.049
42.3977
44.2711
39.4942
39.9322
31.6365
42.671
39.171
34.0505
38.6518
41.3121
41.4993
33.7065
32.7176
49.5036
42.8158
41.7089
43.5076
36.1469
38.7723
36.7233
40.7468
51.9473
36.2175
36.3812
48.2317
43.3607
47.4527
38.1915
32.6047
36.8205
46.0409
37.8984
32.988
37.6899
44.0306
31.8701
43.4508
35.6783
35.0356
37.385
37.5989
38.9135
32.6828
38.7084
38.1868
38.181
33.3404
45.7347
43.7397
36.8181
34
52.2468
38.0036
39.087
37.555
38.0294
35.4291
41.3511
33.9707
42.51
41.1233
36.6918
36.9549
32.5963
33.2739
42.1306
45.2387
38.9948
37.4197
41.7981
38.9878
44.5753
41.7753
38.9082
38.1652
39.6062
42.3525
44.3678
36.6966
30.7465
34.6352
36.0252
41.0297
47.2435
37.3816
37.8226
38.3067
33.8836
43.1362
44.0065
41.7716
41.8709
46.2661
41.819
42.2462
42.848
38.8692
35.7325
36.5535
35.9816
36.7972
37.9393
38.2223
38.5655
30.7736
34.9074
40.0451
35.1606
38.3917
39.9834
37.1376
46.401
35.5877
36.4993
38.4895
32.9415
41.9322
39.1072
39.1202
43.4643
45.5961
39.2584
35.4605
40.4918
43.7003
40.7909
50.6606
41.5483
36.3702
44.4734
38.7559
49.0013
32.5516
36.1344
47.5208
39.1274
38.0654
38.9943
45.9672
51.9784
35.4793
32.8097
51.3816
49.2033
50.9553
45.3099
34.9324
42.4291
38.7095
51.0686
44.9989
40.415
38.8469
45.3645
42.8082
39.0135
37.1457
35.4295
35.5906
40.3898
47.0819
44.1833
32.2727
35.8915
38.7644
34.7251
34.6845
39.5437
33.9134
42.0388
33.0492
36.8405
43.4874
36.2495
38.4387
36.5139
41.3081
45.555
34.0311
33.3441
41.9169
42.2943
41.6275
42.4403
35.1659
39.8974
40.0217
42.7398
35.9497
33.8296
41.3551
41.1792
43.7871
43.4867
37.7507
44.3832
37.5677
37.3892
36.6851
32.0556
34.7796
36.5101
39.9726
38.0573
36.3155
45.4416
44.812
35.0845
41.5983
39.6761
35.2728
43.0379
37.0646
38.9138
50.8347
37.422
43.9281
43.3412
36.5123
36.2832
37.9573
37.0567
38.6404
40.5065
31.7629
42.3914
38.6815
35.7903
37.8269
45.4768
34.3248
34.21
35.0022
39.6328
37.8269
35.1459
43.3539
42.0004
41.323
41.9099
39.3409
39.7176
45.3137
33.0514
40.581
37.625
33.7956
43.3819
45.6711
32.1434
36.8119
33.0875
48.118
36.4953
43.8891
37.3948
36.7619
36.8003
36.4791
36.3626
36.8848
40.2132
45.3336
39.0275
35.0681
40.9647
40.1736
34.6244
30.2554
33.1605
42.034
30.9768
52.6579
45.6807
46.4434
40.9035
38.7242
40.1736
37.3312
35.7799
41.6493
42.7658
40.3939
43.8911
33.6154
36.9716
35.8555
37.333
35.3278
43.9891
37.2477
36.9756
43.3395
41.2796
42.199
40.5944
38.0593
47.247
41.1266
34.8831
34.5705
34.2579
35.9254
43.3665
48.5724
37.1592
39.0296
42.9432
38.1305
38.0578
37.5108
31.8544
35.9304
40.6966
34.204
43.2664
36.1715
36.2601
38.9117
44.1565
36.494
34.6536
39.7057
41.9081
35.687
42.4415
45.8583
43.1963
46.2321
34.1494
43.5126
33.7829
37.3315
39.9401
43.4105
37.8315
41.3581
34.523
36.0392
37.6032
35.8378
38.9306
40.0086
36.09
39.4645
43.3334
38.6106
46.8162
45.123
34.9032
46.8416
38.6707
42.4685
44.4184
34.7981
38.1593
38.104
36.4282
36.4942
41.8767
46.1418
46.843
40.0812
37.8671
42.5645
36.0291
38.376
45.6446
41.6557
42.6705
44.4916
38.0719
39.0805
35.4361
40.0871
35.3044
38.8789
37.6205
39.7937
37.8837
41.6837
42.7155
44.8429
45.4136
42.6281
39.0584
36.359
52.9952
50.6228
45.9394
37.0436
42.3238
40.3216
37.8532
46.4848
40.2201
40.7953
37.1178
32.9229
44.0604
35.9169
35.6533
47.1987
32.4557
38.431
43.4482
42.9076
36.0575
32.1548
40.7003
43.9242
34.1827
35.5326
37.1554
37.0592
45.2756
38.5637
51.2646
41.6907
37.8361
44.8353
42.9509
39.2649
38.4906
37.6265
43.3447
40.1111
43.689
44.3342
37.4186
40.3347
33.8356
36.9491
49.9048
41.3012
35.4253
38.0736
42.8278
43
54.0648
35.7289
38.3058
36.2745
38.4546
38.2175
36.5963
38.5332
36.3886
35.2854
37.0524
46.056
40.7455
39.9901
46.729
38.2161
37.8065
44.2301
39.8375
38.8159
36.0311
35.2938
52.5668
38.329
51.1337
47.1417
43.0279
46.4702
45.2268
53.8021
56.9662
35.7558
37.6969
38.4548
39.5264
32.4635
40.3388
43.7173
40.0309
42.9801
35.0388
42.8077
43.1669
37.2988
35.9785
34.2019
40.0148
39.0818
42.8824
40.9729
43.3723
34.6618
34.7945
33.933
36.9513
36.8436
39.7737
38.2032
36.6265
38.3464
37.4905
49.127
34.9414
36.3905
35.9708
40.6414
49.8892
40.2236
42.0913
33.8768
30.275
41.7568
34.2885
38.6267
58.2719
44.5774
36.6538
39.0314
34.4059
45.3943
50.0015
37.4596
40.3423
36.6004
35.0574
40.109
45.5346
35.33
43.5674
38.973
40.3335
34.2436
33.752
39.3639
35.7769
36.6916
37.684
41.9839
37.0608
36.0576
49.8141
41.2723
36.5441
37.0759
41.5327
35.7626
42.5454
47.9436
46.2784
34.9771
51.8136
42.281
37.5422
35.845
38.7193
37.6566
46.6636
34.6062
35.7872
41.1153
35.735
37.3292
34.5045
42.9483
41.7546
40.5738
35.4449
42.5976
33.2384
40.1891
43.4299
39.0161
40.0905
48.674
45.6325
36.6186
46.9964
41.7423
33.7341
34.6653
33.1211
44.0566
49.848
39.6772
38.1831
38.1194
45.0193
37.4908
38.1718
41.408
34.9431
38.1232
44.885
51.6539
36.0899
40.0664
41.8335
39.4378
34.1408
40.5855
36.403
42.7068
40.9272
42.8026
33.6127
39.9037
38.5285
37.0692
40.2179
39.559
44.2995
40.4947
49.5821
43.4175
38.1844
34.8492
35.7275
36.6348
36.6444
31.6099
38.7693
36.0548
30.8667
53.2268
37.3329
38.2256
36.6305
38.3809
39.1422
42.1743
37.5715
37.1617
37.101
39.6726
37.0772
39.7323
44.9958
33.8613
31.6514
34.3494
36.9314
32.6973
32.4587
33.6309
36.1101
47.7461
48.6073
44.1495
42.0079
33.917
47.2062
43.9015
44.0256
35.5573
41.4568
35.1909
36.8196
36.3773
35.6964
41.1106
33.7974
40.5139
35.4356
44.1923
42.6812
33.1055
40.8389
41.5373
33.7592
44.7844
47.6719
33.7903
42.9851
44.6066
36.9543
39.3652
30.7836
42.8381
32.2878
36.328
37.3264
36.4502
40.71
49.2774
41.3945
41.5049
35.8352
39.1978
40.0699
38.7873
38.7393
35.4121
38.0256
32.1878
40.2835
49.2977
33.8399
34.8857
37.2723
42.1317
35.8059
32.2332
42.2395
34.2609
43.9414
42.0795
43.6023
34.8368
40.1813
35.6166
38.2992
41.0536
41.4152
32.7085
41.5548
39.2932
39.1521
41.3876
35.4535
39.2647
32.7344
42.2772
35.2847
35.0663
36.5909
38.5952
52.9257
41.1485
40.6646
39.7373
41.6356
41.8996
33.1083
35.1348
43.4279
43.7096
43.8086
43.7925
30.2534
39.1608
34.6426
42.7646
37.2852
49.2826
41.5439
37.4273
38.0761
42.1746
33.4415
39.8352
43.5394
37.4696
47.5859
41.1281
38.2763
37.8493
35.5291
39.4784
41.8403
35.1844
36.2253
34.0389
40.3589
41.8619
44.2741
39.6814
49.0956
32.57
35.507
43.7782
42.8708
42.8386
35.5796
38.5817
45.6398
44.1854
30.4388
33.4375
43.1139
37.661
38.4759
41.1611
37.1208
35.4574
36.0819
38.0468
36.3679
40.9295
34.5699
36.267
36.7961
38.4381
30.9438
44.4916
35.3362
36.9867
47.9942
33.3343
33.7605
40.5439
37.7563
43.0212
38.5858
38.9255
45.4273
33.6856
36.4214
37.0479
39.9387
34.0157
43.4138
34.3416
38.5872
37.9328
35.3978
37.0154
38.0907
36.3466
45.7764
43.5116
34.0205
37.1733
36.382
34.2456
43.7069
33.9395
32.3427
44.4283
31.9638
40.3647
44.3957
49.6797
41.799
33.01
40.783
39.8428
40.175
37.8961
40.3525
35.3367
40.6714
35.1219
39.7632
35.3818
50.1988
39.6373
38.902
38.8
36.5605
30.4367
41.5223
42.8275
34.5486
38.3711
42.434
42.1385
37.4337
38.0925
39.149
41.6655
42.5546
41.999
31.7309
35.5025
38.9001
31.0685
36.3531
37.7691
33.8247
39.5638
38.6509
35.1803
30.2774
42.196
37.4561
34.9617
33.8058
43.6082
41.0036
50.174
36.9287
43.5269
34.6528
39.3249
37.5887
37.1567
32.7891
39.9323
34.3097
42.0534
34.8572
34.9703
41.9639
36.9068
43.4205
37.7393
38.0573
35.6177
44.0917
38.9446
37.3743
44.9941
44.3947
48.7204
51.7554
37.6589
41.7453
45.3811
38.4006
44.4725
39.7084
42.8209
52.3872
38.5382
31.9645
41.9456
41.1006
34.5833
42.0154
38.084
36.4943
37.2061
32.2331
34.2979
40.4283
42.0776
51.8664
40.3499
36.8992
34.5658
37.6102
43.2968
34.3847
34.6674
39.5492
32.079
45.6766
38.2034
36.8617
40.0457
44.1134
41.1489
40.2186
31.7168
39.8015
38.24
45.6112
38.4208
35.0979
36.9081
43.6111
34.6618
37.029
34.5528
36.4265
37.087
39.1034
50.1828
36.0408
46.8867
33.6632
35.5176
42.9787
34.8765
44.1112
44.0817
38.9101
39.1853
40.335
40.5279
40.3411
35.0472
37.0323
40.0497
36.5218
38.9146
33.7813
41.3186
39.097
38.362
40.1501
35.6357
38.3531
39.6149
39.506
35.7284
48.5837
38.3929
42.5868
31.4302
37.5277
34.6625
35.912
35.1972
35.8439
37.6633
51.9396
45.2885
36.1621
37.8341
42.4173
37.317
45.0859
41.085
32.7233
41.4859
42.8443
42.6032
37.4427
38.9881
42.9655
40.2183
38.3765
45.0142
49.153
35.2971
46.318
35.804
38.563
42.035
44.4284
32.9221
44.5387
33.8013
44.8579
35.4944
32.3683
41.4265
37.1327
44.1267
40.4228
42.7007
37.6952
36.6828
42.8177
35.2322
38.2024
38.6469
36.7239
42.3007
41.5188
38.1016
38.6959
38.7461
39.2378
36.5254
40.0981
49.0594
37.4738
42.0304
39.6006
29.7658
42.7421
38.9939
45.5463
33.6238
34.5699
35.2191
43.2504
33.3
36.1408
38.3323
42.1275
48.4877
43.6032
34.9417
41.1212
38.7468
44.4757
40.9682
35.1593
43.8105
35.7863
38.5806
41.4648
39.6145
30.3733
39.0678
37.5732
38.8455
42.3349
46.29
40.5442
38.9612
34.7483
44.622
38.8203
50.1199
34.7676
40.5668
40.7393
40.4384
45.3848
41.3931
45.4176
34.3049
33.0662
40.9694
43.9748
36.567
46.6344
38.8978
41.6192
35.946
40.2043
37.6737
39.2236
39.5371
34.0452
37.9538
38.6608
40.9559
40.8554
42.1465
35.1464
39.4113
33.9342
34.9936
32.5889
37.8454
51.1317
40.1403
40.1799
35.6676
34.6197
41.3966
34.8786
45.1468
43.56
42.8975
44.7239
45.7191
34.8699
40.1224
40.0195
41.4582
33.6446
37.7614
51.7216
44.9291
36.7979
40.0158
50.303
33.2901
39.3154
46.6492
39.2913
47.5847
39.2278
35.2543
40.2133
47.2875
43.6524
38.3235
39.1131
35.0818
35.6835
37.6459
36.963
42.7202
36.1606
38.3334
41.651
42.5522
41.6013
33.9708
44.5367
44.0138
46.1017
48.9538
42.1122
37.2433
32.1777
39.5441
43.3276
50.3104
47.8003
51.654
32.5932
35.3302
39.3964
35.1189
37.2638
41.929
36.1226
39.6936
35.5806
34.2306
37.2012
50.6992
34.6736
38.622
40.2939
45.4812
42.1093
38.1778
39.2815
44.7512
43.5129
40.1337
37.2739
38.7761
34.3617
37.8713
35.9972
50.4421
51.1537
40.9032
44.1139
37.1033
52.0022
40.3119
38.0614
38.0438
39.3588
44.746
34.8386
44.7306
43.0836
42.8982
34.2829
37.9163
35.7767
36.276
43.9426
44.6469
34.4666
32.3086
38.0821
35.1475
44.1795
39.8926
38.0679
39.5392
33.5945
37.9327
44.2531
38.0372
31.5011
39.1083
34.9847
41.2505
48.7476
34.0073
33.1137
32.2736
37.6224
39.3724
38.8592
39.6754
32.0764
39.4258
37.7112
46.1179
42.434
35.6768
44.1561
36.6024
44.5589
33.5943
40.7539
41.8433
41.667
42.6432
34.6344
31.9082
48.0529
39.3053
45.8117
40.8822
36.0348
42.734
44.2018
33.3673
40.5742
36.3076
42.1735
38.051
32.2288
42.7251
35.5409
42.1521
45.8085
41.5785
47.5704
37.9715
39.0248
36.9896
41.6549
32.6954
42.1898
34.7992
37.4959
46.2018
36.9617
40.1035
43.885
45.8731
37.0386
40.1333
42.8654
36.9844
45.896
34.1302
37.3314
39.4206
41.3749
40.7796
38.9439
40.4098
34.7779
47.2447
37.7416
44.9753
40.1765
41.9855
36.6221
34.1754
44.7654
35.9461
40.6433
34.3923
37.5365
48.664
34.8121
35.8274
40.1779
40.7353
37.0216
45.4838
39.9035
38.8173
37.9345
36.3309
39.4158
35.7247
35.43
43.915
42.0656
32.6052
31.6808
32.9917
36.9961
47.4375
40.5676
33.4852
35.8472
32.7677
60.3632
36.2471
54.0028
38.8855
33.7602
38.0939
39.6639
40.6221
39.1843
39.7557
38.513
35.5166
42.5157
41.2898
38.2494
35.2309
49.6908
36.3867
50.8574
44.0864
52.2177
45.1239
35.2257
39.5314
35.5932
35.4206
41.6426
33.8765
45.3863
47.3082
35.1922
38.8392
32.7249
36.203
47.2489
37.9637
38.756
35.4363
36.1233
36.0609
33.269
30.8127
41.6746
40.9013
46.8935
39.8506
40.209
32.7003
44.738
41.7031
37.6307
39.7758
46.3187
38.0052
45.0292
44.4198
37.0395
35.8635
35.3403
39.5747
37.5373
53.1696
37.2195
37.6201
48.4927
37.4553
37.5631
43.3771
35.4486
43.3067
35.6956
36.8631
32.5865
35.9712
44.7488
38.0271
38.014
40.769
41.2685
39.8513
38.4082
39.7724
47.0828
38.7066
38.1002
38.2822
38.9631
49.8309
38.1325
36.4597
38.1187
38.8727
44.1904
42.2681
44.3006
42.6139
41.7645
33.1152
33.7807
46.9477
40.4349
39.5073
41.6552
34.2267
34.0327
41.5758
36.5833
38.7336
34.6995
34.6792
46.7948
37.6742
32.4124
37.9126
38.5505
36.3871
38.4373
52.788
38.4223
40.3282
45.5313
37.4734
38.9195
42.9027
40.9685
47.2274
40.286
46.6944
30.9798
36.0676
39.5371
35.9427
35.5832
38.6325
37.3481
40.2902
38.9994
49.2599
33.9705
50.5708
30.0642
40.2036
30.3838
41.9587
40.3451
37.0679
44.2775
38.3043
33.7665
43.089
41.6281
43.5472
36.7842
41.7022
36.2983
38.0715
35.0963
44.1199
43.6531
34.9704
45.4226
31.448
65.2648
37.7346
40.5115
47.5489
41.7319
36.5615
34.6501
35.5428
34.2283
41.7371
43.0406
42.5302
47.2915
38.8477
37.2074
33.3711
38.004
42.9076
38.3882
35.3191
34.3746
44.3779
49.4166
40.8936
33.8704
37.1653
41.164
36.1649
38.2897
40.0572
34.619
49.8654
35.3242
41.8093
43.6741
39.5681
37.799
40.5086
33.5518
39.1715
35.5482
36.3764
36.327
30.4597
31.0417
45.1834
35.153
43.5773
42.9831
43.0444
35.6497
38.598
41.7467
39.293
40.1802
40.1842
36.5419
38.989
43.4386
33.6684
40.3177
40.9135
36.8459
36.3408
36.5163
45.4398
56.2045
41.7772
36.9157
33.6969
40.531
38.1397
39.9665
42.1028
37.5038
40.3036
36.2495
38.8088
35.8109
39.9946
41.0451
41.2031
42.169
32.89
32.2911
44.0212
37.592
38.6797
42.3645
38.0247
42.5773
36.3101
39.8869
37.3239
35.3524
31.5898
48.4905
39.4719
36.1161
36.2258
36.4146
42.4279
35.7989
40.7138
38.7526
42.6673
34.9976
39.5624
41.3772
44.1858
39.3658
41.6599
38.6835
42.9472
40.4947
41.7954
35.9476
39.9792
53.5869
45.1501
33.694
39.8254
36.3631
32.7641
35.3064
41.4336
47.9128
37.8519
35.9262
38.4684
47.6903
37.7653
50.0239
38.4342
40.4947
34.3496
42.0706
39.7676
42.2981
36.817
35.9671
41.0925
42.7572
39.8518
42.703
44.9008
45.4905
55.2266
35.5598
45.9422
32.8168
42.7931
48.2481
36.0025
39.5543
32.5895
35.0332
34.2085
47.4059
44.0722
30.9769
40.8656
40.7577
37.3468
41.8851
35.8831
35.2487
54.6621
49.7814
38.4086
35.0715
44.3884
37.4597
32.2835
41.9188
32.0353
43.3646
34.7174
38.5751
38.6016
43.458
40.0323
51.8111
39.6197
46.843
47.1046
33.3077
35.5311
46.0163
32.9555
33.2942
36.7023
38.5577
36.9826
35.0493
44.5991
37.1981
33.4933
36.8232
39.585
36.8983
40.2725
47.0649
42.3364
45.1002
36.426
41.8324
35.3743
37.3851
44.0358
37.0931
36.8161
37.5038
43.3643
38.1443
39.6703
35.7496
36.7741
40.5533
43.5406
43.1694
42.4889
39.1014
48.4699
37.5169
40.3725
36.6171
43.7218
49.4409
34.2341
36.3998
45.2651
37.9607
34.39
39.6079
37.8425
37.7141
33.5668
37.2947
38.2449
37.5565
38.3047
42.1203
63.3895
36.9084
41.3519
33.9369
39.8881
38.985
47.0336
34.4959
39.6079
37.9872
36.7457
32.8997
40.7622
39.6075
38.7992
35.3277
34.0151
38.6281
37.1723
39.837
40.3638
34.2838
42.2119
42.0361
34.5591
37.872
38.5976
32.5654
36.8849
45.1377
35.6834
34.8154
43.1156
35.1131
42.476
42.3921
37.4887
33.5434
36.6115
36.6276
34.1645
36.7143
37.4418
56.3794
43.8302
32.873
31.8145
40.8368
33.2512
41.5921
35.0264
35.9753
43.7782
35.9
35.8062
35.072
34.2571
34.1276
36.1383
38.6761
62.078
42.0708
46.9242
38.1676
43.2113
36.7785
40.173
36.0117
40.0052
36.4595
40.9847
38.7247
33.5956
33.4487
35.8829
47.2713
47.7882
35.1462
38.0128
35.2855
47.9067
33.1217
42.4029
39.9841
45.7235
38.3695
46.252
41.5313
32.6449
37.4087
36.2827
42.3847
38.2208
33.9408
34.5931
33.4795
33.5208
33.6152
53.5697
40.3347
38.9343
41.7104
36.258
33.5325
43.3193
43.1633
38.528
39.8532
42.108
41.2738
37.0447
43.6629
31.3552
32.4559
37.4988
35.6479
38.9039
34.0575
35.3072
40.035
45.3255
39.3557
40.0599
36.5597
42.2866
35.2348
37.5054
37.971
44.6383
38.1315
40.6004
44.4562
43.4276
43.8317
39.4615
37.4446
46.5343
35.807
35.3632
47.2661
43.3142
38.8968
37.2507
36.7361
39.6373
33.2817
40.0154
36.3489
38.3921
39.6225
33.3031
38.3689
29.9477
36.6489
40.6885
40.9338
34.6726
36.6705
41.968
37.7758
38.2485
36.6348
38.6413
46.4966
34.7306
44.202
36.8519
36.0214
34.774
40.3093
33.9333
35.5329
47.6275
37.9402
37.9737
35.4223
45.4972
43.6912
35.2285
35.8925
38.2418
38.049
43.8806
37.4458
40.5816
32.6919
39.3693
38.0581
42.9232
35.1467
35.8356
37.2307
35.1263
45.5117
40.3399
36.439
42.5681
39.5531
39.326
35.5699
36.9703
36.8039
40.5981
34.5162
38.9636
42.4871
36.6838
33.6275
39.8138
34.482
42.4774
43.1327
41.0216
30.7179
36.6704
40.4167
37.933
42.0181
40.0711
43.7902
42.0729
40.9926
42.0601
36.1894
36.2313
36.7098
34.8632
38.2754
41.7835
40.8641
31.9375
39.7186
40.6328
39.3705
40.479
38.5786
37.0392
43.6895
31.339
36.1831
39.3727
35.6535
35.7974
41.3312
49.397
36.2711
41.4586
42.2724
38.1067
39.3285
42.4578
41.9482
39.6354
45.4625
30.8326
35.4115
36.4743
43.2288
35.5881
42.6579
47.2471
40.3525
45.561
33.755
41.5624
33.746
38.2924
44.1854
36.4339
43.094
35.5337
40.8928
36.3573
36.2126
36.3997
39.0781
33.1315
36.7535
27.278
33.2469
40.6949
41.6643
37.8574
47.0954
36.6734
38.3824
36.1088
37.9592
36.6812
36.8568
51.0682
36.6247
46.5448
36.4026
36.2798
33.5124
35.2745
44.6937
35.2973
42.5563
44.3694
33.9019
34.6033
34.9602
39.4532
33.8274
40.4212
36.4353
37.5419
43.3503
36.7685
40.3342
39.2025
36.6287
35.3178
42.8059
36.2102
45.2579
46.0351
34.7399
31.4414
40.6577
39.0104
36.7376
39.1476
39.3115
41.7015
41.2593
32.6675
41.4456
41.0771
44.6433
41.785
40.6563
38.1294
43.7028
40.5632
30.4309
41.8237
38.9144
50.1579
34.95
46.148
37.3549
42.0116
35.7789
43.7064
32.4973
39.5851
40.7283
46.752
40.0362
40.5724
34.9448
33.7009
41.4069
44.6754
44.9473
43.2247
35.3541
51.0198
38.8735
37.3176
37.3847
38.4383
41.7508
49.4483
35.557
39.159
42.2808
35.5713
39.8186
48.3929
34.5622
43.6357
42.2847
44.6351
40.3575
35.7488
42.7888
41.3768
40.2308
33.8059
34.579
34.7444
34.7605
43.7868
37.2629
38.3374
38.5667
38.0897
39.0522
37.1106
36.7159
41.213
42.9471
50.9189
43.643
40.4116
41.8751
35.6202
31.3947
35.4515
46.885
38.1234
37.5319
35.959
37.7987
39.806
34.9978
41.0409
43.2348
34.9201
34.9088
42.4909
42.1201
41.9236
35.1276
49.7785
57.243
36.1992
40.4592
39.0298
41.4747
43.0104
36.6166
43.8171
38.2548
40.2184
34.7955
37.9657
37.4788
34.9795
40.719
38.1728
42.0244
40.3745
44.2563
42.2601
31.7156
55.5086
39.9501
38.6782
37.4356
49.4267
38.3108
35.9343
33.5509
32.789
36.9061
40.0984
45.8798
37.131
43.0248
34.5397
37.356
45.4546
36.2035
34.5151
36.8436
43.6375
44.2307
35.0359
46.6161
38.1539
38.1881
43.8286
29.9535
41.169
38.0579
44.2573
36.4026
35.7102
36.8132
37.4728
42.4914
38.956
39.9598
36.1408
38.6164
40.0591
37.1152
40.1202
38.5351
37.3016
37.5803
40.8982
35.0427
40.3696
40.6039
42.6128
52.1915
40.3103
33.9939
36.9148
35.2661
36.0157
36.9696
37.2446
42.9166
35.8904
42.4624
40.2813
43.2325
41.4713
36.3501
43.5643
34.1074
46.5554
32.4073
37.9031
44.2128
42.4251
49.9651
39.1822
36.0495
49.9246
36.6484
43.3424
50.5818
37.559
35.6294
36.9779
34.3557
33.3753
38.9465
39.4116
43.7748
35.9879
37.2382
51.1506
40.3036
42.1305
41.546
40.466
33.2566
39.1679
43.022
36.5594
39.5085
39.5066
39.2528
37.2337
40.467
33.8714
37.307
37.729
39.4144
39.4542
47.6478
33.6213
38.981
35.5194
42.3237
36.8853
36.1061
44.0154
39.7395
35.1817
38.6758
29.9346
36.3077
37.3251
39.6051
42.2036
38.0037
43.979
42.8079
37.9314
45.0229
44.4754
29.4994
43.6108
48.8122
37.9404
43.8134
42.453
39.8025
35.5228
36.8454
40.3613
39.0235
46.8701
40.3535
37.9941
37.419
39.594
40.4437
40.3911
42.1654
35.1982
35.3699
43.0634
36.9673
46.7679
36.3608
47.745
32.8257
36.5616
43.2244
37.5109
35.6621
45.5328
35.4219
39.6881
36.916
33.8987
33.8186
37.8603
39.4923
41.3106
35.0871
49.7019
41.1361
40.4029
40.7205
36.4613
39.9085
44.1954
37.0247
39.6463
38.1702
37.2061
44.2717
40.425
41.025
34.5206
37.964
44.3211
42.1732
34.2961
42.5462
36.2015
43.0649
35.4082
34.8862
41.9454
39.6001
35.4029
43.3869
40.4713
35.534
35.2808
43.1343
40.3085
36.3696
45.5242
40.418
39.1142
37.2669
43.1547
40.7789
40.2123
41.7744
36.3384
36.1377
35.44
35.631
38.275
36.9219
36.679
40.7218
35.1515
48.4558
40.6502
35.9563
38.652
37.8214
37.1316
34.6421
40.9176
46.8739
37.4291
41.7969
40.5814
37.6377
47.8196
35.3203
35.1255
44.1716
44.215
38.3857
40.6952
41.9615
48.8227
38.1268
43.7663
41.1897
41.1702
41.282
34.974
36.7048
40.2462
51.2362
44.7877
33.2221
41.2099
37.4985
30.1167
34.9532
33.9919
48.2121
43.2931
33.8483
33.994
38.9071
37.7405
43.2906
38.5624
37.3444
48.1651
33.573
48.64
40.9623
43.0467
36.975
44.9169
43.5197
38.1432
38.7616
36.7946
35.5889
40.7704
45.1759
37.7709
31.3417
37.5615
46.0533
30.5865
39.9059
40.0002
32.4539
44.0181
37.0203
48.6863
34.162
43.402
31.9821
35.7933
47.4698
37.1499
39.6877
45.5439
42.4273
37.6594
34.9727
41.6971
40.4789
45.544
38.1729
34.4695
40.8934
44.1506
38.8819
38.1421
42.8788
56.4618
39.0846
34.4662
38.584
38.4026
34.3382
37.131
37.3457
35.5279
35.388
39.8819
34.4291
38.3541
37.8986
34.7401
36.8351
38.053
39.7807
42.6503
37.1883
35.9232
47.9426
38.2148
34.3289
43.9772
41.8644
41.7644
36.9702
48.6554
42.0844
39.3106
48.5668
42.3818
43.7618
38.9651
32.541
37.5461
43.9298
44.5203
41.4821
41.2484
35.4385
34.8831
39.1125
39.7893
33.5936
46.794
43.8598
40.0827
38.5421
40.3052
33.8683
37.2923
34.6735
35.508
34.5221
41.0461
41.4581
47.764
37.9739
49.2566
34.8519
37.4189
38.6894
34.6579
39.2264
35.9137
32.901
33.1472
35.1973
41.1782
40.958
35.6043
38.1221
40.2759
38.5937
40.4432
43.1466
36.4599
42.9238
42.9232
43.6957
41.4167
42.8825
38.7414
40.1151
51.3668
40.4378
43.4108
39.3108
41.8616
49.3137
37.0749
44.6789
39.5751
41.9922
40.1605
36.3486
35.152
33.5786
37.9828
40.37
39.1398
36.9857
36.6929
35.2021
38.3749
33.3326
36.1656
33.4708
30.652
38.0549
39.5072
38.6728
39.7852
34.657
36.6321
32.9383
37.7633
49.5077
35.4446
51.1418
30.9095
39.3671
43.219
38.5351
33.778
42.9139
37.6187
40.5815
37.7076
39.3446
40.542
50.0269
36.7729
43.7942
32.6876
46.2725
34.9498
40.748
40.6733
38.4783
31.1757
41.5814
42.8288
45.2723
52.1414
39.826
33.207
42.8672
40.5695
36.9359
39.0768
38.3977
39.44
40.4269
44.7091
41.3848
37.2334
48.0464
41.4011
40.2208
39.7766
38.6411
41.6043
36.2964
36.9899
33.7014
40.5058
39.7881
43.3423
37.4996
34.6807
42.7704
34.2487
35.544
41.3488
37.442
42.5043
37.4179
40.3813
37.2765
52.2223
36.3289
49.0627
42.3471
34.6863
38.3845
34.0231
31.6551
33.9522
46.6185
40.7338
36.2766
36.2936
36.5761
35.9186
34.8617
34.3405
40.4938
32.3034
42.4738
42.2293
37.1284
38.0171
33.9979
49.9079
39.3594
35.1987
36.0678
41.1855
38.6379
35.515
42.0128
31.5636
37.037
37.5604
41.14
37.5143
37.4661
39.0887
41.9526
35.5024
36.4383
37.8378
38.9694
35.2355
40.4328
38.7477
39.3799
37.1392
39.6666
33.1328
33.8192
37.1133
41.9676
36.8931
35.08
41.6573
32.0923
35.4177
38.8224
35.4577
50.2156
35.5981
40.6837
39.231
37.7424
39.8214
37.5765
32.3955
33.8298
38.2676
45.0006
36.3152
37.6423
43.0827
37.5882
41.0981
35.8064
35.6217
38.0082
39.1417
45.7648
33.243
33.7552
38.3124
39.2378
38.2457
37.7617
39.7508
35.4692
33.8139
34.1576
34.8445
46.4386
33.6615
39.4267
38.493
31.4302
34.98
36.8431
37.2692
35.4472
37.524
39.1003
36.3356
37.7646
41.0774
34.8631
37.5372
46.6596
35.8844
38.4844
40.4248
48.2352
37.9649
41.3419
38.2064
41.3521
33.9731
39.823
31.7153
36.1486
40.4416
36.5007
38.3235
46.5226
38.0006
35.8944
32.5032
33.892
37.8082
44.0866
39.6914
43.4441
41.6079
44.3223
45.3391
42.3733
33.2919
44.1118
36.0338
41.2011
42.6196
34.728
36.3237
43.1541
37.8007
37.4328
35.9122
45.0206
39.7641
45.0529
40.7894
33.7915
36.2523
41.5262
43.1715
40.0836
43.0509
36.9978
41.1409
42.806
44.7433
46.3221
47.0802
40.6407
37.5629
36.257
38.3266
42.0048
42.8279
35.5551
34.7269
33.7483
39.0763
36.619
32.3631
37.9029
43.2351
38.5257
34.7915
39.3333
35.3713
39.9724
33.7281
37.8891
34.4135
43.32
35.5787
47.337
46.2595
42.9417
39.1321
45.3579
41.6698
40.0883
39.1602
39.8617
33.5185
42.1125
43.0257
33.8739
46.2936
40.9125
36.859
31.8761
48.0571
40.2144
47.083
39.6589
40.4133
43.7069
38.065
37.9396
37.8384
37.0833
34.7837
41.2035
32.9423
47.4788
52.7997
39.7852
41.7392
41.4744
41.0031
39.5629
37.8294
35.9553
41.9887
41.3894
38.2384
42.819
36.9034
34.8766
38.5358
42.0449
38.688
43.8142
41.4162
36.1628
34.6728
37.3784
36.7847
37.4024
36.3998
33.3709
44.429
30.4727
41.8421
39.8147
36.1655
40.3246
39.7541
37.8023
36.481
38.4494
34.4177
34.6756
38.405
44.2201
39.7353
36.168
40.6448
36.991
40.1016
37.4955
44.4243
41.1288
43.3835
48.3935
40.43
33.69
35.9805
44.8178
38.9797
37.6536
40.7055
33.6108
36.2152
36.1013
36.5079
37.1225
52.4424
40.7903
42.1311
31.9191
42.4417
39.5907
43.507
36.2663
47.3498
38.2204
38.6386
38.3689
40.3834
46.9141
35.1229
42.0127
48.5274
38.6813
35.7796
34.8258
49.5701
45.07
37.5087
35.6169
34.0426
35.8241
40.6104
38.4173
32.1553
38.5858
33.4074
41.0899
40.5152
45.7282
38.5071
44.196
40.4022
34.6595
40.7894
35.3487
43.1589
39.1439
40.2039
42.0409
34.6023
39.1957
41.3486
39.1525
37.5981
43.5422
39.5854
30.543
43.6349
39.6226
40.8063
35.5216
36.952
35.212
41.03
42.6814
50.1576
47.5382
38.8334
46.6321
37.8072
36.5559
49.423
45.3518
34.4198
36.778
36.4449
47.1634
34.6172
49.5943
31.9421
37.826
42.7839
39.8564
37.6387
45.3726
34.3138
37.4525
37.3907
43.1858
48.712
39.0846
40.8472
47.793
40.5098
42.3702
41.3582
37.7532
32.215
36.783
40.4909
46.4475
40.5083
38.7608
39.5878
37.453
45.2095
42.9567
35.9641
34.7647
42.7722
43.0954
37.8284
38.1815
50.2796
38.9961
46.612
38.004
39.8253
39.6756
32.4112
36.0177
41.0788
46.1667
50.5037
39.7201
41.3796
38.3422
37.7314
42.2296
42.4546
40.0845
37.21
51.3102
35.5896
34.6505
38.1285
37.6795
37.013
39.4624
31.1617
41.4581
43.4291
40.6019
37.7001
38.7475
35.1479
45.4653
37.5163
36.1598
44.6161
40.401
38.393
47.9903
34.5675
37.7127
34.6741
38.8125
38.8089
40.6954
41.35
41.2557
38.4041
46.294
35.0181
45.2183
36.098
40.7404
34.2526
36.0035
40.0881
36.5224
54.5921
32.7665
44.4247
34.0577
38.1078
44.9444
35.7925
37.3181
36.9793
38.7543
39.1121
37.6777
36.787
42.2717
39.8987
42.1561
51.3226
40.5772
42.0587
34.1168
32.7075
43.7605
36.0605
44.5856
34.5275
41.3184
42.1265
37.7729
42.1565
41.9073
34.9874
42.2481
39.5774
46.0922
38.1095
42.4739
34.2184
39.2824
35.8356
46.4375
31.5728
34.1657
30.4681
37.7837
38.163
37.1794
37.2627
40.757
40.701
45.9663
45.3831
36.8126
33.185
44.399
45.7652
33.3675
46.3473
36.542
31.8111
45.1784
43.2348
36.3934
36.9767
40.7624
49.6466
42.5468
38.7579
39.2328
31.7084
34.337
44.3657
36.025
45.4499
42.1584
40.9865
38.0036
35.065
46.7116
40.5734
35.681
40.7308
42.6012
33.6111
34.6366
42.3628
41.9281
33.6591
44.0369
37.0117
43.7431
33.6364
39.9921
42.4454
51.061
43.267
42.2798
36.3871
35.7648
36.1521
46.3497
46.9584
42.51
46.3731
30.1505
46.3342
33.8597
36.8052
33.9878
36.471
34.3964
40.2169
35.0825
35.1039
51.1473
36.7699
43.6291
33.6457
36.418
39.2979
38.6956
34.588
52.7186
37.3817
36.0922
37.1508
35.0284
35.5931
37.9127
40.4099
41.0199
42.3307
32.3776
34.5768
41.1761
35.3592
42.8745
36.4454
44.7606
36.7333
42.9194
38.5599
46.9785
38.6197
44.074
38.4396
43.402
38.4627
39.7638
40.6423
34.7914
48.0496
34.6469
38.0971
36.2172
42.1043
38.5768
45.6597
39.8551
37.6555
40.683
41.9256
41.7782
38.4646
37.9504
44.696
49.1386
33.7714
39.3866
42.992
36.1121
45.1492
41.2464
41.7595
37.508
41.4491
44.5348
38.2302
42.0773
41.8976
45.9374
37.7752
42.7583
43.5117
41.8389
32.1948
43.8434
35.9701
36.7942
35.451
35.0031
43.6682
39.7398
35.8922
36.06
31.7687
37.4625
38.4851
36.2014
38.1145
36.0214
41.5776
34.4726
37.9463
43.3286
38.3862
34.9286
40.771
37.5779
36.4697
39.5616
44.3905
35.5469
34.6292
39.5084
47.5214
36.6574
38.2579
47.556
36.2619
40.2213
39.1695
43.5877
35.4655
37.8226
47.2538
42.3076
35.432
34.4503
50.4749
45.6615
35.4102
37.8401
42.9625
37.3366
36.9809
34.6486
39.1228
37.066
34.7943
51.5033
30.9336
39.4359
46.6995
43.0963
32.0655
30.4434
35.1136
43.0244
37.0198
39.3131
41.1028
39.3485
46.997
51.3102
37.3691
40.9143
34.2975
38.8606
39.6639
35.9075
36.4754
42.4798
39.7513
40.6476
35.0592
37.5281
47.4624
44.1054
35.1607
40.5388
42.4899
44.6162
56.8224
40.3597
37.2869
44.6201
39.3983
39.9764
42.0616
47.808
37.9259
42.2233
37.6244
49.1222
43.2922
37.2555
40.8237
44.1475
43.6219
40.5473
38.0795
40.2919
37.3978
40.5015
37.8932
41.9906
35.002
46.8827
39.9269
34.4479
42.5801
36.9996
35.4829
35.1821
35.4262
35.9708
37.0974
42.9602
38.8596
41.2298
32.9982
38.0396
38.3438
45.2216
41.9784
34.2165
36.0344
37.9502
36.0207
44.5496
40.6458
42.1604
43.7222
47.4913
39.1823
41.083
32.5938
34.6304
46.4216
37.7308
32.8113
38.5536
41.2752
39.6324
34.8169
32.5783
48.7239
34.3473
41.0506
40.9018
30.055
37.1868
33.7114
33.4576
47.6248
41.1426
49.2196
35.8585
37.4283
41.0875
37.1861
32.1857
42.2653
34.9988
37.6594
36.2406
38.1413
52.7801
39.8789
35.1418
36.7797
40.4126
36.2807
41.0173
37.2258
37.5824
32.8585
40.7376
39.5451
46.7599
36.9565
47.8903
46.0487
43.3299
40.848
38.4257
43.1113
47.5215
38.25
36.2563
37.3586
56.5771
35.6302
44.1068
37.9157
35.0516
35.3839
42.0678
46.2072
42.4824
39.6408
38.1526
42.6646
43.4004
42.0887
35.3365
42.8524
35.7159
38.5461
50.2099
41.2029
46.4067
36.1169
43.9836
34.8591
42.2338
35.5636
36.2911
39.1066
51.3719
40.6067
49.4257
37.206
34.9681
40.6608
38.1499
39.3631
34.526
42.1992
34.4136
35.702
36.7398
35.7728
30.9911
39.1422
39.9328
42.6611
44.9398
35.987
50.2112
31.8612
45.7769
37.429
33.8938
38.7168
40.6911
34.8847
43.5216
40.2333
33.8917
39.3537
45.5197
39.542
37.9264
35.5766
42.6965
40.8301
31.7134
38.2075
43.4786
48.182
39.7298
41.9955
36.779
36.4842
33.2969
46.7788
35.8422
44.1125
36.0776
36.2243
34.862
44.9142
34.8604
40.2912
35.1564
41.4719
45.1011
42.1866
37.9205
35.6731
43.0607
38.4651
37.6627
43.9035
39.6273
38.4918
41.334
44.1349
41.2592
40.6364
43.2102
37.3397
40.8737
39.1783
53.6312
39.226
50.8279
42.5447
42.9059
35.7717
38.0631
37.709
40.0279
38.3715
34.6947
39.0549
49.5478
38.6208
34.1661
35.8256
36.6216
39.118
38.7459
41.3662
42.8713
34.9957
55.6658
35.0689
39.1841
50.1311
39.3777
44.1774
44.3677
38.9248
31.4898
38.1457
45.105
47.4525
45.9129
39.8387
36.0642
42.0968
32.0183
36.3525
35.4781
40.2105
43.608
40.3831
40.4601
40.4227
40.1103
39.1125
37.6493
39.1897
49.9337
37.2575
40.7642
33.6832
38.8788
35.9421
37.8503
34.7452
42.43
41.4046
44.7169
43.709
35.7886
35.9256
39.1082
37.2418
53.163
35.781
33.5622
43.7718
33.8006
35.1446
31.9524
33.517
38.0002
40.6406
39.7919
37.935
38.1676
40.4184
32.7567
43.094
39.0337
35.8282
39.6415
33.8373
39.6699
40.305
32.676
43.2822
38.8012
44.2333
37.0203
40.0655
38.2772
36.6769
42.157
46.42
37.5984
36.4258
48.1691
39.9516
40.077
37.1285
47.3941
39.9071
39.3994
39.2968
43.4746
46.0749
32.8174
44.7589
34.5076
35.2046
40.5047
40.2344
32.4774
44.4316
35.7005
36.6974
36.0216
41.2202
33.7697
41.379
44.1944
34.535
45.1189
38.9523
43.6594
41.8208
37.2053
33.2209
39.5012
43.4897
33.6527
36.8458
39.1292
35.0997
38.8101
40.6725
40.3456
45.7756
41.1133
40.131
38.1159
33.6605
36.2607
39.5501
39.0225
35.4955
33.8833
39.0667
40.0664
50.1208
36.5955
38.5575
47.5193
33.7703
40.2161
35.5507
47.1672
36.4709
37.5739
31.6674
41.6377
32.7742
31.9314
33.8144
46.6946
34.6647
40.8275
37.2035
31.7246
36.303
38.824
36.0008
43.3541
35.834
49.6107
51.0408
35.8022
35.0267
38.2332
36.2921
39.4399
44.1028
41.857
37.2354
32.9033
36.1251
49.6523
30.5454
35.9121
35.2008
38.365
35.6611
40.5643
42.9793
40.2225
34.1628
30.846
38.8116
42.4421
37.4676
36.8954
40.4828
40.8682
42.3623
45.0737
32.1863
33.0341
41.3271
42.4654
43.2077
36.0314
51.5606
37.6078
37.8439
33.3769
39.1922
38.7221
32.3883
42.84
43.1518
38.2396
38.9427
40.6124
43.9987
37.8358
38.6339
39.1147
39.8062
32.8427
36.2208
39.2187
38.178
36.0233
39.0361
50.1207
42.5566
40.2817
35.9197
38.0497
41.7216
36.5312
33.7823
43.4519
39.1409
40.5691
47.8216
42.6807
36.0522
40.4603
45.0493
43.4106
48.8693
52.4886
42.3927
33.2123
44.292
34.6288
34.2126
45.1807
44.6659
36.9341
40.0467
33.8606
37.3177
36.3013
35.9341
43.7951
50.1889
44.459
39.7557
45.0198
42.1562
41.6112
33.7836
43.3312
43.0288
52.0725
37.0258
39.8605
38.3951
44.3526
38.2636
40.4083
37.2068
37.8156
40.6395
37.7453
41.9552
36.8846
36.286
31.6387
40.6405
36.1139
45.5239
40.0897
40.1284
34.8706
43.3251
36.3359
42.5956
37.7563
38.6117
37.3701
33.3985
40.4545
34.6964
37.6274
41.187
45.9541
46.5317
39.4757
34.9157
41.2096
43.5108
47.0512
39.8102
37.6339
38.8712
47.35
41.618
40.6988
40.4473
42.2732
36.3414
40.0416
36.7368
35.9609
33.9732
38.9411
37.6824
43.4603
47.1984
37.7465
51.2851
38.7964
34.9101
38.9248
46.3005
36.3976
35.402
34.408
36.7285
33.4516
36.8214
35.0908
34.8289
42.7955
36.5598
35.6564
38.7679
42.7051
30.9494
38.4363
48.6763
39.1676
37.0545
32.684
43.0154
47.3915
47.9556
45.3754
45.384
38.1699
44.69
37.2419
37.8776
33.9335
37.9506
63.6089
31.6893
39.054
43.102
47.1414
36.7358
45.7546
37.791
35.9362
45.3848
30.3555
37.9553
39.039
40.1909
38.362
36.4406
36.3069
44.1205
47.4859
47.7238
39.8071
39.6686
36.4685
43.4282
43.1516
37.3711
37.6101
47.6593
41.2452
46.1842
44.3591
42.1063
43.8985
39.9493
37.1303
34.0747
41.8115
36.5948
43.4747
41.0949
37.0529
31.4598
40.0227
40.8298
34.7274
35.9089
41.2802
40.8132
40.6529
32.0391
38.7036
42.5528
50.7537
41.4075
37.8301
40.101
44.3565
43.5274
40.6335
32.9532
39.5767
36.0831
34.3453
49.3811
32.8701
35.6244
34.5629
41.2351
41.4675
40.3729
40.571
44.2985
43.803
31.6948
34.2522
45.4081
35.8948
39.8631
40.4609
40.6256
43.9069
33.1519
46.247
35.7145
46.9171
41.6306
35.222
41.1973
38.8504
38.8471
43.5355
41.5995
42.8998
39.5249
38.1051
37.6821
42.6976
43.3924
46.3525
36.3251
39.7189
33.6636
36.5449
39.1885
37.28
44.0718
38.0223
43.8936
45.3104
40.1302
40.2966
38.0375
39.1069
36.5257
37.48
38.8467
30.315
36.6359
44.1699
37.3717
46.3331
41.4001
40.9987
32.1449
37.9373
35.3495
42.9766
35.464
44.9325
40.5919
34.134
47.4984
41.2052
33.619
41.3783
34.1727
43.8167
36.1087
45.5511
43.6052
34.8489
36.0899
45.4176
38.3663
47.6536
44.1906
38.5952
42.6632
38.9763
34.6466
48.0723
39.7072
38.4945
37.051
36.1801
39.3164
35.8831
38.6072
42.1304
35.9622
36.9158
51.41
47.8933
41.313
39.3094
34.024
41.8406
47.8298
35.9032
43.4652
41.1135
40.7438
44.5797
44.8563
40.6538
32.9744
36.8096
38.3472
35.3213
38.7593
44.6015
40.4363
42.7121
39.8158
33.9383
46.492
46.8213
34.3767
37.3221
36.8248
33.1129
37.4915
42.4141
38.4619
39.4947
40.984
36.9564
35.5874
45.2176
34.4132
31.405
36.4381
37.3022
52.7509
34.4898
33.9399
38.3158
46.201
34.5507
33.5664
39.3901
41.7165
42.8074
37.6246
41.2093
34.644
45.2079
33.189
41.6778
40.1823
37.8361
39.1645
49.6339
47.5261
38.8328
35.2744
34.6936
42.2297
34.2082
40.5929
34.8688
52.9994
38.3226
37.8562
40.7597
44.7896
37.0085
36.6874
39.2621
48.8696
42.8388
36.3779
38.6604
32.7925
34.4879
38.6781
45.161
31.8592
42.0031
35.1991
37.6249
41.5233
56.5605
38.5412
36.4221
47.9446
36.4467
39.9867
37.7406
55.9771
35.9851
34.8022
43.1657
36.6861
36.5494
41.5663
33.7031
36.2328
39.5783
38.6543
43.9563
43.4517
36.4271
32.8469
42.4091
40.4961
37.7481
33.7725
37.0154
40.7033
44.04
38.741
37.1816
37.3912
37.8398
43.0218
41.7106
37.4226
41.2656
31.9633
33.9247
41.2957
35.6357
35.4819
34.8163
38.7992
38.7225
46.5096
38.5678
33.795
40.8862
40.555
41.5176
37.9512
37.3283
37.0319
40.5703
41.3016
37.8143
32.6011
43.9293
36.5988
37.5681
29.5713
34.3691
38.3334
41.5118
35.9066
36.5714
38.7365
40.4634
40.8509
41.9888
39.3234
41.0539
32.8818
35.7385
35.4157
39.2529
34.2866
32.0565
39.6173
40.113
44.0012
40.0873
35.4572
34.7966
43.5342
37.6933
35.6883
37.7026
35.1504
33.8453
36.5518
38.2392
33.9696
42.569
34.6587
41.3139
37.1256
34.419
42.1428
37.6036
54.2317
31.6051
43.8217
46.6284
39.7967
46.4833
31.7584
35.3971
45.1627
36.0654
43.6489
36.3978
38.1003
32.4929
42.0664
34.9871
47.5925
44.4042
40.0319
41.7609
45.2823
34.5269
36.85
40.9087
38.5292
36.9919
39.1537
42.683
36.743
41.4896
39.9924
42.7439
37.0493
30.5943
46.9022
37.8899
34.7095
39.4334
31.2175
35.1815
34.0535
44.3302
36.2736
41.9808
45.388
36.8888
34.9866
36.0199
40.2113
34.1998
48.5735
38.7756
38.8991
32.5148
40.5678
34.5971
38.8077
35.0231
36.7727
37.8557
40.6302
37.2829
40.7817
33.5784
36.4014
36.1192
52.3056
34.7487
41.2454
34.4255
37.6211
34.673
43.0964
41.8208
38.5958
40.4663
35.5452
42.3442
37.9363
38.0312
31.9408
39.3212
37.3017
38.0252
41.6059
37.8152
43.6679
35.2429
42.0252
36.0339
33.0915
40.8799
41.2903
47.0258
41.3628
45.8924
34.9346
38.5608
38.0778
38.8082
40.5741
40.7621
35.4121
40.0367
38.2238
36.2778
39.594
37.0146
45.0006
35.0597
43.4723
35.8256
32.3302
37.7098
38.0338
35.613
43.5499
32.3109
34.4072
35.6062
45.5391
39.7186
42.8699
36.162
41.1556
35.6336
32.9644
42.4298
40.0708
40.0228
41.0931
36.4947
37.043
36.5104
33.0819
46.7659
41.252
40.7394
30.4953
31.7717
34.0335
38.0011
42.9318
30.819
37.2241
59.0721
40.869
38.8251
39.346
38.8263
36.0159
35.724
36.4398
32.4883
40.1926
39.7611
37.5465
42.0395
35.4887
40.9238
56.5196
35.5122
38.5905
41.024
34.6383
47.4342
41.2593
42.5477
39.4832
45.6528
36.9417
49.525
31.8964
31.6954
59.7897
43.2245
40.4244
35.8996
36.9036
42.3968
32.9922
36.4973
38.3703
47.4526
43.1674
40.4316
33.3157
33.9209
33.6421
40.0279
44.0212
38.3542
45.1329
40.1914
40.1883
37.0241
42.5196
47.6479
37.9912
38.9316
42.693
39.7659
37.4156
40.4759
43.2546
35.632
41.2061
41.7885
35.8962
44.7634
50.7701
34.9235
30.9537
39.6521
47.0877
34.3696
33.4898
38.6798
49.1433
42.6367
42.2078
31.5576
39.6757
45.2758
36.9445
44.7609
41.8339
36.6004
35.611
34.9817
35.2115
32.5679
42.9975
42.6508
40.9224
37.2018
30.672
38.0143
40.8462
38.9391
36.4496
43.7011
38.7713
39.5529
40.6372
39.1812
40.6741
42.4329
41.215
40.2749
32.7676
42.6181
37.5991
41.1517
35.3757
38.1934
46.7176
38.241
37.8202
41.2926
35.3472
40.461
38.4619
37.9975
47.4521
35.2651
39.953
35.3487
40.3016
41.335
39.5804
31.685
44.2535
38.0379
41.8335
38.1147
41.1092
37.6821
36.6049
38.6122
36.7596
40.8655
43.2967
48.763
46.001
49.5661
37.8873
41.1701
48.1104
36.9937
34.9484
34.5253
38.1544
34.9874
35.2376
41.7543
55.1853
43.1788
43.6481
35.3839
32.3215
44.731
36.0809
33.2304
39.2633
35.0536
38.7859
43.7534
34.8978
35.4256
35.6941
39.2173
38.1479
39.0974
47.2487
38.2853
38.2624
37.8717
50.6079
38.8542
40.7034
34.1685
41.579
38.4768
38.1956
32.5918
37.4882
41.8584
45.6283
42.3192
39.7191
48.8521
43.8265
40.4238
39.6893
37.0261
46.857
42.3648
46.4498
43.8505
44.2128
40.3217
42.7514
36.7136
38.4077
38.3848
38.7411
44.3116
41.4119
32.7801
38.585
42.6526
34.7547
33.5859
37.83
35.0942
35.1139
37.459
32.6045
36.214
36.5504
38.2299
38.5999
40.2964
39.8595
40.7022
35.9038
36.2534
35.0747
44.293
38.4148
43.2324
38.5431
37.5107
29.1482
39.3071
35.4939
36.0889
38.5507
38.314
34.1512
38.4686
33.377
39.4881
44.0289
34.7716
36.6746
35.3814
40.6718
58.2066
37.3574
42.6426
38.2557
40.2591
34.8392
39.574
37.0059
35.7051
32.9572
36.8429
42.4361
37.8995
36.3874
35.123
37.238
38.809
37.7773
40.83
41.2369
53.1521
38.1597
39.7269
41.4148
39.8373
43.1585
42.1695
39.5797
40.6479
38.7767
40.5097
33.0502
31.7504
32.9503
41.8053
33.8085
40.091
43.3701
45.2113
51.7887
30.8336
41.9505
39.7166
50.7232
35.8628
35.5562
39.1882
42.2478
43.9329
43.8455
35.3509
37.3479
32.9325
44.0819
33.5796
41.4625
55.4429
33.7253
34.0069
38.1382
36.6363
40.0277
37.8967
34.7119
33.5631
40.947
39.1258
38.4112
42.1964
37.4683
48.0355
34.2608
42.3957
40.592
39.7877
34.569
28.7015
40.4066
41.2004
40.1077
32.967
37.4403
37.5026
35.9976
48.7441
38.2357
36.9413
45.4267
41.36
38.4508
36.1799
37.08
39.5897
42.5017
36.7721
40.143
33.8735
35.8697
33.9546
38.9111
35.885
39.1541
39.8924
38.3142
37.0301
37.5133
40.5004
34.2522
38.0754
36.7809
36.6075
44.2476
32.742
35.2204
42.1297
39.6734
42.3298
37.4734
33.9005
35.8035
34.5131
41.1036
36.713
37.9074
34.8743
34.0022
36.4908
41.3168
37.102
40.6257
39.9091
36.8869
41.1053
36.1381
50.0324
41.408
50.766
48.3872
53.589
35.0301
30.1151
40.4171
38.9879
37.5164
38.3598
43.2053
38.2317
46.2504
39.1032
33.1727
39.2561
39.8158
35.6159
36.6658
43.1054
35.6249
39.2764
36.9309
38.212
39.3223
35.604
39.9236
36.7838
36.8973
32.7634
36.5128
53.4024
32.388
42.9109
38.8182
46.8956
42.8635
36.0697
46.8803
37.2583
39.6631
44.3312
39.5194
42.1359
35.3853
43.8733
34.6761
35.3162
38.1367
42.3844
32.2207
42.0516
50.0827
40.0454
41.0494
26.8101
40.2066
45.4105
36.0168
36.6193
39.9046
41.6548
39.0264
39.5152
34.8716
42.4735
41.3527
42.1413
36.5689
38.0593
39.5374
36.1058
47.2291
39.9294
49.1564
34.4113
42.8341
34.2283
47.4636
34.5746
35.0509
36.9009
36.7127
50.8094
33.6227
44.1875
45.1213
39.8901
35.09
37.7856
38.1999
42.7979
40.0635
35.2447
41.3926
53.5584
38.9076
43.7774
38.9776
35.07
39.0755
37.7995
40.7637
32.0198
34.9736
38.5047
43.3253
32.0647
36.3434
47.0672
40.752
52.6413
37.0261
38.0871
35.7998
34.7497
39.158
39.2922
39.117
37.6242
53.0651
37.4024
35.4908
37.5178
40.3851
39.0844
37.9379
33.6396
46.3817
45.4913
37.2544
41.5872
35.6947
42.1029
32.4987
40.0901
40.4446
39.7583
35.2206
42.9584
34.0141
36.1611
36.598
32.6228
40.1828
35.9778
44.2339
31.7066
37.974
53.0322
50.6566
40.9811
35.7704
34.0066
34.0552
45.52
40.33
33.4754
43.1741
37.7387
41.2672
43.5448
42.7473
34.9288
35.3687
36.7733
33.2596
32.1916
35.4105
38.8178
41.8357
36.3951
43.8965
39.4146
45.2503
39.9134
46.7704
48.7732
36.0342
38.5063
39.7381
38.1637
39.7956
34.3806
33.2419
42.8514
38.8936
40.1545
43.7273
38.6413
38.793
40.3843
37.0067
32.3607
34.8213
45.7319
37.0231
41.1551
43.6633
34.6935
33.0421
38.1862
28.399
49.4238
44.2476
40.9734
35.1379
48.5652
34.7095
42.041
34.9967
36.6382
39.3752
37.2217
36.8461
39.3405
40.0246
49.0236
38.5944
35.083
34.9995
38.9063
40.0035
46.8513
38.3286
33.7479
36.5691
44.8321
42.6478
49.2867
39.4436
42.5022
38.0558
42.1973
33.8708
35.2833
41.5307
35.7283
44.778
43.441
37.1774
53.2527
49.3467
41.4318
43.4951
42.7223
39.6978
36.4628
38.9169
41.181
46.3215
40.5395
35.8144
41.7909
42.4104
43.5065
37.358
46.8473
33.996
34.9653
35.3791
33.5604
40.8187
42.2774
35.0714
36.8777
39.7067
39.5601
35.3213
33.0189
44.351
38.0733
45.0212
38.548
42.8366
35.1618
36.6156
46.4484
37.8346
42.7549
35.1531
35.7755
41.4579
44.2027
40.5583
36.2589
36.4754
41.4814
48.1198
36.6982
38.0501
31.8204
37.9853
37.0964
39.4904
41.4987
40.9068
41.7558
37.8656
38.476
45.3948
50.5271
45.6667
46.7679
36.4474
36.8767
40.6861
34.4787
46.1013
42.9988
34.2461
44.8528
33.1089
33.1324
32.6877
36.5583
43.1585
38.6659
39.24
43.3762
40.4078
37.8506
33.6186
45.1623
44.1445
38.0424
38.934
33.7728
34.8296
44.1373
38.5485
39.1691
30.5211
40.9168
40.3497
43.8924
40.9538
34.1023
41.0921
45.0838
51.8898
41.5297
34.6724
34.3366
38.9656
37.4864
37.4125
39.7439
38.9043
38.1917
44.3092
43.3915
35.4537
42.2561
36.4756
40.7898
44.0466
42.2608
44.1879
34.2196
39.3023
36.2236
36.9197
40.1809
38.4275
40.5277
43.2705
38.5638
38.0046
33.8719
41.3304
32.5643
36.9305
33.27
36.7282
42.2916
40.1876
37.8153
43.203
47.546
39.3157
39.9092
42.0914
49.5905
45.7278
40.4679
36.1712
41.1702
34.6612
41.9799
46.2688
39.0624
39.9278
36.1178
45.5831
42.0593
42.1198
36.4535
40.7119
42.2427
32.9013
32.1751
39.4152
39.2938
29.7031
39.2389
38.835
44.9448
35.7666
35.1808
41.1457
44.58
38.8469
43.746
28.8941
32.9459
40.8635
42.4271
38.4409
44.7639
37.2789
43.0251
51.2815
36.0895
41.6124
37.0759
44.6133
36.4064
45.7808
39.4093
47.8567
43.5534
37.7076
47.7222
35.8126
39.5636
50.1746
40.8893
42.2965
43.0026
40.3611
41.2017
35.7144
49.1714
40.6741
42.8769
40.679
37.2719
50.744
34.0137
41.2884
33.7029
40.345
37.5509
39.2882
38.1799
37.8476
33.8465
37.7621
37.5855
46.9032
37.9939
35.5119
36.5585
41.068
37.381
35.3842
45.1512
36.451
38.6332
35.9012
45.7362
32.6357
38.2133
39.8372
36.0129
35.6763
40.0049
34.7451
39.4407
45.4746
37.8229
45.7255
36.5263
46.6273
38.4596
31.2079
41.5994
35.4042
37.9642
38.1171
44.9433
38.5411
39.5225
39.004
38.322
39.7778
40.1842
35.9396
36.2476
63.3209
44.0223
33.8108
37.6108
37.0617
32.1534
37.0175
46.7472
43.0165
38.8032
37.8065
43.0927
39.5105
42.5638
37.6974
35.5556
37.8774
44.7092
35.0924
43.5674
42.0249
46.1726
40.8663
44.9538
37.9922
36.3399
34.7042
41.2815
42.9816
38.205
35.6269
44.9197
40.86
47.4299
38.5623
47.1836
39.6062
38.6672
36.4718
43.8098
43.1807
37.11
36.0846
43.1468
33.0789
43.7478
39.5062
43.0062
49.6796
46.0594
36.3026
33.7713
46.175
36.5698
45.0583
38.5295
41.4916
43.7915
35.3201
39.2749
40.4946
34.4517
35.637
38.0703
33.9047
36.4058
41.711
37.0953
39.1788
42.7995
40.3271
39.3145
34.2758
31.4572
47.9807
39.5954
33.9187
40.5383
45.6826
32.8242
41.0191
46.2485
42.1353
33.2496
37.1643
41.0313
33.3247
35.8431
34.8545
42.7488
43.4988
31.6106
43.7609
38.9649
49.4391
44.0939
36.5362
37.6863
43.4853
40.2545
43.3029
36.4697
41.3879
36.6258
40.0409
32.9808
35.7717
33.39
42.8386
39.9046
37.0718
46.2982
36.5421
39.6994
39.3917
39.2596
44.7098
34.7627
34.9918
46.0959
36.5426
38.5235
42.0853
42.942
46.0344
52.207
33.7676
37.0174
33.1889
37.4443
46.7884
42.1149
38.795
36.5547
41.8836
40.5294
45.4983
39.8658
52.5033
39.8468
40.6902
42.2608
39.9618
58.0181
41.5218
37.5048
33.1368
37.9166
39.8103
41.5942
44.4385
34.4675
43.9938
46.4264
33.6113
47.4627
39.1343
42.9174
31.1837
37.3072
42.2331
40.8927
39.2709
41.2379
40.8017
35.9661
38.6664
49.824
45.6924
32.5946
36.2439
31.8551
34.9368
46.5316
36.6411
34.8498
36.1012
42.9778
38.227
37.7167
37.5265
43.0314
38.9783
47.3881
32.9374
36.416
43.1301
40.6295
39.596
40.9573
38.5753
40.7183
38.0692
36.8947
39.2329
35.773
33.7783
37.6094
37.6254
40.0993
48.5863
38.3909
43.4153
39.2692
40.3099
43.0417
32.1861
38.1934
38.5777
31.3081
36.5071
44.631
43.6753
33.9318
40.4286
39.3242
37.0372
41.6132
36.4457
33.8264
32.0762
48.9742
33.2363
34.4167
46.5792
44.9274
42.4958
36.0792
45.1387
36.0444
36.3334
36.2695
41.8505
34.5534
40.1406
42.6988
40.2584
29.6384
34.0135
45.2188
38.8068
35.7385
42.1434
43.7955
40.712
38.8061
40.7229
36.3761
47.9156
42.1518
37.3695
52.7349
40.3535
48.4521
37.9295
48.4212
42.315
39.6411
40.1296
33.5711
43.6408
31.3904
33.9347
40.5275
41.5132
36.5094
39.5992
38.0503
41.9753
39.7063
36.9696
42.7147
33.6098
40.1829
36.2618
37.6271
35.213
35.3007
44.9403
39.5222
42.9069
38.3237
34.2531
35.7884
39.143
41.0143
39.4419
33.7417
37.3823
38.6086
48.6656
37.003
49.3412
44.0524
37.971
41.1739
35.6538
36.5657
57.9308
34.523
38.2402
37.9546
38.9342
30.1726
37.6223
31.477
42.762
43.927
31.9728
52.7033
33.415
37.2031
55.7463
38.2658
35.7844
36.8176
38.3985
31.5538
43.2296
35.5519
35.7817
34.3595
29.132
39.4985
36.9275
39.554
43.8521
35.7829
35.6856
35.0387
37.3825
38.5359
39.3037
38.8833
41.7299
43.8223
39.9497
38.5703
38.4665
39.9932
41.2954
33.9556
38.2799
36.1527
44.6453
44.0814
35.9852
48.5477
37.8805
38.9077
38.4298
39.172
37.5711
36.4022
38.1337
46.1834
46.9373
36.1476
63.9426
36.4029
37.3478
52.3061
38.4042
35.7231
38.9589
50.3812
43.0388
45.0583
42.9859
39.3846
35.4099
41.4365
40.2561
40.109
35.3129
39.1167
37.5867
42.0028
36.6742
38.8182
48.8285
33.6847
41.292
43.553
36.2475
43.3501
42.6017
46.2418
38.8059
36.7009
35.3958
37.6213
37.3961
42.0629
36.9699
36.5108
37.6806
48.0845
45.2887
48.9275
42.0677
33.902
38.0754
37.0623
37.0323
34.4174
38.8577
44.6931
36.4118
36.869
33.8295
42.871
38.1746
37.6609
37.0596
41.5942
47.9736
51.7331
38.8753
35.8047
34.8038
36.7745
36.277
41.4103
35.3526
35.1659
38.0216
36.4529
43.6809
45.3997
41.0558
43.0242
37.6992
35.9749
41.4126
44.8767
39.5924
36.1507
39.4849
43.744
39.5074
39.3857
32.5036
37.9763
35.8549
37.2781
39.1297
35.1648
40.4793
34.4658
37.6564
40.4629
35.5558
38.9104
43.0151
45.3635
42.0951
35.3269
40.5152
35.3398
35.9273
49.9749
37.8841
49.7342
33.1709
38.3855
42.2177
39.5326
39.0714
46.2493
36.3457
42.5092
39.8496
43.8902
39.828
33.3084
42.3656
36.7118
45.2676
41.708
36.4295
43.1591
38.315
37.128
39.3846
43.6043
48.7128
36.9291
36.7235
37.8346
38.0636
35.821
36.5517
40.668
39.6574
36.7798
35.9935
36.8536
36.0871
38.1013
40.2121
39.3326
44.2155
37.9745
37.1436
36.2802
39.735
42.9483
38.6507
37.7726
37.3133
38.932
32.3782
33.3606
45.2447
38.4669
33.949
32.9685
34.3571
30.7608
37.0193
39.8534
36.6835
43.2037
42.1871
46.4083
35.5419
45.0866
37.2282
37.2035
35.0211
36.7538
37.3829
39.0279
48.0584
45.4512
32.8543
36.3493
42.4244
39.1918
38.6404
30.8253
42.3887
44.7734
42.0265
36.2285
35.1579
38.601
41.9167
38.5232
35.8194
37.6249
45.8185
43.867
38.4618
41.3026
39.0437
37.8545
35.1678
42.3232
43.6328
35.6775
37.1584
39.9707
37.2686
33.9226
36.6092
42.0485
37.4164
31.6854
35.7796
41.9636
36.212
35.6889
35.8613
47.7439
38.9494
41.8534
32.5072
46.001
34.9675
41.7722
39.458
47.7724
35.3747
32.2534
43.492
42.8967
36.1593
37.6218
40.2176
38.4429
46.3908
37.0992
41.5426
33.5615
48.2514
35.4118
38.8837
39.585
37.4661
33.1644
34.3466
39.4508
34.4629
52.8346
33.9954
36.8133
39.5505
38.0413
41.0129
49.187
36.383
39.0128
43.7327
38.3758
39.0457
37.7493
39.7222
45.5167
40.5502
36.9875
38.3445
31.7335
37.1315
42.0639
46.0956
35.0973
39.3166
44.4561
43.8461
38.2403
40.106
44.4276
37.6161
45.739
41.7404
56.605
39.523
43.5098
36.6696
39.735
39.1662
34.2184
35.5728
36.2491
39.6377
37.7522
39.7481
34.748
37.156
38.1642
38.333
40.8328
38.2953
36.0224
45.0368
36.1357
42.9935
36.991
38.8002
38.4151
43.0647
43.6091
35.6122
39.661
38.5707
40.4517
48.8808
41.0918
42.0802
42.4399
40.9884
35.6259
35.6887
38.9422
41.8152
46.4754
37.2572
42.5015
34.6778
33.6394
42.3893
35.7992
34.7612
34.8296
38.4893
55.4311
39.7137
40.0103
38.8322
41.1881
45.9694
35.1139
41.7206
47.0641
39.5414
35.9406
39.6458
33.8303
40.7048
32.9635
43.4956
47.2753
34.3817
39.0567
42.6887
40.9861
38.8666
32.4441
34.5932
37.5446
41.7905
32.9009
41.2416
42.2253
35.0943
36.3349
44.4627
35.1058
39.8898
36.0112
40.0728
39.3519
39.8782
42.2017
35.9121
40.559
43.9773
42.8231
36.048
45.24
41.5522
36.5884
42.8258
38.2346
39.7397
37.3335
46.4853
29.5023
41.2765
43.231
30.7062
38.2784
34.4408
47.1245
42.1678
43.3656
47.6035
45.124
37.6899
41.2371
37.0123
35.1675
36.4753
31.1126
37.5054
39.3844
41.274
34.2812
37.2231
30.5249
32.2417
38.4105
46.5373
37.8924
34.4422
39.0874
38.45
37.4552
35.1638
42.9501
36.5374
42.7232
54.0734
39.2313
37.1933
36.4033
40.418
35.9554
46.9326
32.0554
43.1826
35.4897
42.4702
37.2907
38.5873
38.9799
47.307
42.4268
38.7509
40.4036
39.7082
41.8128
37.6774
33.3431
32.4559
41.6907
38.1882
28.2139
36.9722
35.6968
44.0924
46.9154
45.2828
37.4882
36.9633
37.2883
47.4094
38.4992
40.2537
35.7179
43.3302
49.4398
36.6809
38.0615
43.4804
43.0057
34.4705
41.6696
37.9147
38.011
36.6987
34.4452
35.5572
37.9739
36.4107
45.9726
43.0721
39.0269
36.094
37.9814
39.6098
43.6565
36.2391
38.2226
48.3381
45.1612
38.2185
41.5049
51.8867
44.9679
35.8829
42.2328
42.3264
38.7026
40.2458
41.1709
38.0931
39.5993
39.6701
35.4122
37.9525
38.3061
37.4803
38.798
41.3133
36.3349
43.9198
34.2553
39.3542
35.27
35.5747
51.3553
37.106
31.6776
34.2319
43.2586
36.1048
31.0816
36.4578
37.9092
36.6179
32.5285
37.7549
33.0235
34.2007
34.1146
32.3892
44.053
37.9802
40.1424
39.0862
39.4702
39.1178
32.8738
36.7344
37.1062
38.1899
45.9294
34.761
44.9793
37.7956
38.2146
38.1648
42.1812
36.4149
40.0314
49.5127
41.1025
43.6148
39.0978
41.377
45.3969
36.3883
40.7782
38.8265
34.547
42.2519
35.1929
35.7741
43.1669
34.2393
45.8973
45.2667
32.8557
31.7658
41.1609
38.5783
37.4712
38.124
34.8211
39.2268
40.4219
41.9918
50.1932
54.7456
37.4438
33.2458
39.2965
39.3349
44.3336
37.6157
54.6478
45.0624
39.4466
38.9789
34.794
33.2355
48.3459
36.01
45.9548
36.0695
45.1047
36.019
45.3983
31.1416
40.7027
35.8244
40.9598
38.9984
42.2073
39.1183
43.6199
38.5397
38.8935
35.3686
51.2099
43.9434
34.6333
39.5388
44.3822
34.8921
42.9688
39.9055
49.5229
36.8615
44.9132
39.3541
38.6368
39.0246
30.7429
34.7827
36.9094
42.0338
34.7452
42.9965
34.6742
37.2983
33.4491
36.9821
44.427
32.9884
30.693
38.9947
45.319
40.18
49.1139
39.7887
40.3398
46.6207
37.7613
41.8042
32.9608
36.8118
38.8865
44.6744
46.5006
37.1714
43.2857
39.8944
42.6825
44.9705
42.8115
48.1567
44.1362
34.509
41.13
34.6718
46.2456
35.6833
39.7743
45.0482
40.4328
39.9925
45.718
38.6554
33.4059
34.4041
35.9045
36.7798
34.5838
38.7369
49.0857
37.7088
34.5659
41.3861
36.3791
36.6248
34.0881
35.7587
39.3945
54.6355
42.069
40.2063
39.3149
38.1077
36.7777
34.211
39.127
34.4199
42.4541
42.4277
42.2809
34.9839
41.9063
37.4338
45.9827
41.6962
39.3742
38.1326
42.4105
44.7063
35.5335
47.2864
42.5625
36.3579
40.9107
48.2814
41.6079
37.8086
35.7302
41.1956
34.9206
35.202
38.5122
42.4058
35.7471
35.8442
36.1775
31.6389
44.5347
43.5528
34.4127
36.5163
38.0251
38.3812
45.4483
40.8958
33.8867
36.2638
39.6402
37.3035
38.8431
37.3756
39.6929
41.9995
39.2246
35.0181
44.0317
41.2617
45.5015
40.5573
38.9569
38.6482
39.7242
42.6194
37.8983
38.4588
40.9137
33.569
33.3882
35.963
35.0527
39.9735
38.4091
43.7034
37.6687
37.9848
33.0364
39.2903
38.2177
36.6146
40.9416
54.7896
40.4941
38.2
37.4905
44.1942
38.8585
35.9119
32.3048
42.2518
40.8081
37.0183
36.3351
38.138
32.954
41.5136
37.6227
37.5728
33.8557
37.6524
38.6752
38.0652
40.3616
39.2335
42.5194
33.6199
48.9539
39.0593
32.2948
48.4686
37.673
35.1777
39.5703
49.6152
44.2178
40.6014
35.7429
39.9721
36.1989
46.1465
45.0612
29.9326
37.8323
31.4871
36.0665
34.7123
38.4542
42.1184
42.1628
36.4067
39.8572
34.1395
37.7473
39.1088
33.1569
39.7557
46.5865
41.8828
34.8051
32.6809
56.12
35.4416
37.1147
40.5606
34.5717
46.0821
34.3837
37.1797
31.2582
41.1795
40.8244
40.8356
41.4155
39.6177
43.3217
40.0412
37.2213
39.604
37.2304
42.1005
35.7298
44.6677
38.5277
36.3759
42.2162
40.0617
33.0257
43.0123
39.5221
41.2151
40.8327
33.072
36.0654
38.0477
42.1561
38.8477
38.9399
46.2735
46.3642
42.1454
35.8934
37.899
34.2877
46.7596
36.9679
37.8246
44.764
31.0497
36.4904
39.5911
47.9184
36.9399
40.5861
39.2683
36.3855
45.7622
48.8485
42.9623
36.0025
41.0266
38.0583
37.6159
44.4885
40.5158
34.7368
34.0321
42.3747
38.218
33.1173
34.7017
38.5514
32.2228
34.8966
44.5611
41.5391
39.4973
47.1522
36.157
39.6179
29.8489
38.651
34.8366
35.5886
35.3846
37.4798
34.2162
44.5129
34.317
41.5834
44.7537
41.0004
35.034
37.2277
48.2743
39.2266
38.8521
38.4745
34.3297
38.2782
36.6245
38.0826
39.7701
35.903
54.8087
30.3903
41.8575
41.62
46.3772
36.4363
45.63
32.2452
58.385
42.7952
40.611
38.3872
43.6657
43.7875
34.6034
45.7781
38.1409
40.4812
43.626
35.8402
40.2176
33.4405
38.2226
39.3887
42.4532
36.0211
36.6303
30.9751
38.738
38.9407
33.0144
32.4792
39.3543
33.3936
42.2492
44.0831
32.2584
45.7049
38.6161
37.2852
34.319
40.3984
36.7638
34.5387
41.6431
35.5142
35.8131
37.5703
40.6825
45.5271
49.9774
38.6222
37.9559
43.3078
41.4051
35.8239
38.2699
35.5183
37.1825
45.5352
41.3814
42.115
31.0917
44.1012
45.5219
37.9114
30.8723
36.8958
38.0362
38.7549
42.9119
41.3717
47.5346
41.9944
39.0978
50.6702
32.1623
40.103
34.348
38.7611
42.1823
39.8247
36.6524
31.5621
41.1798
38.782
33.2394
38.847
36.1376
40.8275
39.7438
36.3714
39.0899
39.6154
49.36
36.1939
32.7853
38.5385
40.2995
49.7028
41.0704
45.5528
33.8684
46.5021
36.6855
35.7877
43.5381
41.2927
46.5875
36.344
38.7246
34.3543
35.9165
40.9595
44.9481
42.1812
37.0845
45.2993
40.2124
40.1485
40.1381
36.5762
37.5833
36.856
36.6244
54.818
37.3008
39.9085
46.7107
37.5393
41.9201
33.8104
35.8698
43.6482
33.3358
38.6383
42.3843
38.9089
34.3648
32.9024
43.5788
38.4536
38.2859
43.6504
41.0217
41.7913
34.6353
39.2147
38.4955
43.0717
38.3144
38.8495
38.3115
37.7495
39.054
36.8736
39.2163
37.7693
38.4101
48.0284
35.7668
33.2892
35.3674
40.6452
38.4467
42.911
35.9779
38.8522
35.7322
34.6906
40.6784
34.674
38.9257
35.7592
38.6166
32.7692
36.1426
38.5553
42.6978
37.4768
41.9913
40.3663
41.1729
43.7475
45.2318
33.7066
39.4944
37.8836
36.4238
34.9103
35.6828
33.7688
40.3348
40.5788
44.0421
43.6896
40.6333
38.1818
38.9778
37.5714
43.232
39.5157
42.4222
37.4493
42.6484
32.2217
35.8088
39.4392
41.6371
34.3237
38.2892
44.1167
32.5673
40.0196
34.8124
37.6451
37.4517
44.5883
33.6235
42.3239
43.331
40.4389
41.9969
38.4913
45.0929
33.7233
42.5496
40.3478
35.27
42.5003
38.0595
44.39
39.6858
42.5756
43.4722
33.4425
42.8673
39.3706
43.9795
47.5973
36.1863
39.468
35.1738
35.2038
37.8031
31.1289
33.7122
37.5206
36.5391
42.9835
38.7783
42.5948
44.1779
39.3228
37.0677
41.6675
39.7389
48.2427
34.6771
32.4846
43.7253
39.0514
40.8209
40.7415
42.0625
44.5032
37.5106
38.1993
39.2484
39.16
40.8291
52.8521
39.4419
37.4986
47.5351
41.4908
39.0541
42.7505
37.1824
37.2061
43.3792
40.8845
39.6291
33.4257
39.4017
33.6887
37.6072
38.7537
36.0343
35.5957
37.6497
35.2222
39.5938
43.5136
45.0662
41.5647
45.2802
42.5
34.0048
45.1788
36.6558
42.0781
35.1199
43.3624
43.5388
45.6971
33.715
36.1328
41.0925
38.9919
49.6737
50.2586
38.9177
35.0352
45.056
35.8945
41.2895
36.4837
36.1493
37.1671
36.0954
46.7155
45.524
36.1105
38.2164
40.5197
40.6139
38.4339
43.7699
38.1939
36.8193
40.0269
39.9159
36.0784
55.4197
38.4217
32.949
39.3678
33.5529
38.2433
39.4118
46.0373
37.8476
44.559
43.6636
45.6991
40.2186
45.8145
39.1442
31.2382
46.1145
45.6871
37.151
37.623
36.3492
37.2701
38.4891
34.709
34.686
41.8394
38.2028
38.1435
34.7668
39.0828
39.5661
36.132
43.0101
41.5675
41.3271
38.3392
34.3332
38.9297
44.5008
34.5014
40.9277
39.7002
34.6622
38.9882
50.0192
44.1312
34.4128
36.9631
31.8176
45.3924
34.4986
35.3782
37.5734
35.8131
42.2481
34.6151
36.6708
41.5862
40.0549
40.1611
35.1564
42.1929
42.1692
36.9533
51.0781
36.594
39.3217
39.911
37.2484
37.6122
35.8926
36.5742
46.5813
41.9241
32.9341
38.9097
37.5002
40.0147
37.906
38.4686
39.5284
31.9705
39.3714
34.2099
37.8655
31.9848
42.3649
32.9369
39.0975
40.8923
50.1113
54.6682
34.5353
44.5423
37.3289
35.2903
37.0085
38.8684
42.8827
36.4464
39.544
37.417
40.131
42.537
42.1628
44.2157
33.4663
44.0787
38.8747
34.7956
34.165
38.1545
39.3931
37.1822
34.9555
38.2385
35.4092
40.5345
48.7977
32.8162
42.1155
40.7055
37.4435
42.6132
37.7088
43.3142
40.5212
44.9737
37.1941
37.025
38.3463
34.8102
38.0511
40.4639
43.0261
34.9683
42.146
36.4576
41.9981
35.6162
34.5793
37.6631
35.8017
34.3119
43.162
42.3586
42.6009
42.0375
41.9075
38.737
35.3368
36.8474
35.3466
40.6386
41.6366
35.8154
44.6562
38.7072
39.5983
37.1353
52.4405
40.8499
40.0648
40.9627
39.0326
37.7424
31.1136
38.5298
43.263
42.9224
36.2857
34.0416
41.0951
38.3709
36.921
33.9273
37.2764
46.2703
40.1758
34.0752
40.8807
34.901
34.0997
38.0862
41.4507
37.7308
44.6625
41.0686
34.019
43.0849
43.3353
35.8548
36.3511
36.6194
35.9435
35.7047
36.6465
43.1157
31.6607
40.3416
39.9364
31.8071
41.5082
32.1486
43.503
34.7283
33.3564
34.3302
31.7631
34.8536
34.6558
37.0915
35.1411
45.59
38.4404
44.6421
38.5497
34.1808
33.9932
39.692
41.71
32.9343
38.9612
37.6908
33.7096
39.281
42.817
42.5886
33.7737
38.5054
54.8181
35.9294
34.3022
45.1283
40.0189
34.7192
39.7603
43.9481
32.6908
42.89
35.6857
36.9263
37.7915
38.0309
40.8408
37.9039
40.998
40.6689
42.3366
42.2076
35.2701
43.1169
37.4482
33.99
35.963
39.4495
33.702
37.7943
38.2534
51.1095
38.0421
53.3337
45.9486
31.6101
34.2714
39.701
39.3191
40.8605
40.5382
35.4295
40.8407
42.7787
30.911
38.8038
39.5242
38.9066
43.1985
32.2509
46.4851
34.0347
41.8667
34.801
44.4157
51.5954
41.1734
36.7212
38.0833
33.6403
40.9575
35.5547
38.4663
47.7313
36.8268
45.8364
40.7195
42.8157
35.9929
45.3967
44.8472
37.1056
40.989
45.2436
39.7513
49.8829
43.5373
38.8426
32.1474
41.0888
41.1168
43.7089
38.9948
41.4155
34.5528
33.4316
34.1585
37.5941
35.2361
37.6901
44.5009
33.9756
42.8057
37.6561
38.4308
37.1848
39.3991
35.8937
31.4937
42.35
42.8212
36.8123
39.1238
40.5736
42.6872
40.9846
34.9553
34.0924
34.7918
35.4704
37.5199
38.6572
36.9159
39.1739
48.846
33.8286
36.3449
38.3456
36.9251
38.2646
37.234
40.3659
37.4418
36.7672
39.1278
39.8284
37.3052
31.7965
33.9283
40.2704
40.2283
53.3128
32.547
40.5327
38.6625
34.9251
33.7766
36.2981
42.3468
40.4702
40.4484
37.3151
34.5991
41.3353
34.8355
39.1289
50.4098
35.3361
38.7039
43.2037
39.4952
36.0698
46.2377
40.6567
38.0824
33.5451
38.8162
34.2414
44.1699
38.2786
40.7936
39.4164
41.2407
37.0353
37.5315
45.9418
46.8176
42.7439
42.9293
33.6907
40.8693
37.9763
48.7539
35.4578
39.1488
34.7352
41.1683
49.473
44.5238
38.3253
31.5917
39.2848
39.2895
38.5507
34.2594
40.3325
34.7745
37.6113
35.0877
48.2387
37.7235
40.1269
44.9387
33.4929
39.8343
33.3638
39.7284
41.2432
39.3666
36.1359
38.1212
38.8344
35.2371
47.3349
33.0352
36.8568
39.8715
43.6336
40.8502
37.5809
43.7992
38.1948
34.5975
37.6978
32.436
40.7049
38.3024
53.1756
40.3091
32.3351
33.2811
35.385
43.3154
35.6328
40.2753
50.0406
38.2629
38.0814
37.3725
34.0003
41.4166
41.1016
43.5732
42.8897
38.4891
40.2551
38.7318
43.2115
49.5758
44.1905
35.8961
39.8031
42.188
37.4376
32.576
38.6025
40.583
37.4964
43.1954
35.1687
35.9414
35.5909
38.0243
36.7527
36.434
47.3568
33.6395
40.8764
37.9178
42.1023
39.8967
43.9465
47.1425
39.08
44.8787
37.1016
37.4696
30.8307
38.1591
38.4573
40.041
39.5479
38.1647
34.4166
37.6326
38.6794
36.0071
37.8548
36.8482
37.3476
45.4135
35.5716
38.5811
33.8568
42.0322
36.1965
34.934
36.3813
40.9216
37.3459
36.3067
45.8015
37.1494
34.8433
35.6493
38.994
39.9533
37.3831
41.1711
35.1762
35.4392
45.4514
42.1616
35.467
42.6749
42.8936
45.667
47.7723
38.1182
40.1336
35.2687
39.1741
35.5168
36.7792
35.9621
41.3326
41.0164
40.5986
34.3611
40.1745
43.3426
35.6601
36.8224
34.0559
47.9329
36.0571
35.5442
31.0476
37.0874
36.2846
40.9364
39.2015
35.4186
36.9149
30.9073
42.0848
37.857
40.6877
35.8653
37.011
39.9873
38.4685
36.9844
32.7495
35.2427
34.9132
34.1305
34.2183
39.1503
38.5543
37.5053
39.9624
44.2478
35.2879
39.5477
47.2925
38.2852
38.8975
49.6263
45.8546
39.179
43.3478
34.562
37.8224
36.7361
39.1636
34.8566
36.263
49.3486
35.4688
36.106
37.6574
44.8952
39.3767
41.0518
35.9664
51.2204
41.4046
35.8499
34.538
36.437
33.8546
38.1522
35.4217
39.451
37.6561
42.2902
43.0616
40.5883
40.3916
46.174
36.9569
41.1414
41.432
35.4326
37.4981
41.1564
35.5406
36.4679
35.8183
36.6668
36.0793
36.724
48.1573
49.0303
42.6388
38.2859
37.017
35.741
38.1767
43.7967
38.8896
37.8828
35.2453
34.9099
37.4927
31.9222
43.6782
32.5097
41.5957
42.1338
36.787
40.2346
34.2903
41.5302
41.1511
39.8288
35.3871
52.2576
35.4039
49.3998
41.5172
42.3965
33.7809
46.1549
40.2429
37.4361
38.6417
47.1778
38.0947
45.5163
43.8837
44.5138
31.9824
39.8002
38.5775
51.961
33.3282
36.2657
44.3861
36.2023
45.1933
40.7866
38.8128
36.9046
39.5452
40.3199
40.9967
42.1952
51.1423
41.7032
35.8088
39.2502
35.5738
32.1624
41.3257
40.3367
35.8344
40.0561
35.4984
34.3072
35.7032
39.8956
40.8953
39.4882
33.2109
36.9521
37.9881
42.4073
40.5622
42.7818
38.8216
37.481
37.2211
47.6847
35.6068
36.5079
41.1933
38.4907
38.5648
49.5363
36.7768
35.9539
44.7564
41.9435
37.8696
36.7098
32.8573
43.5064
40.4866
40.1113
44.1455
40.6917
37.4557
33.2881
51.7886
43.1261
38.4936
31.7435
48.5405
37.7311
41.3704
35.3723
36.2668
47.6989
43.2277
33.121
39.8946
43.1347
53.5033
36.7569
38.608
52.2062
43.3844
40.1254
44.0263
40.313
35.7861
39.092
48.7243
37.0455
49.4983
38.3774
31.323
39.5485
35.6235
37.4077
37.6547
39.0191
38.0902
34.0659
40.4747
44.8352
43.365
36.095
38.3956
33.6278
35.0846
34.983
38.299
38.651
36.5188
42.2818
41.8552
34.3229
41.5419
43.042
44.2825
34.0855
44.0009
59.6071
38.9288
38.58
44.9714
42.2308
40.4058
42.2195
45.4459
42.9014
44.8148
49.5408
43.3721
40.3236
46.9792
32.1988
38.1397
46.327
38.7315
43.5562
37.7757
37.5755
30.8234
33.4777
49.8758
31.203
38.6543
29.5384
40.8683
39.3812
41.4203
37.7742
32.749
41.2998
47.2827
31.9618
34.5045
38.7947
45.1414
39.2085
34.8386
40.8203
34.7641
37.4958
41.3312
33.7713
35.7005
37.1114
39.7109
40.2562
38.4254
40.1269
46.3658
37.9754
40.4571
40.095
34.9378
40.4417
37.6953
39.5103
42.1451
41.7614
33.6563
38.3624
37.0227
38.7555
40.9877
46.6844
35.3213
32.7518
36.8522
41.698
34.4198
43.1242
41.9415
43.1036
42.9041
37.3899
30.6907
37.2432
34.4028
58.9915
40.0757
43.9478
41.742
40.8811
40.3226
36.8899
41.1166
37.8671
34.9163
40.0922
45.9331
41.4255
32.3067
44.2399
41.1334
41.9297
41.7521
38.1993
36.7966
36.1241
36.9104
37.9921
43.3629
33.7473
36.9019
34.8848
46.0707
43.772
35.4181
40.7072
38.8041
39.0154
42.4816
41.6618
40.7918
38.2585
27.9573
34.6815
37.3284
43.1453
42.3827
34.8857
38.3659
34.673
33.0303
38.6943
46.3673
32.8189
52.5099
42.0401
42.6054
40.6816
38.885
38.3223
41.5828
35.9639
48.3644
39.724
33.8589
39.2213
39.2034
43.6215
38.1935
35.6368
39.6945
38.7811
45.1047
39.1362
37.0961
38.1993
50.5062
33.6268
31.8004
41.1893
38.626
41.1938
40.049
36.5333
33.8977
49.1095
37.974
40.8215
39.9412
37.4674
39.0659
38.4379
42.5998
33.6492
34.9962
38.7835
37.7375
37.8984
42.0396
38.3357
40.3893
36.3906
38.713
37.0262
35.2072
34.7513
42.9149
34.8665
43.2571
32.0397
33.5776
39.5228
38.9169
33.8738
38.2204
37.8388
45.6776
40.1165
39.9328
36.1182
34.8814
35.0473
41.1969
58.5757
36.1787
39.7081
41.017
37.802
38.8858
47.2073
40.6463
44.0265
37.3012
37.5343
37.3845
42.4136
36.0669
43.9019
41.6
34.6244
46.344
45.4992
35.1551
41.4799
36.2226
50.328
35.5552
40.0591
48.1315
39.0016
45.3298
37.5833
40.5401
38.675
39.328
34.3462
39.3287
31.5999
46.6184
43.9077
43.754
55.927
43.1264
38.9446
34.9656
35.9211
31.5143
33.5854
34.2624
37.1351
47.5516
32.4667
42.4791
42.9553
33.4546
41.4826
37.3437
42.6769
33.5626
36.6974
34.5445
36.138
31.2763
41.3098
44.0478
31.9677
36.4775
45.3912
44.8568
36.8313
34.0118
39.741
40.4791
34.7328
34.8697
39.4872
46.0629
34.3159
39.5649
43.5961
36.6067
32.0858
36.4078
49.8326
32.55
41.0303
37.2442
35.7283
33.9297
38.0625
37.8777
39.0162
35.441
30.9615
41.5355
40.2782
42.4002
51.4762
45.9099
41.9349
44.85
40.049
43.1661
43.0677
42.3665
45.6578
35.6858
41.7936
32.75
33.5697
36.0336
37.1777
36.2261
32.9784
35.0854
37.4239
47.1722
38.0539
37.7435
40.4756
35.8453
36.7332
44.7251
40.929
37.3608
38.0501
42.9623
46.034
39.8546
34.0636
44.8263
28.8273
39.5596
41.0295
48.2548
37.526
35.6058
42.2284
36.189
41.5768
39.2195
35.8664
44.9383
39.0975
37.5747
38.6741
38.2664
44.6241
41.8389
42.5348
32.0053
36.1378
44.1876
38.4817
34.8214
38.9086
38.3025
39.4266
37.4839
43.4403
42.3785
40.7581
44.9182
38.3183
38.2844
40.9307
38.1622
40.7896
40.0404
45.8904
40.8607
43.2922
42.5382
47.14
35.1016
51.7659
34.1164
38.6348
41.3194
34.4137
36.2662
42.2205
40.7249
34.7651
42.9285
39.2207
36.6534
41.6791
39.9815
49.1741
38.1558
45.6637
36.9595
34.468
35.7469
36.2707
37.3887
36.3469
39.3715
39.4956
33.812
54.9447
37.4858
36.6125
40.1285
36.0974
39.1997
30.6517
36.2273
47.9502
39.3259
41.8151
37.3533
33.6393
41.5941
37.4478
40.0575
41.613
37.0723
39.0292
33.683
42.9473
45.1632
44.5576
31.4649
39.8074
39.0517
44.802
45.3878
43.2227
41.8391
45.4528
43.3513
43.9656
51.2117
33.2525
44.4113
47.4173
40.4955
49.1075
48.2694
42.5608
38.1467
40.3291
37.08
43.2708
37.6092
43.4961
50.5426
35.9712
35.9668
33.909
37.539
43.8684
36.3115
40.593
40.2536
37.0649
35.7551
33.8704
44.8968
34.0075
38.0193
38.8956
40.323
35.2654
48.4301
35.1857
40.8555
37.3493
29.5459
43.0514
38.2158
39.7533
34.3141
40.089
46.3273
37.8546
32.0767
45.5644
31.8738
40.5351
32.9061
44.3656
33.8547
38.5869
38.9957
38.7575
37.5358
41.4255
36.2153
49.852
34.7879
40.1566
34.1274
34.4887
43.8743
37.794
47.5257
38.1298
40.9733
52.56
33.6748
42.8809
33.8304
34.3067
41.0525
44.5468
34.4204
42.6246
34.6982
38.1716
38.6301
41.3999
35.7182
34.865
44.2968
40.9171
37.495
33.28
40.8107
37.9423
34.4839
39.0181
38.0999
42.7113
38.9255
32.8461
38.5842
41.5124
35.8571
52.3681
38.5933
39.2346
37.5415
46.2016
39.2951
41.6033
40.0129
37.6593
39.6858
36.7208
37.8817
36.7921
40.2032
36.2313
36.8663
38.6584
35.8296
45.1403
33.2024
41.603
41.7422
34.324
38.4781
40.9236
34.0302
40.2913
37.7261
38.4463
36.0507
36.2497
37.9439
38.8227
43.5447
34.0908
42.9312
41.178
40.9778
45.3315
37.9353
37.0196
36.1548
38.3759
37.3927
34.1553
43.1491
35.9757
46.1668
38.246
46.4606
36.8645
40.9371
50.0081
39.0779
37.3468
34.2815
38.5906
39.924
36.1276
48.3887
34.5968
37.8062
42.6362
44.3548
44.2174
34.8747
38.6094
37.9714
39.905
34.9881
42.0978
47.0793
41.8614
33.4592
39.7533
42.006
35.6585
36.9699
34.655
34.9226
43.9352
35.0951
37.007
46.8569
33.2965
41.1732
39.4374
34.1723
33.8447
38.7428
35.6835
34.0087
38.9036
41.4965
36.3839
34.3742
37.3956
39.9386
32.917
37.6687
44.3384
39.239
30.8326
59.2802
37.7587
45.4675
37.3124
33.1872
35.9627
34.9027
33.5748
38.593
38.7286
40.0663
33.6363
38.1553
37.2787
40.4262
39.5928
49.6511
43.491
35.8956
51.5391
41.1844
39.9605
36.8881
42.6691
44.6433
37.3019
39.3705
40.3606
36.2848
41.2913
36.9753
39.2108
40.6235
38.4753
40.7799
36.7156
37.7291
41.4668
40.8946
42.4886
35.2496
47.9936
36.2681
32.5863
40.9246
52.3019
41.9642
40.9589
38.6872
38.2196
33.6627
35.9
39.0511
40.3316
43.0362
38.5406
32.5466
41.2249
45.0275
39.3207
43.951
38.7611
46.9704
39.3093
38.2737
44.0829
34.1343
43.0598
51.2862
35.5953
38.6047
45.0919
41.2526
44.1994
40.69
49.5811
34.5049
40.0826
38.542
36.409
33.5507
45.6058
35.9132
40.3809
34.7582
40.4577
34.6785
35.9655
39.6978
38.0239
42.0406
38.6206
39.1719
44.6631
36.1273
41.166
30.4351
41.8315
44.4835
43.9376
33.6544
44.6558
40.624
41.583
31.8801
42.0962
34.9332
43.4605
37.2346
40.4962
42.8784
36.9079
40.2525
37.2575
33.846
35.4751
38.1813
35.2866
38.1516
40.8867
40.0006
41.314
40.6508
35.9113
31.7702
38.963
41.8984
47.0549
37.6079
40.229
32.9014
43.9399
32.7816
36.7276
46.1094
48.1396
32.6477
39.3927
38.852
41.3227
38.223
38.8582
37.6224
41.461
50.6892
37.5634
40.2826
44.358
41.6819
35.2626
43.2462
51.8798
46.6894
43.8032
31.5969
34.6435
50.9027
33.5783
35.8523
36.5534
37.708
41.8758
38.0784
32.9325
39.8928
38.1072
38.5252
39.7375
33.3327
42.0129
38.4608
31.3995
40.9705
32.384
34.2339
44.3746
33.8697
46.467
36.9262
41.7111
35.6179
49.6598
43.0678
46.6877
35.7551
39.8145
38.0825
34.1372
41.5971
56.5707
41.297
37.2407
39.8324
32.9878
40.5176
40.1244
38.2401
40.494
49.8676
41.7064
41.9319
38.3866
35.2273
33.3466
48.9078
38.1232
36.0128
37.8311
34.6318
41.5698
35.6132
51.7296
38.2366
38.2386
34.6717
42.5414
38.2846
46.0223
44.0614
43.0865
42.9263
37.2956
43.1343
40.0482
38.6951
40.1228
40.5323
40.6633
47.6562
45.3395
49.873
49.1295
41.9549
38.5941
49.664
33.1488
47.7567
34.0757
33.8184
45.0723
38.7541
34.5925
47.527
35.1867
40.1224
39.0671
32.7279
42.6595
37.2492
42.4661
38.086
45.0602
31.3385
43.5714
33.7894
45.2453
34.9828
43.3207
38.8155
42.049
43.451
36.8013
37.3051
28.4771
32.3696
39.2994
38.2667
34.1739
43.2489
41.09
36.4873
42.0406
36.655
37.106
31.7166
38.1942
34.9024
37.6843
38.1046
44.5355
32.6375
38.9392
38.9081
45.2863
34.9118
43.9908
38.4698
38.4684
37.311
38.9708
39.9325
54.1916
49.6356
36.6695
37.9727
39.3572
43.3711
36.5881
31.0383
43.0322
44.2759
44.6478
36.5433
42.904
38.2617
34.4758
44.8624
41.1239
34.0048
38.6385
41.3891
48.1774
34.4452
35.4637
38.7107
34.9867
40.722
43.5525
43.3146
36.0754
53.2834
38.8742
34.9048
54.2801
38.0542
35.6597
40.3124
39.0885
40.5206
42.0118
40.2301
47.1167
33.7071
38.7056
34.9058
39.6073
39.7852
42.6469
36.263
33.9086
43.3964
35.7931
43.798
39.6938
38.4837
36.3326
45.6715
39.5159
43.0895
33.9053
42.6017
43.7135
40.2827
40.5105
43.18
47.3822
32.4487
33.1621
30.8687
43.1082
40.2733
36.5435
46.7175
41.9269
38.1308
42.5958
38.8265
36.4591
34.8123
35.3574
35.3933
36.3605
33.2708
33.6332
40.772
35.7451
33.7841
49.0476
40.9633
39.046
48.7857
35.9373
33.9189
45.2464
37.9541
38.8914
41.4699
34.5264
35.526
33.3829
39.6431
42.949
54.3129
31.625
37.8149
33.5654
31.49
39.7112
39.2055
38.5089
39.769
38.2
36.7324
36.6862
34.0576
39.8006
43.9656
37.1047
39.2115
41.8426
39.883
43.1258
47.6635
43.3584
37.2841
36.1485
36.8938
47.6019
33.5067
40.0588
38.8308
45.9611
38.0747
40.8145
44.0327
37.8896
50.0719
39.0226
39.9251
36.6022
37.7851
36.0586
40.1411
33.6728
40.0799
32.3499
36.0697
39.0497
42.0368
41.855
44.7523
40.7224
44.3873
49.112
38.4674
45.4033
37.8441
40.0845
41.9154
50.8706
30.5857
39.6911
34.3894
37.602
41.1052
38.6307
41.7965
39.3412
38.8981
32.2473
42.2347
36.877
36.9611
53.6468
38.4359
38.7138
38.4168
46.7457
42.4992
39.2409
42.3671
67.6264
34.9045
39.4926
33.6095
39.0969
37.3224
33.9706
32.4731
41.4664
40.2748
38.3626
43.0224
36.855
37.8399
43.5612
51.0897
42.7589
34.5319
34.9003
36.7315
34.418
31.5372
37.2112
46.3943
35.2995
36.7601
40.3611
39.9636
40.4903
41.1728
42.1904
38.3142
48.5568
46.3719
35.0938
43.6376
45.426
36.7426
40.5627
39.1378
42.2066
41.7597
37.5838
41.7949
37.0724
40.9546
43.2127
36.9
40.8506
37.5677
35.7093
45.3353
40.2634
35.9022
39.5221
42.428
33.2391
34.8315
34.6063
40.1827
36.7428
35.5162
52.4029
33.8262
36.0807
49.2827
45.0577
37.1886
40.1653
38.9489
38.9508
35.5934
39.2904
35.9221
34.9757
46.0565
37.8084
41.8877
42.5803
39.3098
38.4473
39.9909
38.6577
37.7762
47.2536
35.3027
33.0734
38.5473
49.9167
39.7406
40.8022
39.7503
47.4749
38.8446
38.3322
37.6406
41.8291
43.0532
41.2696
34.5585
35.4446
40.4196
36.3601
36.3284
38.3864
40.7448
34.5645
40.9836
39.8452
45.5259
41.158
56.6981
40.4404
38.4868
44.799
34.2512
35.9633
37.0314
42.0317
32.6717
34.8086
48.0179
48.0558
40.2395
43.7976
40.8888
37.9452
39.5688
32.1855
38.1799
36.3303
44.3842
41.1545
36.5063
31.977
36.2609
40.0162
50.1274
38.6058
36.7589
38.8143
33.3112
54.2475
40.3588
39.1968
41.0292
39.4585
46.1659
46.5508
33.0043
46.762
33.9951
43.3204
40.8678
41.1363
37.9171
41.1766
34.7785
40.8955
42.7391
41.9288
43.0039
45.5979
37.6424
35.0639
46.2823
41.3494
39.8677
33.4977
41.9846
43.5712
35.9605
50.3349
41.3523
35.9998
33.9644
40.077
44.9856
39.0831
44.7754
43.2843
35.9459
43.1945
33.4826
44.0184
39.2339
38.6905
33.0952
35.3102
40.0836
32.7755
36.0025
41.4428
35.7692
31.6999
40.5828
37.5001
36.2585
38.2243
41.5005
42.4171
32.1825
43.3907
38.9508
39.0879
36.9384
36.6913
42.2872
36.96
47.1554
35.678
42.5209
37.1033
38.123
36.6349
36.3171
40.8996
43.1451
49.4235
39.1795
44.1457
40.8407
37.1768
44.549
39.4945
37.2328
37.66
38.9884
35.2021
34.557
32.1716
48.0912
38.3698
31.9272
39.0796
34.6031
42.6468
46.1692
42.5818
31.9018
32.9224
36.6269
35.2588
34.3317
39.7606
38.1006
34.5795
40.1814
50.6483
30.5928
42.2072
38.2716
36.5606
33.8355
37.2565
35.7992
36.6791
35.7979
42.2472
38.573
38.5974
35.5687
40.8731
35.9153
39.9171
48.2694
31.5605
34.8424
42.3841
36.4563
38.5314
40.9039
40.5763
35.79
41.5513
30.3436
42.9033
32.3922
37.9797
44.0994
40.319
41.8854
37.3352
36.379
36.7145
40.3756
41.3191
38.0683
30.4803
40.4025
48.3742
32.88
39.9906
35.6962
48.2473
36.4049
41.8859
47.5752
40.4096
48.3119
37.7431
43.45
45.7944
40.5394