32.188
45.0623
36.1568
38.3224
34.2756
34.7
40.6972
39.7004
41.3166
54.8986
37.8866
41.0879
41.6856
40.1386
35.07
36.726
32.9049
37.7802
36.3783
40.3055
36.3966
45.0087
44.1875
40.479
37.53
48.3101
41.5663
46.6461
47.7444
42.4738
34.3574
36.9171
39.2576
36.9488
43.5139
52.7652
46.1435
36.1692
39.9667
35.4602
37.9169
39.9994
36.087
49.9357
34.4815
37.371
40.6767
42.8386
46.2721
37.7521
47.8157
40.4079
39.7194
40.9464
38.0916
38.5604
39.6089
45.3087
36.7346
39.3738
46.193
35.4572
39.761
34.6351
36.5213
33.2881
44.0769
41.0407
41.079
46.3185
47.3922
34.1658
37.1032
37.5874
36.885
33.4256
52.156
44.4808
43.1936
37.5858
46.4556
39.1494
37.1818
36.0098
40.7244
46.9633
35.9954
42.0441
38.8773
36.0826
35.5483
36.3984
39.1182
38.4704
39.6645
37.0193
44.0006
40.9258
42.5268
45.8212
36.2602
38.4298
38.4709
38.7441
36.854
35.4354
38.7488
35.6076
36.9846
38.3903
45.4921
40.5706
44.9246
41.3285
42.7141
41.0789
39.2302
41.9406
32.6653
33.7121
36.0825
40.2669
37.4658
33.8306
48.9462
39.1247
47.3338
38.2077
36.9421
39.9367
40.9133
34.3899
37.562
43.4171
40.7636
35.7729
41.2708
33.842
42.5011
38.2974
50.4634
32.4199
40.7495
35.9077
36.3657
36.3075
32.1136
42.9295
37.9552
55.1084
37.2258
41.128
50.7571
37.7088
33.2745
38.0361
36.3834
42.1569
41.5793
33.463
35.5288
37.4881
33.5711
36.1746
38.829
41.4759
36.7944
44.6829
35.9556
35.3311
33.8733
35.3079
38.3395
41.9138
40.7018
34.5058
33.6787
38.8053
40.6433
43.208
36.5159
33.7256
35.8788
41.6129
34.1192
34.5265
32.0065
36.4183
33.098
33.8821
40.0299
48.4112
40.9015
41.2233
37.1238
31.2239
37.5751
46.337
41.6414
45.0575
46.6719
35.6196
34.7144
37.6476
50.0798
43.3739
41.5176
38.3908
46.0659
41.5745
36.0474
35.8224
49.2782
58.3664
33.239
35.8598
38.5461
40.708
36.7844
41.5414
37.0705
34.7317
41.2718
34.0583
34.5633
42.0661
41.2696
41.8309
36.8606
39.2303
45.2028
44.0351
32.7962
35.1424
41.9355
37.7721
43.1451
35.8187
44.007
32.2206
40.2716
37.6744
39.7406
37.3526
38.6925
37.6525
34.5162
37.1609
34.0106
40.7724
37.3926
41.5055
45.7394
33.4819
41.8567
34.3043
33.3404
33.459
32.8546
35.4457
40.3991
37.031
42.7753
41.2247
40.7671
36.1165
44.4056
38.1384
38.7939
39.9277
34.9338
31.6509
40.3986
37.2236
44.6813
32.5525
45.1271
38.4218
34.2067
46.7541
48.2119
35.1434
39.7872
43.7776
33.7124
40.9095
36.8218
41.4822
34.6611
44.271
31.6842
34.087
38.1403
42.5503
36.765
42.6029
42.4183
38.155
32.8018
48.1547
34.1871
37.3377
43.3263
38.7478
28.2085
39.753
40.8609
41.5267
40.0321
37.6976
40.21
35.5288
40.3291
41.0201
44.347
42.3076
38.4695
40.4152
51.3528
43.0125
40.6724
39.7723
37.0488
31.5288
50.7956
38.2249
38.5701
40.5165
36.2953
51.3509
34.8554
41.6767
40.9629
33.2405
34.6626
34.2833
36.6147
35.8992
35.3378
36.8159
36.1913
46.964
42.4922
35.8246
38.3852
29.8652
34.9207
46.4615
35.7375
43.7189
40.5755
42.1358
36.6865
44.6417
40.9725
40.4519
34.9417
38.1011
45.0328
41.4377
39.694
36.6833
37.9522
40.5896
48.1666
41.6229
45.8211
42.969
48.8625
42.8064
31.9811
32.4408
39.5993
39.6592
40.5342
37.1552
40.7569
33.1744
37.2298
39.0097
32.1894
38.8211
40.7831
42.4691
36.2871
43.0164
39.9358
37.0947
42.6165
34.8049
39.4654
35.9236
37.4347
37.9576
34.862
41.0551
48.3229
45.6314
39.3141
38.7533
34.7456
38.2359
30.8182
40.2085
41.4482
34.6167
42.9975
39.5063
32.9414
38.8656
38.5272
34.9361
32.9014
38.4524
39.2106
40.3685
42.4942
41.5057
39.2733
37.6993
41.569
45.7074
43.4013
35.9296
39.0333
37.5423
37.0219
41.4322
42.6393
40.6984
46.3167
37.7626
36.6149
38.6252
39.8594
51.4329
37.4718
39.5936
44.1909
39.5032
33.8026
39.0344
35.4097
38.2313
41.0129
41.3218
34.6785
36.1713
37.9479
35.978
36.0217
38.2162
39.2545
35.7379
45.0954
39.8588
36.7863
44.8709
37.3953
34.0469
50.1255
42.8555
40.8804
38.6062
36.8666
30.2809
39.9858
35.0587
45.5944
38.5548
36.2635
37.1133
39.4493
37.4605
45.2339
39.237
35.9476
46.9504
39.3561
42.9956
39.1764
31.5992
45.077
39.0332
40.8551
34.9985
44.7572
47.1191
41.925
40.3636
36.8972
39.9099
40.9527
44.4236
35.5451
50.018
42.5549
39.8822
38.1486
41.9367
37.642
50.8405
37.4552
39.6968
38.5207
34.9961
36.1035
33.277
33.0586
40.441
39.8188
37.7851
37.3089
36.8515
39.1661
36.8891
36.2004
43.0956
35.2032
34.1351
47.8139
36.3854
36.0558
47.3698
41.0807
39.4111
36.8119
44.4913
37.6128
35.3304
35.6705
38.023
36.3263
37.9798
33.5365
42.6572
40.3355
43.7534
40.8632
33.0349
41.6275
36.3718
33.6002
34.6875
47.8375
39.3189
32.9544
38.8491
37.7411
39.5202
34.2183
49.0176
39.1152
31.8679
48.6342
37.225
35.255
38.1174
39.1192
35.8568
39.3171
46.1883
40.2106
33.1719
35.6019
36.4409
41.375
42.0516
44.7984
46.0007
40.7564
34.9039
38.7023
43.4662
33.5684
40.1396
30.4802
30.2229
45.6864
35.4088
37.069
33.2846
41.8881
41.0451
54.4625
37.1487
34.5596
38.5178
35.5602
39.7935
43.9348
40.7392
37.8992
35.5664
37.4254
33.4337
35.2403
44.0398
40.5229
33.0249
48.5365
44.2176
36.1447
41.4955
46.4524
46.6047
37.1481
38.5874
35.256
35.7539
35.371
42.3018
41.5349
40.7531
34.2317
37.4868
38.4901
35.5693
34.8743
47.4019
39.7857
37.7368
38.4517
34.9871
39.0048
34.7493
37.6173
40.4102
44.3802
38.6787
37.0111
35.5748
40.3875
36.3988
37.5518
43.8192
37.7087
48.8316
36.9032
37.7421
44.2359
42.8275
40.9494
42.6428
40.4777
42.8973
38.5963
62.7106
49.6411
34.5784
40.8923
28.875
35.2264
47.0737
41.9307
35.2504
36.4066
36.316
40.1586
37.1775
34.7986
35.0175
42.3037
43.9221
35.0605
48.6708
46.7179
38.5671
39.5885
37.0388
37.339
43.0527
40.8059
47.7401
38.3904
43.8463
40.0815
36.5966
35.432
34.5097
39.3392
36.5065
39.4663
34.8214
50.9221
39.2636
40.3063
51.6885
42.7928
40.9435
38.2392
38.5282
39.6605
43.5689
42.6402
47.202
39.2621
50.5033
39.1812
44.0383
41.8006
33.955
32.9421
39.4285
41.567
36.4053
36.7049
38.6815
42.2216
40.6534
35.6771
39.0837
36.0489
35.7961
44.9987
51.9897
36.9456
34.5473
39.6292
39.0828
38.1812
37.732
40.817
51.8507
33.3306
38.0491
45.508
38.6232
34.9985
41.4675
35.4381
33.0981
33.3934
41.4529
44.0486
41.396
37.2441
44.49
46.5811
46.638
45.8508
38.3076
40.2291
42.1195
37.7706
42.2643
46.6433
37.6227
43.1332
39.4137
44.7451
35.7004
41.0296
43.6966
43.2883
48.0574
43.6204
40.0374
37.4031
39.3218
35.6406
38.6843
32.7865
47.1486
42.3657
44.5752
34.058
34.0927
33.8286
35.6197
34.397
33.3689
38.448
45.8615
41.6062
40.6141
39.4909
37.0824
41.0429
42.9379
39.4699
38.6795
42.6641
36.8926
36.2825
38.515
29.7652
34.8654
37.3484
32.1668
42.4645
37.3437
41.3366
41.7765
37.2009
36.9763
45.1691
32.4974
41.3189
38.7604
47.3658
34.5892
46.3963
41.5016
33.4105
36.0815
33.6293
38.5523
34.9847
39.2269
36.0939
36.0166
36.4237
41.2091
34.5241
41.1425
36.4972
40.5638
38.7919
34.6854
36.5969
36.1644
35.1566
40.9385
40.5706
35.7903
36.0972
33.5576
35.3127
38.6823
33.9714
37.418
37.113
31.2006
35.7526
35.8304
44.606
35.1482
37.2008
35.8232
34.2063
37.6338
50.3842
35.1275
34.8772
37.2473
46.4177
37.3413
37.8865
30.7123
39.7288
39.2184
38.4446
41.9549
35.4686
40.7005
35.2097
41.499
45.7941
45.1323
36.6168
35.6153
38.9705
48.8805
36.1307
40.6618
39.8014
44.2643
35.2793
39.2647
39.7718
42.3258
43.3856
46.6695
41.4317
34.8385
47.1302
44.4149
37.3565
40.0073
40.0172
37.7995
37.9486
46.5975
38.7774
44.0673
39.8353
39.1707
41.4474
35.1206
34.0414
37.8467
35.1374
43.6697
34.0035
34.2281
34.4211
38.5568
38.2626
34.7531
33.5842
36.1624
51.9102
35.6576
42.982
41.0616
49.4814
34.097
35.6083
40.5344
38.2865
33.6884
38.3602
42.3876
41.6719
37.4224
35.6937
36.219
37.4863
32.2394
33.3802
34.1118
40.191
32.8722
37.3864
41.8968
35.4407
43.6037
34.6083
42.06
36.3754
36.9779
42.9649
32.4477
48.7031
35.747
35.6483
37.8462
39.0707
33.7819
35.847
35.5885
45.2507
44.1555
51.0043
34.5121
36.263
42.9488
43.1933
34.9397
37.3548
39.3667
40.095
36.2666
39.7822
41.6086
38.802
37.3062
31.072
38.7051
37.2942
34.0335
38.9583
36.1365
39.2901
37.4475
37.5714
46.3126
31.56
38.5169
34.8781
38.6493
39.1434
39.1558
38.911
39.1775
39.0521
35.361
40.9491
42.5188
29.6852
38.0458
40.1141
37.7537
41.531
45.3136
35.5461
46.8983
35.7842
34.2385
47.9564
40.7459
38.2245
40.882
52.1715
36.8666
37.9179
44.0649
53.8865
41.8303
35.5749
33.9159
41.2392
40.4505
39.4425
33.8978
42.7188
37.6279
33.9596
33.3048
35.9749
42.6529
35.6466
47.9379
44.0701
38.8072
37.6009
34.9152
36.7522
37.5647
40.9118
33.9641
38.6333
40.3736
35.7074
41.2953
38.9743
35.9364
45.3033
39.6557
45.5832
39.5115
36.1432
39.997
42.8495
40.8777
37.1194
48.2258
40.8394
31.655
29.3373
36.1739
36.8645
39.8986
43.7299
38.7214
36.9962
36.891
37.2887
38.556
42.1536
35.6045
33.4295
34.5859
38.8391
36.7288
38.141
44.5949
47.8294
33.6571
38.4801
33.2207
34.1321
36.4583
34.1075
31.9165
37.3669
36.7715
37.0451
43.0921
39.1881
51.3149
37.7944
44.9686
37.1365
38.6239
37.1606
33.8914
37.6485
33.8353
32.0392
35.277
39.798
40.0771
36.2983
34.1399
38.9031
34.4575
41.9853
35.3383
36.2367
41.6948
43.613
36.1001
37.8911
40.144
45.3715
34.2212
47.0451
36.3262
42.3479
36.5504
45.8018
40.2276
41.4643
35.2249
36.8035
37.599
50.5056
38.4792
39.6606
47.1858
47.521
35.9237
34.1396
36.6129
36.7882
44.0705
44.0788
38.6005
47.7542
38.4046
41.4441
37.6696
33.0536
35.2482
39.5998
37.9168
43.1136
34.5091
43.2691
33.5963
40.762
41.9756
32.124
35.4792
37.6506
30.8616
50.8265
30.616
46.5102
42.053
33.991
33.2966
37.598
42.5745
34.5475
42.3486
38.8645
45.4332
45.2534
31.6726
37.2976
37.0568
39.6605
44.4485
32.1494
37.4436
48.1144
39.3858
31.0871
38.4147
36.8059
37.4637
42.8301
37.1046
42.4469
38.1579
37.443
35.4622
43.6251
39.7976
38.2265
37.3868
39.3862
41.1433
39.0401
53.4239
44.6438
35.534
36.9513
40.1569
39.1394
45.3157
35.292
41.1471
42.6076
44.6293
42.231
37.1772
34.5959
33.4078
41.7863
38.2884
33.1966
34.8756
44.2252
34.881
37.3514
31.73
34.9893
49.6693
37.0955
38.9638
39.7524
35.2472
38.7265
35.3511
36.0904
40.6648
39.2682
37.2516
41.6768
38.8099
44.1833
36.824
37.5942
35.9123
46.9415
42.0792
33.5127
30.8381
39.3685
35.3723
48.8311
39.7055
36.0428
41.7434
38.2497
36.1287
39.0922
40.2378
39.6971
39.398
39.5605
41.4636
38.8741
37.8746
39.6125
39.9985
34.942
35.0749
35.8339
38.0866
42.7194
35.3546
37.3973
38.6137
44.6312
36.9953
32.6726
37.1427
37.6405
44.5483
32.9436
39.5072
40.3563
31.7483
54.8034
36.1398
42.8684
38.69
43.4583
38.4136
40.2574
32.4326
48.8284
36.5336
36.613
32.6042
41.7248
33.8745
39.899
38.4298
45.561
42.5446
45.1598
38.9285
40.6859
44.6929
47.8138
46.2912
39.9191
33.3163
39.5932
39.4944
43.6448
44.8346
35.6507
34.8892
36.113
35.6585
40.4981
37.1032
38.6757
44.3003
41.9516
42.4741
46.4274
31.4755
37.4562
31.1277
37.0511
43.7822
40.2355
37.2968
36.3106
45.6761
41.3673
39.5128
38.4518
37.5461
40.3327
36.6776
52.5822
39.9041
39.7892
41.9707
43.9551
38.4371
37.466
44.263
36.3499
34.0047
40.7957
40.0333
33.8022
36.4745
38.8959
36.8048
43.8624
39.1597
40.605
31.369
35.3973
34.5501
34.8263
43.3486
31.0804
31.1857
38.7832
40.652
34.0009
36.8469
36.1749
37.8035
35.1474
41.0758
34.2876
47.2402
38.0689
37.4911
34.9746
53.6975
32.8505
37.3017
37.1934
38.3063
34.9512
35.7417
41.1146
36.9713
33.3416
36.043
32.7134
42.7003
38.8583
38.9936
36.4328
47.2874
38.3623
43.9828
50.2199
50.5441
37.5015
36.1543
37.9762
37.9665
34.735
36.6131
34.0326
46.3346
36.4317
41.5924
39.2416
38.3444
33.6414
49.8342
40.8028
39.4257
35.0157
40.6667
43.3106
37.5796
33.5918
30.2239
37.4979
36.7555
44.0164
42.1024
37.9639
37.0206
37.9178
41.9164
31.4026
34.6133
33.3408
29.9595
39.7756
37.7664
32.9742
34.2773
52.5271
43.219
34.4699
34.2852
42.1322
41.282
36.5993
30.7041
45.4997
36.004
36.2246
47.7793
33.2448
33.5616
56.842
45.3487
33.8186
48.6327
32.6206
34.7589
38.3471
45.2835
42.8908
44.6867
36.7732
43.44
42.7523
36.2801
35.2795
44.5176
42.3467
37.9268
34.5491
36.5058
37.8919
45.6795
37.8864
42.5484
29.1684
44.0757
46.2091
38.0294
43.3394
36.8405
31.8901
36.0734
49.0028
46.3677
40.1517
46.0456
43.934
45.0977
35.7349
37.4742
42.4015
41.3366
53.8093
46.011
41.2564
42.7362
55.3467
36.5109
32.4427
42.8059
33.164
39.3784
37.0099
47.1605
39.9311
35.3851
39.7436
43.7074
33.3415
48.0744
44.3935
42.0576
35.8969
42.1893
37.9021
39.7275
52.156
37.4252
39.9236
46.2698
38.5128
36.6577
40.4683
37.0256
36.3014
41.4568
39.7738
42.1864
38.9502
40.2943
38.9159
34.5607
33.6258
36.7952
44.6298
40.5503
43.9104
41.1969
35.201
45.4613
35.4245
48.7523
32.7578
37.5568
48.4282
39.0055
38.1038
40.7931
33.8081
41.4927
39.376
38.571
44.538
43.7
37.4301
39.1864
38.5059
36.3558
38.0613
33.8199
35.1902
38.7001
39.3131
37.0804
40.9036
39.1268
35.527
38.9351
36.7388
36.9463
41.8859
31.5977
42.4219
35.6182
42.1542
35.0938
39.7915
41.726
43.5479
46.798
40.8018
43.3607
35.6285
38.655
34.8633
41.6923
46.2074
42.4369
33.4832
38.5886
41.6469
37.6022
38.4364
40.3203
34.7943
37.5595
34.4092
34.7239
37.5954
41.5144
39.9727
36.1801
49.4616
45.3649
41.2215
37.241
41.1736
33.7452
46.0717
44.8188
42.8772
36.9264
38.6458
42.839
32.42
50.1454
36.6802
37.4561
47.3121
44.3272
38.2056
41.5162
45.8117
39.511
45.3138
31.3886
45.419
40.5254
43.0054
41.1798
53.0033
41.7345
50.4593
43.1528
38.4623
42.1933
43.2786
42.3351
36.7242
44.8162
38.2626
39.046
44.5494
43.5019
34.3926
35.7212
36.5547
54.6226
48.1717
37.9493
36.1769
42.1377
33.7415
35.1464
47.5777
39.2489
40.97
38.9963
47.1719
36.9419
34.4057
59.6321
37.06
36.5332
39.0245
42.4503
34.4652
41.8784
41.4069
45.7707
33.4015
41.7027
51.0927
45.3912
45.8447
40.2293
37.4042
38.2548
40.7213
34.0069
38.1865
36.2482
39.0079
36.1718
42.2528
46.2059
41.3556
35.398
37.2339
36.6888
30.373
42.5643
33.4664
35.9055
38.3646
34.8097
40.6444
37.0097
38.2087
34.5559
34.2593
38.9008
40.107
35.362
36.8298
35.3658
39.0677
53.1236
36.9316
40.2263
36.9768
36.4575
31.7067
35.7765
42.3487
38.7991
37.787
36.2088
41.0254
35.002
34.8947
32.9791
48.7588
43.8318
40.5988
38.9546
40.5092
43.3712
35.3554
34.0513
35.8494
44.6705
38.264
39.1293
46.1674
37.4233
35.2452
38.065
44.0966
40.6898
46.1845
36.8753
38.6034
34.385
38.4239
44.6167
41.143
40.7278
33.6006
38.1917
46.6682
50.2234
38.2292
40.7593
43.1329
38.0053
35.9013
43.1442
29.9856
53.3473
39.8984
34.1319
40.1078
38.7815
49.8288
47.6873
33.7396
37.5857
35.4483
41.5348
31.3569
38.4525
43.91
41.5549
40.5922
40.7823
38.2847
37.3586
35.1961
34.7736
45.5321
33.0407
36.4573
35.944
41.9507
41.0678
56.3305
33.927
31.5404
50.7716
44.4793
40.7438
37.3659
36.4606
34.3125
38.9452
32.5483
38.5218
32.3735
43.905
38.0428
43.2567
41.9222
35.6355
43.6904
35.3588
38.2395
37.0413
41.0126
39.7423
41.6446
38.8845
36.5383
38.6252
32.0528
38.9421
35.8896
42.589
55.3956
35.699
36.6808
35.3274
37.2454
35.7597
45.7096
40.5038
40.6275
37.934
34.3466
35.5663
39.9353
38.966
35.3462
33.9286
38.2224
36.0066
47.6695
46.4191
34.3345
41.2711
41.2753
52.2106
41.9705
42.5068
35.1352
33.5725
40.0096
39.87
39.4019
35.6134
35.6016
36.2578
33.8685
37.3545
40.2498
42.4445
34.3243
45.2773
40.4136
40.797
42.6816
37.6044
31.9618
35.848
45.1524
35.2816
36.4441
43.8302
39.1402
35.8419
35.5885
34.7045
35.013
38.8517
38.6761
38.0585
40.8083
36.5504
32.5015
41.4148
49.393
38.4887
36.6449
46.1377
39.5388
37.6883
49.6953
41.7623
47.7075
38.5732
40.5456
44.5231
36.8771
36.3099
39.5256
38.8274
43.768
35.9063
44.5187
37.3902
46.1338
35.7859
46.6417
35.1292
37.6418
34.142
42.9591
44.0519
45.6276
41.1278
41.2306
38.6828
59.7703
36.506
37.7204
44.4574
38.1012
46.1136
41.626
42.7378
44.5001
44.867
47.6585
40.2225
34.5052
44.3898
42.529
40.4551
41.5637
41.156
36.0563
33.928
41.5546
33.9537
31.9734
45.716
28.8255
36.5688
36.7859
34.6337
42.9822
38.2328
37.5661
44.5647
34.5017
48.3922
48.7303
42.3495
45.9025
35.7523
42.2629
45.7545
32.1624
42.9614
36.4211
36.636
38.0115
37.1509
36.6674
37.7827
36.6791
41.8471
35.0955
38.7819
44.3963
36.0929
52.3078
34.751
39.6833
39.9231
32.8135
34.521
40.6406
43.6826
43.7691
36.3761
42.0406
44.5983
48.0023
35.4836
45.1382
45.2123
36.0125
38.2426
35.8117
36.5288
32.5715
45.9959
36.1661
38.9509
35.8933
36.5419
47.138
51.5195
53.5408
34.0126
49.8102
33.0527
42.128
35.7859
43.5895
38.4147
40.0198
40.5187
38.0901
33.88
39.7025
35.5267
51.1541
35.3375
38.4674
35.6457
43.3552
37.5996
40.3102
43.9175
35.723
48.684
48.2637
37.8365
31.8096
33.6255
40.9496
49.547
41.6917
39.3786
39.5744
32.7579
50.5677
41.9757
37.9738
46.6964
35.6138
45.6218
44.8866
37.2762
32.4378
37.126
44.2148
39.5395
38.1475
38.8948
34.4633
43.633
37.1787
32.6629
29.6001
34.5378
32.2071
53.1598
33.0258
35.7202
36.8021
47.1126
42.7035
43.4004
32.5738
39.6987
48.5563
38.9368
43.6555
35.0848
34.3679
39.6325
40.6747
39.176
44.2535
35.8276
44.6983
40.3369
48.6764
36.2877
35.5631
40.7604
37.9166
35.8298
40.2667
38.9118
40.3993
38.5127
31.9763
36.3692
39.3254
39.0594
39.4817
41.2383
37.4186
38.0366
47.4429
35.7441
40.1024
40.7653
44.4211
50.5681
41.8803
35.6849
41.2883
54.1737
36.5936
41.6427
34.6326
45.1611
43.4313
37.2496
38.8569
40.3845
36.0148
43.6193
37.2668
32.6287
44.0599
46.9369
40.8721
51.9362
44.2312
43.3026
45.2836
39.436
34.4744
35.628
40.8707
44.8205
36.6539
41.0515
39.6553
41.2557
41.0373
34.9335
40.6077
34.3419
50.0422
35.3697
35.7002
46.5063
49.7949
46.2077
36.917
50.5141
41.533
30.7208
37.7419
34.4455
38.4807
43.0772
45.8646
41.5524
35.0734
43.4521
36.4423
40.4431
47.746
36.5188
33.4328
44.5168
46.512
51.5931
37.8467
38.324
34.906
35.9423
38.507
38.9773
39.6537
36.1674
45.8654
33.0669
32.9967
35.9561
39.1119
38.637
44.0523
43.8248
39.4755
39.7758
39.8721
43.6555
49.96
38.9792
39.5694
44.0381
35.7944
34.1299
39.0218
43.4546
31.9834
36.294
33.4377
34.1297
40.8613
33.4988
33.6751
33.8396
41.6957
47.1691
33.8085
45.6512
40.1604
57.1377
31.0719
36.7293
36.5977
43.9554
40.2632
37.5373
42.6292
40.6167
37.525
36.3904
35.5466
32.6752
47.0103
38.3874
60.5524
38.7752
33.079
41.716
37.9389
38.4328
42.5289
53.3485
32.1667
47.9855
33.8528
36.4278
34.4424
56.947
34.6306
44.324
39.7605
39.3353
52.2785
42.2365
40.8146
36.3736
46.3269
44.8521
34.9806
31.7077
40.6474
44.9491
43.9172
34.1177
42.0008
47.3821
50.3688
47.6328
39.7536
35.0364
37.8824
44.0762
43.6633
36.9767
35.7213
39.0595
38.9091
36.2354
45.6862
43.6882
36.0831
37.6165
39.7464
38.9732
36.055
38.2189
35.6523
32.3341
41.2955
38.5019
44.2997
37.318
36.115
45.2083
36.0148
41.3641
41.0468
34.2814
41.3911
41.3415
39.3614
36.1318
38.8127
36.7049
34.317
34.5361
43.3728
33.69
48.4883
37.1774
35.0266
33.74
38.3285
39.6014
46.6585
45.0549
37.8264
42.9175
36.4709
35.6896
32.7671
54.3968
31.5517
43.9385
40.7189
34.0977
37.1462
33.8551
36.2089
40.3559
37.0643
51.5927
36.9393
44.185
36.3753
41.9892
38.0913
46.1913
36.3328
39.2271
33.7337
39.5937
36.3747
39.1317
41.1512
44.1844
42.4797
32.4893
38.6598
30.6652
51.3959
42.3069
41.7153
40.374
36.5829
33.9781
45.4488
41.1685
38.5349
43.341
49.9915
39.904
40.3352
39.3628
42.3427
35.2842
36.5553
47.6009
41.0588
38.6281
40.334
35.4538
36.2811
33.187
45.2876
36.315
43.5866
40.8892
41.0601
37.2988
42.6763
35.2952
55.1365
42.8799
39.2693
38.9814
36.1153
33.9871
39.874
40.3
40.116
39.5612
40.3302
38.5417
36.7143
39.3435
43.5998
40.5844
47.2945
38.476
36.868
40.4825
43.0554
35.2063
37.1023
40.0976
37.9158
49.423
39.0291
33.7872
43.094
37.9313
39.437
36.3853
35.2758
38.0651
42.0023
34.1508
39.8043
45.3196
36.5554
33.1001
38.208
50.4492
42.876
43.2052
38.1056
42.28
34.2249
40.046
45.8768
59.513
36.912
36.0655
40.9204
38.6733
36.7057
37.6857
40.2642
35.0527
49.6226
38.4284
35.9008
42.6271
48.8665
40.0001
36.6733
36.5133
34.9906
44.1963
38.3703
38.2306
38.3203
40.7053
34.7675
45.904
42.5105
37.77
40.4126
40.6652
35.8405
34.1266
37.8194
39.2465
42.2565
37.6011
33.8146
38.1169
36.7451
42.0579
38.6073
35.0172
36.2556
47.8166
42.3483
43.3749
35.576
35.267
35.9745
41.3149
31.1881
38.7301
45.856
45.8554
41.6649
36.0504
32.5664
36.1546
36.1974
43.0918
39.7368
36.3083
47.6278
41.489
35.4025
44.5412
33.7887
37.6038
38.312
43.2377
43.3645
43.7479
45.7225
39.9798
33.7004
42.0514
40.7539
38.1685
36.5056
31.6761
37.4
34.2731
42.3214
35.9729
32.6344
41.5821
39.5628
41.3693
39.9998
36.156
38.9518
33.1393
41.8066
44.4127
50.5096
37.2073
36.9132
33.539
50.9327
41.3019
42.8539
43.5344
39.4798
40.7964
43.0267
39.2658
39.1421
45.8255
40.5229
34.7007
36.9166
46.6392
34.4267
36.1775
39.2204
35.3134
41.6523
33.2373
40.8407
55.2583
41.4046
40.7495
45.1796
42.2194
38.6582
35.9351
32.7651
44.1429
44.4031
34.0339
40.8995
41.1313
37.9088
47.4705
39.8499
38.1177
35.4811
34.3681
49.5998
35.4064
36.3082
39.6457
36.4671
36.5679
52.2319
42.5408
36.7526
35.7606
49.3453
36.5613
39.1805
39.4376
34.0471
39.0351
41.6052
44.9816
38.6716
34.64
38.7327
44.5851
39.3232
37.2712
44.4828
42.5837
44.8142
36.9825
46.332
35.0432
40.7634
37.8859
40.9013
47.9049
42.5093
36.5149
34.9435
39.7353
32.7946
35.5405
45.951
40.6651
36.4505
41.9941
33.2688
41.3687
35.2283
41.5828
39.3602
37.8585
44.462
37.1667
46.0793
39.1678
32.6316
33.5374
36.2118
34.5858
35.6327
45.2872
37.3758
34.608
39.0822
37.073
42.8991
52.9174
35.3564
51.029
38.5126
34.6558
47.5705
34.0182
42.8418
38.1472
39.2818
40.192
39.0582
33.9842
32.156
39.811
44.2002
33.0711
37.1295
46.1442
36.6574
39.5463
36.0921
36.2345
36.3774
38.3148
36.1508
39.215
39.7922
38.7821
40.957
38.8637
47.3585
41.5061
45.0117
39.3514
40.5902
47.2839
42.6264
40.2269
36.3262
47.0874
44.0761
38.278
38.0872
35.6157
45.0217
33.9169
36.9104
45.539
43.4369
37.601
36.1173
52.0396
35.5958
37.6449
43.13
40.5238
43.3647
34.8052
38.0834
38.0661
46.956
43.4768
34.9305
43.5845
39.292
45.7333
35.0678
37.9823
39.6605
57.9629
30.5787
43.5255
54.4864
40.5046
33.9174
37.9006
42.1502
40.4393
35.2946
40.0776
39.1441
36.2243
43.2877
35.6423
45.2583
35.4862
40.7741
40.7128
45.2256
35.8256
36.1727
40.6097
39.0777
35.2218
33.6404
39.2145
38.0574
32.9867
36.445
36.8742
34.2231
44.8104
43.2064
42.0816
43.9334
33.6021
33.7483
40.1968
35.4623
39.0658
34.9896
40.4541
35.5419
39.3981
44.8184
36.6868
35.8266
42.9411
39.1307
42.0044
34.8357
36.7162
40.6773
45.1958
37.1511
51.2395
42.4111
37.985
42.3794
39.5571
38.5116
52.0248
38.6171
43.2058
37.0374
35.2366
37.587
40.1681
39.1501
40.5611
36.733
37.0868
38.7157
42.0827
38.0038
35.3718
36.9507
36.9569
42.9374
43.2574
40.3284
39.5935
38.1928
39.8112
36.1003
40.2258
38.4701
33.1134
38.0292
34.6022
44.1925
43.1065
34.5163
37.0232
35.691
37.7537
39.4838
35.1388
37.5975
37.4029
45.0054
34.2086
39.2007
41.7865
36.9062
53.2171
45.2716
31.7891
36.745
38.5719
39.3997
43.0322
34.4452
38.7967
38.0778
38.345
30.214
34.1139
31.9861
44.2819
38.0114
39.7519
47.0316
37.0141
38.2727
36.91
39.8957
33.3336
52.2685
45.3787
38.7679
40.0037
39.317
41.2847
43.3467
47.628
44.6715
47.5219
39.9544
42.3918
49.188
47.1846
36.9801
32.949
37.6394
39.2485
37.0469
39.8021
43.0586
32.8361
42.2377
45.8762
42.5863
42.1173
35.0688
42.7909
39.4522
35.1289
34.72
35.2261
35.7209
40.401
56.938
30.0278
42.1503
45.0337
33.0289
37.9851
33.8431
41.7696
38.114
41.885
46.2841
47.7892
37.0592
49.8682
41.2126
45.0015
42.5041
35.7361
35.5918
40.4674
43.9026
44.5076
44.5861
36.9506
44.3204
42.1899
43.779
41.0941
34.1392
46.832
37.353
33.7792
43.9972
38.7886
46.8046
39.4383
35.6557
38.8997
40.1018
35.6159
34.4729
44.8932
48.2013
33.9811
31.0639
42.8218
51.9918
36.9511
41.6406
37.3331
47.2983
48.0779
33.2317
42.973
43.4575
38.3242
38.7246
34.8082
37.1941
44.2546
38.7361
40.2253
41.0913
37.4413
36.7327
41.7315
35.7622
39.8382
37.0075
43.7862
42.2527
38.6279
37.7173
46.0243
38.0633
37.579
35.7581
36.6959
40.7611
38.4765
39.1836
38.1358
34.4971
35.1196
40.0086
34.5897
43.0841
38.4332
36.2355
35.8676
40.1756
39.8526
45.1465
41.7583
39.4462
34.6748
42.1685
44.1231
39.8182
33.8487
46.5141
35.6345
40.1668
34.8158
39.3179
32.1935
34.1467
46.7988
36.9355
31.7774
35.7386
36.9767
41.2522
36.0328
40.9609
38.145
45.4478
48.649
39.1776
36.7444
31.6185
34.9697
32.8948
41.6735
43.6247
38.6506
34.4975
46.8268
58.0025
34.0513
42.1462
39.9652
37.1086
34.7605
45.3549
35.839
38.9948
42.5007
35.3473
44.5196
36.436
39.2743
31.2313
37.4934
62.9029
34.2988
34.7292
46.2202
53.8719
36.5388
35.8113
36.221
43.8868
36.336
42.3874
30.349
45.1243
34.6795
37.1795
41.7472
38.4158
33.2046
38.065
41.0085
35.8767
40.5724
32.5654
38.4639
44.644
37.6886
39.4955
34.5756
38.0295
39.3749
42.6644
35.7489
44.7976
46.8795
46.0315
40.0096
32.3236
30.285
46.708
36.7265
43.0433
37.5106
41.7207
43.5096
37.6388
42.7432
37.3161
36.5785
37.4491
35.1463
34.9344
42.1982
30.2101
35.7875
34.3161
39.551
38.4342
38.2342
43.4464
45.2144
42.2961
41.493
38.018
38.9264
37.6602
34.4567
45.5999
32.1011
35.7509
35.7782
40.6425
33.6741
33.23
44.5006
38.1298
40.6697
42.1556
35.2431
44.4139
39.0809
37.3042
38.6122
39.5026
37.7238
51.596
38.25
41.4745
36.3327
33.7154
36.312
44.5572
36.5299
38.121
35.1067
35.3905
37.7044
44.1582
36.2267
38.4479
44.0331
39.1114
35.3458
34.6925
35.5659
35.4472
36.1109
37.2335
39.3402
40.1067
35.6611
36.6834
39.2007
39.7317
49.4323
42.9142
37.2344
40.9631
34.8665
38.2952
38.0742
38.1429
36.889
35.382
29.4603
40.3318
47.9923
40.7403
40.8813
42.6577
39.0671
33.1089
34.6098
33.8487
40.0119
40.7843
41.8891
34.0654
39.7091
35.3466
38.0702
36.6124
41.4667
36.6843
42.7798
34.6762
35.4531
39.4397
38.7025
31.1738
30.5402
42.8021
37.9771
48.4925
40.2585
38.2685
47.059
38.8022
44.998
36.4113
42.8327
34.6296
37.7085
44.7384
35.2361
42.3031
37.1669
42.7029
41.3101
34.8465
48.8994
37.8963
40.5362
39.1917
38.7838
36.4679
35.3613
42.0103
39.4687
40.8806
40.7097
41.3988
39.2097
47.792
37.2083
32.2836
37.8893
37.372
36.0726
35.9732
36.4576
35.1414
39.7451
35.0007
42.0802
38.8825
36.3272
32.7771
40.116
35.0034
44.7492
41.9715
42.0964
45.5667
33.0589
39.0126
34.0347
36.9687
36.598
35.9207
34.1127
33.615
34.6445
43.482
39.6893
41.8798
37.9248
36.0756
31.7416
41.4584
35.6474
39.7457
37.2636
39.994
49.7695
35.3964
38.6798
38.8473
42.763
45.1798
40.1467
36.0154
37.4019
35.4057
41.2106
46.1109
49.7938
43.3212
40.9346
38.2756
43.148
34.2883
39.5259
35.748
39.7814
44.1607
36.2133
41.5405
37.6232
40.3979
41.4213
41.3311
45.3495
47.8202
41.5574
38.7201
35.1707
38.7743
39.5047
37.7062
37.728
47.0633
42.2576
45.3856
42.1615
35.7328
38.9311
39.3667
38.691
39.6996
37.1605
42.9105
35.6869
44.5727
45.1531
43.4676
35.5212
35.5812
38.9934
38.6154
35.114
33.4566
48.6669
46.7982
38.3567
40.7354
42.3514
40.8386
36.8778
38.7826
38.4491
38.9779
36.0091
40.0077
43.5927
37.1283
37.6898
37.7418
39.0428
33.5106
30.7747
38.8617
44.5662
36.4701
46.4096
41.1722
40.461
34.4043
41.9394
31.4626
35.556
41.4225
34.4711
42.8436
35.7566
32.0487
38.3565
37.6344
43.0538
41.1265
36.5608
34.0045
46.5945
31.3219
42.9391
44.4797
41.5099
46.0548
41.6713
47.6788
43.8505
39.8566
40.5462
41.2481
32.611
47.8851
43.0116
38.6744
38.5321
39.4852
40.7098
34.8497
39.2965
39.5179
36.8839
32.9756
42.2023
31.9327
38.6823
37.9328
40.6978
41.6502
45.7212
36.6443
47.0344
36.3181
36.99
42.543
37.0804
35.5798
41.5893
43.2364
42.2548
43.5782
41.5535
32.9002
37.0186
43.7534
38.3457
35.4217
39.1464
45.1716
43.9634
43.6905
41.3737
42.5647
37.5822
39.7151
41.3944
53.432
37.5566
33.8114
36.9977
39.6718
40.3567
42.4484
35.0996
36.2436
38.5035
38.4427
39.6081
43.7864
35.5877
37.8988
39.7744
34.7866
33.3384
46.165
37.3522
36.3657
36.1057
40.7605
41.1711
36.9323
37.9204
36.7637
37.4914
38.9632
38.4968
37.69
36.2566
38.3834
38.8256
42.0527
41.7345
36.3084
43.0972
32.2051
43.127
40.6942
32.001
40.6108
39.5999
40.9351
36.3369
35.8685
39.3459
41.9815
38.2696
40.3532
40.673
41.5415
35.3227
39.7046
48.8274
38.5083
39.8081
38.2871
40.9799
37.8473
41.4417
36.1322
36.326
32.3152
40.1181
39.3638
48.2443
35.9358
43.7141
37.104
45.3318
45.0786
43.0413
40.7393
43.7218
35.5657
40.6067
44.3798
31.2107
39.9732
37.6288
38.5767
40.5951
36.6478
31.6132
39.2899
37.9357
40.9277
40.1921
45.0358
37.6022
43.9998
47.9992
39.9941
40.635
44.0769
42.4989
43.3193
37.4271
33.4975
43.5356
40.053
41.8151
38.3874
47.3933
34.0216
41.0692
35.4637
33.8841
39.4277
34.024
42.2618
38.625
41.7764
42.9161
43.6953
42.2284
37.3684
46.6095
33.8148
36.222
49.9191
38.926
40.7093
38.8905
33.906
55.9052
35.5968
33.5398
33.0835
35.9096
38.1743
38.3751
38.4727
38.1442
35.3441
41.9296
39.6447
41.4554
39.5465
37.9618
35.6311
35.0253
40.3385
43.2162
31.3762
48.8948
31.2069
49.2382
43.0721
35.4246
38.5197
32.8078
41.0399
36.9495
42.8724
37.3794
36.1818
39.5812
37.5809
44.0207
43.9164
48.4766
41.4727
43.9473
37.5692
40.179
36.8119
43.6209
35.1212
39.3415
40.0193
55.1213
44.5236
36.982
36.5466
36.3959
34.1265
39.8833
48.8608
45.0193
34.7926
35.5077
41.385
41.2093
38.3795
35.5869
36.2299
33.1403
37.0815
40.8299
37.4316
45.2168
43.5047
40.98
34.6413
35.6579
33.7792
39.9013
34.8881
45.2377
38.0487
43.3011
31.6379
35.4932
42.2159
37.2276
40.0972
39.7895
39.1548
29.9127
37.3964
38.9445
41.2678
42.4268
35.743
40.6033
39.321
46.9636
34.7168
41.1757
39.0455
36.2211
32.5205
42.4225
35.1874
37.0927
33.1154
34.2585
39.7611
41.0116
40.0781
41.3146
37.4812
36.9536
31.3539
32.5202
32.8027
43.5168
44.8937
31.798
48.1954
40.307
41.1596
42.4745
35.7915
38.5113
36.8365
36.4781
45.4478
37.3236
36.7956
36.0285
44.7773
34.0179
41.784
40.7186
39.6988
39.7344
33.3919
37.2806
37.7977
35.0844
38.2416
41.6006
38.4859
34.2689
34.2283
36.8012
36.5499
38.4594
37.4955
36.843
42.9458
36.5205
35.6951
36.965
42.0164
34.0643
37.2521
38.315
45.1896
38.5289
40.4705
43.1014
49.3957
46.6749
38.0804
40.1489
39.0618
38.2033
41.2149
37.4411
35.9439
35.3746
34.429
40.3325
33.0348
37.3754
35.5629
45.3315
40.7975
35.6369
39.9218
34.4667
41.7863
39.2855
45.7551
47.8113
33.5789
33.7446
40.9616
40.258
36.2042
40.0904
41.5862
37.7128
38.7145
41.8966
36.0235
32.5023
41.8594
36.2643
31.5582
38.6803
41.8074
41.1672
33.2482
44.4766
36.1551
37.7837
34.2129
37.7182
36.0004
36.9636
43.883
43.0028
36.3857
39.0049
45.6189
32.7157
32.5948
33.5243
37.7979
32.8513
39.2383
40.6506
45.5048
34.3115
33.2377
38.7317
41.4856
41.5764
43.825
47.2739
32.8061
43.5447
45.4795
40.5408
36.8195
39.0223
36.8427
38.4857
40.9512
37.0636
42.3027
36.6808
34.9591
36.0681
40.3543
35.4201
36.8618
36.3105
34.3802
40.7056
38.5427
33.8761
39.4202
37.5434
37.6198
37.4105
43.4844
39.7405
40.2495
43.9389
39.1545
36.3457
36.1718
38.8446
40.7678
45.0717
42.0914
49.0466
37.6972
32.7782
39.5999
32.5872
39.138
41.1197
40.4684
39.143
39.9882
33.4937
34.9302
37.8858
35.8866
39.2698
31.9483
47.763
47.2151
39.5998
37.4108
34.7283
40.039
38.4126
37.726
39.0165
37.2754
38.3472
43.3462
46.6182
43.2882
42.5532
45.8396
39.2615
47.4494
43.684
35.8685
38.5517
41.8111
39.2378
38.2288
40.3376
42.1541
44.0013
39.8787
33.1872
47.92
35.2745
31.9664
37.0772
44.3494
39.1895
35.6809
47.0864
42.8634
42.7017
42.9356
33.4247
38.5521
35.6484
33.9242
37.6613
30.8794
38.1376
38.8577
39.2129
37.3276
37.6947
36.4141
37.2725
40.5022
39.4161
55.8587
41.3692
48.0848
40.9879
38.194
40.5994
35.1373
36.3702
41.7876
39.3059
36.2367
34.5554
36.7078
40.7309
37.3053
43.7778
38.3171
41.1256
37.999
31.2187
34.5565
38.4044
42.1983
42.7712
45.41
34.5094
40.6406
34.8326
37.3019
35.9596
36.9366
36.0937
41.4844
47.3647
38.4375
40.498
40.4005
34.1154
29.7719
33.1529
39.0299
42.5013
36.6514
38.9747
31.2135
42.647
36.7628
31.711
40.767
46.9629
40.0176
41.3876
49.0535
37.3181
38.9762
36.0811
39.1968
33.2885
33.0836
43.6513
41.2713
35.9871
39.8791
43.8373
40.938
34.0401
39.5438
39.6004
38.5675
38.6973
35.8965
38.0519
34.972
38.9167
34.2469
44.1628
36.6342
49.6298
35.6564
42.9105
37.0502
38.0745
41.4656
41.4316
33.8431
37.9456
38.354
41.6761
35.4107
45.3168
44.9652
36.3898
38.5254
38.5169
38.5314
44.534
35.65
38.9723
36.247
35.2656
46.2025
35.2263
37.4195
41.221
40.0473
38.8778
58.8832
42.808
40.9695
36.695
41.8627
40.9749
36.9554
37.7722
38.8103
40.591
33.5578
50.3525
36.4932
38.938
34.5412
35.3503
32.2867
43.9226
38.4174
40.0097
35.019
33.2613
42.8397
31.4756
43.516
37.0931
40.2149
44.6144
32.0485
46.6601
40.2189
40.0072
38.3456
40.187
36.6314
37.6026
42.4113
38.5585
36.7856
42.6347
49.4713
30.2798
33.733
41.1458
35.827
35.5461
36.4699
38.1205
40.6723
32.2772
43.2807
40.2895
43.0036
37.2365
35.2704
37.0875
38.4559
40.9016
32.6183
39.499
42.1266
39.4082
42.5037
38.4989
42.8875
31.9875
36.3945
49.2754
37.774
36.0666
32.5878
35.8297
37.4112
38.2531
33.2589
44.9794
45.0003
42.1144
43.8005
40.6644
40.2429
36.219
39.2008
42.4887
38.0307
34.7315
33.0893
41.1893
35.6566
32.5159
34.7141
38.4942
49.5887
33.4661
39.6046
42.6844
41.3864
36.0213
42.3463
40.3335
42.5751
37.7842
38.8915
38.188
46.5478
44.4167
36.111
36.5496
43.5256
34.1764
41.7165
41.7986
43.8894
35.678
34.2078
37.2825
56.9376
39.951
36.5082
40.545
39.326
40.8688
41.7742
41.6702
37.8254
37.3683
40.3183
49.15
33.3738
40.5788
34.5485
40.1862
39.4864
38.451
31.1686
38.6229
36.6191
39.0215
36.8649
37.5726
42.8295
49.0609
34.5102
40.6532
43.8322
43.9326
43.5752
34.2252
39.0921
41.8645
41.029
36.849
34.598
38.0796
40.5045
40.6139
44.7106
45.3543
36.321
42.991
42.96
38.2678
37.7683
32.6258
36.1513
50.3698
34.2943
37.4612
43.6589
41.5822
40.4952
33.1226
33.3542
49.6774
31.3746
53.9163
36.3274
40.1881
39.8507
45.204
36.5753
37.3587
37.9895
33.4721
40.9081
34.516
34.0562
44.6751
36.0406
41.5591
34.9445
38.5102
41.8913
35.0227
33.9209
49.0385
46.3186
38.3943
35.6945
39.6979
45.1639
41.7343
38.6451
35.0265
35.9139
37.5955
39.2645
43.8562
37.5675
40.6143
49.9665
33.1294
36.7505
35.5382
35.4479
46.0008
40.9838
37.8515
47.5647
38.2623
43.0541
38.4358
37.4345
31.7473
42.9473
42.5785
43.109
36.8697
36.2486
41.9748
37.5792
35.6858
43.8748
44.4362
37.0382
43.2182
43.0476
41.2373
37.3625
36.8031
41.9931
39.0736
33.8495
41.5948
43.2017
38.2575
42.8554
41.1897
30.7451
39.5515
37.2495
42.7019
34.9599
32.8098
46.8923
43.1874
39.1714
34.2172
41.6655
38.4957
49.2202
34.714
37.8786
45.2333
43.0129
38.2167
32.7509
38.533
38.8545
33.8057
33.4061
38.8001
42.2361
38.5813
36.464
37.2828
39.724
41.9619
44.1562
45.3085
38.7201
40.1396
39.2101
37.8449
35.8468
36.5825
41.2066
40.388
35.3649
39.5257
49.1707
37.2366
34.4762
45.5839
44.1423
35.136
39.3676
40.3315
36.017
53.251
37.5664
41.7404
38.8069
43.6172
36.8291
37.0679
37.9676
39.363
46.1541
43.0256
39.7752
35.5316
42.7992
42.8574
33.1423
42.372
44.2826
37.2823
41.3064
45.2255
36.0077
32.4616
36.0366
38.939
49.8248
54.7508
44.7939
43.8838
45.6339
38.7922
35.9588
30.5684
40.1419
38.642
37.0379
34.8756
37.1014
33.0374
40.2648
43.5618
44.3875
43.1628
37.022
43.308
42.1623
37.5205
49.4603
40.0421
43.0069
35.4888
38.9245
35.1873
41.3513
42.2362
33.1003
40.0704
37.3167
44.9732
35.77
36.6566
43.3296
40.7566
43.4144
41.6699
41.5384
42.0922
34.7139
37.8955
38.8883
72.5771
37.5336
37.7068
37.2435
37.3994
41.4589
30.0615
39.7556
34.505
45.6126
46.3524
36.4363
40.231
41.07
33.5336
30.929
48.1842
35.445
40.0277
38.374
40.067
47.3697
37.6829
43.0266
43.5713
40.2304
31.4697
37.8723
30.9175
52.1095
45.7017
36.2593
38.859
43.8115
36.2209
43.1393
35.6203
38.7547
38.6464
45.3272
35.2804
48.2474
39.8557
49.7672
38.2983
40.1964
33.968
36.6283
39.5215
33.4178
36.7277
40.8043
36.6772
35.3029
34.8863
34.2222
41.2491
40.1034
39.6695
29.3524
38.4444
38.5134
44.7318
44.6201
44.4428
44.6535
39.7876
37.6785
42.6841
40.2315
39.0147
38.8018
45.458
38.6651
35.5653
35.534
42.5465
41.9105
31.2525
34.9117
33.4396
31.0469
36.1274
36.6349
31.4223
38.1454
47.4863
35.5198
33.0441
33.3864
36.656
43.4468
36.8692
32.4975
37.4431
34.633
39.9557
36.4425
41.4852
37.7351
45.8829
36.9953
45.7556
37.5502
43.2607
46.6857
46.5731
34.8942
55.4747
41.5245
45.3156
40.4656
36.2292
39.3293
36.2708
56.5699
49.5019
35.9716
41.9833
34.5489
39.2342
39.6507
41.5137
33.7073
60.2251
35.755
40.8889
43.6697
40.1485
42.9138
34.7495
32.9516
30.0359
35.9911
39.0984
39.5288
37.5751
40.4879
47.521
38.9406
43.6374
42.9595
38.1579
38.795
41.8949
42.1302
36.4655
35.6566
37.5525
38.2081
37.0018
38.5652
40.1601
37.6409
41.528
36.3491
39.1835
37.9745
40.2564
36.4048
35.7368
43.4206
36.7734
46.818
45.0915
39.4166
42.3959
41.3939
42.5307
35.5639
39.6054
37.6285
35.1294
34.0764
47.4481
38.0452
39.45
39.4259
35.6199
39.1949
43.7567
40.904
40.9503
35.1434
40.8347
53.0989
36.061
39.2767
42.3958
39.2675
39.5605
45.1837
41.4089
41.5826
45.1895
41.5096
34.6974
33.1566
30.7824
40.9095
32.4407
39.1882
40.3114
39.189
44.1713
40.0018
36.3773
38.2485
39.7484
41.8547
38.7473
32.5131
37.6535
34.9708
32.9866
42.4021
33.8811
39.7912
37.8467
46.3264
39.1739
37.6985
38.1625
38.1266
45.8935
33.8521
50.9216
34.1596
36.8224
37.9661
42.6641
42.6763
39.8648
47.8181
42.5156
53.8253
35.9222
37.6157
37.7746
31.1603
39.2016
38.6478
35.4565
34.0182
50.5528
35.88
34.7873
39.6171
43.2246
35.209
34.5762
40.0291
31.5251
40.2562
44.3744
36.2509
45.5067
36.7779
35.981
45.2218
37.4712
41.0884
36.6167
44.4635
48.9091
38.5623
31.3054
39.8487
33.4381
38.7515
41.0395
37.0779
33.1529
36.3229
44.7906
43.5115
44.3203
40.9718
44.8176
38.4296
34.7808
33.4322
41.5256
39.2167
43.8203
47.2944
31.849
44.6001
33.362
32.1017
33.2476
52.9764
38.4708
38.8725
37.3724
34.9851
35.9462
35.2772
34.4187
44.6233
37.9908
45.9529
32.3173
41.4935
35.8225
36.9356
40.1987
36.4225
43.2141
39.2216
50.4644
39.9514
35.4819
40.2897
37.4679
42.4446
36.3832
35.5683
37.8176
36.5643
37.2269
32.5622
35.6116
43.7394
41.4482
34.4504
46.6742
43.2026
40.5204
36.0604
33.9451
42.7264
35.0017
32.714
37.0078
42.8614
38.559
41.9182
41.2113
41.3335
38.0597
38.6944
33.6942
45.8966
48.4489
44.7981
39.4758
43.561
40.0001
40.8119
31.4064
41.0414
41.3881
37.5624
45.1301
40.2424
57.1693
38.5723
44.8428
32.3505
39.679
38.6154
36.4109
37.0932
32.8658
46.8217
38.612
36.2252
53.5154
38.3956
35.6365
38.8632
41.2006
37.6897
39.2598
47.4286
42.145
33.4955
38.7965
41.7135
44.3943
37.7177
42.9726
38.652
40.9202
42.4355
41.9429
35.9825
39.9474
41.0992
38.2663
38.6025
35.5507
41.1441
43.0678
38.7366
36.0509
43.2719
36.9603
39.6158
45.8848
42.31
36.9347
40.098
28.6439
40.6136
41.2144
40.7096
41.8495
41.2371
42.001
37.382
36.0735
36.3737
37.8994
38.9816
38.799
35.7733
35.5985
37.3988
38.2233
38.166
40.8113
41.586
32.6547
40.5567
36.4701
47.5445
43.3875
43.3584
42.8603
47.3042
40.8918
39.2828
40.7667
45.3627
39.5489
41.8153
47.0131
39.6259
33.0409
37.8166
33.7029
37.7232
55.669
38.6058
39.2025
39.0496
42.8483
51.7254
37.9394
40.9823
36.8968
37.4385
48.4776
40.8984
39.2025
37.3308
43.0051
37.2888
37.0318
45.4066
39.3697
34.9483
39.1142
37.6533
40.1973
38.9378
44.3976
41.7901
35.5301
39.4395
36.9973
35.7465
41.2076
42.967
41.3433
34.912
32.3664
38.915
44.0858
43.1805
44.2933
34.9178
41.7773
38.1651
36.7113
40.7201
39.0813
42.7607
32.8652
41.3419
37.802
36.3725
36.4761
35.1734
41.6687
44.1917
39.6693
38.1712
36.7768
43.1271
40.1706
45.127
31.7053
37.083
46.9804
37.547
46.2517
40.9041
36.3691
42.0402
40.9883
43.5896
46.7868
34.8902
37.1242
41.3713
49.2958
36.023
39.4652
42.1199
40.0203
40.1492
36.4672
41.119
36.292
38.6676
36.2956
48.9682
37.2861
42.1004
34.0014
39.0163
42.0219
43.6274
36.0906
33.8736
37.0048
35.4502
40.3561
38.6662
32.6282
35.2716
40.3923
43.3391
40.623
34.5771
35.4347
41.6026
36.8653
38.3715
45.6219
35.5039
43.4336
46.2443
35.3001
40.734
43.9746
53.6948
42.6646
44.3994
55.245
38.1879
35.3013
47.3935
43.3869
35.5951
36.3033
35.6033
33.2312
36.1992
34.944
38.3448
36.5486
37.4914
36.6566
35.6686
41.7908
40.5339
37.4615
40.0363
42.0817
53.1774
36.5825
35.3773
32.7752
39.5974
44.3342
35.9373
44.8458
35.2098
50.7827
39.4158
36.9945
40.8005
39.5302
41.2204
36.2374
39.8777
38.121
33.5477
31.5184
38.4197
49.493
36.9679
37.508
38.4268
39.2673
42.9213
39.3864
34.6445
41.2397
42.7979
34.3449
36.3345
47.3287
42.4078
37.3719
40.4841
38.6795
40.368
34.165
37.509
29.1884
47.0217
41.4885
41.7834
36.746
37.8224
38.2062
35.4014
37.7436
43.3864
43.817
35.7644
29.2799
38.5293
40.4231
36.0762
41.309
39.021
34.046
36.1821
37.7194
38.8826
45.7703
38.9464
35.2475
39.3629
34.8917
43.0759
37.3002
34.2347
46.5742
39.2437
34.7557
44.9075
42.2798
41.0618
42.64
40.5552
41.0058
37.5827
34.9243
34.7727
42.8491
36.5854
41.73
37.5627
36.5194
34.4567
36.935
41.165
38.6204
41.3677
37.6157
43.6783
41.7465
46.3326
37.8568
45.9344
41.5876
47.8589
39.6575
38.4337
38.1023
33.7413
48.8991
45.5201
33.5808
44.6163
37.6759
34.3584
37.6645
32.9914
43.2856
54.3031
38.0386
40.292
38.2096
32.3193
36.0939
34.4329
42.4158
37.5057
46.4685
38.595
40.64
37.4734
36.9401
36.7395
38.5481
38.9332
36.4733
37.7836
38.8805
42.959
36.5621
41.9334
35.2845
35.5492
32.2972
47.4362
39.6411
42.681
37.8428
47.5813
46.6616
42.4829
39.0016
39.9393
45.3504
36.719
40.3981
37.1098
41.6747
45.6306
38.3877
32.3784
41.9809
39.651
46.1063
37.9628
42.6199
36.6487
36.735
32.0937
34.4637
37.476
40.8241
38.3243
41.9829
35.2753
42.4351
36.6066
38.1498
38.774
34.267
37.864
47.0126
46.9846
46.246
36.4903
32.3704
34.4256
32.642
40.9815
39.0237
36.8139
44.8929
40.9536
39.3608
32.4796
36.6379
39.2798
49.0207
34.104
32.3966
40.3428
38.1773
37.904
40.9839
28.906
36.4928
33.5165
34.6011
38.3288
42.9571
39.3631
36.5836
37.6094
49.1252
40.5484
40.8604
32.1483
36.6873
37.3493
40.3074
34.7545
44.4419
36.6344
42.8769
51.5281
42.127
37.2973
39.4683
35.1157
37.1314
34.5875
45.5383
37.7994
41.231
37.3652
44.1542
38.2185
32.6925
37.3305
53.4169
33.3463
40.8216
42.6604
40.7477
34.0745
35.33
35.0662
35.1845
39.4016
38.1394
37.6793
33.8438
38.0529
45.5682
40.8753
39.7064
33.5587
48.6778
33.8211
31.7327
39.3503
48.3
41.7508
46.1897
44.8156
38.031
44.5302
46.8172
39.0901
37.6688
38.6518
44.746
42.5368
33.033
35.4277
34.3424
39.0483
45.5139
46.5916
42.9966
36.816
39.4055
40.1901
39.6296
34.515
42.7765
38.6538
39.1864
35.8274
36.3425
41.1933
49.2205
37.6836
31.44
41.8521
32.7622
41.2702
34.7557
46.8703
37.7684
48.743
53.0727
38.9692
36.6803
41.3624
38.1991
36.1242
38.8423
38.8557
35.18
37.3729
33.2346
41.2589
34.8737
41.0288
38.0496
36.0289
36.3891
47.373
38.4922
40.0824
40.0495
41.0577
35.9054
39.709
33.926
36.1116
41.2315
42.4159
46.8947
41.569
42.1253
37.2979
43.5518
46.2997
42.2072
37.7669
36.1224
36.4459
43.3751
39.6242
40.768
40.2063
35.1981
40.2592
38.269
36.3984
41.0436
36.3234
39.6836
31.8719
38.2482
43.9319
39.2797
44.5587
37.8308
41.4016
36.4365
51.0855
35.0524
39.3568
33.355
40.5056
44.252
38.0766
38.2899
33.6209
51.8737
44.3803
45.5842
38.236
42.4477
32.4556
45.0517
42.3792
37.2376
39.6012
35.1599
40.5348
32.1603
36.4295
40.1589
39.8697
37.491
31.6213
34.1754
40.9973
38.3943
44.6115
34.4031
43.3897
36.4647
44.8878
47.8785
39.4665
39.7816
32.7973
42.27
43.7866
32.4332
43.0635
38.0147
34.5026
37.2376
40.2567
36.8659
38.0063
50.8093
37.4075
35.9922
37.6084
40.5913
36.072
47.048
40.8335
36.4471
33.6145
38.6625
37.8317
39.8994
40.6685
37.0414
37.5024
42.3523
52.4233
35.619
33.4305
36.5572
36.1241
38.6511
37.0682
38.9202
38.0663
45.2745
34.3294
37.7466
40.0929
33.576
38.5034
39.6607
44.2504
37.2543
38.1746
38.7334
34.6933
35.4077
41.4589
40.741
42.3554
39.9438
34.7871
36.7583
44.6163
36.7972
38.497
40.825
39.1598
38.0271
45.3879
43.5992
37.5942
48.5453
46.3465
34.9558
41.7343
32.4349
32.2873
40.7542
35.0427
38.5998
45.1074
36.3965
30.0895
39.663
36.0762
36.1145
38.2588
35.4458
40.4613
42.9225
35.9013
43.3879
36.5712
43.0554
38.2731
38.6916
42.7276
40.8519
41.1046
32.4766
40.3214
37.5807
39.6088
36.9711
41.0615
36.7273
40.3203
33.6515
34.1568
33.7057
34.339
36.872
46.2758
43.6296
41.2296
34.1501
34.9161
33.3899
32.6634
40.777
42.2972
39.4491
37.9579
36.0524
31.8537
37.9377
39.9827
40.0979
35.9519
36.5161
38.7461
42.1067
41.3669
43.6534
42.962
35.3588
46.1669
43.2876
44.1751
38.836
42.6225
31.9691
39.2821
37.1757
40.6981
39.7264
40.6371
40.2122
41.1533
39.7154
39.1216
42.3823
39.8507
41.2511
44.9667
42.3578
41.2315
40.7959
35.4483
49.6753
39.2256
45.1624
39.9179
34.9203
39.7078
38.3458
36.3427
32.2094
35.3091
42.9424
44.5327
38.9526
44.8717
36.5434
38.7485
38.8982
36.958
33.0876
38.1522
41.2076
36.2759
39.3489
39.5451
40.7513
42.7584
44.6242
35.9736
32.9863
36.7026
44.4859
40.5046
37.9347
35.6169
43.119
34.4785
41.219
37.0976
35.3097
34.9741
40.5277
47.9322
43.9098
35.4792
36.2282
32.1958
33.6571
38.2121
34.5073
49.5021
35.8826
35.7368
34.7666
46.1674
35.7207
40.9648
34.2471
43.0819
39.2384
36.884
32.9547
40.6544
42.7827
42.124
36.817
43.695
45.5746
38.7624
36.1471
40.9126
35.3211
36.2046
43.0094
35.8155
33.2221
44.0286
33.732
41.2769
33.4515
47.3147
38.5199
41.0005
36.8793
46.3703
33.4101
42.6907
45.3828
34.5098
47.2029
40.6407
48.2563
39.1577
34.8562
40.2687
45.3236
48.8541
38.4488
45.6064
39.3403
34.8114
48.4243
35.3895
50.8756
36.3713
35.4647
37.6076
34.0052
38.8306
37.7019
37.4921
43.4356
35.4384
39.7283
41.7407
39.6956
42.3078
36.8375
37.9025
39.5542
41.5533
45.9158
42.97
37.7158
38.125
43.3396
42.1308
44.2869
38.1311
34.6228
42.2991
45.962
39.4889
38.0608
40.249
36.1633
43.2789
36.9008
40.8008
36.1699
38.5757
35.9909
40.5871
42.9459
45.3553
34.1953
41.5068
37.1971
40.4489
34.9737
38.6319
47.649
38.2747
39.7469
33.1302
32.4801
39.5906
37.6416
37.9006
49.1248
33.793
43.0725
42.8268
40.6901
34.9955
38.2799
34.7335
44.37
35.2208
30.3762
38.3319
46.3631
40.479
42.1408
33.2093
40.9461
38.2886
46.4831
32.2623
37.2033
47.5565
46.1014
41.8745
50.411
37.8542
46.6164
41.3467
41.787
35.6572
35.6619
37.5114
39.4644
43.4365
41.2635
39.3321
48.7107
38.2261
42.4278
43.619
36.829
38.3105
50.3472
41.1517
43.7093
38.779
40.4884
37.976
40.6564
37.6829
41.2521
45.8363
37.4738
38.9299
35.0148
36.972
33.826
37.0388
43.1827
39.3164
33.1045
43.7742
40.9861
35.581
39.0668
32.7896
34.529
40.9148
38.5919
38.0227
34.3959
34.932
34.3554
38.9246
48.6028
38.8245
40.0076
36.3253
42.7307
33.7697
37.0769
44.2751
35.2319
38.1248
30.9211
49.3584
37.8411
37.8712
39.9425
45.0509
33.5095
44.7229
43.3053
40.9994
37.9939
34.8161
36.2926
32.3934
49.8596
42.1334
36.8111
36.5913
33.8862
37.2319
42.4296
38.4148
34.3816
38.3549
39.7106
36.0702
28.6407
41.4173
34.9093
38.6325
37.5854
46.442
45.2003
36.9825
39.6812
32.6631
40.6607
34.8825
37.9038
37.2089
34.6562
33.1434
37.4364
33.2804
36.7099
31.8435
31.3936
38.857
39.0457
43.0222
32.9927
35.4912
39.3595
43.3385
40.4164
31.7306
41.2584
36.2125
42.1023
37.1846
37.8298
38.7043
33.061
37.4441
44.1757
48.1722
36.6059
43.5635
38.7005
29.2882
36.4035
35.5394
46.7813
47.7719
39.0679
38.7522
40.4209
36.0829
35.41
34.9033
41.2458
33.9715
44.9109
32.8648
37.2524
39.859
41.5117
36.5631
42.6555
33.8605
37.0633
41.4112
41.0356
36.2816
41.8953
43.5925
45.297
35.5689
38.5973
38.0784
39.2429
38.3259
44.2468
40.2196
39.5328
48.1369
33.5935
46.5186
45.8485
37.9439
40.7867
37.1642
52.0915
38.3002
41.3894
58.3921
42.1644
32.1251
30.9275
42.9955
36.3485
39.331
34.4815
35.7542
45.3362
36.1465
40.1254
38.5149
44.2316
34.3051
34.5208
44.1247
34.9137
43.783
43.0346
31.7849
42.1758
33.3944
36.7499
34.6124
37.2885
45.5096
45.9844
42.0728
39.0144
38.6157
36.4109
40.7805
39.1964
42.7837
40.8942
35.7874
39.3883
40.9857
42.0468
50.0985
37.0299
37.5506
37.1851
46.7472
40.8475
37.425
34.6651
43.9288
45.249
36.3259
40.842
41.0213
32.5586
45.7994
38.7946
41.4514
42.1695
39.7695
34.3963
46.3028
35.6218
34.1326
45.1701
48.3941
31.8756
44.7568
37.4985
35.3921
35.9623
32.1316
43.0982
35.8892
38.0906
42.5192
34.0596
39.0644
39.2717
41.3778
39.5165
35.6365
46.4031
40.005
37.2602
37.6269
35.3957
37.1892
37.7376
48.4617
34.7486
45.1634
43.6269
38.4947
58.7366
35.8652
39.3084
41.982
36.4287
38.576
35.9706
45.4344
42.4799
38.3925
38.8042
43.1583
33.16
42.5511
42.0216
33.6655
34.8999
37.7926
43.4211
36.3563
38.9761
42.0532
36.7217
31.2834
40.8751
40.8998
42.4537
35.0599
33.3693
35.9709
37.0331
40.6871
38.8977
45.3282
49.9053
45.829
37.7762
46.4488
36.0741
35.5288
34.3419
36.8734
44.4605
39.1349
40.4091
39.6256
39.78
40.5821
36.9369
37.1191
36.1555
38.3402
35.8765
36.3987
33.2088
35.2131
34.6471
39.9351
58.0237
37.5751
40.0273
36.3304
44.279
40.5567
46.1037
35.4231
37.424
41.0276
38.6817
28.9959
35.3561
42.4284
39.9652
33.4412
39.984
35.5932
37.8756
34.4676
36.1023
45.1504
35.5732
38.047
38.1069
41.011
39.306
39.0192
34.2941
41.4846
39.8102
36.0033
38.2915
41.4009
36.5444
42.3114
39.2987
36.8001
44.3439
40.1685
37.8496
34.4398
39.444
37.8962
42.033
41.4373
33.969
41.2235
44.0769
40.5916
34.2398
44.7955
38.3552
42.9422
35.9724
42.2897
49.2169
33.2122
40.2577
33.6157
35.7849
33.6897
43.1239
34.6314
43.6693
39.3573
37.9906
33.4025
39.5313
41.2513
46.9135
40.1981
36.7564
33.3526
38.9857
52.4924
40.37
41.8323
45.4791
38.5569
38.2306
43.7186
42.964
40.7188
41.2819
36.9584
47.6498
42.3498
34.6825
33.5297
37.7697
40.2754
37.6216
40.4162
34.4977
33.9249
39.6731
42.015
41.1287
37.4479
34.241
32.5842
43.938
45.6404
39.2733
42.0401
35.5178
40.6846
39.0025
34.7577
44.4757
38.4546
41.6268
34.1689
38.6019
43.2681
40.898
36.6034
41.5656
38.5632
41.9861
44.2356
43.2094
46.8913
41.8469
38.8182
40.5135
39.0358
39.9866
41.1716
37.8059
40.6546
37.2507
35.7958
33.8936
39.9788
37.936
33.5817
34.0939
42.1887
42.8642
35.9628
36.2468
42.306
36.7471
35.9815
37.6483
36.362
45.8037
37.2468
45.537
39.266
34.8989
33.651
43.94
40.4584
35.8893
37.2864
35.9472
47.0632
36.1134
36.2367
38.6724
44.2961
33.6163
38.3596
38.5154
36.1568
38.1152
39.4908
40.5171
44.9359
44.4711
41.2848
37.2949
36.6013
35.0681
41.3949
51.8114
38.6
44.9909
35.603
52.8471
43.4723
38.6893
41.5925
37.4056
44.4911
32.1971
32.9065
51.4915
35.1706
37.137
35.0451
42.721
38.0016
42.3672
34.0899
41.0866
32.7527
39.1607
39.8169
39.8756
45.4088
53.3
41.6324
39.9011
32.6933
34.8192
43.0644
39.4755
36.934
34.1619
44.11
36.1515
36.5342
47.1976
36.4118
42.4856
37.7336
36.5976
35.0758
35.143
34.9186
41.9221
38.8498
35.6135
40.6585
39.7567
37.8982
33.0791
36.8969
40.1252
39.1125
33.7569
37.7245
36.5565
42.743
52.3528
40.7851
34.818
42.7129
37.8198
38.4623
36.0575
45.8134
35.786
45.139
39.1346
43.4206
57.9387
28.8741
37.9727
49.8109
42.2228
40.2384
31.7098
41.1985
46.1644
51.2785
44.0569
42.8595
36.3635
35.7419
39.7164
45.7284
36.4066
35.053
53.3299
48.4258
34.2682
46.752
39.3121
37.174
41.7371
39.9674
53.4388
44.0632
50.0376
30.8287
47.8209
36.3223
38.3656
38.0455
41.864
36.4681
37.3476
41.9245
30.0915
42.0951
46.7129
38.7487
32.558
31.7347
36.4456
41.5225
51.9577
38.515
34.4708
35.4803
37.6549
36.4009
51.5229
35.9815
35.7393
39.6215
38.6868
45.5893
31.1192
42.2177
48.8571
40.6259
40.3454
45.9273
47.6244
44.406
36.4385
45.9484
43.2659
40.1744
42.4652
42.8297
41.4668
33.5895
34.4015
31.7287
42.5316
41.4875
29.8471
32.2549
42.8548
34.9794
41.188
45.4374
39.3016
43.0278
40.4281
35.8019
42.967
41.9379
36.0992
35.598
35.6913
36.143
48.7177
36.4935
37.1915
46.7769
49.354
33.3302
41.8324
38.7504
38.5896
35.5916
39.8599
45.7252
47.1057
40.6302
35.5141
38.45
36.2911
43.0691
40.4178
42.8329
41.6417
47.5832
41.9393
33.6029
41.8083
38.981
42.427
40.4861
42.8394
36.2522
38.2075
34.5355
39.4733
30.6033
39.2807
40.7533
35.8969
37.2014
39.3219
34.5485
43.173
40.0768
42.891
40.957
33.4825
39.5813
34.405
39.0634
37.2184
35.6606
44.6709
38.8053
40.5414
49.5374
37.7164
39.5139
39.2447
42.8444
36.0173
41.0075
41.1871
39.2804
34.7575
36.4918
34.4414
35.139
37.3928
35.9829
37.8082
44.6324
32.0671
34.1058
46.1889
37.2082
37.7331
35.4205
38.1755
33.3027
33.6288
36.4726
49.727
40.281
38.1713
40.3358
38.411
37.9752
35.1496
42.5935
46.1596
41.0775
39.6375
36.0174
42.9156
35.9158
41.6567
42.49
36.7317
34.275
39.3376
42.5349
43.4132
36.6903
37.256
33.7366
33.3476
36.495
39.0779
41.1464
33.9203
44.7627
47.8891
38.1951
36.8355
32.7681
38.1562
46.1568
36.7802
32.5539
38.5088
39.4631
42.3861
35.22
38.2536
43.6002
34.2528
46.4566
36.8461
32.8669
41.6125
45.8037
37.1738
36.0194
48.7633
43.3413
42.5828
41.541
42.7977
38.7502
37.4822
35.392
36.882
37.0643
37.1659
35.6936
35.7686
35.0357
41.25
35.3116
36.2456
34.6624
40.9814
40.8169
40.7819
35.5026
39.3019
38.8643
32.2086
39.6319
36.8634
41.7054
35.9301
42.8886
38.3654
42.687
37.4087
45.0853
43.383
37.2507
41.4308
41.8865
37.8303
37.6592
41.454
33.0164
38.4407
38.6671
33.9887
35.4398
44.6155
39.8597
38.6084
39.7564
49.2157
40.9538
35.7773
41.6869
45.0082
36.8791
37.7654
35.4396
49.2798
36.7503
42.3289
36.8261
33.389
45.8845
36.1515
38.536
39.763
38.6024
36.3028
33.9361
33.6235
35.4567
36.6797
40.7057
35.5865
40.9983
42.4686
42.8486
44.8492
44.0115
40.1209
38.58
35.0389
40.2785
37.122
51.5973
40.1911
38.3713
38.579
35.9296
30.7669
40.514
42.9777
37.97
46.0447
41.1863
34.9453
45.5609
34.3578
40.5076
43.0092
37.3883
34.0585
53.0846
35.0621
42.8
34.7494
43.1296
38.4549
33.4788
44.1634
43.5792
40.5187
44.9222
34.254
35.1361
45.3489
44.8383
37.4151
39.0445
37.0011
38.9743
42.1751
37.8573
39.453
34.5945
41.0893
42.0745
41.7561
37.4101
35.7147
37.3809
38.4849
43.7752
44.3302
37.4917
38.0733
41.5566
35.2131
39.7548
39.5397
38.0291
45.8604
44.9359
37.0235
34.7912
45.3219
38.6545
39.6086
37.4306
41.319
37.4252
47.1982
35.0072
31.3921
41.3701
37.7171
46.8929
38.9758
45.2186
38.4016
37.9152
39.0022
45.9986
36.7091
41.5661
38.2159
33.7764
38.1384
41.3678
41.1786
39.7896
42.406
42.6059
36.8382
41.8877
39.2922
38.9328
40.9083
36.3609
36.3652
51.0776
33.1485
40.7588
36.506
36.2893
37.211
37.304
29.3502
32.2755
50.5805
45.6694
32.7732
45.6325
33.8307
37.9243
48.7191
42.0605
34.273
34.6118
38.9435
36.7489
48.4697
42.6689
42.443
38.4395
58.9514
39.7323
42.374
36.3283
47.0919
46.5951
37.4829
35.4434
45.6386
36.6872
36.8683
37.8558
53.8807
42.0845
36.4291
40.0132
36.1593
42.7926
39.077
34.647
46.3125
33.5833
36.7225
39.77
43.7029
38.4502
37.8152
36.6101
33.5395
33.3613
36.68
39.2527
40.3838
37.364
37.879
36.5858
36.7115
47.3514
43.3494
38.9306
43.9188
35.2561
35.1028
47.35
32.4788
39.0548
45.881
32.8061
40.2047
37.2431
42.8132
38.1316
45.9561
35.509
38.7395
35.0888
44.3579
45.541
38.2476
38.4449
35.2858
38.6325
34.4484
34.6872
40.8578
35.9297
38.4415
36.0548
39.0883
44.2052
46.679
46.1322
32.0606
36.9187
54.0758
36.3255
33.8936
34.0298
37.864
40.6924
35.9454
43.6905
40.0902
35.0594
33.338
38.062
48.2834
39.017
35.6903
33.4481
40.2899
35.7476
47.9372
40.051
36.5904
45.7806
36.6199
48.1502
40.6263
44.6355
44.7989
39.0151
38.4068
37.1287
45.6714
42.3462
36.0621
38.8535
32.6926
39.8138
35.6344
38.6669
36.9051
42.5187
42.2806
39.7435
48.3377
51.8763
36.2534
40.0682
46.7461
51.5907
38.1026
38.6621
35.4652
38.4705
42.4659
49.0208
40.4239
37.4496
38.903
37.3827
39.4881
46.0662
34.8713
41.6527
36.232
42.6203
41.0899
42.8617
40.5683
36.6505
32.6509
33.755
42.6927
35.8586
31.8965
38.6336
40.1072
33.3446
44.3804
33.4195
38.1858
42.23
33.7883
49.5713
43.1402
43.5916
39.9308
44.8935
36.9669
34.9415
44.4288
45.8785
40.3562
36.7365
37.3101
31.8353
36.6247
33.1721
38.4836
37.2258
39.8583
39.6803
44.1735
43.5482
36.2468
33.9279
34.0375
45.2427
31.7175
41.1595
44.978
37.4988
42.7009
37.4761
49.6989
32.7238
51.1691
37.938
38.3807
40.2941
41.0773
38.7521
42.1883
32.3075
38.5187
37.0222
43.5634
38.1056
40.1663
37.094
38.8375
33.902
39.4578
47.3774
38.0624
42.4104
39.0326
38.2576
35.4534
33.2285
44.4494
38.2454
39.2943
42.5069
36.424
48.2624
51.8316
43.1461
40.5094
44.7682
44.3868
42.754
42.9612
47.6385
37.5128
34.6344
42.2646
40.6093
41.713
38.3208
39.6074
37.5687
44.8447
40.458
39.6968
37.7642
40.8241
44.394
37.7362
41.645
35.3853
37.0743
37.1442
43.3264
33.3176
36.9188
41.2296
36.5396
35.1413
33.5623
38.2447
38.854
40.6587
45.5312
42.74
45.1405
39.7441
39.3096
34.3618
41.9308
39.3848
37.4264
34.9603
40.3283
35.3385
34.9103
37.0632
36.9993
42.6147
45.3544
37.5382
40.0358
41.2844
42.0886
40.4289
42.0236
34.2849
43.2742
37.1893
38.417
33.2315
45.3188
33.9307
39.8782
39.701
42.2416
42.179
42.2727
44.134
34.6911
58.0505
39.6512
37.3218
46.1136
36.2136
35.9938
41.4358
46.7451
35.6826
35.4266
40.792
33.7983
38.1482
39.7356
36.2955
41.6501
33.9471
50.364
39.8753
39.3335
32.6228
55.0657
46.1818
40.6405
45.3882
39.5492
41.0861
37.2592
42.4661
37.9766
40.3029
35.3351
43.7045
39.5905
51.6132
34.7179
34.7998
37.4001
49.6355
39.1233
39.4545
46.0258
38.1321
35.2133
41.6626
43.4634
44.6163
42.2266
40.848
40.0159
34.2921
39.9948
43.7468
50.6712
42.7632
34.6074
43.8029
39.6797
46.2315
41.8336
39.6711
37.6436
33.4098
43.6463
35.3705
39.4012
37.4518
42.4755
51.4236
37.6535
41.7291
34.9601
45.6135
42.5323
34.0007
43.6513
42.1554
35.7442
41.0764
35.8606
37.3287
39.6166
55.238
33.2289
44.2442
35.5067
40.491
40.4627
39.3868
40.5224
45.9892
44.3333
36.4264
41.3495
40.8251
36.4072
41.5505
34.7228
36.327
37.0375
35.0502
42.1927
36.7009
39.0805
44.9658
44.3445
33.899
39.0505
35.9986
38.7716
36.481
43.5823
36.7374
43.3616
31.9554
35.216
39.4247
33.7324
52.2385
38.031
44.1696
42.2367
38.2009
38.2405
34.8839
47.4207
34.5611
45.6414
36.1978
44.6824
33.7541
56.7111
38.1059
36.2943
37.3198
38.6002
41.5555
32.4649
36.786
41.5332
40.5177
28.9431
37.2485
37.9086
42.2663
43.5328
39.1782
54.5079
44.0335
38.4474
46.1969
39.8999
41.6878
48.1706
35.5866
33.2596
39.7201
45.6101
40.162
33.9647
39.8201
41.0675
37.4308
42.9082
43.5733
50.3815
34.3321
38.9697
41.963
44.6672
34.5583
32.8638
38.7423
39.4742
44.1423
44.4855
42.8469
44.489
44.538
38.5012
38.3923
38.2634
37.8921
33.1691
39.0479
45.6328
37.2042
40.7652
49.4197
42.5209
36.8054
42.0814
34.8571
42.1955
44.7291
39.2334
39.5466
37.2017
37.9829
35.4455
46.4625
39.7819
39.309
40.6268
36.0445
35.6985
39.3553
34.368
39.9551
33.2945
34.4582
47.7669
48.6261
32.772
34.2838
33.023
31.1974
47.5354
51.0681
38.484
39.8551
35.3932
43.2067
40.3238
44.2994
43.2507
43.6847
39.8975
43.6176
51.1743
47.5121
43.0788
40.1434
37.4087
39.7952
38.4402
41.7686
36.1293
33.9572
39.4751
37.0057
46.6908
41.128
37.2026
37.7312
46.8328
44.0595
34.7054
37.4259
35.3152
35.2576
37.6329
33.2027
41.9395
44.7632
35.8393
34.9356
35.145
44.3751
42.4595
39.1657
35.4739
41.6128
40.7978
53.558
41.5061
36.2168
40.4205
42.2176
45.7449
39.0773
32.5488
46.7953
42.3164
35.1009
40.0952
34.2403
40.848
40.2153
36.0131
37.0944
35.9729
37.3634
41.7771
34.3621
43.1089
35.7549
40.4825
39.7491
37.0067
45.1804
38.999
51.8566
33.1106
39.3454
35.2571
42.4155
46.5892
43.2776
44.28
43.8434
37.1566
38.5726
36.0967
36.4671
36.5864
38.1458
41.0087
34.0041
37.7809
39.6811
39.3586
36.5705
41.744
37.9659
38.178
35.9409
41.0111
49.7464
38.4958
46.295
37.1252
38.4981
39.6968
39.7986
41.0622
42.7568
41.5955
38.2522
42.4338
38.8915
35.4919
42.9117
35.1854
35.1771
34.7041
40.249
35.4782
35.5108
39.4666
33.3832
40.8817
41.8543
37.8132
45.7883
45.9717
38.5212
38.3671
31.9893
33.8613
43.1139
36.9079
39.2777
35.6978
38.9015
31.2586
36.9493
50.8548
31.1316
40.0208
36.1604
30.3731
36.9419
36.5143
35.9125
36.956
45.7366
36.8868
32.0338
57.6834
33.4833
41.5255
34.5969
35.2275
31.517
39.6565
49.668
36.2895
41.816
32.7371
35.1279
39.5509
35.6267
34.0026
37.5815