38.4638
36.6484
37.7865
40.8758
35.8505
39.9429
45.6129
39.4099
37.4897
36.9417
38.4754
36.9868
35.4295
39.3239
34.8926
37.8688
43.2081
36.1798
41.2111
35.0466
41.9069
43.4427
42.7257
43.732
42.5893
38.4662
32.1919
41.0997
49.6674
37.2439
41.7329
37.0248
32.7462
37.5558
45.7602
32.4363
42.3699
45.1336
33.312
40.772
33.5493
37.3091
36.818
42.2676
44.7429
35.1674
40.7259
38.5126
39.3713
42.2302
33.7705
51.6655
33.8998
34.2494
39.0822
40.5981
33.5089
39.8376
42.745
43.3747
38.3905
36.6682
33.4138
39.5679
35.0916
39.3192
48.6868
45.5086
42.3429
53.0505
32.3177
37.9222
35.9256
37.4202
34.5663
43.1834
39.4411
35.7014
38.9175
33.749
40.1492
33.015
36.0787
35.6807
41.3593
41.2182
32.8599
47.6605
43.8562
42.6339
40.3042
36.282
35.0569
35.833
31.5204
35.655
38.9087
36.3765
46.1795
37.4908
43.4683
36.9956
36.8208
33.1009
39.3558
36.6618
39.8022
40.1808
42.4663
34.1458
37.9822
37.3567
41.6574
46.6196
38.5068
40.0768
35.8617
41.9884
40.2346
39.0934
42.9413
43.1685
40.4096
35.9134
37.1696
36.43
36.4136
39.5074
38.2629
39.8265
43.6617
37.6443
38.9035
37.4328
43.4664
43.6939
35.8227
40.8172
35.4824
33.2137
39.1616
39.3078
35.321
36.9989
50.6431
39.4515
42.8083
34.1473
38.3144
40.1316
40.6865
40.7581
46.9611
49.6523
32.0165
50.3365
40.2858
43.2913
37.913
42.2879
40.3752
35.1811
41.0062
39.8774
45.1129
44.0356
41.6166
38.5381
37.1169
43.663
44.3721
32.5391
42.8334
43.4704
36.278
37.3245
31.9823
38.7558
41.883
37.8074
35.4724
48.1431
51.4277
43.581
41.6025
41.9729
45.1214
38.5448
41.59
38.1668
43.5347
40.2385
53.8012
36.5039
34.2754
39.0595
41.357
41.6259
35.2408
34.9988
37.641
42.6445
42.9459
37.7598
40.9045
43.7492
39.3967
33.0553
41.9818
37.5115
33.9876
38.2745
37.0499
34.7829
40.4989
39.1501
36.1598
36.0539
49.394
43.2088
47.2316
37.0908
45.8717
42.4677
39.8233
42.8923
43.4477
46.3925
37.2426
39.4088
31.0176
40.2423
38.5736
41.3194
40.5946
48.6156
32.9944
38.1239
41.6951
39.5956
32.9228
41.3922
34.7037
40.2115
35.9905
34.899
33.8893
34.3945
41.2945
40.033
45.8818
36.6431
36.431
51.3567
42.7653
36.7853
39.1653
41.0059
38.8924
46.9476
37.3811
35.4595
42.5281
46.9452
37.8509
49.439
35.5638
40.9522
39.5124
36.984
39.8152
39.9737
45.3901
40.84
64.811
30.2377
42.1399
40.096
41.5023
36.6564
45.7452
49.03
33.0947
36.374
34.4013
36.1511
42.1292
33.3721
46.879
44.121
38.2998
36.6343
48.2607
33.0315
46.7441
37.2953
40.9167
36.4509
37.5592
35.5889
41.9861
33.8009
45.2068
35.4024
43.2709
35.9477
41.3918
40.864
33.4825
38.5151
37.1182
36.3973
36.4025
34.2984
32.8697
30.7927
36.1004
39.6028
34.1372
48.2777
49.8789
40.3155
45.3679
36.3247
38.0064
38.1425
41.1333
34.45
45.4819
33.0432
36.5185
34.8349
43.1371
46.985
36.4502
37.2871
43.1331
37.2039
47.4182
41.666
35.134
42.7884
44.6311
38.5731
41.1372
39.5135
42.7893
41.9373
41.9124
34.819
35.2337
42.6653
34.5215
44.7569
43.7191
33.368
50.7636
38.3472
34.5556
40.1427
44.0723
37.7158
37.6612
39.7721
42.0031
36.5247
43.8718
39.9502
41.8763
38.6154
45.1242
34.46
37.3907
45.7646
42.815
50.0175
33.4487
37.4065
37.1251
39.4186
38.5586
40.9197
40.2874
37.8076
43.5104
38.8793
41.208
38.649
35.2856
42.0062
41.8169
39.3757
40.8699
43.2659
39.1167
37.2008
42.3366
38.9641
42.7618
58.031
49.7171
45.6238
40.5606
45.6827
42.7329
42.5301
45.6836
45.6107
50.1013
38.8365
44.561
50.548
43.4466
34.9374
34.1055
37.2254
40.2375
39.5874
38.1507
36.7177
34.5756
39.824
36.872
31.204
36.0658
38.2056
42.2535
47.9821
45.7951
37.859
33.4116
38.3677
43.3624
40.371
37.2861
34.7237
53.437
42.2249
40.0984
42.4826
39.6144
37.1691
40.7885
41.7073
45.3577
39.1458
40.1313
44.7155
36.9522
34.193
38.1344
34.7068
37.3031
35.1582
40.9778
40.507
33.0191
47.0646
37.7286
31.8471
35.8738
34.8102
33.882
37.0021
42.9824
33.8113
35.9748
38.5689
39.1633
39.7928
44.0191
37.4543
39.3566
32.1122
42.3495
39.8349
38.845
38.2009
38.8234
35.884
37.0599
37.2232
34.389
39.1766
36.8139
41.2878
39.5098
35.7146
36.4703
34.6843
36.895
38.9889
39.549
40.2584
36.8165
32.011
46.5797
39.5424
36.1339
42.2949
35.6173
39.7637
33.6445
34.6727
38.3041
44.0641
40.3522
41.3447
40.343
38.2266
42.514
41.4946
59.7506
40.3774
42.813
32.8427
31.5212
47.1583
34.6026
42.7045
49.3749
45.1453
35.1136
44.2905
45.3572
33.5312
32.3156
39.0819
41.6354
38.9555
34.2631
43.2157
46.0615
55.7962
38.6894
41.0609
34.265
35.8459
35.5107
48.9552
37.7062
51.0976
37.904
45.7771
39.0461
34.6662
42.4063
33.492
39.2372
39.6817
27.9163
41.7103
36.6748
37.9828
49.2182
37.776
47.9301
37.5234
42.4728
33.1544
36.7902
47.885
36.5918
37.8461
40.608
31.5029
33.3053
40.9396
44.0529
40.7489
37.1826
36.3769
44.9688
42.6535
38.1268
40.6356
35.6709
37.1223
34.3432
35.4365
32.8065
34.695
32.9666
41.2542
32.5231
38.7449
39.6249
33.6901
35.5568
33.4176
39.0113
39.9995
39.5877
30.9319
37.746
41.5856
43.8688
38.1818
37.1964
37.1902
41.5063
35.4234
44.1178
50.4874
39.1174
41.9709
33.3208
33.7916
35.3126
33.3035
47.2584
34.9849
47.5324
37.5158
38.3235
35.6783
43.5488
35.2224
35.5006
38.382
47.2527
37.3011
43.4744
38.1966
47.1732
33.6573
39.0844
39.7205
32.6931
50.478
36.4415
48.5588
42.1722
39.7514
39.4666
49.4488
36.878
35.3646
39.0695
36.3575
38.9622
49.363
34.6759
36.7197
45.2501
35.9743
39.9144
43.9539
43.3311
41.0764
44.1963
39.9161
36.0589
34.9739
34.7955
38.013
40.5971
34.2381
40.1006
41.3735
42.128
39.1896
41.0115
40.512
42.0287
40.391
36.8305
44.8372
31.4862
40.1653
38.5146
43.1327
36.3122
44.6875
35.987
44.7363
31.9171
42.1482
41.0327
34.0154
49.4418
33.4263
44.2543
40.0299
36.8025
45.9933
34.8031
41.6936
51.6937
37.4717
37.3309
24.6779
40.0379
48.5228
30.9028
35.8314
33.7594
35.5625
54.9075
37.422
35.6124
40.467
52.0394
41.7117
40.875
33.396
37.4028
44.3569
39.218
35.45
30.0647
35.8746
36.5463
52.1282
43.2292
39.5649
47.4736
33.4004
38.4488
52.1689
40.8657
39.0224
49.803
35.5661
44.9952
40.1855
37.1821
34.0253
33.7731
35.6007
38.2798
39.2954
35.5098
34.8224
32.0223
41.0902
40.412
39.9538
39.4428
39.2132
38.9103
38.2169
36.1726
41.4313
34.8207
46.8645
41.9594
35.5774
40.8641
42.6299
38.9716
37.8409
37.1164
34.2207
32.8137
35.6906
40.1628
36.8723
38.4743
41.0142
35.985
41.5347
43.1246
36.8065
30.95
42.0758
41.0019
39.1264
34.0903
40.7374
39.9453
36.4326
36.0036
39.9019
42.412
38.057
41.0956
42.1576
33.6608
36.0197
32.8796
32.1163
46.9836
32.3922
34.2524
44.6179
32.5469
40.8312
39.4604
35.3744
39.3692
34.4819
56.3542
35.9087
40.8136
43.0035
38.6224
40.9995
33.679
41.1173
35.6102
37.8789
39.386
37.5036
38.9443
35.3947
34.2592
35.0402
37.9941
38.5646
39.2705
33.0063
42.5084
39.6162
35.615
38.4534
38.7534
39.3502
59.2016
30.9122
35.4726
39.692
43.5583
42.7899
50.0264
35.8131
40.5955
38.185
29.4454
42.5584
36.5625
38.279
43.7247
38.3971
30.0178
37.069
54.1576
51.9575
32.6576
35.3849
43.7244
37.5447
42.5967
41.2937
41.1893
38.1859
38.0489
41.5618
57.0853
33.1328
41.0968
39.7153
34.4774
42.1221
34.7722
37.9564
36.2883
36.945
34.4836
46.3898
42.5025
35.7012
43.7596
53.5883
37.8892
41.8806
38.3898
38.8502
36.7053
33.4935
44.4143
38.0972
42.3569
45.352
37.4819
40.941
34
36.6325
34.7301
36.8194
32.469
46.3983
36.7794
44.6418
34.9065
46.1634
44.4826
42.5178
41.3743
37.3959
37.0769
39.5327
40.1382
45.3783
30.0656
48.3435
33.6151
38.4481
31.7729
42.8391
37.8795
44.721
40.9913
41.3358
31.2671
39.5621
38.6903
34.9222
40.5887
35.5811
46.9726
44.0704
36.7377
36.1279
37.1779
42.7588
32.1431
40.7846
25.6363
51.5749
45.5974
33.8616
38.0842
45.8394
38.1964
39.9024
32.5017
44.4755
38.071
40.4905
41.6901
37.2151
36.8767
37.8031
38.2694
41.5487
37.395
44.4305
36.8796
40.678
51.3446
33.8301
37.9148
40.5666
33.3268
36.8069
39.9273
39.8664
37.8518
35.5
42.9148
37.3039
33.7048
44.8203
42.53
36.274
41.3137
34.6793
44.5069
42.2858
35.6752
42.0192
40.3018
35.9003
44.5405
39.1416
38.6432
28.3183
42.8916
34.319
30.5146
41.7714
36.6948
39.03
43.4781
35.9983
40.7614
40.5296
49.083
37.5616
37.719
44.4132
35.6799
37.4864
36.123
42.2645
41.5455
34.9249
32.8734
41.1527
38.6322
43.2365
38.213
48.0536
40.3984
34.592
41.3517
40.5003
37.4886
36.5377
38.6024
36.0169
36.0733
33.4731
35.6944
40.21
38.806
36.5073
36.5605
42.0392
47.5681
38.1704
36.095
38.4521
29.7899
40.8061
46.1152
45.7838
37.6035
43.5729
44.8095
40.6164
52.4846
37.7319
43.3142
38.1351
45.4805
37.1922
36.7624
44.7334
33.8065
35.5235
39.4682
40.5522
40.7634
33.9484
46.0761
42.0032
37.0628
41.2061
37.2349
35.82
31.3228
41.6042
34.5451
32.2267
52.7287
35.7796
35.1707
35.3235
36.8832
36.9865
43.592
51.6951
41.3407
48.569
43.634
36.6891
37.7336
36.3142
32.9975
36.3145
43.656
33.3659
40.7419
43.1641
40.1265
34.8865
36.0758
39.6148
40.5691
37.5327
47.851
35.0627
41.8932
35.774
39.1442
36.9707
36.6083
44.525
34.3132
34.698
43.9687
44.0429
37.7812
40.4781
36.8725
36.4595
32.1683
42.7337
39.4599
34.9214
36.0448
33.6032
40.4079
37.9931
41.2098
32.981
40.469
40.0955
37.6473
38.0961
37.327
32.974
35.4808
40.8567
34.5058
35.2663
42.2508
32.6212
38.6133
43.9881
36.2905
36.5771
40.3174
35.0019
35.024
41.6479
36.1082
33.5369
45.4459
35.5579
42.3828
36.4931
37.6109
38.4868
35.0673
39.6754
36.6147
36.2883
33.7718
40.7089
39.1615
42.3713
49.9259
42.8984
41.2954
50.2929
43.1246
39.4268
47.5348
38.3332
39.5986
37.7217
37.9277
38.5587
35.0429
39.163
41.5671
36.796
38.3111
43.7088
57.2756
41.0254
34.3451
37.4561
33.475
42.7922
32.1305
34.3113
53.0237
40.4008
35.1578
36.2572
40.0952
33.1449
38.9807
33.5497
60.5321
50.996
40.616
45.5852
48.4955
30.9781
45.7736
40.7546
52.4843
34.5905
42.8015
37.1357
42.6179
35.4534
41.5388
40.3592
52.1302
46.8515
41.6286
37.0995
42.8427
33.8929
35.4672
36.4997
42.9516
38.4421
40.6145
38.4331
35.6344
32.6385
39.3039
31.2767
44.9032
38.4925
33.3372
35.4776
40.6848
43.3397
47.1527
45.2426
41.0087
42.9841
37.3595
47.4219
38.2412
41.3446
39.1315
37.0539
36.514
40.5057
35.919
37.6339
40.1966
36.2492
35.3919
45.1242
49.668
28.3202
43.8778
41.9558
38.7139
37.5011
35.709
36.1016
40.0637
39.6862
38.4525
33.5556
47.4595
39.8373
39.3572
32.5474
51.2011
37.0236
36.9523
36.1688
35.9193
35.2229
39.0727
38.5374
49.9478
33.5566
40.2127
33.7363
39.0787
34.6686
36.4763
36.9874
33.4726
49.6654
37.8593
33.1822
39.3814
44.8424
41.3473
29.7392
33.2024
38.5727
39.342
41.9823
37.8655
39.2704
36.7241
39.2875
39.5707
45.2129
42.4305
35.3527
44.3054
38.7262
47.6998
32.1942
34.8863
33.2073
39.1869
38.0706
45.6002
35.5303
36.4918
39.1821
44.4039
41.6482
40.415
31.6966
41.3542
38.7081
34.8001
42.2216
33.0592
43.7984
40.6298
39.3983
36.1381
41.1694
39.7745
50.7729
42.924
46.6795
39.2118
39.2817
34.6961
31.2694
39.2965
44.3516
35.8452
28.8756
34.3104
30.4841
35.0132
35.6399
39.9054
34.8969
33.0664
34.2126
40.0937
38.7123
37.1851
35.3191
35.3658
42.4848
34.9651
44.5704
50.629
45.0415
47.257
36.4552
34.9267
34.37
49.0396
36.8188
36.0676
38.1338
42.4336
47.006
38.6573
50.8968
31.1461
40.2684
36.5263
34.5887
32.1814
38.7277
31.2563
42.8447
41.4073
36.4987
34.0311
40.0928
33.9199
32.3728
37.3858
35.1957
31.7728
37.573
37.6655
30.7095
33.8426
41.652
42.3583
34.3536
43.136
37.1063
39.9589
40.4328
39.0382
42.1905
45.0503
40.2052
36.6608
38.1998
49.1228
40.6129
37.7464
38.9054
36.586
40.3345
42.1549
47.1629
39.9555
41.1256
36.6897
33.0789
41.9387
38.3572
35.8742
33.6216
34.3438
49.257
38.2654
36.1376
49.1305
41.844
37.0732
40.0872
44.9062
43.0937
45.6949
36.2583
35.8928
37.5671
38.978
32.6908
36.1432
47.0943
47.897
37.8697
38.8848
42.4515
40.7152
36.2744
47.4739
33.4999
34.9784
45.2027
40.2698
38.2216
39.0732
40.6822
49.7936
37.1679
36.3613
43.1057
52.055
49.6489
42.9802
41.1255
49.2393
38.3256
37.7184
38.8462
36.6227
40.5379
46.9242
32.3071
47
31.9985
41.7115
34.5408
42.6692
40.0384
37.5186
38.1652
38.2385
36.6424
40.2462
42.3765
36.564
38.0341
34.0742
37.815
38.9305
41.4708
41.2252
45.4024
42.6173
36.9032
43.7691
35.3051
37.2503
47.2716
40.2901
37.8353
38.3835
40.3635
39.0639
41.3179
46.6942
33.9907
38.5773
45.4874
38.2182
42.7607
46.8778
35.0354
37.4694
44.2875
32.8954
41.0982
34.2883
38.4184
41.8112
49.5892
39.0226
35.854
39.3751
40.4785
38.9988
45.9727
37.1208
40.1828
41.25
44.3548
36.5027
37.5002
38.3087
32.2744
37.8948
38.4933
44.8142
44.0901
36.1032
45.9749
41.9618
43.1521
42.4379
36.4218
39.8739
36.0807
42.3341
41.0219
37.8051
37.8242
49.5574
47.4818
40.0673
39.5422
47.5922
41.5171
46.8069
41.9426
37.0485
37.1798
41.5836
38.6457
37.992
41.0139
55.025
40.9651
40.5555
29.7441
34.7585
38.4952
42.3406
35.286
42.3721
36.7655
44.4866
34.2754
47.0335
33.8663
36.5877
33.5244
41.0112
44.5611
41.2161
35.6991
33.0515
40.1787
38.9553
38.0192
40.4344
37.33
33.2941
39.4269
34.7234
39.749
37.6588
40.2794
39.0246
40.9788
48.8483
33.4101
40.9767
39.1916
38.0037
30.923
38.0516
39.5192
41.6958
36.0606
32.7446
42.0089
37.8276
48.4428
42.107
41.9093
36.2656
33.4243
30.9864
44.8721
40.2709
41.5678
42.7128
34.5671
36.1952
37.0812
38.9451
36.6619
42.3764
41.1489
38.2778
45.495
43.0571
45.7175
37.4704
44.1138
40.0645
44.7132
43.6884
40.9189
33.9259
45.8397
34.0086
34.4016
42.064
59.2233
44.631
42.893
34.0896
39.2657
36.5799
43.5777
54.3664
36.7551
44.2972
39.5052
39.5406
35.9107
42.9405
43.5919
33.2212
34.399
41.1346
40.9152
35.9389
38.232
39.958
47.3408
40.151
35.2864
37.6818
39.9079
44.9601
45.1578
42.4268
37.6216
39.7562
38.9251
38.8082
39.2415
36.9352
43.5536
41.9782
46.1069
37.1722
41.246
33.7527
33.6855
32.2556
42.7408
48.4698
48.3174
31.871
38.0332
38.8777
44.5278
39.8197
48.0479
36.4639
39.6845
35.1256
41.4184
38.7477
36.998
40.7231
42.6157
43.2503
39.168
38.5047
42.9604
38.9854
52.9904
36.4101
33.1035
36.8368
43.1172
47.5695
41.2404
35.8405
39.7089
49.7303
37.8641
47.0652
33.3792
38.4772
35.0877
40.1762
36.0508
43.9856
41.1736
31.2443
45.496
37.4619
39.4069
34.6671
37.9667
43.5855
43.5214
38.3902
36.8495
45.6435
42.2753
44.0646
36.7635
30.0065
43.7874
39.3439
35.3592
32.6446
36.0103
42.2785
38.6574
32.7144
35.9961
38.4663
37.0035
35.9376
46.2336
36.1026
48.5387
43.8494
36.8493
38.3818
44.1819
36.4006
35.0292
35.7218
45.8801
32.3887
39.7014
34.2699
40.8167
36.6223
44.1747
35.7993
36.6051
32.1253
36.9535
40.4309
38.4739
41.1969
33.6299
28.0548
37.5755
43.4734
34.1472
33.1015
39.4821
45.6686
37.195
41.8415
39.9908
38.6242
38.7227
35.2444
43.355
51.6843
36.4524
40.2224
35.8184
46.239
41.6156
38.3268
39.1134
33.0825
36.2585
45.4675
37.4396
35.4595
40.246
40.9809
45.6777
42.5729
43.2104
30.2561
39.5235
37.5923
43.5262
41.8816
44.825
48.9292
38.5145
35.1541
41.7792
34.0173
43.9079
35.9852
35.6583
36.7336
37.4453
40.5192
44.0853
35.8095
34.3307
37.6989
39.6793
43.8085
37.8105
35.8149
38.3051
34.4268
38.7031
39.4552
44.6544
41.1411
34.7176
32.0624
34.6435
38.4122
39.7208
35.0466
35.0755
49.5174
50.0262
32.6868
45.2214
40.6128
34.8375
36.1808
36.9893
42.7729
38.7235
38.4329
35.2201
36.2182
38.6793
31.8541
44.0975
43.3842
31.9013
36.0831
37.7822
37.1734
39.7828
48.9377
36.8728
38.312
38.4709
36.4
37.4145
52.5341
34.7456
37.7584
44.3396
39.09
41.602
40.1117
42.3891
35.7933
38.9985
35.1332
32.7034
46.9568
34.6813
35.3923
34.6839
36.0438
35.2886
38.8357
35.1101
28.3143
40.5138
38.7956
42.1236
41.5852
37.3532
40.1718
41.6521
40.7122
54.6062
33.4684
39.2089
42.0279
38.6322
38.0886
37.1496
33.1884
39.6935
37.335
44.7319
34.2951
39.1205
38.3651
36.5597
44.73
45.2156
49.1206
42.5394
42.2098
54.8653
43.9516
32.9846
39.2149
40.5228
39.9662
36.6127
36.0547
32.7956
35.3042
40.7614
38.4744
39.1378
55.7383
38.6322
43.5024
34.4431
30.9455
42.5376
37.8688
33.0435
35.8723
39.9263
37.6617
37.1295
32.9834
39.5703
42.6083
42.6221
41.3511
44.6952
41.0311
37.5978
48.5467
34.9171
36.5278
39.909
37.1024
40.9774
43.1521
33.1113
31.7564
39.0966
36.0449
59.9547
36.3606
40.095
40.6568
50.0567
39.3686
37.1053
50.2085
47.578
39.6908
36.2165
41.5653
43.1079
36.9373
37.8397
45.6385
35.65
41.0359
42.3658
41.038
45.6267
41.4598
33.5557
41.8994
38.205
33.4141
39.2321
34.3619
43.8811
31.1301
41.1437
41.3108
39.6039
46.8998
40.2443
38.6857
39.1043
38.8814
43.3604
36.9813
43.9136
44.389
40.6617
48.8361
41.8569
36.9854
39.7194
37.768
37.8615
39.5713
36.2625
38.7802
35.89
35.4551
32.9009
44.12
38.0383
38.4886
40.7221
38.1087
40.8041
37.4819
39.8896
37.2552
40.1372
51.5393
38.9211
34.1743
34.9871
42.1134
37.0645
35.8159
31.3731
45.4796
55.2941
37.4444
37.5376
38.9455
40.9051
36.6613
41.0737
42.9321
37.4131
37.7201
42.862
42.3761
47.2643
38.5576
36.4156
35.309
42.8492
32.0324
34.6575
36.0773
37.5312
31.8196
44.1994
35.2705
40.0409
42.7249
31.3027
35.9002
43.5378
38.3637
35.5427
41.0656
36.4626
32.0763
37.7972
45.6923
34.0748
42.1066
36.6668
39.9898
38.8014
39.1092
46.6567
37.221
34.6574
39.6901
44.7914
35.0709
39.4545
36.5871
47.1586
35.2327
41.2302
40.0296
38.1525
54.1328
31.9913
38.0284
33.1704
34.7068
45.4105
43.0845
40.806
36.5104
48.3327
32.5548
44.4281
35.7022
38.5533
33.0564
42.1947
33.4827
44.8417
32.563
35.5353
42.7787
42.3744
37.7354
36.9963
41.593
34.4035
32.5595
34.3212
39.3904
31.6159
36.6683
38.8605
38.2451
36.1319
33.0747
39.2917
44.0886
41.0614
40.5958
43.6808
36.4835
40.8795
38.175
36.2379
34.5094
32.9892
34.2006
42.2917
33.7452
38.0147
37.04
35.1742
44.7133
37.5763
32.4509
36.8586
31.7311
41.494
40.8865
40.3562
38.2027
51.7875
39.9758
33.0143
43.6813
37.7463
42.2717
38.7408
41.9521
38.7082
41.8272
44.2741
37.9637
30.1889
38.2788
40.4155
35.4959
38.7762
45.3989
38.8571
42.056
45.3559
37.5458
39.4175
27.7664
32.4556
35.9175
36.6279
36.6207
33.7416
36.2791
41.0415
35.4975
39.1157
42.3925
44.7265
40.1009
34.0499
31.3617
43.7946
33.7054
34.9714
32.168
49.0242
39.5322
47.0012
37.6354
41.2053
39.9882
42.6103
42.8071
45.4495
35.6914
38.4929
40.2649
43.9164
35.563
41.7305
35.1657
38.7938
38.7242
38.9275
31.6203
45.1366
38.5152
36.6359
41.3431
31.9812
41.7292
36.7867
37.0563
48.1016
41.3694
37.6657
42.7925
41.8764
37.8969
41.5177
37.7023
36.7704
33.3986
33.7482
32.8487
39.8334
42.7764
37.5821
38.9815
42.0907
39.2797
38.6752
37.353
36.633
35.1494
41.8902
36.5047
36.0046
35.4683
34.2969
36.2156
46.6996
36.1056
44.8505
44.1321
39.0505
41.2698
38.7956
35.3214
35.6486
41.1139
35.7035
38.2255
49.6742
40.299
42.5099
34.2151
38.4218
38.2645
37.1784
39.5973
36.1594
41.1601
39.3405
44.2711
37.036
34.344
35.8999
41.4756
37.739
38.7057
36.9762
46.8591
42.2398
38.112
34.1316
47.7889
31.6846
35.2977
36.086
36.5117
45.5224
35.9423
43.162
49.3325
42.7995
39.5761
36.5702
42.0825
39.4782
43.8577
45.8733
35.854
40.9194
40.463
41.1147
43.9917
39.9989
41.4831
41.224
42.078
38.5074
58.6707
47.3429
44.2947
36.0393
40.6464
37.5962
41.4881
48.7625
33.1499
41.0413
37.0375
42.8849
42.9288
38.5249
38.6684
44.6871
37.8352
36.1066
32.8304
36.8601
39.6566
39.5035
44.951
36.3061
41.238
42.9556
44.8553
40.7152
34.7593
38.9505
39.5445
47.3604
40.2261
37.3359
43.097
34.2682
41.5493
43.2923
32.8896
35.1754
38.5894
60.8553
36.9273
37.2728
42.6396
43.3768
33.6789
46.2525
42.7808
42.1889
44.9753
36.7303
39.6949
36.9523
41.885
40.2881
39.6578
39.4261
38.433
38.3328
46.6846
36.872
33.3906
39.5058
38.2566
40.2355
39.4411
35.0844
43.4007
42.0579
42.6073
32.2245
43.0479
36.5538
37.2238
34.4633
41.5721
48.4581
31.2407
34.5914
46.9626
35.5178
39.9087
40.9885
41.1834
31.7138
36.7667
44.993
41.0436
34.2222
37.3116
38.1338
33.1014
53.8588
40.1435
50.2386
39.071
38.8577
36.2583
32.9302
45.8169
40.5424
34.7841
43.403
39.3534
39.2116
40.9689
34.3345
35.9436
37.4599
47.5215
37.9265
42.2212
40.306
34.9102
37.2394
48.7033
36.9644
40.0277
34.9898
39.6715
40.2632
37.0262
40.5394
46.3438
34.7538
40.4728
40.5651
32.4975
47.4954
40.2635
42.6201
39.9977
41.176
39.6638
36.51
36.7747
36.628
36.4693
37.729
44.6293
40.292
34.3246
35.274
45.3669
36.5139
42.7727
37.744
39.0406
38.1585
47.3023
39.9177
39.4001
35.3942
36.645
42.2644
36.615
40.7938
33.8306
43.6141
36.8129
38.5496
37.5392
40.1893
35.5713
41.8297
43.4227
35.348
45.4243
34.5541
37.3795
40.5548
43.4425
41.4941
35.0052
41.5647
44.3155
35.6771
39.2947
40.7918
39.6655
38.2513
40.6345
37.4535
32.1617
41.3869
38.1068
34.5095
39.3769
32.4672
45.5627
45.559
42.3931
39.9447
32.1495
35.2187
32.6263
40.1375
34.4907
40.5796
32.3912
41.7107
42.6216
37.7526
36.2051
38.287
39.8792
47.382
38.4927
38.5132
48.0109
37.1314
41.6675
36.7789
36.8304
30.3428
35.3156
45.8594
42.1997
38.8936
35.05
37.2564
46.2441
43.4745
41.9524
41.9838
45.0614
34.9352
39.7534
40.1468
55.3904
58.0547
32.1054
36.7212
37.4536
38.2182
37.3261
53.4307
36.0362
47.6841
41.0231
41.092
39.8069
38.7147
35.9574
44.885
39.6176
40.1877
48.7596
50.085
40.8016
41.2373
32.9113
30.6828
40.2195
42.4801
37.3661
27.2431
43.0568
37.861
40.1054
38.7976
37.6446
37.9344
43.7192
38.9759
41.1556
40.4499
48.0156
46.8078
39.803
36.0748
36.587
33.5001
32.3131
37.6392
39.7081
39.2994
34.0933
36.0462
40.1073
34.0905
33.8467
41.8106
43.4679
39.4511
40.2596
30.6121
43.242
37.7507
46.9342
42.5512
37.1424
29.8226
62.4768
44.2376
37.5763
43.6475
37.5234
37.2304
39.57
54.2112
42.7061
31.6156
42.9516
36.3896
36.9454
36.4264
33.34
34.2224
43.5697
40.1164
36.6321
41.351
43.3362
51.2852
36.9218
39.5024
45.7538
40.8627
30.9872
44.2888
37.9246
35.3911
36.7515
32.1662
34.1446
33.0172
45.6712
47.717
38.7277
42.47
34.7014
49.1349
32.1025
37.2091
38.1817
39.9854
40.6426
40.2804
45.7069
41.6855
37.5199
38.8122
32.6215
32.6542
36.2711
35.4403
39.1004
40.3801
33.0398
41.7102
48.0561
33.3228
38.8607
40.2991
36.0733
44.5651
36.8699
40.9016
43.3848
38.122
38.9715
30.0913
32.8662
36.1628
39.0092
37.6761
35.2075
38.8075
34.5605
35.7746
36.664
33.8916
35.2795
35.1193
44.1611
33.9184
37.8103
50.0989
41.8585
36.8227
35.7209
38.4021
39.1271
41.0833
36.4807
41.7137
34.773
41.7621
32.8289
34.9502
33.1143
43.6511
46.4181
41.5364
43.0749
31.7919
39.187
36.228
43.4447
41.034
43.0086
35.3218
31.6466
33.5652
38.2227
46.7171
36.3372
40.1486
34.6403
40.6637
46.098
38.102
38.6661
44.445
42.2806
44.3053
39.5251
35.7885
39.5041
39.9771
38.6497
40.5585
35.5574
37.8488
39.5307
43.0168
41.6654
36.0771
45.4646
44.4317
41.2904
41.5081
47.5895
40.0921
36.2292
44.244
41.6995
40.4111
44.2294
44.3357
44.0486
40.8544
44.1092
39.583
41.9836
45.2415
32.9711
40.1201
38.4676
39.995
38.0776
33.4062
41.844
35.5754
34.85
43.0641
38.0957
37.148
34.5395
45.5881
42.5038
35.3787
45.0639
48.9244
31.966
34.202
53.4425
35.6714
38.9333
32.2977
35.3215
33.8206
49.0849
37.1151
36.1019
33.4772
37.413
42.1372
45.0611
31.4747
33.1271
48.5497
39.969
44.2346
36.3852
39.7601
39.0834
35.8607
48.8461
49.1926
42.2741
39.943
39.6855
36.7398
40.2704
41.7445
36.918
40.4878
36.5237
40.9006
38.3805
37.1406
37.2791
36.0243
42.7688
42.338
49.7902
40.8223
38.9012
39.6554
32.8813
38.9375
35.9802
37.0979
34.9465
37.0437
36.7549
36.6924
40.0185
31.7935
42.7911
41.3937
38.6584
46.8989
44.2846
46.2134
34.7443
36.4232
41.063
33.8253
35.8261
39.6201
34.5229
42.5224
41.8593
36.3332
38.1416
34.9953
35.2325
38.6876
34.5221
33.7374
38.242
38.6452
31.2646
37.1317
40.0356
44.3801
40.7511
38.4587
41.307
42.1545
41.2231
36.5402
40.2679
39.2366
34.9487
39.2432
51.8356
31.8321
41.2155
39.7771
35.5176
37.3419
45.9701
41.5032
48.5878
38.9645
38.6666
36.1976
46.0628
34.3202
32.2113
39.3524
41.9033
47.5673
35.5884
32.3681
36.0052
39.521
37.3601
43.7604
36.7905
37.7886
43.1824
43.1528
44.8267
45.784
38.8185
38.0186
43.9841
38.0364
40.6462
40.5444
36.4401
43.4528
37.9119
31.6431
39.946
36.8114
43.6316
37.7514
40.221
36.0826
33.9629
33.9056
40.6471
36.9781
42.1888
38.5312
42.0101
30.2591
42.8268
35.8496
45.532
37.283
37.1741
47.3939
35.9167
34.9019
43.0206
41.5236
38.5774
48.6461
38.1226
39.9968
38.3625
40.8715
35.475
34.5065
38.287
37.7373
42.8454
39.9407
40.6539
40.8261
39.5055
32.1503
47.9567
45.2311
46.3447
38.3755
43.3215
43.8056
44.3144
43.315
41.9329
37.6772
40.0415
41.9646
38.2091
39.976
45.4974
39.5588
40.6687
45.7516
39.9138
42.1367
33.3512
43.8311
36.9797
51.1072
45.2107
35.1702
37.466
40.1457
41.6839
43.3876
31.4895
39.6809
36.9951
36.8913
41.8689
40.1698
37.2922
43.1583
38.8549
37.0024
34.9763
38.1458
40.5548
43.1071
37.5918
38.6497
35.7783
35.2748
35.3248
35.7438
38.1691
42.8169
34.132
37.723
42.2847
31.6874
35.7862
35.2052
38.3616
37.102
36.9331
40.9445
34.8069
51.5791
32.3022
49.3288
38.5053
36.8118
42.5575
38.5077
41.88
46.2338
44.7782
46.2138
35.9671
44.4137
40.3621
31.0383
42.3203
40.5891
36.0756
43.9156
38.5721
44.1297
48.6027
44.3182
26.8352
39.0378
35.3861
31.8124
38.8557
39.7726
44.205
32.0287
37.4523
38.609
41.325
35.3154
35.4555
35.2504
34.9762
39.9168
37.8724
40.2558
42.4539
34.7098
33.6348
38.5075
44.9659
36.6655
49.6868
43.1367
41.6931
44.5622
37.7978
41.5185
47.0917
45.8472
35.0196
31.7995
37.7827
39.8742
39.4505
40.8055
39.1351
51.2472
39.3372
49.6536
35.7794
38.116
42.1022
40.111
32.0033
39.47
34.2839
41.6408
35.7649
33.2122
44.6188
37.0384
33.7645
46.0741
40.0266
43.118
36.5746
35.7072
40.6536
31.9085
48.1639
43.2225
37.0088
48.8862
41.2682
43.4454
40.1466
51.6975
34.6499
43.0664
43.962
40.6757
33.3428
40.1693
33.416
38.1651
43.9441
41.9704
40.3549
35.0085
34.9623
37.8602
38.0186
39.255
31.8544
37.6898
38.0436
32.7736
35.0266
41.0353
37.0031
38.5956
39.8099
37.8252
42.7007
41.2721
35.307
37.5828
51.5011
38.7706
34.8589
33.039
35.4712
37.3936
48.8377
35.3627
46.1317
42.6558
35.854
38.3102
47.2666
32.0605
45.7367
37.7497
36.4435
40.1754
50.8435
35.1484
47.004
42.8203
35.8172
45.6576
46.3995
41.6373
43.5514
41.7129
46.5915
37.2795
35.0026
42.6804
41.4911
33.3313
38.7485
39.3014
28.6358
46.4713
35.7687
43.5412
34.4059
38.5386
35.7914
40.6279
40.8934
40.8754
44.5292
37.1154
36.4374
37.9651
45.4264
39.6102
39.135
47.6323
41.0869
35.345
44.8927
37.0221
54.3429
32.7089
39.3846
41.3437
44.2589
41.0604
48.1457
43.5133
33.6704
41.4661
42.9588
30.1608
39.7653
45.6635
33.3282
43.2939
35.3732
39.5778
39.2991
37.9677
35.0597
45.4871
39.8977
36.3731
42.3697
33.203
36.0937
40.7973
40.1145
43.219
36.2119
37.1351
36.3636
44.9036
35.8476
42.8786
41.8907
39.4369
39.6826
29.4727
44.3068
38.4341
38.3942
35.3157
38.9494
45.7221
37.1819
40.4534
36.488
37.7061
32.5478
38.4163
46.868
46.0895
33.3849
34.5095
35.8865
39.0754
34.2966
41.3435
36.6409
34.7527
35.1811
41.8457
38.7304
35.516
40.3791
36.999
38.088
42.1287
47.1559
43.485
34.9498
38.6339
37.1785
38.3482
38.3923
45.671
53.1175
48.1398
37.7527
38.1034
34.8188
39.3338
41.6972
42.5337
45.5231
53.848
49.707
44.0145
46.3796
34.9087
37.738
35.6466
37.4244
48.2978
44.7496
40.5297
39.2986
42.0165
39.764
41.5938
33.4627
35.5816
34.7864
40.0312
38.1554
30.6059
36.6918
36.7895
33.7974
32.7598
35.9214
39.5692
64.5893
37.8642
33.5965
39.4378
47.4201
44.9653
33.8612
40.2094
30.549
38.6146
43.2709
32.4689
36.4362
45.1544
41.9621
45.1693
46.559
42.9669
37.3113
40.4189
38.4028
46.9204
37.5921
35.9797
39.6066
37.9995
40.6833
49.5581
35.6728
33.3656
44.5832
38.438
35.336
43.1647
35.9939
33.48
44.1852
34.5757
35.1296
39.719
38.6665
34.4632
34.9896
37.3376
44.7806
35.6083
40.3014
36.4808
42.8112
39.4486
41.6802
39.13
37.0832
36.2368
43.8244
44.1145
47.2103
35.7792
40.7202
36.9133
37.1783
47.3637
40.665
31.8658
44.9334
37.9306
39.8284
34.2996
42.9005
35.131
33.6448
32.4843
39.651
42.101
44.1158
48.136
37.4385
40.3637
31.3156
34.1826
40.2734
37.3784
44.1072
33.9684
33.274
37.43
36.324
39.3858
43.5974
41.1261
33.3192
30.9127
43.0547
46.5588
37.9876
40.9141
36.5669
36.7435
40.021
43.6308
42.0038
34.0028
44.1419
49.3859
35.9046
37.789
40.2605
38.3031
42.4127
50.9682
39.6227
40.503
34.0221
42.4535
42.963
39.9956
37.0978
38.3471
36.7387
36.6478
35.7917
37.2664
34.8877
39.9322
31.921
50.1097
44.721
35.2628
38.0174
39.5659
37.8233
43.203
40.6766
38.4031
42.822
32.824
40.0855
33.1968
46.7231
41.1837
33.9467
39.6217
37.4051
36.8571
41.1077
52.8199
39.5733
40.1317
40.6073
36.4426
31.7134
45.2067
40.7961
48.3337
33.4471
38.1972
34.8523
38.4305
34.4733
32.7316
36.8024
39.0595
33.4079
40.7701
41.676
38.0314
34.9972
34.2413
36.5433
40.7093
37.6676
44.3947
41.4181
37.1221
34.7288
43.2321
37.9002
36.6339
33.1139
37.8191
41.5031
40.1703
37.1312
39.7931
33.3031
43.1485
36.3914
43.7838
38.993
36.0023
35.0665
44.9385
37.9445
36.0428
42.0885
41.4173
39.8203
39.729
36.7995
36.3235
46.2551
32.2056
35.1869
42.7254
37.2336
38.9019
47.3167
37.8957
37.5465
36.686
39.615
44.1148
47.1934
41.3006
38.5823
48.8309
41.166
34.6401
34.8225
42.2419
39.674
42.0499
34.6537
32.7823
41.6878
34.1448
36.6153
47.866
37.3715
34.5971
36.4768
36.9696
37.482
33.1007
49.7466
41.9907
45.4164
38.5609
52.7609
36.2193
41.3476
41.6954
42.6461
40.6507
46.0045
42.984
32.1012
33.975
37.7644
42.091
37.4617
32.0655
37.5558
36.7491
36.6815
41.6401
47.1188
47.0338
34.3201
37.7488
46.7298
38.7125
41.2431
38.5219
32.7476
34.1645
46.2618
34.1071
41.8984
43.2336
35.9533
46.5433
36.0417
44.7184
54.5742
40.2372
36.4932
35.0539
40.7493
40.2603
32.2405
29.8569
36.3789
40.7601
43.0333
36.9348
47.8197
40.7892
33.8954
35.6846
37.9425
40.4351
41.9628
37.6267
30.9908
36.8784
34.1659
47.6748
39.3332
32.6717
42.153
38.9743
39.3687
35.6728
37.4722
50.9907
33.1196
46.3012
47.4957
37.8937
33.485
34.8589
42.5226
36.3309
42.2502
45.9402
51.8131
35.2391
36.8259
31.8073
38.5533
38.8316
41.495
36.0425
42.922
38.6039
47.2205
41.0266
37.1583
35.7175
34.7725
40.4942
42.6482
36.4175
33.6251
39.9792
35.3091
36.8653
33.4869
33.0225
36.7307
42.3436
37.5021
42.6658
33.5509
37.8484
40.6432
36.8556
45.3758
42.3271
42.5229
38.8139
35.3019
46.6853
32.7947
45.9705
34.0049
43.1173
48.1405
49.9541
49.7306
42.0743
37.7218
38.8068
35.2283
37.7035
37.9577
35.523
35.2943
40.6374
40.8723
40.8403
33.2
45.3724
41.895
42.6872
32.113
36.1604
37.0449
46.3771
40.5802
36.549
42.6015
35.5471
37.5454
43.183
35.3927
46.2106
51.2401
42.1714
39.5427
40.192
39.2934
41.9499
35.6013
37.4564
38.0902
38.2948
40.1738
34.9046
44.9975
34.8783
38.2581
40.0598
39.247
44.3132
35.6889
37.5548
42.1756
37.1941
34.2642
35.5141
37.6532
53.1439
38.1919
33.7084
43.0653
39.5245
35.75
41.3828
39.0101
40.5714
37.4969
39.2009
39.6377
41.6513
42.149
33.93
34.5607
38.4523
34.0129
33.4807
35.4909
41.0898
43.2979
29.2846
38.6934
37.2755
31.4968
43.0519
39.4004
41.5245
41.4844
40.1674
40.289
35.6361
35.7368
39.492
46.3192
35.2948
37.9315
34.2149
35.408
37.1656
33.6193
43.5217
40.9003
34.3531
44.6366
42.6767
50.7307
43.0783
32.6948
37.3532
40.4954
35.2373
36.7587
31.9318
36.9959
38.8218
36.3315
37.5964
33.7097
41.9945
35.128
34.3272
36.1768
40.1951
56.9998
44.6588
35.2139
38.1456
38.4704
41.7643
36.8321
38.5591
40.351
33.6267
38.0554
45.4718
33.1447
38.8222
35.7747
46.0168
39.1655
34.1795
40.1743
40.3751
35.0714
35.1248
45.8718
35.9226
38.1662
34.7638
36.157
38.6702
39.0434
43.4561
39.9473
46.6832
39.6365
39.0815
42.5848
31.3173
51.0261
38.8652
38.1186
42.3137
41.6148
47.154
30.2888
41.1498
56.314
39.4498
36.5072
38.3542
37.216
45.3716
34.645
41.6126
40.9847
46.3813
41.3429
44.3035
36.3075
31.474
36.2587
41.9006
38.7786
44.7421
39.255
39.9319
35.7195
39.7375
39.7008
32.9656
39.3189
41.3687
37.4983
41.8867
36.0193
34.9791
32.6325
40.7789
38.8466
44.1721
40.8515
43.9314
36.4669
38.7145
35.2751
36.2613
38.3731
37.4009
31.4692
38.0503
38.536
38.8585
38.8068
33.7475
40.1423
44.9282
32.0783
33.1692
33.4388
43.6131
35.8507
43.0476
47.4732
39.2461
45.9153
46.1646
33.7334
32.9292
32.2597
40.1596
43.7529
33.1523
36.1923
41.2244
39.7822
33.6846
31.8382
39.3692
31.6059
32.6977
36.022
35.5691
37.183
42.9662
40.6328
47.1221
41.9314
35.9008
35.6539
43.4528
39.2541
44.6584
38.3483
36.3924
33.6117
48.8677
44.946
42.4865
41.481
42.2949
34.1086
36.831
34.3344
42.7243
35.3801
32.5688
30.1048
52.517
54.3363
34.9029
33.42
36.0328
36.8716
32.6459
42.5898
38.4961
36.4781
38.797
43.6646
38.5237
37.4914
36.4359
40.3253
43.2471
37.8253
45.0925
40.2658
38.8127
39.9749
34.3776
37.0814
40.5044
37.7956
36.6449
42.6415
35.8671
34.6494
35.6642
42.0464
44.8443
28.7191
44.9574
39.5077
44.6427
41.0454
35.6963
37.3674
39.8064
44.2961
44.5115
40.0807
37.7938
44.0364
36.041
35.2908
38.8036
30.992
42.0116
40.78
38.1933
35.2352
32.1105
36.0825
35.0603
33.8148
38.3503
36.5163
36.1083
46.1901
51.6881
39.2433
38.7101
34.2532
36.0866
38.4372
42.484
36.4028
39.4999
35.0492
32.803
37.3334
43.6099
35.6628
40.455
39.4297
45.3967
37.1348
34.3191
32.8659
39.9736
34.1751
37.4903
35.3889
35.0004
38.9843
37.49
33.4435
52.4687
40.6865
41.3346
38.182
36.0366
37.9945
44.1249
31.8061
33.8117
44.7453
42.7456
41.0968
35.5562
33.1162
42.2042
33.2974
31.9774
50.2179
42.8926
35.8247
41.8179
42.9029
35.2864
33.7619
44.7046
42.1949
42.0993
37.8734
38.1305
35.3105
35.0055
44.6098
39.6142
35.3329
45.2687
42.3507
34.258
42.1101
35.2745
43.6612
35.5429
36.9773
38.9677
36.8296
38.3003
43.5606
34.203
36.4556
36.8096
33.6566
38.1494
36.6447
39.5423
36.6745
29.691
38.8687
37.8481
44.6314
36.7259
39.8717
37.4569
38.2305
46.5714
38.5999
34.0289
40.2168
32.3523
45.1596
42.5169
42.8194
37.0743
36.275
43.5072
38.8956
35.7739
46.8044
36.6067
37.0594
40.317
38.7182
49.1955
46.1588
41.6055
43.3129
39.678
35.2791
35.6034
30.6111
49.0322
52.2632
43.8635
37.3307
45.0192
49.7885
49.6235
38.2739
37.7291
34.4336
42.4247
40.3289
49.0868
34.7359
36.8369
38.8694
30.3998
46.2433
40.6242
34.5403
36.945
42.6243
37.5858
42.9855
32.6757
33.3125
37.5906
39.9189
38.9627
38.8504
36.266
37.2122
39.1178
45.1382
42.2743
40.222
37.5315
38.3481
42.9587
36.8961
33.4771
31.0379
41.0464
49.2362
42.9773
38.035
44.0853
38.3814
45.4185
37.505
38.5769
33.2417
37.4457
39.2579
34.212
50.3693
33.8123
40.9466
45.1461
34.0939
37.5047
46.9051
32.8276
42.6503
33.5385
38.7318
31.2707
45.1573
44.9481
43.909
40.4743
41.6607
35.4649
37.0387
36.898
41.1456
40.6681
37.9611
32.9929
38.7485
38.4826
35.0216
42.4549
36.9362
40.6358
43.3235
44.8367
31.418
36.5301
42.4159
44.2002
42.259
32.2307
35.7124
34.4037
34.8358
30.9527
43.8493
30.6038
31.3687
44.6206
36.5023
39.5332
36.5113
35.5332
34.0076
32.1259
39.6639
41.2833
34.4175
40.2792
40.6307
49.767
37.644
33.3138
38.0529
35.7036
33.8756
48.3007
34.0995
37.3008
48.8487
32.3684
39.7914
37.2785
38.1274
36.9295
36.0969
44.2383
53.6645
43.6408
38.6559
43.4538
45.3137
37.3808
38.9321
45.9088
36.1532
38.4963
39.1623
46.449
40.5541
38.0596
42.3265
42.6451
33.5133
40.4847
35.7898
38.4654
37.9556
33.8392
35.2179
38.9292
35.1744
40.8451
32.818
48.1672
40.7314
39.0956
33.5496
45.6115
31.5036
32.7013
45.8316
37.1305
38.5459
42.1761
40.2505
42.332
31.8232
35.5024
31.6801
51.641
40.553
36.7559
38.1681
45.333
44.4632
41.5486
33.0998
31.8079
35.4818
38.4758
39.58
55.6233
35.7898
38.0703
34.9131
34.8392
40.2261
43.8878
38.0804
50.9486
35.3576
43.2603
53.1533
33.0111
38.8753
39.4804
45.7264
48.2968
36.2395
36.5691
38.2637
39.37
36.6989
33.206
41.8802
36.1712
40.1015
44.1094
39.2075
42.9916
39.7281
45.4505
43.7358
32.8092
48.2372
38.2235
34.6598
43.5804
42.6166
37.5405
34.165
32.2768
39.9495
38.167
38.6353
39.9684
39.5495
35.1405
37.7408
46.9561
41.1049
35.9363
45.9786
34.5592
39.7318
51.2188
34.533
44.2103
35.11
44.9501
43.0735
43.2508
42.912
48.8413
34.7483
38.1458
36.5631
35.6458
41.967
45.4838
33.8654
39.5565
51.2088
38.3501
36.7235
40.7833
37.3281
38.3621
36.4721
40.1301
33.4375
37.2835
52.6588
34.8089
37.4037
40.1866
45.1312
38.6053
40.8509
39.4035
41.3479
40.3017
41.5686
31.9528
40.6236
34.992
42.4333
29.6516
37.6887
34.1989
36.6744
38.8576
33.8697
35.2325
45.2365
33.56
45.0031
39.0789
31.9801
41.225
40.2994
46.2044
41.9216
38.6442
37.1575
34.6235
45.4622
50.4253
41.0889
40.2593
38.5202
37.7486
41.211
34.343
36.1316
44.1183
48.2298
41.514
33.3135
34.8446
38.2426
32.6877
37.6758
47.6799
41.8586
43.4491
39.5234
35.3663
33.201
43.5361
31.798
41.4967
38.0226
39.6948
31.6367
43.7588
34.737
36.2332
38.8798
39.7339
38.202
38.2822
39.0377
33.9041
33.6533
49.8734
36.7162
37.0849
38.1723
42.9012
37.3021
36.5919
36.8505
37.9995
41.3511
40.8994
38.3524
37.8025
48.5382
36.3297
32.8221
39.2459
37.4049
42.2674
38.1659
42.3178
38.616
40.1878
37.5536
33.2915
40.8412
43.6798
42.5083
35.4373
41.2732
32.1454
37.9856
43.2829
40.4299
34.4051
44.8583
33.3479
36.9763
36.8662
45.728
47.9744
32.779
45.0531
38.8582
41.1089
35.1551
40.4546
45.8666
41.7634
35.3222
37.9741
35.3947
52.313
40.489
46.9852
35.7033
44.7913
36.7603
36.6936
32.2995
37.1277
44.9806
36.1894
40.3578
32.3783
40.8109
36.7266
36.607
40.0312
36.1687
32.7446
31.9026
36.4605
35.0171
37.046
43.2362
42.1012
36.1203
34.2018
35.9515
37.9605
41.6447
47.9033
41.5427
40.3052
33.8925
36.2681
39.1893
38.812
31.0436
47.7411
43.6334
33.2653
40.557
54.464
33.8653
37.6626
47.5035
35.8354
36.9108
37.9047
42.6904
40.8088
36.5997
46.9021
36.1798
45.7313
41.4202
44.6513
43.4745
43.7071
35.9421
44.1169
35.8356
40.4133
36.2098
38.9685
37.4735
50.0063
44.5954
35.426
44.9198
37.0806
45.9397
40.2861
39.0487
39.7435
33.6002
39.0596
41.0153
43.7098
36.9307
30.6414
35.8767
38.6152
39.5888
34.4476
37.8963
48.5627
36.8512
36.0658
35.231
39.6506
39.2121
37.832
40.9002
36.5303
40.5852
43.6406
41.0564
38.8061
38.3705
38.2005
31.4935
37.7722
38.6394
32.8378
34.284
34.219
39.6974
43.9031
38.7887
38.9371
38.8834
36.2483
36.8431
47.522
40.607
35.1527
44.0189
36.6226
32.3904
39.1531
39.5169
37.0802
33.7567
36.4674
36.67
34.9037
34.0424
32.4211
42.1337
42.6522
44.6195
38.2057
40.9361
35.7887
39.0309
43.7556
38.1617
38.5293
33.1686
47.5616
35.7474
37.9266
35.9704
34.5719
46.9015
34.2173
37.2502
44.5392
36.9511
38.4052
37.377
40.5477
32.5843
38.6004
28.9426
35.0441
39.1859
36.2948
28.1732
38.601
40.8141
41.5569
35.3205
37.5055
34.1176
41.3347
42.2082
38.2948
46.95
34.6548
35.7113
40.4539
38.7798
35.2989
34.9074
43.9843
32.0643
37.9422
41.2317
35.0501
35.4335
34.0839
37.8948
33.8294
40.6077
36.15
33.3343
51.1872
36.8947
36.0634
41.8726
33.4255
33.8814
34.8468
46.7929
37.8716
36.5207
52.8851
36.1881
37.0561
44.934
37.2225
38.3937
41.9891
39.9889
35.5106
39.9975
44.4826
36.1667
33.4517
39.2599
42.5588
48.3541
41.5349
36.5199
42.5894
37.5569
38.1381
32.5143
33.6903
42.3017
43.7767
52.0762
45.7935
50.3666
35.8312
41.0825
30.6656
36.3296
35.5415
38.8151
31.4454
36.1633
41.7936
40.5726
43.9716
41.7371
34.1394
45.4896
40.618
38.1673
40.1935
38.9507
35.375
45.6392
35.8472
33.2408
40.0384
35.3881
39.5544
35.9217
38.8424
34.9837
43.6529
39.4781
38.2148
41.2972
36.213
33.0426
37.2048
41.4945
35.4682
37.0754
36.44
39.6692
39.7052
33.4976
35.9534
41.9885
52.1815
42.3271
42.4455
39.2309
35.7251
44.594
39.2778
37.4842
43.4485
40.7363
34.057
36.0858
38.8537
49.7741
41.5093
35.1699
38.163
34.8903
39.3098
34.3304
43.5282
49.2346
38.2712
38.2054
42.3061
30.8433
32.4755
33.6725
42.9605
43.0458
40.9572
39.3859
41.6748
44.8969
38.2747
46.7253
44.7265
34.451
36.2739
50.2907
37.4084
38.6452
35.5709
33.9657
50.9931
34.2655
45.5839
35.959
43.8417
43.1935
37.3957
32.0166
42.3576
40.0078
40.65
42.3305
33.427
45.3796
36.7554
39.9856
41.0858
41.3193
34.835
38.0237
46.1404
43.2753
35.8642
40.4619
36.5502
36.0152
41.1103
43.2832
39.4044
40.9821
41.0762
34.5353
33.4147
38.1993
39.2665
37.3365
35.5815
39.7571
43.0329
43.6197
37.3673
39.3922
43.6724
36.3493
33.4221
45.1796
37.1541
34.7166
33.2663
45.9405
36.0089
42.3377
36.0092
45.5861
46.6067
42.0959
41.5698
34.9602
35.8001
30.7538
38.2849
39.7105
37.5912
38.255
39.0975
49.7836
33.4362
36.0245
44.2633
36.0846
53.4686
35.7176
42.9219
39.3583
45.6238
39.2383
36.2732
39.878
42.8756
41.3305
32.5108
37.9479
32.0644
49.3044
39.314
34.503
41.9895
32.4708
34.197
35.3366
35.9566
35.5103
35.6313
40.4935
37.2392
42.0276
41.818
32.8601
43.6396
35.9259
39.9911
38.2113
42.9955
39.917
34.2383
41.6754
34.4791
42.918
35.734
37.6254
42.5756
37.6375
35.0414
40.0917
34.445
40.6843
36.04
41.7793
41.9456
37.1753
33.1319
48.3958
41.6757
40.0728
42.7638
42.5242
38.719
34.8165
42.2753
35.5396
32.0256
35.2628
38.8805
35.0238
40.121
40.381
45.6218
39.6568
39.2699
39.2078
35.227
35.2584
40.8333
39.8267
33.7119
36.5406
47.4774
35.4284
40.459
35.9996
39.1875
49.2898
38.1521
43.143
33.4808
44.1162
44.6579
37.0008
38.7123
37.8608
34.8409
35.9893
32.1485
41.3225
40.5044
37.7292
39.2022
49.5042
36.2724
40.6925
35.0308
38.7265
42.4304
39.0657
37.5687
35.5697
33.2283
37.0064
36.8335
42.5258
36.5281
37.0542
44.5977
44.3391
45.8385
50.6979
29.8091
38.6814
43.1888
41.8419
38.1038
38.6518
41.8748
41.2947
49.6909
32.3601
39.9899
34.2866
43.8021
45.0429
37.3511
44.0897
33.5009
38.3194
40.1049
40.7796
44.1915
36.9882
35.7026
44.9023
36.881
52.0816
38.1516
38.7724
45.2051
38.9298
43.4474
31.1347
40.947
36.9993
36.1441
48.0837
38.9133
33.7673
47.2578
37.9977
33.8175
38.5516
37.5557
39.0751
47.0952
39.3462
38.0987
44.7068
33.3195
39.4792
37.0858
36.164
42.1858
33.028
36.196
39.8236
36.3011
42.1971
48.5215
40.9856
47.0473
35.2771
36.9939
40.6628
51.559
40.668
36.9848
35.5038
35.7223
52.7538
34.6512
39.0514
36.3869
40.7405
38.003
32.9292
41.4843
42.004
34.6451
44.643
44.5669
36.7707
42.8775
34.7164
42.4515
32.2671
48.011
33.0779
35.5993
40.7927
42.8227
44.4524
38.3522
40.6075
37.9779
39.4448
43.6235
37.3047
41.853
39.0561
38.0306
34.2025
42.6021
31.5103
36.1315
41.8819
31.8517
38.8727
42.6946
40.1317
47.0405
35.453
38.4682
39.1642
46.2865
33.4134
43.0438
37.4042
40.1572
44.6445
43.8489
36.2402
48.0334
44.7974
39.6439
41.1169
36.2479
36.6033
43.2182
40.722
43.2829
43.5233
38.8506
43.8035
40.3503
34.4801
36.0011
39.5345
35.1655
45.2248
43.6539
38.1476
42.7044
43.58
47.4787
37.855
35.0133
42.0217
41.4023
47.5654
41.6099
31.6626
46.4623
39.457
38.1651
42.4195
45.6409
39.8409
41.007
38.9863
36.7815
31.4069
33.2752
38.8701
41.1076
51.9669
40.2132
42.6898
36.4389
39.3198
33.1567
31.7773
37.8364
32.0721
41.615
33.6448
33.2112
38.7515
40.5181
34.9614
35.7788
39.3468
37.3362
39.3508
39.802
34.1475
42.0238
36.4256
42.4135
50.6519
36.6746
38.6748
36.1799
39.9742
33.8399
38.3873
33.9823
41.1231
41.1083
34.98
38.5136
37.4041
36.1197
36.337
41.3295
39.3908
34.9248
46.1965
41.5647
38.9502
40.0057
43.2169
34.8064
38.319
44.5582
34.3847
40.1702
38.2309
47.6767
35.7824
37.9202
40.8061
35.8919
37.8003
35.4939
37.2357
35.5663
49.5519
39.6142
35.6286
44.6427
43.7363
35.1403
43.6324
40.2117
39.0991
39.2963
40.0067
46.2528
39.7222
40.7813
30.927
40.4335
42.2863
41.6283
33.4622
37.0499
32.3742
35.8581
32.8736
34.5854
37.7516
41.3613
35.5771
37.2939
34.2307
39.9238
41.6502
46.3849
42.2867
36.9539
39.5309
38.4325
37.6674
37.2413
39.0872
34.8358
40.0991
51.6817
34.266
34.6615
38.7627
39.8396
41.0216
43.2661
41.3664
37.6149
35.3166
41.8321
46.2741
38.2537
45.1076
36.468
37.5825
44.3885
41.0781
33.0225
44.1676
44.5428
38.3448
34.2103
37.4388
41.2564
39.7666
35.6104
37.9783
36.3253
40.6864
36.744
38.7097
43.3779
42.9177
39.7698
43.3794
39.5402
38.141
37.7237
37.4293
35.0603
36.3553
32.8719
36.5629
34.3426
38.8395
36.1632
39.3196
40.7879
42.5645
36.98
33.4682
34.769
35.1221
35.5093
33.3954
36.6491
42.6875
41.1666
36.579
36.5712
38.9283
45.3924
40.2302
33.7487
36.6102
39.8285
42.7726
37.8948
45.59
40.1104
32.0281
36.17
40.0394
45.123
36.5541
43.8298
39.7227
46.016
37.5058
43.6356
34.7287
37.2368
41.808
41.5063
39.9529
40.7636
43.0715
41.649
41.4599
37.4159
45.3957
44.8386
41.6979
44.4949
44.6425
46.1799
41.0362
37.4729
40.646
36.1573
38.2237
41.2092
40.2598
46.4068
41.9556
37.0802
37.0438
41.5888
39.4632
43.0416
43.7275
49.0694
44.4016
38.5058
35.2999
38.819
42.251
38.6945
35.3448
41.5841
37.9548
39.1308
36.2254
35.0837
36.8517
34.3239
37.5232
35.8998
40.8524
37.9571
39.3736
41.7546
38.1151
33.5568
35.2329
34.725
42.6855
41.5852
44.1308
47.9774
38.4777
36.2045
43.1977
35.8578
42.6489
39.3373
37.947
36.0407
33.9229
49.2395
41.4978
37.1846
41.3168
34.7317
31.2315
34.291
41.6211
41.5549
41.4472
44.346
35.2031
34.9326
42.3785
40.5167
39.9464
39.4179
39.1519
39.0051
36.9055
44.6114
39.4894
37.2975
33.1064
37.7131
38.2012
38.1829
38.4512
40.5322
39.7978
34.9776
38.2395
31.1506
38.4964
41.4482
38.264
40.8181
36.2024
39.777
39.5604
35.8813
43.8943
36.697
48.0462
39.962
36.3093
45.7789
34.4575
39.2182
38.7524
37.0592
40.5827
44.2292
47.4828
43.1516
41.446
33.5283
34.9569
36.0367
36.1219
32.4627
39.9013
40.0943
41.5798
40.6742
35.5569
37.4972
36.8567
35.1018
49.082
39.5877
37.7158
33.2152
41.5368
41.1167
43.2548
37.0164
32.7393
34.9888
37.8724
37.7257
34.3966
35.5456
36.667
31.5613
36.4585
36.6998
35.8927
35.3394
37.4414
36.5539
38.4231
38.3991
35.4463
38.698
35.1679
40.2482
48.1027
46.0757
36.654
33.7064
38.1479
36.914
39.58
37.6906
39.4596
35.7214
41.0696
33.0596
42.0827
34.9018
38.6088
33.2542
35.628
39.8186
36.1046
39.4117
33.6424
37.0728
38.1361
36.4981
36.8034
32.9957
45.6599
39.8318
37.3302
40.8184
43.2709
36.4245
43.1604
39.4104
39.6859
48.0558
46.7155
36.9785
37.1414
34.7488
39.2992
41.6352
38.6321
36.9242
40.1658
35.4887
41.7111
32.2165
34.1901
50.6675
38.4616
33.0144
39.0269
36.6519
40.9978
47.6002
43.1904
40.549
37.8378
33.362
46.508
37.6967
36.4124
36.0321
40.1294
40.3233
36.7571
37.3808
35.0848
45.1454
37.7569
33.9474
31.4845
37.071
36.0747
33.4421
39.5877
36.0235
43.4107
41.0769
37.3298
33.1994
36.0487
42.9533
33.1016
41.448
46.6321
41.8689
50.2112
38.1151
38.1723
39.8717
42.5478
36.4429
50.0937
37.1843
37.7965
40.198
39.2103
39.8648
33.371
35.5928
36.3826
44.0104
40.0419
38.6719
38.54
38.8916
33.1371
45.386
36.2013
35.6047
37.7719
37.919
45.3761
45.4662
41.6124
35.2211
38.4678
31.1541
33.0149
33.5057
34.7175
43.4046
46.4514
37.5185
35.844
30.8199
35.4456
33.8511
30.6519
49.09
45.8132
54.3334
31.8049
29.7842
32.7591
34.7413
51.9799
34.0137
42.2224
33.8586
43.791
43.7853
34.6247
41.5299
33.8084
37.7075
35.3733
46.9437
40.0291
41.7203
38.5357
36.737
38.22
36.8408
34.5094
40.6546
44.6924
35.3607
37.2371
39.2408
38.2695
32.5579
37.0864
34.8589
43.152
40.5425
45.8863
31.2852
37.4305
43.2198
46.3489
38.1985
49.3001
49.175
45.0888
40.8428
39.8507
39.8734
31.3196
39.8365
41.2983
36.5436
39.4359
40.5056
35.8078
45.547
39.2805
35.8589
29.0614
39.5535
40.3603
44.5286
36.1368
34.6614
48.771
37.3228
40.7024
44.8472
38.5218
49.5662
33.5638
43.2112
39.7346
43.6084
36.4559
38.0093
39.0062
29.4933
37.4143
40.5653
43.0766
38.2721
36.3156
41.1347
35.5061
48.0038
38.7829
35.6256
41.1574
48.3902
33.5638
37.3024
39.2296
39.3014
41.5852
36.8554
40.9853
35.0518
41.5229
48.9475
37.2692
33.925
45.765
39.63
35.4725
36.6291
38.6732
34.9438
36.2357
34.8052
39.7706
36.4538
33.5277
41.4434
32.2446
30.2276
33.6798
42.6286
36.2563
34.4266
34.2668
37.865
38.6534
39.9463
40.9257
39.6383
33.7831
42.0013
44.2507
40.1792
47.2226
32.9521
35.8685
40.5803
36.0579
39.0638
44.1713
43.1314
41.123
39.6139
38.579
39.7919
45.4223
38.8821
32.9302
39.6127
41.0908
36.8508
41.0227
46.1583
32.048
41.6358
43.1373
51.2141
44.5075
42.4011
45.1483
40.7171
39.1532
35.5811
32.9853
38.6997
36.5836
41.9654
34.1228
41.2901
41.1269
40.1975
47.1693
45.7069
32.8587
45.446
38.9912
45.2658
32.9651
38.7509
39.9556
34.3014
45.9038
38.5874
36.4157
41.4814
42.8676
40.6445
40.6085
35.295
36.2469
36.4189
34.1117
44.4042
46.1876
48.5464
45.3181
32.7595
38.9443
35.8211
38.9958
45.4522
36.1308
41.8243
35.2908
35.2698
41.1209
35.9488
35.8979
37.4898
35.4957
37.3027
37.3957
41.3769
41.3766
41.1217
38.2083
37.3684
44.2404
46.6482
38.026
43.4987
46.1064
35.3619
53.9203
43.4185
40.3018
36.9221
38.8506
34.1689
39.599
36.9897
32.9209
33.9557
29.9469
35.0724
34.4213
40.9333
37.3326
36.8544
35.2645
33.9148
37.0268
41.3127
37.3783
36.7155
33.7422
39.4297
43.683
40.2463
41.2008
35.3913
57.3761
36.2042
45.1772
36.3503
34.2342
39.2959
33.4537
50.9921
42.3331
35.0307
37.1889
33.2263
38.666
41.0638
49.1418
36.8144
32.7132
37.3278
38.7329
37.7241
34.4918
34.8569
38.0191
42.4309
38.2731
40.3202
46.3091
46.4779
38.8446
38.6984
45.0103
40.2711
38.1695
42.8678
37.5617
37.2031
39.1322
36.2307
48.7757
38.156
41.3245
36.1619
40.5249
38.6359
34.444
47.536
41.7523
39.198
34.4517
32.7413
44.6845
39.1276
37.9668
37.1138
41.0003
36.7657
37.8237
45.8269
46.7783
47.3263
38.8162
34.2785
46.8558
32.4341
37.081
38.039
38.8382
36.0658
44.0028
40.1324
39.1479
35.6068
40.2584
36.1802
35.6516
53.3879
40.2788
38.3447
39.3538
43.041
42.1096
37.5148
37.9168
38.3582
43.4253
35.0264
45.5163
35.7286
45.6751
36.3623
35.7537
37.3016
34.2226
41.6695
37.8029
37.1905
40.8664
36.5832
38.3133
38.8046
39.0337
37.4793
48.0857
37.7462
31.2747
45.7504
34.0259
47.1859
41.2821
49.1696
40.4287
34.2417
37.3592
40.5636
38.3139
33.3772
39.4405
37.3731
41.0057
35.7525
47.9908
47.7853
41.0568
34.9765
39.5959
43.6076
40.784
40.1661
35.6756
39.4946
36.3028
39.1767
42.6447
30.81
37.4825
37.2138
35.2927
42.4163
37.8786
45.0759
35.9011
48.6062
38.0177
43.7755
48.0354
39.5844
40.5166
41.2434
43.2559
39.3461
38.2039
30.7988
38.8277
45.2585
39.2104
40.9424
37.0781
38.8453
38.0001
35.7669
28.9472
44.7103
48.934
36.0573
32.6766
33.4142
34.9515
50.0312
37.9588
34.6024
37.9313
36.9295
33.5286
45.9101
38.3878
46.8292
43.2894
36.5097
42.427
41.2371
30.9239
44.0912
40.2872
38.8333
40.1006
33.9826
39.1113
37.4358
43.3552
42.9121
45.394
41.8027
46.2076
39.6386
32.1089
36.0268
43.0767
43.2225
44.7724
41.934
48.3435
35.6494
34.4261
34.6743
34.2062
40.2659
45.8674
46.9668
37.3389
29.075
32.5122
37.1681
38.6525
34.4805
40.6345
40.0392
36.5694
38.0222
30.7125
39.2093
40.8612
35.3576
36.7014
49.4803
39.5782
34.212
33.2178
36.2485
41.7131
39.1067
37.9359
34.3901
40.6087
39.8945
33.5959
33.2821
31.7726
35.2152
41.1181
35.0232
37.1295
35.859
44.1455
43.3699
36.6369
35.7822
41.234
48.5471
52.4202
45.1982
39.3874
34.2746
38.8802
37.4464
38.3395
40.3733
39.2806
33.9035
38.8846
34.3112
33.2817
45.9061
43.7573
46.9439
37.3638
37.1672
32.8058
38.0308
37.5715
37.1152
46.7072
36.0138
39.0855
40.1584
41.9727
32.9812
39.9672
34.2969
40.6842
32.3003
49.5962
37.3782
36.2871
42.3121
37.9048
40.095
36.2058
33.0036
40.2011
31.1545
48.1696
37.7731
40.6727
45.7172
31.4005
31.4642
48.3058
42.2212
38.0203
42.1723
38.6206
45.2047
35.633
40.8949
33.2662
45.1368
35.514
38.7973
30.3929
41.9812
48.2242
43.4203
35.0312
42.4688
34.3778
40.0043
42.1187
37.8351
43.1197
34.34
49.9924
41.0929
32.6446
41.5026
36.6824
43.1785
37.6576
38.0673
32.2684
37.9607
32.3841
42.9702
44.6063
37.6685
38.4664
37.7233
36.4437
38.6851
39.5881
31.8911
34.6925
37.6582
46.9886
38.7514
35.8377
40.8951
55.9035
37.114
47.2859
32.87
35.3889
44.4398
38.0426
39.5803
38.2757
43.6967
38.7597
43.1653
38.8333
39.0647
36.9276
35.2114
40.001
44.3034
39.6729
36.6798
36.2265
42.3343
39.2607
43.2783
37.054
38.0975
39.1958
32.2698
43.8355
35.7514
44.9568
43.6454
40.5065
39.8599
35.3956
32.4929
38.2879
30.8195
48.5715
38.0421
40.6335
38.2172
51.1638
37.1903
35.358
31.5874
34.0831
37.5689
41.0179
32.1603
41.2006
36.1253
35.6086
34.3566
33.9318
36.976
41.1525
44.0692
41.5331
44.1168
34.9243
34.8456
42.1559
35.7439
33.4566
41.4308
34.3943
49.2264
38.5204
36.9041
32.1772
40.9543
35.2455
43.5852
49.4726
34.9645
46.8624
35.3038
44.246
40.8805
39.192
36.9896
41.0422
48.1468
33.7693
38.4502
37.8885
33.2706
38.797
38.777
38.3456
37.8291
40.5894
46.3278
36.809
38.6979
34.1256
38.5486
39.695
36.0991
41.4515
33.8417
38.5264
39.8604
41.8528
39.4909
32.86
35.7943
35.9558
38.6148
32.935
37.6358
37.0546
37.4761
42.2745
32.5506
48.1213
47.8381
41.4726
36.733
34.0269
46.3203
33.3084
40.5576
39.8285
32.5033
33.2967
39.0997
32.6592
37.2011
38.7505
53.7716
39.4676
40.9014
43.0618
36.3259
34.0996
40.8683
31.2388
43.7436
30.7343
31.6502
37.8463
41.9606
37.8197
50.1526
45.5318
38.4795
42.0637
36.7927
40.3468
37.2402
43.3476
40.5233
51.4236
43.0001
38.9324
40.0403
49.4307
42.7794
41.3433
40.4243
39.1618
37.2197
36.5548
38.4133
39.5125
43.9435
38.9594
38.9915
37.5649
42.3528
41.8212
37.4727
38.8836
38.1564
42.8348
41.9956
41.627
37.4033
43.4341
38.1429
32.404
39.1452
34.8081
37.1437
38.3728
48.2727
35.3831
33.4062
38.3956
42.3653
42.9882
30.6271
38.6457
39.9839
37.153
36.7283
38.0214
36.8854
40.4673
32.7843
36.6642
37.2179
41.776
36.3193
36.1336
40.8582
30.7568
37.6671
38.3799
36.206
43.6507
37.0672
36.9979
37.7946
39.4509
42.2099
42.9732
40.733
34.3943
42.8842
45.4838
37.3751
41.7382
38.1984
38.2857
32.0996
37.3225
45.0624
43.8734
45.9398
49.447
41.7257
37.0545
36.1702
31.6784
39.5078
46.5536
42.273
43.1656
43.9458
37.9748
37.9928
46.2942
36.648
36.5226
43.0745
37.192
37.2409
36.1496
43.1736
49.5941
38.942
34.954
28.5206
40.5645
38.1584
40.3952
30.991
37.6386
40.0172
38.7645
42.1141
35.3444
41.3297
33.111
39.2356
34.4421
31.0322
41.2456
35.6901
41.2198
58.1061
36.0799
33.8738
38.8471
43.8375
46.0067
38.7037
34.6316
41.0461
41.4367
34.9875
34.4706
37.0915
39.847
43.6114
43.9241
42.9797
34.3679
38.8312
39.8149
32.7574
45.0097
41.7588
37.7197
37.5229
44.0415
41.8417
46.2997
41.2117
38.5129
32.9484
44.7881
40.4384
47.2194
35.3941
33.6315
37.9764
42.5584
38.8916
49.7763
35.7223
36.3909
44.3393
34.8507
37.5966
36.576
36.8675
36.7813
45.8953
43.2848
37.5596
43.4591
43.5541
31.4449
35.4622
38.4057
36.0452
44.2966
40.9836
38.1809
42.5074
44.7058
39.9164
36.4753
41.7296
45.0265
36.9047
34.563
52.065
36.2737
34.4767
36.5236
35.9419
37.1774
44.2181
34.9704
42.5135
34.4291
48.0968
36.8294
37.7538
39.6277
41.2448
38.352
32.0888
41.1452
32.5477
36.2012
46.3022
38.3545
31.9276
35.0297
37.9137
37.8974
37.477
36.2293
38.1764
40.8812
38.1066
33.9417
35.3219
35.7567
37.6177
40.9038
34.2197
40.6535
34.6695
40.0806
38.5423
41.7716
37.3771
39.1796
39.7274
43.1929
37.6916
33.6269
40.2364
38.4472
35.3555
36.9653
52.0323
40.0738
47.9877
43.5589
46.4509
38.4237
33.1824
46.4609
35.8429
44.9884
45.5039
35.5762
37.6864
40.1562
37.067
40.5724
42.4208
35.5453
41.8182
39.5653
32.6676
38.4299
39.3322
33.7226
38.8119
37.5725
36.8253
51.3542
39.7527
37.5472
37.9128
40.5834
36.9723
47.5315
36.7754
40.5868
33.4119
42.5189
36.0443
37.004
42.4028
35.0775
42.5642
35.8258
38.6542
36.2805
43.0734
36.108
36.4857
41.6215
38.5706
49.9875
44.2401
41.4637
42.6672
40.1982
40.5347
35.9455
39.367
43.8683
36.3723
46.3075
36.4326
32.4738
36.5834
41.2249
49.2292
38.7202
37.6327
45.2251
34.5552
33.0842
38.6283
38.1349
37.9213
44.1071
35.1462
42.0477
42.5916
44.6353
38.1663
37.7338
38.5369
45.5477
39.9585
45.9725
41.8883
39.0007
41.1605
41.1348
34.9597
40.5288
39.1779
45.5403
38.6889
37.8932
36.7209
37.6454
35.135
39.5387
43.6617
39.4918
41.5324
41.5431
31.5918
36.8708
35.7545
41.4111
44.6959
36.8616
39.1082
42.1681
38.3007
37.7403
35.3483
39.2933
40.9022
42.7407
32.7233
40.5299
38.2501
32.2552
53.957
44.2884
39.8703
36.4635
36.5336
34.2235
34.0822
36.1656
35.5091
43.0933
37.9691
51.3329
40.9775
38.9285
34.771
37.23
49.1312
33.6357
49.5186
40.1728
38.0517
49.0195
35.5727
35.0652
37.9336
40.2341
32.9505
41.7068
38.2737
36.5573
31.182
37.5693
42.188
38.1897
45.1366
40.3788
34.5253
37.0573
37.0736
36.7173
36.1952
34.2504
51.5427
34.858
42.0655
33.7094
40.6164
40.3467
37.1333
39.2642
31.8563
45.5073
36.4669
43.4243
38.7211
36.1086
39.8006
42.5636
37.7013
45.747
37.6149
40.7543
48.5986
42.0679
38.8929
35.5316
36.9033
46.1733
37.4719
42.0263
39.6753
38.2571
41.189
36.3238
44.1113
39.3218
47.2137
40.2961
40.6538
38.9616
41.1356
42.56
40.251
46.4491
48.3397
40.8495
38.2479
37.3782
37.482
34.0368
39.9379
44.2032
43.8875
42.2007
44.2919
49.1831
39.8857
39.1564
42.333
50.1081
32.7068
38.7161
38.0312
37.4745
37.5459
38.3762
33.808
40.1808
39.9671
45.6198
35.1004
40.5908
44.7399
47.6459
43.7056
35.8121
35.0977
42.9714
40.5199
36.9423
38.4043
38.1555
40.103
35.2246
33.9045
34.5631
38.5843
43.4988
43.3663
40.8801
32.5311
41.6835
38.0484
38.8677
30.3593
33.3341
46.9274
44.2609
41.8624
37.0547
42.5101
36.2943
39.9753
35.3842
41.9946
23.7553
36.074
33.9381
40.6499
58.6177
34.2255
39.9896
38.9712
36.3968
32.0954
41.8409
41.3412
42.4335
46.2
34.9527
34.0117
31.979
35.1193
39.3436
37.4172
39.5115
39.3023
42.6344
41.2418
49.6674
36.45
40.7021
36.3262
37.2054
40.6422
42.3664
40.7047
36.5194
40.3452
41.7401
44.5997
43.6486
37.229
31.6179
38.3034
32.5068
41.0388
39.3389
34.3006
42.1041
41.9189
39.9563
38.5533
33.6115
42.4896
33.3562
38.3189
33.5104
36.4484
43.3968
46.2754
47.2903
33.7967
41.3924
45.9191
38.0511
39.8737
29.021
45.1926
34.8556
37.2825
41.9626
33.5724
37.332
38.1176
37.9715
32.4962
41.0861
50.7028
37.0869
53.9718
42.8512
32.81
40.3129
31.8079
40.7728
34.9238
37.5709
31.1956
40.8783
32.409
37.6245
44.0278
36.9515
34.1993
35.4396
33.5151
37.3705
37.6242
42.0329
35.0321
42.7398
42.9063
38.9892
56.2222
42.2842
33.575
45.6567
37.1246
43.7141
36.454
40.6201
37.5934
40.0449
37.6731
37.8807
44.4465
50.4038
37.8643
37.1465
48.1398
33.3507
41.0511
43.6937
42.5738
34.0841
38.0497
38.7133
39.2149
42.9504
42.9919
43.0865
31.6185
47.195
37.4068
41.1844
37.2379
34.6933
36.3749
36.9524
36.0956
33.1425
38.2438
42.7953
39.0366
34.4049
35.7782
34.7561
32.9838
43.4588
40.1534
42.4516
35.1468
38.7483
27.4109
34.9437
41.7067
46.5081
37.5849
39.3549
36.2413
38.0819
47.2504
43.0831
31.2797
36.8555
39.3795
41.8519
35.5066
34.3668
36.7221
33.2435
36.4906
38.0155
34.1823
43.5073
39.0211
40.6743
36.5581
38.4093
38.8009
34.9863
40.4429
42.2505
55.1885
42.3571
42.2218
37.3931
38.4274
32.4471
42.2573
44.6641
44.4113
34.0144
45.8882
42.7429
29.5249
48.8878
40.7991
49.5693
48.9423
38.3071
30.254
38.0124
45.0957
48.337
39.3312
39.4588
44.1641
35.0859
21.0109
39.1026
33.2765
36.4385
41.4157
48.5313
36.6965
38.1776
36.8351
34.2422
34.9273
40.5275
41.9787
37.3836
44.0379
42.3794
35.1216
53.4424
39.5185
41.0623
49.6335
41.8388
42.7703
34.279
31.5654
35.4713
41.0852
41.6606
39.0461
39.2063
35.1599
45.3629
37.7836
44.7127
36.5099
37.372
47.1337
35.8884
33.8632
42.0539
37.7197
38.0636
35.703
41.4658
32.387
35.0738
33.5347
42.171
44.1862
42.7395
36.8476
34.5571
42.3651
40.4423
37.5785
38.0224
47.135
40.5776
38.9781
42.3502
37.6207
46.3979
48.3304
34.5891
35.4639
42.2328
43.779
37.9829
36.9566
41.1002
36.9157
44.4948
36.6852
46.2492
36.4661
36.49
47.8561
45.8175
39.2146
48.8669
38.023
45.0313
34.8595
37.0668
39.1676
43.0164
33.4584
31.7998
36.8444
42.7995
33.8411
48.6022
39.3072
46.2548
37.7201
35.985
38.4867
34.0943
45.7068
38.5634
42.271
39.1004
41.2269
35.7212
39.3892
34.8736
35.0771
43.2065
38.608
34.6215
44.149
41.9224
39.9372
35.4256
37.7937
40.3276
44.9803
37.0822
41.238
47.6842
43.4583
38.7179
38.2119
43.2844
41.8098
36.8843
36.9221
40.273
50.0004
40.4757
39.8859
37.7828
34.9593
35.53
44.7724
34.9217
49.6498
41.815
36.7496
37.517
37.347
31.9951
38.9512
36.0084
39.1136
37.6317
37.7072
39.9642
37.9086
36.4716
32.5942
40.7599
47.7922
44.1401
37.9204
42.6215
38.8122
39.0468
41.2372
34.2619
37.9024
42.7341
43.4282
36.1342
38.8806
44.7661
44.459
31.1687
35.648
35.8473
44.3086
39.3319
37.0053
37.4458
43.8241
42.6066
34.3577
39.9684
32.1229
39.7543
38.3324
39.5084
39.2831
35.273