39.3276
45.1033
34.356
38.4933
47.1005
50.9812
36.8225
41.1237
42.1273
39.3786
36.6021
40.3421
50.6001
41.8484
35.2758
41.0319
37.009
37.4165
43.1598
39.5011
30.9564
37.5159
36.1947
40.0011
40.5692
32.9972
31.9486
40.2388
47.9263
33.963
39.9608
38.2665
35.8131
46.1736
39.1908
34.2799
37.2082
48.0652
36.4907
36.6739
44.2371
35.2253
34.7863
32.4761
33.9041
38.853
48.4237
41.0085
49.6636
42.8672
45.329
33.6113
45.1672
42.9511
38.1716
39.0686
37.4989
46.6601
44.6977
36.0776
36.4561
39.0169
35.3405
36.6952
37.329
38.305
42.8834
35.4033
44.1072
37.2994
38.4157
37.1131
38.5814
33.5785
36.9901
43.82
54.2984
39.6842
44.7286
38.1304
38.359
50.642
39.549
41.271
40.7026
49.452
43.598
41.4996
36.0123
32.2292
44.3739
37.6677
34.0222
36.5779
32.5152
42.8086
44.6558
38.0039
39.273
35.665
38.4939
35.4481
44.3058
32.7099
42.0073
33.7771
36.2676
37.2115
39.8348
35.397
31.0539
42.0828
37.2769
35.2869
44.9169
38.8677
42.5092
37.857
38.3836
37.0077
43.5627
39.3086
41.2637
39.3631
37.3494
43.6053
37.4726
36.8712
46.9303
31.5856
37.3436
30.7255
41.2644
41.2094
43.6206
58.67
34.3763
42.1793
43.2972
36.7822
34.3807
44.6376
38.3345
43.0402
39.2197
44.4213
33.4537
45.2824
38.5791
39.3691
33.1388
35.566
45.5026
35.317
42.7735
43.2184
48.4169
43.506
38.7238
34.0635
37.9762
36.6327
35.876
34.8407
34.6949
36.6402
34.8124
35.2077
34.5465
42.8821
33.8386
44.5048
33.8311
44.4351
40.2187
35.3553
34.1567
37.1034
34.8101
37.964
45.3061
38.927
37.0584
42.523
47.1263
35.3838
48.787
39.4327
42.2956
38.9883
48.0188
47.0625
37.353
29.4401
35.819
36.816
34.8059
39.9892
39.7707
39.9947
34.8546
41.5086
28.7352
39.1771
36.5489
37.4663
33.0356
34.3636
36.9274
40.5317
43.1778
51.7565
39.8999
34.305
35.6268
38.8688
35.8231
39.8146
35.7644
37.6767
43.5486
34.6046
33.3459
42.5408
38.434
39.7991
42.3719
32.6161
35.343
40.2256
45.2891
36.3409
36.5217
52.2878
41.0158
31.316
41.0054
33.2306
43.2129
46.008
31.2919
49.6422
39.1967
37.6453
40.1677
41.937
34.9055
40.894
43.1863
39.512
42.9667
36.8034
37.6586
39.0716
51.1887
40.6811
37.2124
39.4291
42.4382
31.2848
40.1089
43.5618
35.0027
47.5258
40.219
39.8428
37.646
45.4911
35.2538
40.79
44.7824
35.3555
39.3005
32.6452
37.7299
39.2384
34.5472
37.5388
39.2022
40.197
33.9887
34.2959
47.8603
41.9748
40.5183
44.4824
33.6043
38.4219
34.8935
53.3213
33.8646
39.4965
35.6246
34.8541
56.531
41.7137
36.1038
34.3327
36.3836
41.5136
37.0953
33.229
37.2176
29.9253
32.4872
58.4006
40.0957
38.2031
42.1262
41.8908
30.9994
46.1124
37.0841
38.2711
43.96
35.1985
40.5873
40.3594
41.5534
40.4098
43.1606
33.664
35.9298
38.1589
36.4207
37.173
40.63
39.4453
39.764
35.3582
35.5131
35.8901
45.3995
38.5943
38.2324
42.3356
28.9508
39.2269
33.6967
37.5583
35.5395
34.1943
33.4153
40.3859
41.1019
34.4049
37.4798
32.6386
42.309
39.9624
34.4696
42.2577
33.5651
36.1232
40.751
46.6033
52.4055
38.1719
35.3423
40.5084
35.0956
44.044
34.8254
36.4214
36.148
39.5869
41.8774
37.9163
39.8187
36.7096
36.5827
34.9946
37.9083
41.0267
45.9071
38.6928
39.55
44.6006
32.8656
36.7834
35.8718
43.1278
37.9877
43.9486
34.1521
36.1975
38.5546
45.8632
38.4507
34.8913
36.3326
38.0858
32.9158
41.735
42.7286
41.4197
39.6896
36.4661
46.027
31.3446
33.0806
37.4074
45.0755
35.0773
38.4715
34.6058
39.0548
38.9574
37.6218
37.7727
39.143
49.427
38.7638
39.4699
37.0212
40.4302
34.3659
39.1032
42.4796
37.0529
37.7774
41.0771
48.2634
33.1224
32.2055
43.6599
47.3941
38.8307
40.5597
37.1401
41.5113
38.468
40.0858
38.8706
44.3739
38.7172
39.1844
40.2818
49.2124
42.2375
42.3501
35.9642
38.9812
33.4324
38.0559
34.5043
48.5602
50.0524
40.3433
46.5271
34.9408
37.2249
41.3877
32.7559
39.3387
36.2641
44.158
36.4491
34.9291
41.9991
33.273
36.2083
34.4427
38.684
35.625
39.9757
37.2179
37.081
41.3312
39.727
55.1357
40.9668
34.0404
52.0284
39.9266
38.5879
37.1482
33.5729
39.6161
58.4549
38.3674
37.8728
41.0284
32.6494
37.2193
40.7184
44.9374
37.4602
44.1393
35.9471
40.8606
36.1323
31.2015
35.6209
41.7254
49.7047
32.977
40.4225
39.546
41.5956
33.8367
38.4106
36.8715
39.6484
45.5266
42.1119
43.3148
37.1574
43.8991
33.857
41.7003
37.3093
33.2219
33.8698
42.3194
33.3584
35.8108
41.2856
41.5843
36.5505
37.1379
47.4893
56.9715
33.6023
33.8908
33.3277
39.3396
34.8067
35.36
42.7334
43.9841
39.3301
39.5399
30.5336
39.8706
34.2219
47.9509
38.8491
34.4018
44.3834
42.4112
40.2541
37.4898
48.1439
37.7407
41.1984
53.667
39.0573
42.0386
32.4692
40.7097
37.8159
37.4941
40.6619
44.166
42.0987
50.4097
46.6295
37.6359
38.3368
37.5794
36.82
40.9706
45.8692
37.147
38.9824
36.4013
36.826
48.9047
45.627
37.3078
40.1445
39.2848
39.4345
40.2441
44.0628
41.3576
37.8277
38.3549
40.515
46.897
41.6694
33.3748
37.1078
35.2924
33.1931
39.725
30.9721
46.1808
34.2547
34.6907
39.4793
44.4917
35.9332
43.5395
34.1878
44.3319
45.1998
43.5121
33.8047
37.9447
39.0329
36.7905
36.513
35.4945
40.3445
33.3549
42.0782
41.9544
37.0785
37.0276
40.1173
47.0962
43.6593
43.4007
46.7787
36.5458
52.5791
31.4454
51.0548
49.831
36.4229
38.1697
34.5928
35.9757
48.4901
42.0074
32.8211
38.963
37.0962
39.0269
38.3064
40.8005
38.757
40.6877
46.0424
33.908
31.7225
39.2284
40.8302
44.9608
34.5456
47.2827
36.2849
38.8728
49.2215
47.2424
40.9951
53.7411
56.4037
40.2281
45.7301
43.3055
38.3403
44.2108
35.8265
38.03
36.3556
37.5909
40.4929
34.1246
37.8217
41.0324
40.3817
42.8902
33.1726
33.8914
37.5217
39.6543
48.4056
37.1333
41.1509
35.3141
37.8765
33.4367
50.7411
38.8915
39.0121
40.2259
42.1266
36.7027
38.1089
38.0892
42.3933
44.4984
45.5626
31.9631
41.3298
37.2427
43.9573
33.32
35.7184
38.8487
38.1477
40.4615
34.9962
35.6653
37.7929
38.3475
44.277
35.9488
32.62
44.5664
32.8682
36.434
40.5197
37.0532
43.0766
34.6326
43.3634
33.4904
41.3358
40.5973
34.4738
45.8729
41.492
33.0371
37.9932
43.3437
36.1613
36.8764
38.0434
51.094
45.5181
47.8709
46.8439
36.9614
42.1714
36.7852
35.6159
38.32
41.0961
38.8113
41.2907
34.4632
37.6372
31.0013
37.4758
44.0893
35.0211
44.7313
42.0045
39.2959
39.5561
38.3804
36.2751
42.8818
34.8318
49.334
39.5932
49.7898
44.0917
38.3835
37.8467
35.7469
43.8205
39.8055
42.5722
33.3987
43.8916
34.1752
40.1998
35.2786
47.7573
47.0214
35.7251
47.0788
40.3908
39.4964
36.7302
36.0539
36.5704
32.8118
50.7954
35.0463
39.1342
41.1234
40.7935
40.8252
30.4133
33.9407
34.2419
38.7566
38.3932
36.1858
41.5215
55.8568
39.0197
35.1412
35.6853
39.3603
43.4063
42.1852
43.357
47.1011
41.0727
47.2843
40.1923
37.0081
34.254
32.8649
38.1208
43.8272
40.5512
42.4037
37.9299
44.131
55.0744
33.5751
33.3983
47.4582
34.9809
59.2186
43.9055
40.1162
33.4904
36.3973
51.8769
39.9793
33.298
42.6783
38.3835
39.1507
35.839
44.7973
48.1602
37.2881
39.9399
39.8726
35.2598
43.1555
33.1128
37.6279
34.1151
38.8941
39.1924
38.916
42.0645
36.1221
40.2798
43.3521
41.1013
34.3419
38.4193
41.263
39.6007
35.9557
41.6183
41.767
44.6761
36.7356
36.3488
50.6946
40.9109
37.3332
42.1632
34.6398
37.2702
35.9227
35.7036
33.5077
36.3559
37.9172
40.8415
39.3548
40.1506
39.9012
38.055
42.0972
42.1213
42.0368
42.209
36.0847
32.5004
34.918
36.8248
35.83
38.7209
37.5672
37.6819
35.6282
50.3386
37.3827
34.786
40.5387
39.1466
35.3619
35.0338
46.5026
54.5135
43.3978
33.7494
33.807
50.3778
35.8554
39.3309
44.2585
38.8502
37.1824
38.7777
34.129
31.6439
36.3822
37.2203
40.9833
36.3729
39.9405
36.8232
30.7376
34.7852
50.8761
36.7901
38.9072
40.3656
35.9858
39.4641
42.1623
38.7045
48.5805
34.0055
34.8271
39.9916
36.5701
40.059
33.2179
47.1777
34.9832
38.4409
38.2365
43.7827
32.0861
39.4798
33.9332
49.3583
39.0741
38.9403
41.2669
42.1457
38.1566
33.881
39.8566
37.7887
36.223
45.6029
38.3285
46.615
42.6982
33.9731
40.1359
40.5309
40.5227
39.3497
39.7418
37.1394
35.054
35.3243
49.4985
36.3636
45.828
35.6693
35.9528
34.7048
41.9014
39.1346
38.0531
31.5585
39.5268
39.6707
39.9733
42.763
39.7264
38.9063
49.2578
42.2574
47.3486
48.7339
33.9214
35.6575
37.4218
40.9552
38.7264
38.7836
46.7659
35.8102
43.7625
35.8707
41.6025
38.7257
40.0426
48.5013
40.4638
35.2449
41.3564
37.9172
43.7125
35.5256
41.0013
46.2824
41.8469
33.7927
33.7008
35.9129
43.1868
40.4564
34.945
35.7857
36.4244
49.6875
35.4376
41.2539
34.6727
37.6439
38.4703
33.2126
34.5134
36.5166
50.2596
41.4303
34.3113
36.1572
40.5907
43.3408
36.0866
34.7374
36.0628
39.5131
34.6169
42.2265
35.5683
42.1699
49.1391
38.745
42.8598
35.8076
33.6989
38.8732
32.0954
30.9502
36.0837
34.5434
37.6752
33.677
35.8802
39.7102
38.0091
45.5222
41.2108
42.2126
36.4657
33.7231
53.0149
33.4539
35.8808
32.0824
41.8363
45.3216
34.6598
34.6065
37.4949
35.3819
37.4219
36.6155
36.7202
42.2142
42.1546
46.87
41.9796
33.888
34.3429
35.3339
44.1591
40.5292
36.3754
35.946
38.0948
46.0229
38.6408
33.5328
46.2511
36.497
34.7083
39.4749
38.6645
40.7099
38.6357
35.486
36.8455
38.8414
35.5824
35.3393
38.1302
35.2535
50.5005
40.4868
32.8429
44.2284
49.1955
35.1238
40.4297
39.1926
40.477
42.423
36.0387
33.8709
40.48
35.894
43.2942
34.1811
46.0656
30.0005
41.0871
34.1696
30.8774
35.7675
40.6336
33.8459
37.861
44.2016
39.6241
40.1531
30.0703
41.229
45.8179
41.0773
33.8164
36.4537
35.3448
51.1658
56.3124
36.2655
34.5636
36.0384
49.529
38.7292
40.1487
36.8614
38.2991
44.4338
34.779
36.2381
34.1743
35.934
46.0176
33.8719
38.0615
40.0692
41.9036
39.033
38.9129
35.4811
43.1054
42.8489
41.6341
35.9365
56.4922
40.7668
32.7165
38.1277
45.1886
35.5503
34.0459
39.0351
47.9359
34.3266
39.5115
46.069
37.7841
43.0251
35.7183
32.5076
33.0561
30.6705
35.222
34.0274
38.1241
33.6732
37.5108
41.1116
37.3059
35.2648
46.7736
37.9199
51.0401
35.3089
53.4859
39.1575
35.8003
32.0544
43.5045
41.1854
39.8481
36.6943
38.6173
37.9099
38.2053
44.5644
38.2679
31.9786
36.2214
44.1808
43.0862
34.3143
45.09
35.4829
40.5733
43.6954
36.1664
48.945
37.7044
52.398
31.4238
41.5463
41.4741
41.5982
36.0348
38.9743
42.9481
36.3787
45.929
35.7046
43.3428
46.265
47.8241
47.3443
36.4026
45.3458
43.7214
43.8518
48.4417
44.507
41.0111
46.321
40.3608
40.8594
38.9403
43.4262
37.3739
40.3885
36.6483
42.2802
38.8999
36.9415
36.8838
36.6167
36.5809
44.6936
43.5899
56.7946
47.4982
42.8309
39.2559
31.3804
42.1945
32.8969
45.3754
39.2679
36.0157
39.4264
37.2289
38.7204
37.5964
40.5017
39.6229
37.9567
32.2801
41.0773
32.9023
44.9047
40.837
46.9565
38.5286
33.0956
37.9083
38.2478
37.8981
32.9593
38.5462
40.1488
37.3385
34.9848
42.6061
36.4346
32.3652
37.7486
38.3628
42.1049
38.7775
35.7331
39.167
32.5133
33.694
35.6283
39.1877
35.7182
39.2077
35.3329
38.9954
42.1444
39.4096
46.4615
38.0968
41.9817
34.8659
44.2509
38.9653
41.6208
41.584
38.0239
41.2
37.9904
40.5398
37.6039
37.7301
44.5195
37.2755
53.1788
33.0289
40.0031
47.248
37.352
43.379
34.8681
32.6536
36.6945
40.762
42.6724
32.6333
34.901
45.6025
43.2437
36.0547
41.0477
33.3767
45.1781
36.1086
41.8064
44.3786
39.0458
38.7721
41.8986
39.4018
35.9963
41.7997
41.6419
49.3507
37.8897
43.2373
45.5032
40.0929
40.9368
45.9709
38.1282
38.8693
33.8501
38.5591
40.3668
39.5329
45.349
38.6787
35.9033
38.9683
32.9864
35.8827
44.1109
39.976
40.6044
44.0157
37.1686
34.534
42.8985
38.9156
35.6418
37.5825
32.9892
46.0416
42.711
44.8992
42.8014
33.3484
40.4983
38.9004
38.6937
36.4474
33.0969
39.7551
40.8779
33.9961
36.1892
39.5668
37.9342
42.3741
37.3435
48.3341
36.9875
35.5533
31.8184
38.3154
32.9087
45.2384
41.3151
35.4675
55.631
47.1656
29.5221
44.9046
35.8114
31.1244
43.5378
37.7477
39.994
34.8145
37.3393
36.0026
41.4788
41.3663
32.2496
48.6741
45.2421
37.9509
34.1955
33.2648
33.9869
42.5472
36.761
51.5205
48.924
35.2155
40.3367
38.0525
33.0779
37.7448
33.0206
36.6379
37.6755
35.2762
35.5604
44.3499
40.0436
35.7068
32.5086
42.4469
51.5344
34.0917
50.0264
43.1176
37.2822
39.3984
34.0382
47.5608
41.9514
38.6262
43.377
41.181
44.2595
36.4524
34.7408
48.2626
36.4115
37.2304
44.6333
41.2156
36.3624
35.5044
36.9929
37.6174
34.1887
37.6208
38.9979
38.4578
40.629
38.5829
34.6675
35.6478
46.4224
37.366
35.0176
36.7649
36.0378
34.2099
41.0198
40.6718
35.0507
38.282
34.2777
41.093
40.8381
39.1623
37.9865
41.2503
39.436
41.5789
37.7164
41.5296
46.7827
34.2233
43.0213
41.6219
37.1268
41.2799
39.4472
39.6502
40.291
35.1076
37.4478
38.4257
31.3519
34.0933
39.0854
37.1631
37.7234
44.1379
42.4353
34.1116
46.9021
34.4533
39.021
48.3374
35.9911
42.189
42.6746
30.9207
35.6251
43.9535
43.7283
39.5598
41.6464
35.3191
36.1332
41.8425
37.3239
36.5141
34.8549
37.0195
34.9952
44.1632
36.1431
43.6689
34.5148
47.3176
39.1407
38.4142
33.7214
42.4714
37.0141
34.2769
40.7428
39.7073
44.6469
35.1087
39.006
44.6474
42.2506
43.3734
31.0325
43.0468
36.1199
46.8345
39.2078
38.2098
37.9354
42.041
36.5734
34.9691
37.2583
39.6285
38.3508
43.2903
53.6671
40.6934
40.5642
42.1947
34.7623
34.4018
38.5852
39.5543
32.5971
37.2259
39.6924
43.7753
38.8453
49.6032
37.0046
42.683
39.4624
37.0498
36.1428
46.6149
40.8041
38.4046
35.7269
41.031
33.5893
33.5858
40.9702
35.4454
34.8334
40.0284
37.2706
32.7319
38.7547
37.1348
44.708
36.7961
46.085
40.2343
38.7567
33.6293
41.5876
35.0754
46.3372
30.4026
38.6606
39.9011
32.0639
37.0366
43.2933
33.9314
34.8536
36.312
41.6044
40.2292
37.4907
41.7479
46.9792
38.3119
45.1741
44.098
38.9566
34.1717
40.6712
40.1752
35.8358
35.058
37.9872
48.9228
52.1695
44.5605
32.1543
45.1187
32.9041
40.3444
39.1168
35.1888
43.9697
37.6372
35.6207
41.8633
39.5082
48.8572
41.785
37.2344
38.8001
39.3296
42.9011
40.873
37.4137
39.7254
38.2314
36.1397
35.6798
35
33.5318
35.19
38.7566
45.1578
44.9616
43.1013
41.6177
34.1097
40.8919
38.8142
43.6146
36.046
41.2799
36.667
54.2731
61.8409
35.0472
39.4428
42.104
43.445
44.5485
40.0994
45.3571
43.4866
34.4535
29.7664
38.3705
39.4072
37.9476
43.138
33.2204
44.1803
38.5696
43.6092
37.4321
34.7415
46.807
44.8853
47.3317
53.4886
36.8784
33.5316
38.999
37.1982
38.1996
36.2326
41.0311
42.2786
42.0474
35.9006
47.2049
37.0189
46.5208
52.4112
36.7848
44.0479
39.5843
38.6295
41.639
37.8165
42.0875
36.1675
37.3421
36.6674
36.0951
38.078
34.0212
46.2025
34.9039
38.756
35.955
41.7047
36.2211
33.391
39.844
37.985
41.2797
34.5367
42.3266
44.4367
38.3958
41.1943
39.402
39.5398
40.1907
44.6089
36.4554
35.4542
36.734
40.753
43.4827
36.223
37.6029
32.4515
38.8656
39.4922
35.0761
39.1088
40.0813
34.2695
33.0266
35.9732
48.588
51.5129
37.4883
41.998
35.2016
38.336
36.5114
44.5651
41.5075
35.5949
46.2208
35.3687
38.2875
37.9873
48.0796
46.2903
33.1368
36.8755
38.2356
42.7249
39.724
35.8988
46.5839
38.9486
36.5876
47.5829
52.4297
39.9257
39.9695
41.0416
41.9834
39.5975
39.8623
49.3461
40.3858
38.48
38.5341
35.2041
34.9895
38.1994
39.6464
45.7259
36.8666
37.6631
37.0851
33.2777
36.8821
40.7647
43.2424
41.7345
41.9477
58.3171
34.0641
39.4631
42.6016
39.9101
43.2773
35.5953
41.8088
31.9927
41.0602
47.8102
39.949
38.2637
38.8888
45.2405
36.7394
41.0133
37.3153
37.8068
37.2203
29.8622
33.6353
35.5976
38.4955
35.1001
36.5889
38.8167
38.4952
36.1977
41.5223
39.8478
36.9347
30.2366
43.1279
37.8687
30.9446
39.3712
32.7725
42.9522
43.7107
33.3368
42.3013
34.0517
39.7208
38.1577
34.9403
34.5074
41.1024
34.5317
38.2601
38.6923
48.1648
37.3008
35.8598
39.5893
38.9607
47.7279
34.0625
29.5973
34.2908
42.9266
35.8473
32.9486
39.4271
35.8941
44.3572
36.9946
40.2527
38.5383
33.9268
35.6244
35.215
30.9385
42.9554
41.2001
38.2403
33.616
42.6352
41.3029
33.966
30.6218
38.7134
36.9117
40.5907
38.182
41.5111
36.1342
34.2201
37.0249
44.8434
42.9383
40.2592
33.0235
38.1815
37.9002
42.8012
37.6736
30.5253
44.8894
41.3492
35.7336
41.8898
34.2558
42.744
47.4395
41.7107
37.1045
41.1678
31.7538
35.3949
39.3387
36.0173
43.7833
39.4505
43.1778
36.8786
35.8564
38.6886
45.7046
46.2686
46.3342
35.0234
37.5909
32.7716
34.0601
40.3921
35.392
43.337
37.5551
40.1389
41.0828
42.9436
39.1972
43.0193
36.123
38.7468
37.8261
42.5921
39.8954
39.8029
34.8743
35.2914
50.2385
47.2807
38.5385
37.8354
48.0732
43.5053
40.0062
39.0094
40.6191
42.9072
40.5059
48.118
54.023
34.4704
37.161
38.4318
36.4119
39.6471
41.8188
35.4267
41.7087
36.9508
41.6513
35.7927
33.6998
34.4508
39.3893
34.4924
47.9336
31.1889
38.0761
46.3242
34.255
40.6671
31.6407
39.1526
37.035
61.5062
36.3797
34.1809
35.9431
42.5422
37.5683
35.4758
41.4112
32.0421
32.5931
48.1153
37.5876
43.4205
35.865
36.7239
39.7236
39.4633
43.408
32.2497
34.4879
34.8864
37.9708
40.8596
34.6791
38.7364
39.7908
35.8201
38.6548
42.7385
35.6638
45.6179
40.207
36.3388
46.3013
35.9429
39.4207
38.0248
33.9867
43.7353
37.4103
35.9758
40.2779
35.97
43.9311
36.4329
38.2645
41.1287
38.4214
46.7846
37.3127
41.6416
37.3382
38.7404
36.5618
39.2859
34.6197
44.0805
35.4883
33.1071
44.3518
36.127
33.9567
41.4877
37.7496
46.4141
44.1416
39.8502
36.8091
36.4709
43.6793
33.9105
39.8071
38.7207
38.6141
41.725
43.0878
48.6107
45.0722
33.8407
37.2343
39.4605
39.4867
44.347
35.5454
35.4261
42.6492
36.2354
38.666
40.346
37.5924
36.3168
30.1406
44.7835
40.8853
41.257
37.3279
39.4689
38.2745
33.7798
37.5749
38.0097
33.7342
36.7925
42.5237
33.1035
46.2248
37.5651
33.7638
42.5513
40.8021
34.2179
37.8289
34.484
35.7564
33.1122
35.7825
44.58
31.7604
39.0604
48.325
40.053
43.3708
46.3854
33.836
46.9332
35.7586
41.4846
35.0438
41.117
36.7426
35.1035
35.9161
45.0933
43.6104
39.6484
39.3606
41.3528
44.0951
43.9885
39.4848
42.3127
44.852
42.3349
37.8311
41.5743
36.7151
44.7339
47.8496
37.4013
41.1702
37.6372
33.2318
45.7762
34.9022
34.2449
35.6919
45.2603
40.4388
41.4258
35.5506
38.1739
37.7447
33.3515
35.9116
39.0662
39.6379
40.0401
40.0241
31.9087
35.9005
34.1073
40.5217
48.1413
39.9763
39.9007
39.7502
39.9236
41.0451
33.7893
38.888
36.1147
41.5229
37.0559
34.4603
40.1154
38.3902
41.2274
40.8071
48.5493
40.4877
50.332
40.6901
38.0329
31.2477
52.5745
40.1454
36.1607
39.3063
40.7626
37.1156
40.0617
33.9064
44.3638
38.3131
42.398
34.6665
37.0596
39.0218
39.3734
44.6523
36.3884
37.0619
45.1723
38.3913
40.5714
38.9299
36.996
36.1851
34.7716
41.3819
42.8793
39.2435
33.2561
52.4951
39.3949
43.533
37.9562
36.9544
44.1016
28.7363
53.499
36.8843
36.3084
35.4857
44.4574
33.9681
41.8309
40.7573
39.243
41.2494
47.299
40.1091
37.3507
36.5357
35.4643
44.1233
37.7032
41.1911
35.0179
42.9627
34.4777
43.7205
38.0783
35.3464
42.1985
42.2132
46.0015
46.7115
34.249
34.9273
35.4033
41.0459
43.4087
44.1421
39.9168
42.214
36.7452
39.9639
36.7136
50.2392
32.9244
37.8691
40.2064
41.7571
36.6677
41.8075
36.169
43.4298
37.7918
41.6942
54.1815
36.9785
39.6808
40.6199
40.2785
35.8103
34.6116
41.0004
37.7532
46.264
37.483
42.6261
37.8647
36.6154
39.8661
39.9781
36.481
40.8995
42.8952
29.8765
42.7485
34.1967
53.1984
34.4702
40.1687
40.8303
42.6097
41.1914
33.1435
39.3739
42.9878
44.654
38.2061
42.0595
37.5419
34.3215
27.8515
35.2017
44.3641
40.917
42.1244
38.585
42.5699
43.3494
34.4836
36.38
38.9328
44.256
40.1413
33.2284
32.9629
43.5077
42.3169
36.0827
35.9904
34.2293
40.0028
36.4579
40.9643
40.8854
50.2413
39.6658
37.2935
30.9771
36.3043
38.8
52.3935
34.0513
33.4994
46.545
32.1631
39.2665
37.8749
41.1719
42.7637
41.0467
43.7866
31.8132
34.8235
38.4988
45.6499
43.069
47.3217
36.8325
35.3616
34.8772
45.1667
42.8442
38.5522
39.2204
44.0396
40.8082
38.0604
31.6215
42.4943
34.1616
49.5342
59.6333
44.5724
42.9341
37.7968
44.0773
36.9857
34.7798
34.1875
41.3391
42.3299
35.8993
44.1278
42.735
34.5064
33.9651
40.0575
32.293
39.355
48.1084
47.0658
40.2419
38.0456
38.2141
42.2879
49.6256
38.2639
41.4639
43.9713
41.2953
37.1653
36.7854
44.8208
40.2667
39.33
37.8611
33.568
43.6171
38.87
37.6117
34.2243
43.2196
38.2868
41.0069
30.8228
38.5474
44.9627
31.752
35.8289
38.1703
32.0568
38.834
53.0791
37.2872
39.5976
40.5441
37.5659
31.7772
36.8646
45.1576
42.8952
46.9219
38.26
30.22
38.4814
37.5538
38.3708
38.1129
41.9653
37.6982
39.5914
36.8388
51.0948
47.0421
40.0171
40.0534
37.6895
41.5972
41.2736
35.9422
41.7996
34.8696
37.661
38.2887
35.9475
42.1331
36.3011
44.1404
43.3681
40.1714
40.2145
39.5935
33.114
39.8356
42.9035
37.8027
46.1446
34.9643
36.2449
40.0294
63.7368
40.2359
51.5849
35.7608
42.7187
40.7085
36.277
42.794
39.4847
36.0591
34.8458
51.3897
39.1477
45.7961
45.6869
34.0304
33.0191
37.0126
34.6253
37.9097
38.6451
49.6838
42.9146
32.3046
35.7877
35.0616
43.5648
41.5307
47.8808
36.2135
40.2921
36.3638
36.1811
39.7976
35.8999
38.3837
38.4674
37.3338
41.1999
46.1
31.4386
35.9929
39.5811
34.4072
34.0039
52.4336
39.7269
37.1391
34.7004
37.4195
36.2105
40.6887
40.3202
38.96
41.1347
41.2125
52.2812
34.7833
44.5047
37.7172
38.7079
38.5088
37.9093
43.2591
39.056
34.6462
33.6857
44.0437
34.958
31.5598
34.2906
34.6229
40.7614
32.3414
36.098
39.597
43.1197
33.1535
37.9446
32.809
38.0268
35.9944
36.1916
35.3791
43.4235
33.6882
34.6918
39.6501
37.5808
41.2745
38.3114
33.7705
40.263
46.0563
37.2619
38.3957
35.6529
39.0177
35.4011
39.7376
36.2911
50.2799
33.0888
34.9978
35.7017
38.5226
38.926
34.2218
40.2565
45.3121
39.9523
45.7969
37.1664
37.1444
37.4089
40.0033
37.3794
37.7331
38.9485
39.2475
43.921
41.3657
40.576
40.2581
38.9748
34.67
38.6969
31.5576
37.9744
36.1003
41.6386
39.1416
40.3309
45.8687
39.1571
37.1238
32.4994
38.984
34.3895
37.6364
44.2044
33.9247
28.8876
32.5562
45.6913
34.3066
32.774
37.413
41.4812
32.9367
37.0205
37.9593
39.614
44.8009
49.1262
34.8446
37.1192
34.7329
39.3292
39.3673
34.9293
32.8175
42.0679
35.2759
36.8284
43.2909
35.4847
48.497
42.4923
41.453
41.8755
33.6892
41.4766
35.2437
64.9743
38.9368
41.5294
45.424
41.1561
33.8505
37.8198
34.154
47.8685
39.3432
43.8111
35.5817
40.1992
43.5775
40.8835
40.171
42.6419
43.2506
41.221
37.077
40.2187
42.0538
41.5247
37.2743
39.871
41.3507
40.0555
35.0998
49.2228
41.0359
46.3995
38.6431
44.3843
43.5746
31.4215
32.5
35.7558
33.7816
43.8251
37.8065
43.0534
41.1009
37.0696
40.6331
43.1361
35.0427
34.9508
39.368
38.92
38.9222
42.9272
50.1543
43.1742
40.6657
37.3603
40.2008
30.5402
33.1277
46.9481
40.9799
37.1662
39.7738
37.4668
40.7595
35.7526
40.2076
36.3286
53.4087
45.3316
35.5801
39.9111
40.2283
39.6901
37.8319
38.6155
43.9732
39.1128
38.4184
38.3177
35.8526
42.4086
35.4794
33.5368
37.3056
48.7754
47.8496
38.5258
33.5597
37.6493
47.8702
39.523
33.8115
41.4811
35.5275
36.1183
35.6343
39.6163
34.2684
39.5913
36.0966
40.5189
45.9767
35.2876
40.5853
39.5635
42.1768
37.5439
52.5781
41.5531
35.1432
47.6317
37.7169
44.2798
41.8852
47.0024
37.679
36.7349
32.598
50.2279
38.6099
49.984
37.1066
39.4317
37.9382
46.9556
35.45
45.8962
38.2131
37.6837
33.6805
42.8456
36.6652
33.117
34.0661
35.4555
42.5698
39.7657
43.8113
38.5286
46.0801
39.1681
33.8211
33.5265
35.4953
41.0039
34.8926
47.3107
38.8588
37.3675
32.7987
39.2488
39.4192
37.771
45.1312
39.2169
43.7954
36.5675
40.8317
40.5288
38.2348
39.4053
44.6745
50.1427
40.3277
38.2532
38.8394
39.8764
36.5265
30.8485
34.8574
42.5596
33.4265
34.3222
39.4039
45.6482
39.2551
37.1531
42.8165
45.5764
36.0219
42.7192
35.46
35.5251
44.0577
38.2842
37.7086
32.2214
36.7472
38.5616
48.5546
35.7609
42.1394
36.1038
50.6242
35.5904
44.4419
45.3758
32.8113
40.9634
40.5975
36.9122
37.0669
37.6749
42.3092
34.3228
35.9139
33.6537
41.621
49.9878
44.5161
47.5456
36.1821
33.7775
35.4588
39.7335
38.4908
40.3855
38.1014
32.773
36.2384
36.9633
46.4616
37.4648
33.0784
43.6385
40.2601
41.4631
38.5258
37.2359
38.2851
38.1703
38.5191
42.3308
49.0396
47.2406
52.8297
32.9815
43.0929
40.7052
35.836
37.7029
34.1663
32.6756
43.0452
44.1279
38.21
46.1987
36.9385
40.5747
39.0379
32.1762
41.4046
38.0841
38.7109
39.6276
47.2625
59.2785
35.7582
43.2881
30.2148
44.6985
43.1779
33.9736
44.6662
37.7673
38.9235
45.4519
41.4099
45.4726
39.4287
31.7152
39.6608
41.0884
43.7258
35.7142
33.0091
38.3858
36.9064
35.5772
37.566
37.5339
39.9452
38.6325
47.5675
36.6592
35.104
32.9128
35.0208
42.1967
35.7576
42.3807
39.7985
52.7606
40.5576
40.9062
39.8193
41.4174
46.077
46.4392
31.8661
39.5686
37.19
41.8616
39.6916
36.0063
39.1272
42.1587
41.9921
44.8287
51.8346
30.4452
32.6092
42.2625
34.2661
38.8504
38.3921
33.1718
41.4317
37.3121
37.6961
39.3667
37.7868
44.5489
34.9663
41.4239
42.4301
33.9228
48.8472
40.7302
46.0925
41.3294
43.1709
34.4898
38.0587
35.4447
33.5743
42.853
42.1803
42.3284
41.1938
32.2477
41.1461
37.2076
42.7146
54.0083
33.6814
37.4307
35.0449
33.2543
38.2882
38.7569
43.3788
39.7907
39.9257
35.9043
37.9061
32.6811
35.0659
40.2993
34.5224
41.8296
42.6287
41.232
47.1879
36.6089
42.3476
44.1061
36.0156
34.1458
35.4119
42.927
47.3138
38.2333
40.9414
35.8324
33.2012
41.3391
43.1408
35.9533
38.8114
39.412
46.6293
38.764
39.1749
36.2453
33.3595
40.2456
41.4713
36.1843
37.7763
47.7679
41.9553
41.78
34.7556
40.5159
39.4439
35.8712
40.2107
41.0464
36.5418
37.1113
40.6742
34.0172
36.7971
41.2777
44.8373
45.7003
42.4491
36.9835
45.1752
41.2654
37.0196
43.0999
38.3286
36.6281
49.682
43.3198
38.4637
43.0769
39.5854
35.5781
38.6634
41.5282
38.6381
46.0029
40.4902
36.5943
34.4567
47.4546
34.1526
33.7024
41.1405
45.9512
39.2241
43.4436
31.4383
38.6974
36.1214
40.0998
45.921
39.0182
41.0587
36.495
35.491
50.7939
39.2917
39.428
41.0845
35.6293
35.4494
42.5797
33.6975
42.8327
41.4123
34.0013
38.5008
45.0009
39.1157
42.1063
37.7807
46.2588
38.061
43.751
45.0042
33.8767
36.4951
34.8436
38.1064
34.4721
38.0763
40.1504
41.2131
36.5389
36.4026
31.8067
38.8827
40.4438
36.4286
36.0445
59.6174
40.1319
36.8812
35.5834
38.6031
34.2037
35.2387
43.1182
32.8544
40.4144
38.6774
29.2603
41.9889
39.0298
43.0707
42.0739
45.7931
42.3183
37.2085
33.3364
36.6233
35.1634
55.1423
51.6266
35.1359
37.9631
41.5497
39.4824
34.4766
53.7897
44.9677
35.839
52.1933
41.6283
39.7624
32.1299
40.4961
38.3926
33.6792
35.2943
38.7307
34.0357
36.3281
47.7261
32.7001
37.5504
38.3046
45.8816
32.4967
36.2397
33.3085
34.4085
38.2377
42.1508
39.0112
47.7892
38.5899
35.0995
44.888
36.2038
42.1383
37.436
36.968
44.4123
42.7092
41.3315
38.6694
39.5307
40.7388
41.0482
42.7204
35.5271
42.2956
33.997
34.8146
40.8453
38.5739
39.8271
42.7779
38.9934
41.7186
42.0924
35.4976
36.3225
34.7354
38.3361
37.416
36.4317
44.7899
35.7073
39.9843
32.5757
34.5795
42.2079
38.8748
44.3509
40.9941
44.2106
38.3617
52.6559
39.0685
54.083
39.8326
39.2818
33.8592
43.7508
35.0514
49.499
49.2537
34.6119
38.3752
47.138
53.2501
36.9736
36.9761
43.494
37.7834
35.0795
35.2796
37.0076
40.8294
40.3129
48.477
37.2877
43.521
35.5496
43.6195
34.5101
46.4716
36.542
36.7163
35.5208
44.4259
36.7133
40.3227
42.1437
40.2346
38.4969
38.8047
32.5265
38.0539
41.5158
54.0636
37.6586
36.6269
51.2134
36.8359
33.4293
34.6937
43.304
36.2097
37.9609
31.1831
36.3953
39.7907
35.7721
37.8208
38.0076
31.9073
37.2569
41.2767
35.5511
37.0515
36.2043
42.8906
45.9279
32.1024
39.3404
32.9269
36.9303
42.3356
36.822
34.5684
40.1119
33.6444
36.2603
39.213
40.175
36.7806
33.1922
36.437
47.203
40.5322
35.8007
36.2482
35.3981
39.5372
46.0182
31.8069
38.6161
40.2767
36.8389
39.5161
37.6347
36.9129
41.2431
45.9665
35.7673
35.1886
38.959
38.8858
34.623
38.3051
40.6348
40.0877
38.9903
36.5441
37.3252
35.1362
43.6062
35.5724
43.4484
38.5207
40.5485
40.9951
39.6022
32.5486
41.1708
39.4596
46.4313
59.1805
44.6453
46.9586
43.9056
41.2561
38.3016
37.4506
41.5697
37.7765
47.5441
39.713
39.3439
37.596
39.4354
36.7122
38.8972
33.4801
43.2192
42.6058
35.3961
39.2134
40.2231
43.4829
32.2429
38.7096
38.3037
41.0888
42.8597
42.3295
35.3377
44.0849
37.1855
37.9759
36.403
52.6613
43.0651
39.3153
34.2855
48.8093
41.5942
39.6949
34.7258
51.967
39.159
49.9862
36.4203
39.7024
38.1396
35.2307
34.0673
38.9668
34.1546
34.9326
38.8572
37.8268
38.4865
39.0437
41.1195
34.6848
46.5657
36.0458
44.4554
33.3081
44.4479
44.5529
39.5248
30.996
36.4434
45.8871
39.0917
46.9179
43.1929
41.1014
42.8071
33.7297
34.0005
33.5443
37.4742
45.4451
42.6174
38.3453
33.4426
38.7377
41.1482
34.1181
41.7004
31.017
41.987
44.5251
43.9243
32.3286
43.5274
38.0021
50.3567
43.4836
42.7553
37.548
38.1101
41.1079
43.249
40.2169
43.4537
47.5009
41.3452
36.5464
37.696
42.4678
36.2459
40.2724
35.2016
37.3246
40.09
41.0169
35.8816
37.09
43.4263
41.6391
38.9833
35.1527
42.04
40.6338
35.6098
44.6595
39.9843
50.4583
35.727
49.5021
39.08
35.0718
43.4198
43.7638
40.0413
37.2317
41.6385
32.0608
41.6645
44.2207
36.3941
39.9203
41.4305
41.0403
46.8105
35.0218
36.1779
33.7131
41.4514
40.4232
48.0099
36.6048
46.2879
39.6524
57.6212
45.0718
40.4775
40.156
36.8253
38.1769
32.1264
38.4538
33.0809
36.8184
41.1542
37.1619
50.0693
34.8549
38.5562
30.997
46.5219
32.4559
34.6914
41.3636
34.4751
36.4118
40.1231
46.6602
46.3771
42.2086
37.319
38.9675
35.2146
43.8264
32.3784
43.2901
38.8225
41.6514
36.631
36.3583
40.2192
34.2347
37.2156
40.9174
39.3764
42.7728
36.1723
38.7904
42.9088
37.0535
33.8528
42.5929
46.5015
37.6663
36.742
45.6689
45.0203
34.5701
36.8764
46.085
35.9593
37.2645
43.7393
45.3494
36.506
38.1644
34.1415
39.2934
43.4373
36.6266
42.6134
37.7932
33.0262
35.1183
39.8023
38.1085
43.5917
46.5656
33.7688
40.838
36.0973
36.3179
39.1861
38.6444
39.1791
44.0829
40.0146
44.7204
31.482
37.8624
44.1336
44.9979
33.9059
42.1668
38.6996
41.2773
36.3491
42.2328
38.8308
41.3585
40.7188
34.2926
37.3177
39.0446
38.1756
35.6635
35.8251
38.1609
38.0982
48.3454
46.0673
44.0666
36.7711
33.8966
43.3499
39.2573
47.3449
36.4202
42.636
40.2438
35.8528
40.8983
36.8141
36.3974
40.6398
47.5202
43.9608
41.5657
47.7474
36.7194
39.3399
33.8082
34.886
36.2916
40.3096
39.4815
37.6644
36.4752
37.6831
42.9771
37.3662
46.1174
33.3394
41.0414
40.5085
41.6727
43.68
36.3085
37.4277
41.4711
55.7564
40.504
35.1213
32.2737
36.9037
36.9904
39.1557
48.6895
40.5097
36.2232
39.2097
41.0578
38.2827
39.1494
34.2979
37.5596
47.6363
40.276
36.9654
39.9795
40.1902
37.8314
35.7718
49.3226
34.0824
37.3831
41.1666
42.6654
36.9917
33.3871
46.3237
38.6259
39.4259
30.4167
33.6421
38.8306
41.3909
44.6766
39.4925
34.3263
42.9201
36.7531
34.4887
39.231
43.4621
40.0412
41.0858
36.1175
35.2494
35.0873
40.7583
33.3451
36.3567
49.8207
34.0527
34.8399
42.4809
37.8701
33.6589
35.7047
46.9605
36.4837
35.5208
40.3435
37.6607
30.8695
46.869
40.854
34.8999
41.1658
38.7461
39.1762
37.571
36.6242
39.2888
47.253
39.7852
34.3727
34.4605
40.2454
38.5275
39.4009
38.5602
33.4193
38.5972
40.5714
35.88
44.6126
39.6492
35.8137
34.2987
38.3359
38.7438
36.7365
40.4991
34.4315
46.2533
34.1475
34.5338
41.2348
32.601
39.0115
43.2484
43.4781
38.7853
43.6656
39.9786
40.5251
34.3936
35.9849
34.0325
41.232
35.6943
41.6501
40.3907
39.2085
34.7819
41.2407
37.808
50.8466
38.832
34.1201
37.2211
38.7157
34.7239
38.7997
44.3403
36.5281
37.7329
42.885
40.7166
42.0895
40.5819
40.3006
39.0399
39.9241
38.7758
60.7104
38.3368
41.3671
32.3973
41.6302
41.48
39.9083
40.2698
34.2038
48.6563
38.4275
36.9225
32.5238
36.2123
36.3146
46.0089
46.092
37.6768
33.2226
42.1541
46.077
47.2486
39.1841
29.3658
48.0302
36.8798
36.831
33.9772
36.1626
43.5945
46.9502
53.3414
34.2226
35.9664
41.331
34.9505
36.4045
36.7641
36.7644
35.9491
35.5753
32.7357
36.1714
49.9965
36.9736
36.3962
33.6544
35.4705
43.1201
40.5905
40.1398
40.3835
38.1917
45.6149
41.8942
52.3843
40.0439
42.9811
32.941
42.3448
34.2319
39.2927
46.2666
39.6969
42.4098
34.8212
34.1351
43.1978
37.2912
42.2339
39.9425
42.0217
40.8741
37.0618
38.2892
38.0719
34.5582
36.9552
38.6774
38.0521
39.2081
47.8585
32.757
41.7608
35.2183
44.9369
42.9023
32.9731
36.3272
40.3291
45.8457
53.684
32.6728
38.2711
49.9845
42.7457
39.8587
43.3739
37.6632
36.0989
32.1453
54.3168
35.1272
38.0824
44.2876
41.5461
45.6447
38.6946
35.1712
40.5948
43.6913
38.6773
44.4776
38.8397
31.6713
41.6542
40.5398
33.7733
49.422
38.549
35.0574
36.7402
35.2664
41.4017
36.1993
32.8608
38.5987
37.0532
41.6841
41.8971
41.6605
33.8585
37.7693
42.628
34.2501
34.7279
38.3091
38.7859
34.5879
36.3156
37.5084
30.3454
38.4747
31.2444
47.3932
33.9364
35.8339
41.1658
35.9449
42.3329
38.7173
34.1497
35.1157
38.4577
38.6974
44.4201
38.0729
38.7776
47.1171
32.7116
39.897
37.9388
53.3576
37.4748
35.7428
35.1343
33.8234
43.2269
36.8434
44.7773
45.2023
43.3872
38.3723
47.6313
40.1445
41.9242
39.374
43.9565
42.5494
34.6768
42.0214
42.6776
40.7264
32.7412
39.0043
40.4727
33.9511
37.0086
38.4866
36.5319
32.8047
39.8269
31.6974
44.6752
48.0638
41.5015
38.4197
37.2794
31.7491
35.5906
36.3063
43.6029
38.336
36.842
42.1141
43.1765
41.0218
39.0144
47.0435
34.5246
41.4409
36.8336
41.5451
44.5225
32.4925
39.9012
34.5629
40.664
43.6268
38.4266
32.2791
41.7614
32.3492
37.6136
41.1691
38.9695
32.9108
37.6383
46.3065
44.8338
45.0449
41.0743
33.0248
33.1964
34.7361
39.3325
35.6712
38.1949
35.9497
35.3881
31.2279
41.9689
36.8108
41.6332
39.9041
35.3993
32.1622
36.1269
39.5873
34.2294
33.9204
42.3287
42.7119
42.9246
38.2474
41.1071
38.6531
36.5632
38.3338
38.1976
36.9218
38.1033
43.3912
46.5862
40.3171
36.2431
35.0631
45.6197
39.3836
41.8101
42.4344
38.6075
38.0723
44.2134
36.3005
32.5777
43.8231
40.248
38.0992
38.521
45.0396
44.7064
35.344
33.2559
42.9236
38.605
43.2001
39.675
38.2014
35.952
38.798
34.5112
44.2498
35.4858
39.4899
38.5475
35.4801
34.2494
35.163
41.5299
39.8445
34.6013
43.5544
37.8025
35.7952
35.886
44.8807
40.028
41.6585
43.2247
38.2747
37.2118
35.6628
42.2391
45.7973
37.4142
41.8826
39.0022
41.5075
32.1805
42.7464
42.185
39.4145
38.438
38.7273
33.4205
35.6244
35.9322
37.1391
37.049
46.5219
53.486
37.4522
30.1518
42.3305
36.9606
42.4664
40.6556
43.3166
39.783
36.3481
40.7351
37.1056
38.464
38.6533
34.3832
37.2562
33.9613
40.3197
39.7573
38.0291
33.8703
33.9233
39.7814
35.7271
44.752
38.4254
47.4585
32.8715
37.5595
39.2064
39.8149
38.3686
36.8343
38.9808
35.4648
42.3685
30.5627
40.9301
41.5353
40.0308
36.9359
38.8428
37.2649
40.6986
38.5132
35.1141
46.9622
35.1871
40.5736
38.8226
39.0171
39.8062
34.7124
36.6554
37.0318
31.7641
40.3992
37.608
38.2955
43.9788
41.0464
36.9021
38.2027
36.8604
32.3436
37.1444
40.6159
40.3842
38.4924
36.724
37.5507
28.771
35.5296
41.0389
42.1856
33.0778
38.5099
39.2692
43.8659
42.0107
35.1997
45.7644
38.1796
44.8352
34.9935
34.0364
36.6865
40.1635
43.6036
36.0898
40.1416
44.9635
46.5839
42.9342
37.6125
38.6908
38.4295
36.8817
36.7318
44.1415
35.0091
37.6893
37.8202
39.1188
38.7591
35.4269
43.8883
41.1506
35.2393
31.3422
38.8657
36.3644
33.9752
45.6961
37.8753
41.3456
43.4813
43.813
36.2864
34.547
36.5519
41.2773
36.6905
36.9789
37.7009
40.2613
35.6348
39.8531
34.0304
43.271
40.5111
36.1502
41.9864
33.868
44.964
37.215
37.4692
53.1131
35.2438
36.075
39.2297
36.1281
28.8035
33.7128
41.4886
42.4667
34.9605
35.1329
32.1638
37.7833
39.4721
38.1213
37.0266
39.8543
37.8535
42.4665
56.2154
35.2298
42.505
38.6204
36.5683
31.6393
38.0567
44.2747
38.1686
36.1164
44.463
42.0146
39.7227
35.1009
37.035
41.9278
36.2564
44.4698
37.7208
43.4795
37.2571
40.2151
36.0426
53.1342
42.2708
45.1769
41.2476
33.71
36.5795
37.2746
41.0383
39.9234
39.4
35.4945
42.5428
38.0216
35.1628
36.4517
36.3084
46.9436
35.6478
49.3449
41.3936
41.282
37.3063
39.812
40.181
35.4791
42.1114
56.7807
34.7595
39.643
51.0996
41.6126
42.4056
34.6034
32.5775
37.7871
34.074
36.2001
36.4153
37.1192
38.962
36.2307
33.4517
35.337
44.8568
40.7755
42.2379
40.5429
41.0565
41.1232
36.1874
42.0984
32.8264
38.0646
41.9736
36.0702
39.6516
41.3296
41.3451
41.7392
35.1328
42.0556
33.8874
39.9764
32.6876
33.5113
36.1469
42.7449
39.2993
45.0226
40.896
38.2594
37.8999
38.3044
37.6033
35.8003
42.5572
42.8128
36.9869
42.7297
43.3078
45.0827
34.6301
42.2871
43.8883
45.6992
32.8471
35.1803
55.9309
39.4373
31.3825
34.6133
38.1957
40.2156
38.4739
34.0125
40.9039
38.9148
39.0004
41.9157
37.453
40.8576
38.7925
41.1781
43.4809
43.3154
34.9183
44.2874
39.5305
32.3931
36.1817
54.8933
48.1879
44.0665
45.9824
38.7274
42.9568
40.6392
34.3767
43.6034
46.4023
43.4759
46.8835
44.3118
46.5587
40.8431
39.4104
44.8213
39.0836
38.3395
41.8135
37.5111
45.8169
43.5816
44.8672
37.4565
30.5233
40.2972
43.6272
39.7854
46.1593
40.374
33.1603
41.9805
45.8756
40.1017
43.9178
37.6235
40.6956
53.3544
38.0912
43.3917
40.7603
43.1604
43.4432
43.1161
38.4944
41.9628
35.951
42.609
34.3793
35.7852
37.4529
37.0916
41.2837
39.4458
40.7432
59.8952
35.4946
44.2033
38.7313
36.4512
42.3938
37.9833
39.0816
42.4359
36.2991
33.1266
42.5966
40.719
41.1513
40.758
33.5799
44.9232
38.506
40.1879
34.951
34.1548
44.5956
43.6754
36.7324
35.6591
34.6585
38.9912
41.0943
42.1225
39.4389
39.2591
47.3278
41.7737
47.8282
38.0044
43.4804
34.2158
40.3119
35.3075
35.0104
35.991
34.618
41.1712
42.0907
33.4902
35.0378
36.1728
37.3856
44.5277
35.0404
38.7492
38.2648
36.7787
30.5644
40.395
39.1501
36.8352
38.2958
45.8938
39.0488
43.7216
49.1104
39.5451
32.9941
41.1856
37.6041
46.0071
36.2135
41.4961
33.419
32.4962
42.7573
39.6015
35.8469
36.3759
51.381
36.8804
38.3505
38.3287
43.7076
40.246
44.6279
37.1175
40.4595
39.7298
36.1321
36.4435
44.7601
38.205
43.8838
42.9889
39.6277
44.6164
32.8421
40.2458
41.4481
39.5333
37.2831
41.0378
37.8905
32.3197
51.8041
47.8695
43.6469
37.5519
38.8247
34.4495
34.4638
43.7989
36.7571
45.0293
49.6927
37.9467
34.8687
46.6947
36.4067
37.6872
48.6664
40.9159
41.708
54.4575
39.7622
38.6791
40.0023
31.9069
48.2903
35.4189
43.0153
44.6239
40.0082
38.3119
38.6539
36.0253
34.4291
40.6772
45.329
41.2061
38.2765
33.7974
44.0438
35.9819
39.5275
35.2506
33.1924
42.9187
52.7944
44.4839
37.6577
36.1995
41.6514
46.2617
42.2355
39.8224
31.3576
34.7226
38.9276
41.1579
34.5655
37.3596
42.5921
41.1997
41.2559
40.2367
37.6391
41.5775
36.0816
35.2235
41.0832
41.2599
40.7421
44.1591
38.5971
37.6346
34.3079
43.9001
41.706
36.6146
41.593
37.5258
37.137
44.4894
35.433
40.19
31.6205
41.2485
38.8084
37.22
37.2289
35.1877
39.7744
34.2295
33.7838
38.3181
33.1612
43.5962
33.2258
40.956
35.1909
43.4528
42.3445
46.5824
42.6836
34.9892
38.9672
45.2034
45.402
39.2451
46.618
31.8384
40.9509
32.4357
45.4015
32.1349
42.15
42.061
44.3419
41.1347
41.6711
40.8113
43.5106
32.5036
38.3851
46.5195
35.737
36.6516
41.1924
40.8839
37.682
42.9121
38.1509
44.9375
37.9754
36.4888
40.637
37.9964
41.497
37.7807
34.9011
40.2376
50.1189
34.4672
47.0759
39.1779
33.0251
42.8292
37.8652
35.4443
43.8149
33.5107
43.133
31.6062
39.8141
41.6485
39.2674
34.5499
42.3876
40.9682
35.9633
36.9994
42.9833
33.8213
44.2455
38.283
38.3943
43.2311
38.5338
37.0266
39.0736
48.7507
38.0593
38.0848
42.5945
49.6929
41.0376
48.9284
42.3444
55.7441
43.9237
33.2355
45.7324
35.8197
37.3219
38.2805
41.4443
38.2677
41.4678
32.6546
37.0979
43.1784
44.3462
49.2991
38.0845
39.9728
41.6883
36.3182
34.0708
37.858
41.6735
44.0067
36.0105
39.5412
39.3587
36.6679
44.7284
47.2907
40.1792
35.2272
47.0147
39.2827
39.4878
38.0227
39.4732
42.5571
38.1201
41.0905
38.2718
39.45
45.1973
36.7407
40.4304
48.6298
40.1504
40.15
33.3186
44.1534
38.0169
36.5711
40.631
36.9647
38.0342
34.0605
40.3163
36.2071
45.2836
44.9443
35.8458
38.6088
39.7447
38.0995
38.1852
37.1321
44.0591
44.2463
40.9665
43.0144
42.4956
35.8516
41.3229
36.1332
51.7173
35.0313
42.7753
50.9531
37.5265
41.6117
47.1469
42.7146
41.4394
35.7377
36.7492
39.2802
37.8142
39.8084
46.5443
52.4098
42.7421
38.4342
38.7738
42.0617
39.1176
42.7455
56.2483
40.4351
37.3193
43.444
36.1316
36.7658
39.4646
46.458
34.9532
42.377
40.6862
35.4099
38.4617
38.4933
44.2936
48.7893
33.8105
44.0073
36.5403
47.685
35.1085
37.0916
37.9908
42.3734
50.5814
44.5406
39.6959
37.9715
35.5355
45.3878
53.8868
36.4139
41.7229
43.0335
38.7696
39.329
40.6011
44.133
34.3966
39.2012
34.2356
40.3694
33.969
35.6594
40.4105
36.0065
38.7453
37.001
38.0994
42.7446
37.3709
49.058
44.0712
38.042
37.1016
37.9938
37.5549
44.8226
41.1283
46.1219
37.8251
47.2702
41.8409
35.389
38.6758
49.7236
37.254
34.4947
34.7636
40.2635
41.5653
40.513
36.5221
33.2962
37.507
35.177
40.7154
44.3937
34.6949
36.895
34.897
41.0669
35.2189
37.7625
42.7967
37.7927
33.8643
42.9011
38.8701
42.9933
34.9387
39.4201
39.2186
45.4277
37.4602
34.6252
33.1877
34.194
41.6373
36.3081
32.0696
32.9149
36.1882
43.5267
47.1136
39.1687
40.9465
42.6289
37.5143
39.3509
32.6764
42.2222
44.156
41.8119
36.9854
52.4714
41.5893
45.7734
45.223
33.8672
37.3663
34.5454
37.3564
40.2697
40.691
38.202
37.8674
43.8784
41.1414
34.0196
34.914
39.1948
56.9153
34.263
41.3531
32.2406
41.4734
39.2407
43.0746
33.3701
38.8809
35.6017
38.234
47.6644
44.9808
46.7927
42.5762
48.8897
40.2283
38.4588
34.5292
41.4512
40.8704
41.1911
33.3435
37.789
40.6896
43.7959
38.6336
33.5271
41.7603
34.825
39.3485
35.9195
38.2645
32.6147
40.8408
44.1195
35.3318
45.1942
39.2521
44.9821
38.0306
37.8616
34.6601
35.2582
45.5525
39.7292
42.6548
40.6929
41.7764
34.0249
33.89
38.2906
42.5209
40.6116
46.7024
34.7776
37.3029
38.3549
32.4315
37.9295
42.2384
42.0313
33.5615
35.7863
37.1419
58.2297
32.5362
32.1809
40.0772
40.8612
56.1409
42.9996
36.4173
35.2145
35.4225
43.8556
37.2125
40.338
37.1549
35.7382
49.3341
38.6254
34.3194
46.8335
37.9254
36.8844
33.8049
46.3254
42.7142
41.3779
40.7677
35.9838
39.767
42.9933
44.2565
53.9474
40.7361
43.739
38.7187
43.1196
46.581
32.1545
37.9931
34.7294
33.6223
45.2411
42.3384
40.3643
40.3313
50.9172
50.7132
45.7331
36.9877
36.0116
32.4556
40.7766
35.6421
35.6494
36.8691
39.8888
36.8982
36.6875
39.0259
44.6062
39.9161
43.491
34.64
54.5183
43.7721
42.8591
36.039
40.9814
39.0963
32.4453
38.7742
36.562
38.156
35.1685
37.5561
36.6077
38.2774
37.135
30.7376
39.3393
40.0678
34.9086
34.3744
43.1298
32.0252
34.4774
42.8089
31.6778
36.7605
40.8649
38.3114
34.1338
45.0173
40.9126
44.1949
39.0134
36.7698
41.3655
39.4388
42.363
38.12
40.9684
39.9845
36.9803
40.181
43.6571
32.8355
37.4244
37.5067
45.1282
35.8462
38.8016
34.1611
38.2947
37.6408
41.1409
41.5147
33.4745
31.0475
38.6397
38.2926
40.7611
43.4954
37.4869
34.1993
40.5164
34.6954
40.6909
37.6258
42.2051
35.4515
37.7354
37.7827
48.884
36.8876
33.1714
41.5985
34.1919
35.8007
36.6023
43.2948
33.6627
42.0941
35.9486
39.6448
41.3325
36.0974
32.113
39.3814
40.1796
37.2032
39.3387
36.7798
38.4711
39.04
37.7988
40.3826
34.9031
33.8668
30.1488
39.6941
46.3324
54.5872
35.9968
36.5124
38.6178
40.628
43.7201
49.5809
39.6069
30.2097
38.0397
38.4854
43.0076
45.2872
36.1669
42.5714
37.9207
49.45
37.3692
36.5316
45.9788
36.3312
44.6409
40.0577
47.8274
44.2254
40.5291
42.6347
45.7228
36.2799
38.5846
34.7316
37.4747
34.135
47.2901
41.3187
35.7709
41.8975
32.2446
38.8063
34.0662
31.3048
38.6719
37.3021
32.2016
34.7712
44.2968
38.4283
39.2749
36.8721
35.3912
41.6521
38.0813
40.5716
47.7584
49.2198
38.6809
39.1337
37.4673
38.4759
36.628
38.6228
46.2635
34.1714
48.6487
43.9984
37.1255
41.1434
40.5864
41.0724
36.4002
45.3607
38.5312
33.0707
39.7501
41.2461
34.5037
42.5669
47.8212
36.7544
37.8202
37.2986
36.1068
33.1498
40.0441
38.3128
35.6043
37.2094
39.7837
43.4904
45.2259
42.7608
37.8958
38.3787
35.208
33.8126
32.3242
42.6982
37.2078
36.3793
43.8811
37.5805
37.7976
40.2177
34.6673
44.5299
40.3948
36.1583
32.5173
45.2765
40.3526
40.0443
34.5641
41.0111
33.8903
39.1775
39.7951
34.8043
48.1955
37.4106
47.2746
32.8393
31.8603
45.74
34.5878
37.5541
32.0227
41.5263
36.3542
36.8495
40.8349
47.1674
37.9645
44.9265
40.403
33.4135
39.0374
38.9951
36.5836
39.2014
41.8752
40.8682
39.5047
35.3241
45.6522
36.843
38.8859
38.643
37.634
37.8061
40.7147
45.9208
44.1404
36.6097
43.7285
37.3109
40.1368
44.242
44.0402
43.0636
40.2909
34.6143
36.2199
32.604
39.5578
41.8
41.1239
38.2631
38.9947
36.2894
44.2893
35.592
42.8597
40.2335
37.714
38.5464
35.9764
38.1275
57.077
33.4422
33.8625
39.4145
39.0551
38.2166
45.5729
42.2223
43.9582
44.0513
37.8081
36.6669
40.1799
38.5205
30.6477
34.9553
39.5364
48.2415
38.6207
45.4664
38.0177
43.7409
44.7818
43.0716
42.5199
41.4389
40.3807
39.4413
34.0412
35.1736
38.1244
34.2496
43.7571
44.3948
42.2168
43.0818
33.2579
33.1877
33.9912
37.5689
38.6342
43.9431
35.6286
51.079
38.7869
38.7657
38.3456
35.9217
41.1656
52.0669
32.6964
36.4974
45.8495
36.5366
35.6735
38.5709
36.0845
37.4546
44.3804
40.2057
38.2704
38.9647
35.331
37.3499
34.7935
35.2446
36.4104
41.3652
35.6162
35.532
34.6024
41.4147
35.0153
30.5689
38.39
45.1837
33.5901
37.8773
38.3171
36.8816
36.9122
41.6036
34.0541
34.4352
35.8258
39.6931
45.9706
35.2266
36.8209
37.9358
35.2463
33.251
44.172
39.0948
44.9601
50.8228
38.9824
35.9191
36.0601
42.6803
34.9829
36.9345
31.8376
41.0477
33.6479
38.0907
35.6482
34.7477
34.3485
36.3019
37.5723
42.6349
37.7057
36.7091
40.4179
45.0709
38.372
41.5579
35.8304
40.2852
42.6953
42.3029
42.3241
36.989
41.8001
36.8433
40.1962
39.8142
43.4683
37.7316
41.2158
38.3255
37.7506
33.4032
36.3325
40.8815
35.27
41.0323
36.5932
29.631
32.5523
33.7884
50.096
37.6775
38.6945
44.1104
37.8227
39.0612
36.1164
43.2635
34.7282
34.4916
36.0383
37.0379
33.3253
39.8162
36.4079
34.4566
41.4025
44.1428
37.3053
38.5274
39.4134
38.7994
37.5414
36.2631
41.2944
39.1018
36.5511
40.884
47.7457
41.5883
43.2724
42.4512
38.1336
32.1421
36.3314
33.1936
38.0592
39.5095
36.1768
44.7954
41.3586
42.0501
46.0152
44.5266
43.6323
35.9396
35.4994
37.3373
42.1466
41.6572
42.702
38.2498
38.9087
39.2323
40.2195
37.99
39.2188
35.8875
33.1406
42.3938
54.0444
33.5835
39.6507
48.5874
33.6563
43.7039
37.1425
41.4682
43.3962
38.9882
34.4652
44.3679
41.4613
33.1406
37.129
37.3238
39.8798
43.434
31.7399
44.06
35.889
35.1443
49.2094
46.774
39.005
38.1748
36.2
38.2818
50.0347
42.0305
37.693
36.0421
34.4412
36.7867
37.7712
30.4163
39.2857
35.8236
39.9231
36.8895
37.0884
33.7285
38.8746
31.6173
34.0508
43.0871
46.6386
42.5783
33.4689
40.6579
38.8447
39.7373
41.0335
46.4608
41.2836
40.6161
48.266
36.9569
38.0632
38.3629
45.4106
42.9928
42.4444
39.8271
36.5093
40.9486
35.0878
39.7776
39.6357
29.6351
50.4508
39.492
51.6652
37.7412
34.9173
40.4738
44.5907
42.595
38.1754
46.1599
37.7171
46.5841
39.8602
34.5477
41.2017
37.7374
36.467
39.1763
45.2416
41.4121
40.7005
33.3998
43.6609
36.1121
34.1191
41.5888
47.1491
34.4325
38.4575
45.5326
36.1722
40.4961
34.665
51.2395
32.3834
42.1857
38.5835
31.2591
41.6809
42.8888
35.1533
31.1954
40.38
43.2295
36.4039
41.5286
50.3894
41.7237
39.5353
46.2415
38.1588
36.8048
40.6041
41.5205
43.0325
45.1274
36.6541
35.5615
41.3349
39.8228
41.0088
35.2953
44.231
39.3212
38.2159
32.0649
40.5591
42.0013
49.1197
38.0846
38.6075
39.033
36.5192
41.1776
37.772
35.1689
38.069
49.1451
38.0014
40.4676
42.9201
40.7082
39.1565
35.3859
47.9404
42.4185
43.1627
36.4303
43.3282
29.5377
41.7648
34.3765
35.7658
40.4728
50.7291
35.9959
40.7726
40.2343
38.2552
36.6235
35.4067
39.6483
35.2918
39.8953
45.3598
41.275
34.4603
40.5653
38.5086
36.0713
40.801
43.3406
40.2902
36.9547
43.2197
47.1694
36.699
45.4661
43.7778
31.3869
35.8687
33.8858
39.2024
37.8895
42.9327
41.3109
40.8473
36.352
37.7323
44.0134
38.2522
35.3366
37.2221
41.8384
40.1718
40.3438
42.1657
39.6257
44.3739
35.3478
37.8007
50.7721
39.0424
36.275
45.3544
44.7186
37.5276
44.2946
35.0905
41.5175
38.7685
44.5406
39.473
33.8104
40.5063
38.3042
38.0551
35.0561
41.2656
39.3421
39.1791
40.142
42.6392
37.354
42.7463
37.9965
48.4521
37.7252
38.042
39.7377
45.4282
37.2842
42.5779
41.9213
34.9499
34.2969
48.8212
32.4188
36.5247
38.9694
36.1452
35.7825
38.1175
40.0925
35.0693
36.8163
36.0052
35.1503
37.2962
45.255
44.1617
35.7886
41.6203
40.8804
42.546
36.9964
41.93
42.7816
36.4731
36.9044
42.7293
42.2691
39.0839
35.7482
34.1493
50.6998
35.8612
38.4781
34.2961
35.4502
36.3096
36.0359
34.0267
45.252
38.0145
46.3623
38.7704
41.3331
38.205
51.1877
43.5825
45.8696
43.9013
38.6954
42.1228
36.8859
36.9683
51.0356
34.7834
41.7373
39.7577
42.218
44.2445
35.4351
31.5482
42.0688
35.3448
36.5166
40.2153
38.6897
37.1157
43.9989
47.208
37.7238
36.7106
43.2101
42.3181
31.2568
39.6016
39.2882
38.2985
37.1498
32.7244
37.2132
40.7435
46.3012
37.1141
44.1193
32.3196
39.839
38.0322
40.027
42.0748
40.4114
32.624
38.1133
34.4391
37.8701
38.2338
41.4173
40.3332
39.2316
36.4857
41.0774
42.8918
43.4564
40.9439
46.7553
38.1292
36.5533
37.0881
39.5684
38.695
48.9395
40.4624
54.0605
37.659
52.896
33.601
37.2043
38.2632
40.0292
39.8797
38.6992
39.9281
33.8305
42.7819
42.1121
41.8554
36.649
49.0304
39.928
39.0943
43.5451
39.1842
39.0954
48.9471
39.4426
39.9206
36.9638
39.9267
42.9838
33.1102
37.953
47.5059
37.9854
36.7642
42.9723
45.4703
40.9362
45.5734
43.1783
34.8377
38.411
36.3195
39.1223
37.3671
39.2302
35.9999
39.7803
41.2828
37.1605
32.7224
38.1119
40.5673
34.56
32.5854
36.6303
41.0929
43.2855
37.3764
41.7665
35.3061
40.2051
32.3073
40.5511
38.1174
34.5421
46.9903
36.9862
39.1199
37.4379
38.0736
36.3821
34.6611
37.4213
40.4323
34.8677
42.2104
41.7841
36.4846
39.8608
37.257
43.2244
30.2694
39.0092
40.2266
33.3448
47.7638
35.4643
40.5918
35.1428
50.8417
36.5075
43.3854
35.8489
33.4801
50.4011
38.0497
36.3331
43.1789
35.1347
36.2046
34.5282
35.0335
36.2213
37.9607
49.0994
41.9736
48.4482
45.9548
38.0103
41.0855
34.162
36.2511
39.3392
39.6334
46.4733
34.895
44.3893
35.4118
38.2649
36.7043
47.951
37.2486
41.0958
43.0042
36.0953
46.5722
38.471
44.2652
44.451
49.8025
32.3616
34.8876
36.9732
38.6972
40.1699
36.952
44.1319
42.8395
36.2854
39.7891
39.539
45.1984
40.5987
37.2911
39.4401
43.3289
36.679
42.3912
38.7389
41.27
39.5532
46.5325
44.4329
37.7911
41.3777
34.6757
42.4477
41.7064
36.2794
36.5778
36.5799
32.6023
38.1658
40.8
37.1202
37.275
43.9519
55.3767
42.8997
40.6692
42.8093
51.9448
38.36
39.834
38.096
49.4752
38.565
44.6626
39.1413
37.8362
41.9697
41.4363
44.9528
37.7072
39.1314
39.2455
42.9006
44.0939
40.692
39.8457
41.0727
40.3925
29.2392
35.3809
37.5506
51.7672
36.5625
38.7508
37.3718
37.506
39.49
41.2943
37.6
32.2064
39.4397
32.5902
34.3743
46.4824
42.5286
39.3878
39.0178
35.4172
37.2416
47.672
54.2185
36.8546
46.4503
32.8538
36.6736
42.2423
42.2787
35.689
34.9551
32.6701
37.9646
37.0966
37.2911
37.5786
42.723
33.1793
39.993
33.7172
32.2061
36.4065
37.4219
33.6689
35.5967
37.2683
38.6916
42.3019
55.1785
45.7374
43.155
35.3139
42.1217
34.5464
37.8235
50.8054
37.456
45.3444
35.7655
45.9322
35.442
34.1007
48.9138
40.7292
41.7176
44.0597
35.8878
49.0391
40.6257
33.5454
34.7922
42.4545
44.4134
39.177
51.3089
42.4609
37.899
35.0247
39.3286
37.8571
33.6253
40.6043
39.9212
41.5414
40.6915
39.6842
44.3129
49.0896
45.4779
32.4582
42.5885
43.0803
42.0565
42.0006
38.9569
36.3619
50.8859
40.452
32.9428
37.1277
41.424
38.1663
37.037
37.4453
45.2312
33.2879
41.5074
34.9157
35.8573
36.6036
38.7382
41.735
44.697
46.8107
39.9111
44.293
47.4153
45.7632
43.7035
36.4263
34.8984
46.3344
43.4857
44.6818
34.1039
39.1841
39.9593
47.8865
37.8839
48.1089
37.853
38.9477
35.9562
38.1438
39.9544
39.3102
38.8869
39.9075
42.1492
46.0818
39.8685
36.1566
38.8594
36.0796
42.3554
50.6272
38.6367
41.4059
42.5656
41.0497
41.0051
34.2714
34.581
43.2396
44.1621
35.1808
36.2191
39.9319
35.7724
40.568
32.9614
35.1489
50.0202
40.4593
40.2971
42.0987
42.495
40.9475
36.882
34.2526
44.6422
40.2253
44.0886
39.9996
46.063
38.6683
33.4952
34.2203
37.8327
43.6961
39.6936
44.77
41.2277
33.351
38.8457
43.077
41.3449
41.6884
38.4462
41.3132
39.343
38.7735
38.8136
42.7407
38.7775
40.27
37.4704
28.0769
42.1229
35.2217
46.8616
36.9635
36.0839
48.9057
35.8997
35.5466
31.637
35.9925
42.4094
42.6812
41.7212
43.8018
38.3284
34.714
38.2018
34.1336
34.2258
32.6256
39.0246
29.8093
34.5113
49.7811
39.4614
43.0679
39.286
35.1426
38.4279
36.8607
37.4378
30.8046
42.2011
37.9937
44.0955
34.9433
37.4525
42.3804
34.5918
42.6193
37.3199
36.5044
33.6943
42.0711
36.5511
42.7366
37.5707
40.3493
39.886
41.016
34.6781
45.3326
39.2356
40.1637
43.6175
49.7072
38.9962
35.6226
32.337
42.6621
42.3276
37.4629
36.7675
32.8551
40.6792
37.4367
33.6187
38.0259
45.4321
35.3886
36.5607
37.1447
33.2601
46.6664
40.6869
36.9907
44.6203
34.5894
34.5074
41.2521
42.1981
40.8499
40.013
55.879
40.064
35.7347
57.4789
36.6547
37.707
37.6403
35.8201
35.2049
46.9232
36.3405
39.0019
40.9739
43.9604
38.9407
34.4667
35.0872
37.6922
40.7496
37.4638
36.374
46.6889
45.4634
38.7573
41.099
46.6891
39.6564
41.3994
39.2778
38.3182
41.3189
40.4155
39.955
38.0038
41.7333
42.832
33.353
36.4112
41.653
36.4388
39.6307
41.3634
53.5055
48.1936
40.0214
36.3272
46.7256
35.8245
33.1482
49.8011
45.1039
41.983
34.7682
38.8953
38.5126
37.344
41.9361
35.7769
37.6585
38.3031
40.1337
39.7888
34.3411
46.6866
36.8405
44.7297
39.198
46.4339
34.4164
35.3271
39.1679
37.3109
38.7395
35.6463
35.5507
39.8531
49.0453
34.8538
38.4001
40.4543
54.5032
33.848
31.7923
51.3002
33.0918
34.6125
35.5805
39.1671
39.8001
45.8821
39.6787
36.7127
38.9767
42.1636
36.147
36.3529
38.1091
42.1206
29.5891
42.7082
34.5345
35.0837
43.6899
39.1087
44.4548
38.1785
45.5039
45.1158
38.9368
41.8738
39.0653
35.6374
44.4717
38.299
39.6784
41.8485
32.453
45.1157
30.743
41.1823
33.4054
42.3399
39.0713
38.4283
38.4856
37.2676
36.964
37.3665
37.6659
39.5731
36.4648
44.6894
33.4126
43.2688
38.022
37.4965
42.6741
44.3258
37.2736
46.89
46.887
44.1468
39.9995
43.8627
35.2906
37.4411
42.5018
37.759
35.2326
38.0935
43.7095
41.5509
37.4229
43.7735
34.5788
38.5156
48.7618
54.3904
42.7774
38.1757
40.1693
33.0455
43.1361
37.5423
37.4695
34.4342
48.8152
41.2546
34.0057
34.0912
39.3328
36.9984
38.9444
42.0766
39.6716
36.5683
38.3542
46.607
35.7112
39.7263
35.0949
39.0772
39.0233
46.2401
39.6041
43.2184
39.2851
37.3546
44.3365
35.7234
37.1214
40.5155
38.0528
44.8061
37.7117
36.5047
38.9679
42.9623
41.3778
35.6645
39.7924
35.1073
30.7052
41.7754
36.0305
41.509
41.493
34.8468
35.0981
40.7608
32.1888
43.5322
36.2281
33.8406
37.6408
37.0312
32.7897
39.0014
38.2345
35.7565
39.3206
43.6325
44.6724
48.3644
36.4586
35.1579
45.4724
34.548
37.443
33.0655
40.881
36.9463
31.5591
38.5555
34.5907
38.2877
40.568
39.8589
42.0281
42.5974
35.0028
37.6962
40.8474
36.0084
38.0927
34.8548
36.85
36.0291
39.6844
42.2459
44.5522
40.0509
40.0296
35.2679
39.586
39.6672
36.8324
38.7762
40.6256
36.5385
45.3765
47.2244
49.6466
36.5941
33.9269
45.3108
36.3922
45.248
37.2409
35.3305
37.5553
40.732
38.9233
45.6881
41.9898
43.2511
47.3871
39.336
37.057
36.111
41.8783
37.6642
37.5104
41.6562
38.7106
35.301
44.4522
36.8928
33.4754
39.7801
34.8272
37.1083
32.07
37.7529
36.7937
35.0573
46.8937
35.3495
34.0323
41.8153
37.6202
37.9453
43.326
38.7651
35.5263
41.7475
35.5786
36.8692
40.6419
39.8626
34.2004
36.1271
38.7652
34.1927
45.0784
37.1679
36.373
39.5038
39.7039
42.1385
35.0451
42.2388
39.4844
34.8131
35.0974
45.1296
37.6432
39.5425
34.5484
42.8185
32.9614
35.0646
37.2428
40.8139
38.9875
45.7202
40.1145
34.5569
45.1663
47.8186
37.4103
37.2072
44.4173
38.032
53.9458
35.3747
41.4253
40.854
34.4555
39.3443
41.2301
36.7692
41.1849
39.3886
40.3301
38.1018
32.619
38.8806
32.0993
40.6865
46.5004
41.5857
33.1223
42.1328
43.1764
38.1592
31.9234
35.9929
46.883
42.2159
45.6624
39.3532
39.2374
38.6638
46.0732
47.752
48.6368
42.5865
35.1067
40.9338
33.7509
42.9384
32.2042
34.2765
36.7866
32.27
39.765
43.7909
36.2021
39.7847
38.6935
41.8394
42.1851
40.4092
37.2912
36.0799
38.7255
45.7268
40.5528
40.5659
39.7358
40.1857
35.2604
41.1026
39.8315
41.0151
38.7785
42.5076
41.4807
40.1029
39.6435
38.9739
39.4007
35.2126
36.3885
51.1457
35.7818
37.1077
40.8022
39.2813
40.5169
40.7847
33.7803
40.2322
36.6135
34.7811
41.3194
42.7458
42.5518
37.0791
34.7894
38.3625
42.1726
37.9001
36.9986
35.8931
37.7785
34.4677
41.9623
46.2309
43.5121
41.0501
39.815
39.7137
35.539
37.1868
42.8669
37.5496
38.2427
38.7412
36.0416
38.2178
34.3377
38.4147
40.3056
38.0977
40.943
36.273
31.7371
38.2591
31.6279
48.5631
34.9109
33.6551
36.1464
38.4749
42.9539
37.3717
32.0276
36.2378
33.9795
35.4853
40.1717
42.809
39.3238
38.3315
45.8762
39.9634
39.7969
36.7613
36.0921
34.7515
45.6198
58.0945
39.6099
45.5768
54.5439
39.8737
43.1688
41.4675
42.4978
36.5601
43.3
40.1955
40.1822
40.083
53.0115
37.6664
40.1051
37.3962
40.653
41.3937
39.4685
37.9649
42.4904
39.4703
38.4458
39.0782
38.3054
37.4799
36.2854
37.1591
36.2747
39.6125
43.2164
36.2817
45.1681
46.4452
39.7139
39.9661
34.3809
57.3479
35.3706
35.1327
37.9421
36.5951
37.7799
45.0915
36.3678
36.3429
40.1667
36.6386
39.4316
40.2842
40.6396
41.4438
40.1184
40.9933
36.6265
49.2712
37.3176
41.1417
35.9508
34.9857
43.6509
50.9651
36.3579
42.7782
34.5164
48.2396
44.6369
39.8035
35.5821
36.3615
40.3655
36.3319
41.8269
51.9849
36.4693
41.4534
31.9347
32.1304
38.3728
36.4261
28.36
43.1466
39.0579
39.8305
32.0048
40.8998
35.0556
34.692
33.9513
40.7359
37.0165
37.6402
31.8668
37.523
38.4887
40.1857
40.5824
36.2668
37.22
41.885
36.6315
37.7393
44.0263
43.2674
35.7185
42.38
37.7786
43.9912
36.488
36.1663
41.0891
37.084
58.1025
34.3959
41.2866
32.1408
38.6577
45.2434
42.3353
47.5547
50.8063
43.9535
39.0546
47.0808
33.8208
38.0849
36.2712
38.007
37.0739
46.3419
35.2862
32.8335
43.9522
39.3827
41.3433
42.3911
47.0401
36.3301
42.6933
43.2761
42.24
29.9598
42.7486
39.1341
42.7417
38.082
35.0915
39.1532
32.7161
37.037
33.6348
34.4858
33.0813
39.4993
40.2867
39.828
40.0024
34.3561
46.2796
37.1042
39.2006
28.7022
46.3473
34.2742
36.1187
34.1038
33.8198
37.9578
41.3757
40.5887
39.3223
40.7968
38.2984
34.3743
36.3691
36.103
34.4623
38.7994
37.8024
39.7432
45.3613
40.0289
45.4939
42.9574
40.1477
39.2774
33.9097
32.6064
39.8476
47.1971
41.1954
38.3649
31.2187
32.8702
38.3207
33.2258
39.6599
46.2641
36.154
35.776
42.0064
34.3199
35.8357
37.4191
39.7811
34.7966
37.8491
35.6424
41.6196
42.5989
35.0811
39.6747
34.7495
40.0952
45.7958
41.3689
47.9336
31.9035
36.1141
37.5933
38.3292
32.1223
43.3198
45.2811
44.0102
32.198
40.3239
46.0891
39.606
35.3588
33.2427
36.317
35.7213
35.7567
40.3193
38.4938
30.598
47.8622
35.7068
39.802
35.9484
36.2639
42.6464
37.6573
33.1755
42.1688
35.4662
42.8102
45.5407
34.1349
39.9187
48.1939
34.8552
41.7823
41.1796
37.8866
42.3482
39.4215
39.3586
37.297
39.3022
39.3447
37.0137
39.0983
34.3852
35.29
39.8833
33.844
40.8688
39.9861
41.016
43.5664
50.4461
46.0218
37.0485
39.2586
34.9591
35.9659
35.1734
34.656
39.4965
50.0379
54.1657
36.7044
35.3599
40.6074
40.4011
37.0984
45.0351
42.154
49.9432
42.8467
36.8753
42.6966
36.2286
41.0748
37.2012
34.1484
47.2506
32.0356
41.2897
34.9887
33.6611
37.3959
33.0342
33.5134
42.2378
37.3003
38.9031
36.7485
34.8221
39.1997
43.214
36.7724
48.7259
33.6381
44.196
35.9685
41.3441
38.5741
38.0768
38.0264
42.2788
36.5521
44.5934
35.6363
34.8918
41.527
46.7782
48.1145
35.9394
34.7105
35.392
35.3237
56.4846
39.5814
40.2947
34.8583
36.2822
39.3513
39.4826
39.6348
41.5751
37.8226
33.658
36.7008
39.1781
32.9604
39.4799
36.5381
39.4744
36.7366
35.6124
34.6982
39.6094
34.86
38.5395
52.9438
42.2848
35.0885
39.9783
44.5816
34.7005
36.475
32.7852
36.4996
45.4528
37.3414
48.7861
33.5079
34.1921
40.3034
42.8641
34.3401
32.9461
36.5692
50.0587
41.1186
45.1705
45.2599
37.6769
45.2751
40.0971
40.0186
39.5474
42.7529
39.1249
43.2153
37.4298
36.653
36.5903
47.1499
42.6585
44.5972
32.3979
35.4199
40.5461
42.5415
46.7341
39.4005
36.8132
37.2604
42.7191
35.7587
32.7964
34.0543
45.5851
37.8076
31.0741
44.0441
41.8909
40.6674
32.7059
48.3581
38.4812
39.8418
34.4906
38.0505
39.7882
33.3669
34.4312
32.6739
35.4661
33.3628
40.596
37.8111
36.8626
41.8911
43.794
41.4018
43.6616
36.4049
36.5729
36.6864
39.1614
37.4693
41.923
36.1125
41.9315
41.0921
34.1416
55.5346
31.8953
37.7631
34.1084
36.6726
45.2095
45.9934
43.4955
39.5926
36.8993
39.6844
40.4809
37.5745
34.4526
46.9985
45.7993
45.2639
34.1775
34.5764
35.5544
37.3482
45.5135
36.9376
36.3882
43.8147
54.1214
39.2056
39.4594
45.6746
35.3167
35.3923
38.5044
37.0472
40.5334
34.5547
36.2271
37.2788
42.9352
36.2912
40.7692
43.8713
46.3908
40.0522
39.1789
39.1774
35.1856
37.7295
36.0147
33.4718
41.4027
34.3692
39.0711
41.5976
36.6995
37.9748
38.6731
40.2143
38.9339
42.1862
34.1059
43.7127
38.5601
35.2334
36.5152
41.7312
43.0813
42.9263
36.7691
33.8836
42.9612
37.8264
38.5878
33.1146
36.1614
43.3197
35.618
40.5732
33.2198
36.1834
34.4254
37.1234
36.1091
32.1352
40.7219
47.3625
40.9825
47.2145
34.8694
43.298
36.1424
44.7186
37.2549
41.019
41.4594
44.3962
37.6082
40.0308
40.6769
37.2894
41.1356
37.4803
38.9392
41.514
35.2585
41.3828
34.3236
40.9698
45.1034
39.1288
37.7259
49.6477
31.695
35.8756
39.6086
40.8405
43.2839
41.9815
41.2308
53.4487
39.9755
36.9251
42.025
36.3207
39.9448
36.421
32.4404
33.2974
47.5485
35.2253
47.1829
32.8742
37.6421
38.3109
44.9641
45.0138
36.202
34.394
37.6677
34.6565
39.6828
41.7452
45.8262
39.6838
35.0954
39.9762
43.1892
34.2809
40.1247
33.9577
44.9452
34.0291
35.862
39.1197
36.1744
34.9517
44.3494
36.9863
37.3005
37.3838
30.3681
43.0448
36.0739
41.6281
41.5835
35.0681
43.8421
45.731
41.7925
35.0394
32.6628
36.8637
38.0161
37.1714
43.6858
36.6916
38.5356
40.3043
39.3324
38.9613
42.7077
49.3405
45.478
39.219
41.5627
43.3488
37.3039
36.616
34.7036
42.6092
44.3565
46.8964
36.01
38.4099
37.1931
48.0338
47.0942
40.548
41.6486
51.9899
39.8244
45.7453
35.3164
40.1458
51.5587
43.1377
38.2895
35.5462
51.6556
38.4996
33.7646
30.7503
34.6114
39.9111
47.3075
39.0671
43.3603
36.745
40.3056
31.6269
38.9524
44.5589
41.3482
31.7707
42.4298
36.5871
39.5018
39.838
45.0285
45.7827
39.1584
34.6212
38.3827
42.5839
40.4489
35.5397
43.0098
36.6645
43.4963
33.5409
39.2316
38.4066
35.0572
44.1693
37.0505
41.241
36.5842
38.2035
31.6609
37.3403
41.5991
34.8491
40.7311
41.0074
37.623
52.5542
41.2043
36.4085
47.6574
39.6295
39.3041
47.7958
33.5709
37.0646
37.5487
35.2621
42.9464
36.9389
34.1143
41.0623
44.4386
42.211
41.3661
35.9527
36.0327
34.8985
44.7123
65.2517
41.7901
40.547
42.5616
42.6176
47.4827
38.1081
40.5946
33.6985
43.0398
35.9828
36.8765
34.6303
40.53
39.3317
28.3907
41.137
52.5706
37.0264
37.2472
36.887
50.4
38.9274
39.8821
32.2017
40.2679
37.5689
38.4343
37.3207
37.2422
43.7514
37.9975
38.0344
42.9938
36.6072
45.8893
47.3571
34.3692
41.5982
41.3447
34.986
36.7212
34.2449
37.2594
32.9483
40.7802
39.5807
42.0308
37.2638
40.616
48.219
37.6989
43.1071
39.2823
48.9414
42.2711
33.7791
37.4399
49.4539
38.694
44.3415
35.6654
44.5443
38.7871
37.9958
35.5866
39.5027
42.1862
39.3723
40.8957
41.6519
40.0051
38.0345
41.7727
34.0946
34.0502
32.1608
37.0488
37.2993
42.0576
37.9405
46.6863
39.6614
33.1238
35.9804
38.7654
40.6322
38.5789
42.0765
36.8975
38.6027
43.8822
39.4012
43.1255
39.3561
33.7522
46.4691
37.114
36.1157
38.3502
35.7602
36.9754
49.9022
37.7223
44.3104
37.227
40.2103
39.4025
41.0601
33.3132
37.9397
47.387
43.2418
48.6518
42.7705
40.2096
36.3076
39.623
39.329
34.063
44.3689
39.2978
38.4056
49.7969
43.3281
48.9691
42.3124
36.8236
39.3922
34.9254
37.0025
32.7946
35.3589
35.2892
36.3075
35.3351
38.058
36.832
42.4843
40.728
41.4227
36.8328
36.9783
32.9308
34.8982
39.9517
38.2165
44.7206
37.2369
34.3044
39.2247
33.8409
44.0509
36.1203
46.4529
37.116
39.6488
41.5181
41.5836
38.2284
35.6579
35.719
39.7788
50.76
34.1598
38.0148
41.8735
32.8903
38.0298
53.099
41.0412
36.6453
34.7907
31.0914
40.4554
40.3774
32.4199
43.6669
42.0717
44.9543
37.3223
40.7435
38.6804
34.932
33.9427
51.1859
37.8181
42.0695
41.3016
48.8839
37.1549
36.1966
34.1744
37.0134
33.9611
42.8689
41.2286
37.8216
48.1399
33.5915
29.6441
35.9827
32.7878
42.62
40.1545
36.1029
45.5617
42.5103
48.305
41.1411
35.6459
32.8347
41.6906
41.1133
46.4946
42.0119
40.8589
41.4361
34.4308
41.6723
33.4288
39.4172
46.3222
34.3961
38.7352
36.3263
46.4843
39.7744
42.7594
41.113
36.5299
38.3825
34.0333
34.2159
38.0823
36.2629
39.522
40.5758
36.8468
31.0929
37.9653
42.3275
38.4429
35.1662
44.1401
34.7999
38.1272
37.2672
39.1903
40.2662
37.0624
36.5283
34.648
37.5155
42.4993
38.9963
38.5732
35.2705
36.1751
42.5593
45.1224
33.0704
37.5714
38.5436
32.9793
40.9052
43.9408
40.4724
44.7079
28.3715
39.9424
38.9004
36.8065
37.1445
37.9341
30.9979
35.0837
35.7137
46.6476
37.3189
37.4479
39.2606
31.6958
43.8723
40.5861
43.4685
36.8868
37.1942
40.4204
42.7236
39.8525
45.6697
30.6752
41.6716
48.0851
50.007
44.0096
46.1078
36.0854
37.2938
38.29
31.6753
38.4456
37.2747
48.7849
35.9931
36.5179
38.7391
33.325
37.0918
41.2429
46.5509
37.333
41.9065
33.13
38.5752
43.5217
38.1166
47.3514
33.0834
36.0958
32.1673
35.8078
53.6502
40.0409
33.0536
39.1967
35.6527
40.1573
41.1726
33.2758
47.0066
48.3582
42.9698
39.2141
38.7904
41.2675
36.4605
38.8365
38.3274
43.5365
34.7256
44.3901
38.8948
33.5444
34.1025
41.2597
37.3755
42.3357
41.7456
31.235
42.238
42.19
34.7849
38.4413
35.9721
37.3566
37.4358
46.6884
43.8181
34.6223
32.8371
46.9911
36.2843
45.0072
31.2918
43.0024
48.4497
36.8735
37.0983
43.9725
36.0752
37.2674
43.0357
39.3878
37.1261
44.2095
33.6633
37.5479
38.5032
48.1884
42.554
34.5403
45.0594
43.0796
38.249
33.9551
35.8365
33.5705
36.54
37.4452
43.1259
34.5565
37.2107
38.9533
37.5455
31.8234
42.9335
42.1897
44.1036
37.7283
43.3586
33.0556
38.6077
51.5608
35.3679
43.5375
35.6304
35.1366
37.4686
46.8399
37.7406
37.3311
41.9843
39.4902
55.8347
32.6929
45.8527
39.739
42.0701
37.3359
44.6604
43.6051
36.8541
46.2842
37.5105
43.7225
43.3087
41.3325
33.8025
35.9751
36.5747
40.4729
43.3518
39.9032
39.8947
39.6784
35.3534
42.7792
36.7181
40.5128
37.8775
39.9418
38.8628
34.6308
33.1109
47.7196
39.2069
36.2042
38.8146
38.8334
41.6522
31.3637
31.9463
39.1646
36.9021
37.3776
45.6308
32.6465
39.538
41.6173
37.6045
38.8268
35.6165
43.5126
35.0374
37.326
44.9135
39.1899
40.1901
42.9917
36.9532
39.2816
34.3498
40.4706
47.4209
46.4309
35.9252
32.6774
41.0871
33.7316
42.7537
34.9982
38.9546
39.1824
40.8446
35.5456
39.5873
43.2283
35.3088
43.5246
41.5743
34.9376
44.6255
37.749
37.8038
40.3676
39.0137
34.6092
46.8577
35.5601
36.349
42.9977
39.1775
37.7998
35.6919
39.78
39.4875
37.4666
45.6333
41.1327
42.5441
38.2906
36.6418
47.2579
36.9834
36.7867
41.8737
50.5784
36.4515
34.2336
31.8626
40.7496
37.7332
33.4141
37.6425
50.8793
41.3234
45.7764
33.8119
37.4084
33.0081
38.0382
35.5524
42.46
32.5345
34.9748
38.338
40.2467
37.5409
45.308
33.6789
44.8579
39.1517
39.5348
42.8001
34.0884
33.0214
44.4002
43.1686
43.7721
40.163
37.0869
34.7041
45.9813
37.9435
52.3724
43.1025
41.4009
37.8581
35.7724
46.5496
35.8112
48.1128
37.343
39.4063
37.0367
35.9665
39.65
44.4146
38.0267
48.3434
38.9951
37.5498
31.6609
39.3821
33.1064
32.4825
37.2588
38.1208
43.4747
40.6976
38.1219
38.7565
35.6747
34.4295
42.0999
36.0635
39.694
42.2475
40.7401
44.4444
35.2889
39.6515
35.0287
37.7328
38.3513
45.5172
41.7645
32.6064
31.4713
41.2665
32.5244
39.5295
44.7679
43.2216
41.0381
38.9109
41.7532
38.5734
36.801
36.5132
43.8316
41.9459
33.4023
46.9216
38.4924
41.5099
34.6789
41.4133
39.1808
36.629
39.8642
40.8452
33.8882
36.5999
40.5387
46.7153
45.9138
32.1951
35.7389
36.1648
37.8062
43.5323
37.5975
43.5658
37.2093
43.0346
35.788
35.3612
32.5299
42.67
43.1126
39.6303
39.3875
31.5188
40.118
40.7691
41.4547
38.346
37.6685
37.6924
36.3279
36.457
39.1235
35.0128
41.6165
33.6896
42.2618
42.1904
34.393
35.1112
38.8589
43.0764
38.7642
38.0282
33.5208
36.9189
32.3013
40.88
32.8759
34.1463
37.5306
42.0503
37.7951
41.2908
42.6371
40.2349
44.5793
39.5527
34.028
44.6006
42.8716
39.0895
61.0193
39.893
34.9651
39.8276
37.9892
41.9101
36.0595
35.547
34.5712
40.5096
36.7172
37.3751
33.6542
36.3646
32.0933
38.5585
37.9595
38.5729
38.905
40.7857
46.1043
43.6337
42.277
31.1779
42.2407
45.4559
41.3322
43.1649
37.7915
35.3783
46.0234
35.6497
41.6658
34.7352
37.1333
35.9143
38.5827
38.5229
40.8178
36.2723
37.0846