38.0023
41.9429
36.3939
40.0523
44.3218
41.9994
42.4585
36.88
34.2368
37.2035
34.6177
42.9213
44.9201
35.9609
34.6826
46.8968
35.127
39.4529
38.6496
32.2116
38.6635
44.1228
37.4269
43.487
45.028
37.4354
39.6752
34.798
42.5994
37.6779
37.3715
53.1252
35.8771
38.7771
31.1733
47.6708
39.5537
38.4154
42.8404
45.1309
46.7619
38.9003
34.128
36.8854
38.481
33.6551
32.893
46.1158
34.6674
44.7051
39.1401
36.5816
45.9113
36.6461
35.9444
37.8012
34.3464
35.9124
37.5524
31.0449
46.8172
39.8754
47.2056
40.252
41.4944
38.9915
36.8745
38.1339
40.0722
42.3116
41.0009
40.2232
39.1244
41.0141
40.5421
36.2022
32.3557
44.7042
40.8636
32.4322
44.8261
33.7188
42.1503
39.0564
35.7972
42.7504
39.9982
40.0645
43.049
40.7012
40.5912
37.1768
31.8229
33.2903
38.0331
32.4129
41.4293
35.9683
29.5719
38.0531
45.5091
35.2384
48.586
36.7339
34.1878
31.2281
45.3525
35.757
34.8007
38.8031
31.5849
57.9922
36.5305
44.0611
45.3822
41.0073
38.5623
43.6417
31.515
47.7472
43.106
32.681
36.1399
41.3456
42.991
36.5845
34.1233
32.2141
36.8999
42.0692
40.285
36.1123
39.6027
44.3488
37.3326
34.8657
44.4632
55.1007
38.7485
38.9257
44.9257
33.7605
37.9556
34.5441
33.742
44.9571
42.4772
34.8842
41.5542
39.0018
44.3911
41.2251
39.476
36.1259
40.3702
43.1198
37.5947
41.7359
37.0149
39.6052
36.0775
42.6515
46.8771
39.4963
33.0285
42.0864
41.7693
37.8487
38.3547
50.1192
40.6895
32.1093
38.0616
39.3788
32.3742
48.2123
45.4451
40.7635
33.8623
38.5342
43.9936
40.3249
49.0746
37.1895
45.8974
44.1428
39.7888
38.4207
38.5569
34.2839
34.1813
35.7739
45.5761
41.8781
29.5327
42.7187
49.8187
52.7909
38.7677
42.8727
32.8973
40.7318
37.8162
38.058
38.534
39.3063
36.9297
33.6447
44.3041
44.1689
39.3934
37.4563
37.8141
33.0597
41.6619
41.8809
58.5166
49.1991
39.9771
40.0871
34.6789
42.1919
41.2516
45.5684
44.2278
38.397
34.7688
42.2334
38.3247
36.9141
39.1761
35.5243
35.5139
52.2214
37.5676
33.3566
38.2809
35.3516
41.0887
34.8924
35.3411
45.5794
36.9977
38.4053
35.9868
32.5648
34.8161
43.8302
38.3299
37.6268
41.9566
40.8872
35.0809
33.7734
41.1268
43.9685
34.8415
39.0304
39.4865
36.7714
45.5653
36.1873
45.1234
34.1272
36.5772
41.899
41.6848
37.9425
43.1928
41.9459
38.6023
32.0272
40.3122
41.4434
37.8975
38.4951
42.8403
37.9679
41.2274
37.2325
40.6465
33.4351
41.2547
29.4783
36.343
38.0487
45.4835
35.3098
39.9504
34.8975
35.2607
44.235
43.7385
38.6312
33.0196
45.4879
36.6722
35.3515
39.1852
37.0027
34.6675
38.4374
42.6054
36.0478
39.2629
40.5973
42.6734
38.4186
32.0449
37.2842
45.8869
46.1337
40.78
42.2069
42.2454
38.1703
44.1431
42.1178
35.2391
39.658
35.9392
41.0459
39.7196
35.1712
37.7166
44.3653
43.3745
47.9447
40.01
37.6185
41.7557
39.6101
32.4649
40.1591
37.7141
43.5558
36.9799
38.7518
36.5041
43.1801
37.3341
37.455
36.2155
35.6481
38.5623
36.3964
39.3399
36.0873
44.7905
33.4192
32.894
36.9071
39.1125
37.8491
36.1492
34.7279
38.1517
43.2446
41.9248
39.3006
36.3181
40.5583
44.8673
39.8239
37.5834
40.7276
41.9523
33.8389
38.0435
36.9633
32.1453
52.1361
42.4779
36.2965
44.1869
43.1729
34.1249
41.7571
36.2926
49.3603
35.1496
38.2089
35.4625
41.1992
37.0398
30.3007
38.1578
42.3097
34.4353
33.308
45.4992
39.8324
40.1637
37.6664
41.1199
41.686
39.548
49.7075
37.8106
43.1442
33.4682
36.6401
43.3372
36.4923
30.5742
51.8224
34.4157
39.2272
38.5485
41.6156
38.5516
43.2931
35.5346
36.7135
33.1871
38.1297
41.6649
35.356
38.9301
47.9501
49.7808
42.015
37.2865
36.7567
35.1453
37.1741
40.911
34.7281
38.7447
36.3311
46.3692
42.333
39.5196
42.1213
34.5013
45.5333
40.8185
41.2589
41.8686
41.7315
45.3715
41.5324
38.791
36.3055
39.1816
37.5044
47.1598
43.3592
35.1109
35.4702
40.194
37.3045
45.932
42.3389
40.059
44.8464
31.6842
36.4749
36.5489
35.9279
41.9487
35.4885
34.6772
40.3063
32.2072
38.7822
36.1755
34.2333
41.4672
44.6409
41.098
34.5611
49.6587
44.0914
34.1764
37.5056
38.4397
35.8793
36.9621
30.6659
41.1347
36.1652
31.0732
54.6168
38.8917
45.9791
38.1382
42.9557
36.07
42.3279
36.4006
39.7123
32.9246
38.3148
38.5237
39.785
41.7465
47.7446
37.7391
39.4207
35.1743
34.8186
36.0167
61.9712
38.8941
42.4418
37.2159
35.2379
39.0152
35.6419
33.9743
39.6905
31.5094
48.9907
39.1115
41.9459
39.3881
37.6413
42.7713
33.495
37.8512
36.6247
37.9932
41.5678
34.1693
41.2894
42.1827
38.0219
32.5675
49.5825
37.8809
32.8537
40.7741
43.2728
39.5106
43.6439
51.689
42.408
40.7726
37.3452
35.2923
38.616
41.2206
43.8318
43.5084
38.7251
36.455
43.5213
32.742
37.9025
37.3033
38.4604
41.1093
38.1867
42.8417
44.5475
37.5836
31.3005
47.3587
35.3859
40.0898
35.3506
32.9592
38.1446
51.7103
37.519
41.7565
37.8264
37.3562
39.0829
32.9424
42.6882
36.9252
40.2792
45.7846
36.9831
43.3425
45.1336
41.3034
43.6065
38.4895
50.9789
40.4254
36.0317
34.7057
36.2628
47.685
38.7701
42.6828
39.1448
50.3847
36.3215
39.6201
47.1414
38.1331
44.9887
35.9555
44.68
35.7973
33.2471
34.8371
39.2804
35.95
33.9694
39.956
40.5482
43.2208
42.3532
37.6025
39.9324
40.016
40.3716
33.4644
40.2544
58.4178
43.3024
43.0732
32.6947
41.1369
39.0766
35.5177
40.4418
46.6021
37.5051
44.0782
47.4546
35.0255
40.6079
37.3835
37.5989
36.7202
37.7154
30.0613
40.9888
36.0331
31.8783
36.6487
39.6261
42.9198
40.7233
36.1577
43.4013
40.6826
34.9828
46.2689
35.7304
40.3006
35.5026
42.2402
46.6923
41.8105
37.4545
31.2905
40.1197
32.9853
33.8666
36.7304
34.6815
38.5121
35.3282
32.4788
31.9003
38.5318
48.5025
40.0789
38.5725
46.5212
41.3399
38.0216
32.6942
40.4405
38.2079
44.8851
35.8793
44.9594
36.4131
43.3121
45.5392
33.1664
37.9958
36.73
39.5269
41.0787
43.3636
42.7238
48.8541
39.7914
39.2421
38.523
32.0394
41.8166
49.8083
35.2303
36.8812
41.5475
37.396
47.9906
36.3811
35.3553
36.1518
48.1125
41.6325
34.6008
40.2994
39.3005
38.3002
37.2122
34.3767
38.8336
41.3137
43.4078
32.21
36.5789
43.0333
34.3067
41.4932
45.6211
38.6535
41.1524
38.0029
35.1548
41.2541
37.4858
46.378
41.886
38.3682
35.5587
39.6741
30.7329
47.4565
37.1972
41.3891
45.7022
38.6201
35.0259
40.7159
37.7534
34.81
36.6608
31.6344
37.652
34.3505
42.4772
46.2794
45.2041
42.6615
37.1162
39.128
40.8475
46.4961
35.8152
35.9652
40.1209
31.062
36.9645
36.5526
37.0395
50.7455
34.1517
36.4664
41.4984
36.2672
44.8761
38.9248
42.232
33.2085
39.2909
42.2688
43.2486
43.2595
37.8188
40.6512
37.5467
33.8852
41.1096
36.7675
37.8306
36.0082
36.3328
40.6793
46.6779
31.9879
35.0916
36.8624
39.7971
40.5016
33.5354
44.0625
35.606
43.5108
41.3948
36.6525
39.4875
32.5871
47.0676
44.9023
45.8225
41.6759
33.0246
48.4202
37.6312
42.9074
39.4172
31.1431
39.2665
35.9858
57.0941
41.9618
34.9613
39.3158
34.9854
45.7787
36.2782
40.2258
38.1593
31.6222
36.7141
33.3115
40.2943
35.4589
39.9757
35.4561
40.5407
44.37
37.0346
39.9843
31.5214
36.0388
33.5858
38.0357
39.191
43.2677
41.5788
40.8063
39.101
39.0071
34.6351
39.6328
35.522
38.8247
41.0605
41.28
37.5417
39.1425
35.9625
36.1074
46.0552
43.8446
42.4017
37.3686
36.586
41.6546
39.9843
36.3647
35.9921
40.5664
51.295
37.866
43.7919
39.1468
40.1461
34.922
42.574
34.3064
34.3713
38.601
36.6813
36.3356
35.258
39.9886
41.997
36.2318
45.1243
45.2283
50.1995
36.7979
36.0299
36.5505
40.6157
38.1117
34.1356
38.8081
33.1313
36.7581
36.7575
36.3801
47.7884
37.9819
39.6699
40.1632
34.6755
32.5654
40.5541
38.7622
37.2519
38.8012
38.4574
36.2638
39.9998
43.8158
40.2649
49.4198
35.6824
34.2388
40.8197
29.8839
36.5661
44.8749
49.3374
38.4819
33.3025
59.4867
38.9484
40.2423
40.5629
35.5568
41.4561
41.0578
42.2978
34.5807
33.2101
41.7201
36.5955
30.8297
36.9746
41.5104
42.485
47.1586
39.5194
41.5489
49.6173
41.6704
35.5924
38.6354
41.3408
35.691
34.6541
45.9595
34.3972
32.5552
36.6096
39.5477
37.9598
41.5951
40.0446
37.2165
38.4193
42.3628
41.621
35.0375
37.189
36.2632
36.2683
41.1261
40.9307
36.3425
43.0249
38.4341
40.0732
34.7576
51.3805
35.2386
38.9185
38.3144
33.5876
39.3348
51.1517
37.0321
37.2955
50.5103
40.1509
40.5752
33.4844
37.1741
38.5602
34.8802
34.6733
43.8447
40.377
40.5315
36.3449
39.441
36.9637
36.6524
38.7061
37.9084
34.1383
55.1186
35.5417
38.2769
36.0503
33.0897
46.0078
44.0005
36.6765
37.2566
41.8987
42.0983
36.8471
36.8771
36.4579
36.0613
44.1352
37.2045
36.3847
40.0612
34.6237
35.2848
37.9632
40.1174
38.1992
34.7921
38.4825
40.3717
44.6423
34.9409
40.7634
42.2616
33.5852
33.7698
33.9023
38.5373
38.1642
41.8032
38.4276
35.9412
48.6173
38.9769
37.7031
28.884
34.3612
39.5391
41.2238
43.7986
39.4216
35.3174
36.2758
36.8306
38.9743
33.5446
48.6355
41.0135
33.6147
49.8021
43.9254
43.0856
36.6353
37.6291
38.3613
42.0608
42.0298
42.4568
35.2901
33.8039
42.878
43.8695
38.4098
40.9102
47.945
32.6492
37.8083
41.8115
40.8107
34.7344
45.1097
32.2638
43.1225
37.4067
36.9025
44.9076
35.1791
39.3636
38.7144
43.6166
36.8309
33.6062
41.2058
36.3401
41.8708
34.5096
39.5382
35.8248
47.6735
35.6895
39.6945
43.9472
40.8498
36.2239
42.3577
37.6158
31.2368
55.8576
33.3775
38.3126
37.8945
39.2453
47.2969
36.09
37.9686
42.8576
39.2778
34.6839
30.3087
42.1845
35.7297
34.4066
45.2993
41.3381
37.4723
38.7001
37.4709
36.1348
34.161
36.7251
34.9728
40.3526
37.1019
46.5972
46.8622
41.6684
31.3243
38.2422
34.8058
38.6903
38.2884
40.9015
32.4765
42.8738
40.8234
43.4025
47.3091
35.5425
40.4505
38.3845
40.5665
35.795
54.0543
40.8994
52.2842
35.6408
36.8435
37.9949
62.9064
45.0718
35.6728
38.7974
34.2079
39.3801
39.9537
33.7971
35.0255
41.4918
43.5597
40.6931
56.8191
43.5534
42.3364
43.4533
39.0843
42.7516
37.7205
40.2273
44.5881
44.5531
36.1285
54.3607
31.7614
36.0934
39.1035
47.8904
38.2971
38.1784
38.5204
41.2899
38.4388
44.3622
35.0381
38.0497
37.2912
38.4447
42.4362
37.2356
41.2224
33.6715
36.2562
34.5528
44.6997
44.1679
39.4934
31.2011
42.7408
37.5343
37.2051
38.4093
36.3465
46.6276
35.6403
35.0296
37.7205
41.9943
35.7339
46.7429
40.2837
45.0618
35.5648
32.6981
42.9142
41.7542
39.8697
34.0465
40.7999
46.1173
38.9945
36.4247
41.4599
38.0195
34.9877
45.2262
43.0991
43.003
45.972
40.57
39.1965
38.9068
37.2139
38.3588
35.9295
53.9396
32.5421
38.7401
37.3271
54.7796
34.1575
37.4557
45.6481
38.2294
43.2114
45.3522
39.0309
37.3457
41.1817
37.0518
45.1348
32.8219
37.7899
43.0857
35.5228
36.6543
38.7775
34.5507
37.1292
49.4085
42.0609
43.4149
39.8374
44.5756
37.2739
42.597
34.1166
44.081
38.4053
34.8842
44.795
39.5123
40.7288
39.8444
40.3933
39.7044
38.3186
44.273
38.0513
37.3944
41.9105
40.5835
37.0787
37.0511
37.9927
36.2507
38.8574
42.8113
37.6079
44.1591
38.9973
38.7944
35.1022
35.3543
35.1362
51.7816
46.3087
38.074
48.4115
35.6849
43.7735
36.4868
41.4021
32.0326
34.0833
36.6942
37.2338
41.2241
36.6266
43.9192
37.468
35.3559
42.0063
33.6522
37.4059
40.2587
33.8948
36.7033
37.3159
32.721
36.8254
40.8398
40.3264
39.5148
49.7317
36.2792
46.8775
39.7639
43.8854
41.9191
52.6523
35.0765
41.6112
43.9133
40.9106
35.8183
42.0917
32.8898
41.1017
42.1896
35.2099
33.6861
38.2983
41.2659
44.4639
39.2026
42.535
34.8023
39.6275
47.2373
34.4687
39.5469
48.7234
37.6709
35.566
35.715
38.0557
47.2932
43.443
36.4386
47.6444
39.4687
37.6835
47.6236
40.1288
38.5945
35.9619
45.622
38.8624
39.0432
51.2651
36.4313
41.0135
41.563
34.4404
37.4525
41.03
47.8975
39.3706
33.4476
40.437
39.1457
36.8552
36.9261
35.3031
37.2299
40.8056
39.3876
36.3593
37.9833
59.2613
35.8533
37.8765
41.5976
39.9458
38.9482
40.321
38.9871
38.8845
34.8465
34.5547
31.996
39.6041
45.1483
36.9579
42.1452
39.0742
33.284
33.7552
41.733
33.9953
52.5021
40.8668
37.6326
34.8635
39.4731
36.2786
38.4258
34.3711
38.6186
47.0172
49.7946
42.0199
40.4397
40.4313
38.7314
42.6211
36.7715
37.3485
31.1708
33.594
38.2254
40.0984
48.4057
39.7669
37.4441
38.302
50.4572
35.5082
38.346
33.8473
37.2109
39.5445
37.6651
30.8424
34.8131
50.7042
30.2779
33.2863
37.4844
50.1429
34.6379
38.435
35.6855
41.1896
34.812
43.2507
34.5484
45.0116
36.9785
40.0278
39.677
42.7932
44.1048
37.1893
37.7989
34.896
37.147
40.4331
38.933
39.8855
34.8229
38.7134
39.0071
39.7264
39.4611
35.9754
42.515
36.6579
43.6072
34.6416
41.4607
34.3064
32.3553
35.7409
41.5775
37.0792
45.3736
44.1177
43.0018
35.961
39.8539
40.3901
32.4118
37.6211
37.8044
35.9718
40.1749
31.6033
32.5921
33.5017
33.4195
44.0246
38.1659
44.3949
42.7747
44.8016
37.0531
33.0536
37.4581
39.0465
42.2924
39.4403
40.007
41.8356
48.3003
38.7267
33.6572
36.3175
33.4037
41.6566
36.262
37.4866
31.3355
43.4967
36.1718
34.8013
35.0761
33.5156
36.9963
42.8813
61.2951
40.9526
40.2445
36.7585
29.6702
34.3257
33.2602
37.3967
48.1431
47.4948
39.3241
57.8637
40.8177
37.3634
48.7798
37.7241
34.2211
39.0188
37.9784
39.5642
36.8062
36.2485
32.3887
42.7639
40.8678
32.3121
38.5685
35.4349
32.7555
45.755
33.8917
34.5427
42.4307
40.613
37.6248
40.152
40.5729
39.3788
38.9739
36.6298
39.149
45.0053
33.4311
40.121
32.063
50.2088
42.892
34.5723
33.9319
29.6473
39.5346
35.148
40.3327
41.8092
41.5574
33.2756
50.944
38.0753
40.0925
35.7712
37.8432
41.9783
39.6367
36.0261
42.9381
40.487
40.9632
39.2912
35.8799
39.6225
33.6712
40.6778
31.5964
38.5836
40.863
39.0111
39.3087
37.8901
40.1483
40.8493
36.5375
33.041
38.5607
42.6196
48.1226
42.4932
45.3066
36.3518
39.4086
39.623
39.3828
46.5585
41.6578
42.3606
40.309
47.5794
32.1896
33.0622
38.9262
42.0602
33.898
35.6883
46.2031
38.326
41.964
35.1889
34.1531
35.765
41.2118
42.5448
34.3848
34.9745
34.256
37.8658
29.6806
44.0198
39.9907
44.6946
42.6035
38.4548
58.9894
34.2327
44.9208
35.8092
38.8853
35.3867
34.4925
35.6986
43.6436
39.5682
36.7059
40.3557
36.9057
37.4945
38.7173
29.8282
38.984
35.2585
34.3357
34.0493
33.3209
37.4451
39.1406
35.2832
39.4191
41.3409
34.901
37.1051
37.2074
36.1532
35.0375
54.7983
36.008
38.1917
33.7865
40.3462
44.5509
47.9844
38.5451
35.3428
43.444
34.7636
39.2135
42.9414
36.9838
39.9469
36.5866
31.7903
38.7647
40.2021
36.6877
31.9265
40.2199
38.5086
37.4685
38.674
44.622
48.3064
33.6237
36.4304
42.739
33.1032
42.5712
37.6641
35.7247
53.0913
37.9029
34.1109
39.8346
43.9532
48.1049
32.9867
35.7703
38.7076
39.0544
44.4612
34.975
41.3522
56.3147
37.4872
39.6549
43.6002
34.2838
32.7155
40.2484
42.1224
40.4978
34.744
42.0052
39.2739
44.8677
35.4729
43.9089
43.6631
41.7579
35.9671
43.8116
41.4473
36.9761
41.5458
43.5417
32.3337
42.3154
36.9864
38.62
35.4466
36.6148
37.1534
39.5801
42.7175
41.7932
37.9759
41.9898
41.8999
40.0034
40.2602
39.9349
39.8358
35.9137
41.4946
44.337
44.7074
36.2966
39.4923
40.1309
40.4061
36.9177
36.053
31.2946
35.3474
31.5329
38.7447
41.7496
45.7004
32.9074
32.4051
35.3252
43.9818
41.0937
44.0096
37.7915
34.8481
31.8103
35.7993
33.4087
39.2795
34.3908
41.423
31.9915
33.4222
42.6066
42.299
36.5236
39.7314
40.5766
38.9475
46.9439
39.6792
39.5146
42.5909
43.9522
30.9982
35.4613
35.357
31.9983
41.1341
35.4522
47.3938
33.7225
37.1621
32.0377
36.0418
46.8565
46.1199
38.8593
35.5902
41.7313
44.9228
39.3314
40.6403
37.9943
41.3272
54.8566
39.7495
37.6601
33.4233
48.1131
31.2582
47.4003
37.0534
34.626
41.1726
40.3597
45.327
33.9196
36.0329
35.391
42.765
38.5423
36.4818
36.4601
38.4588
35.7566
43.0182
36.8086
33.7355
37.2116
36.1506
39.6286
36.9085
38.7379
42.2894
31.9163
36.1273
40.9557
32.856
38.7605
35.8046
37.7472
33.9389
38.1933
39.6531
40.8542
36.2361
45.1224
33.6601
43.457
45.7237
40.8987
39.6703
41.2668
35.3466
36.2353
39.8451
46.7739
42.4233
42.3372
34.868
46.1139
44.9719
46.5117
38.0456
49.0774
40.5301
43.3789
30.0167
34.5569
39.1438
45.7918
36.4573
41.4215
40.1145
33.6363
38.3384
37.9868
42.8899
38.0677
38.6286
36.2724
42.7509
37.7558
34.5595
45.3349
41.0783
37.5262
38.3007
47.7267
35.3682
34.0019
44.4627
38.3476
40.9153
34.9225
45.6741
36.496
46.5094
45.9722
29.6229
46.4882
33.976
37.769
37.5697
38.6783
42.3112
34.6286
49.256
31.6386
44.0405
44.1749
43.6399
32.4543
32.773
41.3885
36.1532
38.8994
37.1168
45.1096
40.5323
41.3802
33.644
38.9659
35.4343
44.5844
33.3819
32.5675
36.9591
39.0252
37.06
36.2943
38.7313
34.5343
32.1742
41.4685
37.914
40.8405
37.4077
41.3999
34.7681
39.3836
43.1045
37.2172
37.3156
35.5518
40.7831
37.9369
36.9241
50.7754
41.5838
36.6192
44.9798
34.1125
34.9671
37.6515
39.2001
34.8593
42.3524
34.577
42.5353
36.1945
38.0621
36.6581
30.2399
40.1223
47.2095
35.77
39.7931
37.7754
40.3199
37.1376
39.1065
40.2767
40.0003
34.9954
49.4889
34.9885
41.5102
35.3115
33.6448
33.1199
51.2791
46.8489
50.7644
36.9654
37.8508
41.6225
33.8474
47.5683
37.5069
39.131
31.331
42.5094
52.6543
51.7144
41.4109
40.4173
41.0021
38.4123
40.9747
41.1192
37.0969
45.2652
45.0397
37.928
39.01
35.1462
34.7975
38.0554
32.6231
36.6965
34.3831
36.8968
42.6511
47.3179
41.9049
36.0904
41.6776
36.8613
34.8956
43.0882
35.0306
44.3163
37.9992
38.6459
44.8578
38.8294
43.6483
34.4242
39.5644
36.3045
31.8666
37.6897
33.9657
46.786
35.0355
43.2653
46.4421
39.2472
39.6809
39.1305
39.3458
38.3448
37.3221
46.9543
40.3794
41.0711
33.1167
36.3434
45.9004
36.9393
43.1096
40.0146
36.6102
53.8781
34.8108
56.4129
43.2309
36.3955
38.9339
40.1068
37.9847
35.8613
43.9289
41.9041
37.851
41.2208
42.6446
40.0004
33.9217
38.4065
36.8173
35.5492
48.8407
47.7793
38.5267
38.8012
35.317
40.2043
36.7465
35.5636
40.3893
38.7005
35.0092
43.6798
39.3696
38.4906
33.5821
36.1087
36.6099
40.1075
46.793
41.0755
37.4491
32.677
33.9179
32.4809
34.5126
41.2664
36.71
40.4413
39.5996
36.93
40.3158
38.7416
34.3928
37.03
43.1773
34.718
37.3072
38.1312
39.6062
58.7052
47.2504
41.7055
44.9941
37.5155
41.8919
39.709
34.9425
42.9995
33.1407
42.0819
36.4369
46.0121
40.2414
41.184
34.7299
41.8313
40.7736
39.3928
42.0547
36.0277
36.1409
49.6594
39.8511
40.5077
43.1004
38.5878
38.0865
38.8188
36.9722
41.956
32.4988
39.585
38.0336
39.4282
52.0532
41.0799
35.1082
49.947
44.2963
43.8966
42.3678
36.2425
43.7817
34.9514
50.4229
39.9891
33.7286
41.8042
34.7269
39.2585
45.2971
43.0702
34.1049
37.63
35.058
47.0737
38.3697
36.251
31.5548
36.8459
33.8843
39.3944
40.8964
41.2964
44.7341
40.0778
35.8673
40.5172
36.4992
43.4271
40.6802
36.5886
40.7594
32.549
36.2788
38.289
43.6582
44.5468
43.893
34.4549
45.6895
40.8909
35.918
37.1421
45.4699
35.7884
31.8275
39.7748
44.1337
36.8358
36.0567
39.8655
47.1531
46.1446
35.2738
35.9423
35.0485
34.649
41.5599
40.8299
35.1042
40.2318
39.0118
41.3833
33.6679
32.8451
42.1541
36.0746
38.4015
38.6893
37.0939
32.1878
41.8235
38.5823
38.3034
40.8696
40.1082
35.1445
37.6239
39.6123
41.4141
36.681
40.4725
37.2086
36.086
39.7608
38.4464
41.628
34.2368
47.0323
39.0877
34.3114
47.229
44.4604
39.3007
46.8183
40.2162
38.3329
37.8167
35.0109
46.6422
39.1563
33.8963
32.309
40.6491
46.1535
44.7511
37.0775
34.3443
36.4238
36.0695
33.0464
41.1409
40.2641
41.3077
36.1763
36.5133
36.6449
37.8235
36.0324
32.8184
37.3015
38.3398
48.4874
36.8461
39.5752
40.5242
36.6927
35.8084
38.9536
35.0071
51.2378
36.5227
34.6964
35.8368
37.1453
40.8766
49.0073
52.7532
44.5623
50.3755
31.3382
41.6676
37.2298
37.5327
43.86
38.1085
39.2857
40.3586
41.3209
38.3101
40.5181
38.2332
39.8435
35.717
36.2151
38.7561
39.214
51.6219
36.6372
38.0269
48.2736
39.7948
52.7541
41.9756
40.5764
33.0907
37.1642
41.2034
55.3687
33.929
49.7275
35.1733
35.3372
40.6675
31.3097
37.9014
41.2069
45.4099
42.6836
40.0595
44.7657
47.7631
38.3297
40.0421
45.9116
35.4604
35.6938
43.2446
41.1235
36.9507
35.0469
45.6275
37.0622
34.8227
37.0736
29.2395
44.3926
43.5474
39.4229
32.8275
38.182
34.4595
36.7537
47.9524
36.5263
38.7999
36.8032
33.8886
37.4463
41.5871
43.6602
38.4514
41.9453
45.3207
47.237
34.7051
40.228
53.6952
35.9899
41.4446
36.3738
43.5906
40.9383
44.003
40.343
39.3229
37.7611
37.6709
42.4055
37.4681
41.1427
34.0419
45.6311
40.0671
41.215
39.7999
38.0676
42.1612
39.7562
42.2656
34.2089
48.8155
42.852
42.2238
35.3573
39.4808
36.8376
35.6409
40.0634
47.7117
34.2637
37.9684
34.8955
33.378
44.3857
43.7757
41.9179
37.3865
39.5776
32.4896
38.5622
46.2523
34.0847
41.6267
35.3447
38.2241
37.2863
36.2019
40.0722
41.887
48.9824
39.2971
33.897
42.825
33.7112
42.5738
37.049
41.1538
37.833
38.5654
32.3173
31.1282
47.4503
38.5454
44.2907
54.0085
36.567
36.6729
38.8222
48.9212
40.0787
46.6986
45.2024
34.7799
47.358
47.7968
38.3092
32.8886
41.4285
33.0526
36.6867
37.4822
34.6654
39.4517
38.0259
33.4544
42.1915
39.1488
38.052
33.5508
40.6083
44.0092
35.3618
39.8001
36.1521
34.5321
38.2146
47.3826
38.9996
36.0618
39.0275
40.8981
37.2017
39.7146
39.9478
39.9688
40.4879
35.7814
40.7017
36.3604
39.2432
32.4431
37.2717
52.5698
40.0405
44.3203
38.4007
37.703
40.0445
34.8534
40.3535
47.6375
38.0105
40.3687
42.4503
36.578
37.2444
38.8276
35.5207
40.1735
35.6069
43.1113
41.7728
36.4988
37.5508
47.2009
35.5385
36.3286
39.5801
43.0025
46.6692
35.0029
47.4519
36.2851
39.1051
37.7944
34.8346
48.0989
38.7914
43.7115
36.3775
44.0918
42.9469
41.9065
42.2213
45.4452
39.9975
39.7481
35.2942
38.905
38.0087
40.6061
47.3375
37.7966
36.7381
35.2376
43.2377
42.498
40.9209
35.6266
41.4113
41.4909
35.8776
48.745
37.0786
33.4734
36.4815
38.8989
42.5636
31.1375
40.0625
43.0649
35.8678
41.5873
40.9679
37.6609
47.0048
40.9093
36.9261
39.103
38.7894
44.3815
36.5626
49.0645
47.7946
41.2868
51.4505
41.691
35.3008
28.1527
41.1858
52.7138
41.3445
42.3516
29.4845
35.0677
34.4888
44.6002
49.5433
37.9824
36.8017
44.9063
37.2441
38.6484
35.6847
34.7572
46.2521
33.5518
30.5088
45.2586
36.9023
41.0675
41.3187
50.7535
37.1239
39.3464
38.372
40.414
38.4981
34.6584
33.1687
50.1942
40.1141
36.856
37.8714
43.7008
41.5791
39.5204
47.5686
37.6753
37.6864
36.1001
35.8785
39.6214
34.2171
41.5676
35.8076
44.29
38.8878
37.2091
32.1497
37.1019
38.4106
46.0914
46.6126
35.9841
35.4913
34.7813
44.5903
30.2823
39.1839
33.3179
38.1743
40.8826
39.1893
38.5736
37.048
37.9671
41.71
37.9183
36.5154
39.6377
50.5036
33.9804
34.5204
38.5187
37.857
43.3527
37.9622
41.5579
40.7873
40.4478
37.3071
39.4985
45.2761
50.9387
38.8998
37.2433
44.8151
39.1085
48.522
34.8665
37.7481
32.2556
36.8463
36.3842
35.324
37.1699
49.114
47.1736
37.0252
35.5629
33.1296
38.016
35.7809
52.2747
43.214
33.2777
30.5118
39.4002
36.3495
36.7189
38.276
49.0705
38.9892
40.2879
34.8766
36.9466
39.3179
36.7629
35.3488
36.974
36.2489
39.2723
40.7136
36.5187
46.4064
36.9801
41.2411
52.2798
39.0648
42.4653
33.491
45.8903
38.6796
42.4258
45.6719
35.3905
37.591
36.9946
41.4886
40.1962
44.3475
34.8397
38.6179
44.3016
35.3468
40.1756
34.2145
38.182
38.5669
43.374
39.5377
52.0071
38.4799
35.9757
33.792
30.2838
38.789
45.2457
33.3175
34.2532
36.9181
35.8421
34.9523
41.2659
34.8723
42.0884
37.7577
34.5603
38.7286
43.244
41.8775
46.3788
46.1206
31.599
41.8389
44.0942
38.0311
46.9302
39.0735
38.9663
45.2462
31.1267
47.1198
38.9164
33.0238
37.5875
40.2085
35.4424
46.6224
36.5046
46.3995
42.4196
36.7588
40.0057
35.0749
33.0886
44.0165
35.1292
40.2682
41.2372
34.3834
37.7732
38.3593
47.2378
35.9333
46.3703
45.183
40.3617
34.7832
36.412
36.9048
39.1446
35.2937
37.5423
33.5055
38.6495
32.2113
43.8031
56.1777
45.6221
35.5068
39.6593
37.3099
45.4732
35.9226
33.4923
35.4682
36.3172
39.31
32.7516
39.8024
30.9907
39.1487
43.345
43.336
33.5391
34.6591
46.7494
40.6947
34.2272
35.7278
35.5228
38.7453
47.8268
45.9045
46.0627
33.9178
36.5794
35.6572
39.5217
38.9798
39.7712
39.4498
36.0184
38.9714
35.3621
42.1194
40.2057
32.4676
38.1915
43.8887
43.1415
49.73
47.0214
36.4363
45.2388
36.2192
29.8267
36.878
35.0835
41.4907
34.4367
33.8863
37.5768
35.7576
40.3856
39.6531
35.0109
43.456
37.3373
36.0828
36.7938
44.6215
37.7752
43.7036
44.2565
33.5587
35.7648
37.7705
36.6664
38.0181
43.4947
40.1072
38.9622
39.0515
40.6959
39.3721
49.0157
42.0178
41.6316
33.678
44.2433
40.896
44.3225
40.7956
47.2331
34.7277
32.2722
44.6497
34.6615
44.6653
39.3636
47.3626
43.0589
34.3134
40.1695
44.3339
46.2822
40.0752
47.7418
35.6964
38.1228
46.2867
38.8168
38.6741
35.469
38.6397
40.1272
41.1437
36.1917
40.1479
40.7513
35.8316
34.8046
41.081
43.3175
43.5841
37.577
30.4202
50.4285
37.9479
40.8459
33.327
41.9875
40.7933
42.7718
43.1283
37.9633
34.5021
35.1459
42.732
38.8955
40.8964
30.0656
40.8265
38.1959
36.2535
45.62
37.9621
40.5948
40.5581
34.8212
43.9016
39.4255
43.8008
41.0599
35.6523
41.9489
43.0909
39.1515
39.6076
35.2256
37.7436
39.1267
45.853
41.4438
52.1535
41.4358
39.5165
37.5937
36.7389
37.4094
50.535
35.8096
39.0414
41.8749
40.4756
44.8905
42.1482
43.1877
33.3399
40.9859
46.6527
35.5383
37.1184
33.2183
36.5789
33.0576
36.419
43.1666
39.2831
36.7608
33.0517
40.3097
34.9252
43.0442
39.2073
38.3977
37.9689
33.1439
37.3171
45.5282
35.4032
44.9486
39.4695
42.6262
41.5561
38.5221
46.2928
36.1957
34.2209
35.3925
36.0524
41.8907
46.6121
40.5856
45.6929
36.0353
49.6944
33.0409
39.3526
30.4458
35.2501
46.8956
39.2671
35.9523
32.1234
35.4782
46.9465
38.4381
35.3197
37.7088
36.9266
39.5132
45.9554
40.828
37.8848
35.7753
36.2658
33.8323
47.9321
38.66
35.4778
37.2932
36.9648
46.8612
40.2259
40.2225
33.9838
35.339
40.0539
39.7006
36.7711
53.3205
40.1068
32.0778
41.1599
45.3224
50.4273
39.0849
33.9998
39.6364
36.2026
38.6384
32.3498
36.2656
40.2767
38.6604
40.9341
41.343
43.0822
38.454
34.7509
40.7835
45.2453
37.1805
48.3438
41.1312
31.3702
35.8958
30.5893
39.9754
33.5491
32.337
40.0698
41.9928
46.7937
35.7682
38.652
37.4
39.8091
38.298
48.5568
35.6279
34.9736
36.9209
42.145
40.1385
34.6445
43.4681
55.7381
45.449
44.8941
38.1773
40.0192
34.0134
35.8543
36.4576
40.9968
38.1532
37.7834
38.4763
40.3482
37.5696
41.4264
35.5089
48.5822
40.3915
38.7925
38.7735
56.6246
32.8594
38.4434
43.5926
44.2255
46.9955
37.066
38.5162
36.1528
38.2426
34.7069
40.7289
49.1303
39.3087
43.2902
42.0004
40.5005
35.6267
33.3352
33.7828
32.557
37.3882
36.1991
43.296
32.7913
36.8611
31.5645
30.7599
42.0565
40.4559
31.0584
42.3805
38.3692
34.9788
38.9606
36.1313
40.9134
36.6022
35.0575
38.6749
36.1058
38.6529
44.5121
37.1253
38.5913
40.2627
33.436
36.1856
38.7147
42.453
37.4753
39.8881
47.3279
38.4472
38.9136
36.2741
37.5546
38.3738
37.536
42.5329
49.2858
34.9296
40.6674
37.3794
38.4366
39.6556
42.134
38.0666
41.8695
40.2166
34.6714
36.9606
43.1578
54.4025
41.0153
35.358
39.1626
43.8882
36.5133
33.172
39.1388
37.863
32.1699
38.8027
39.9038
36.326
39.4091
42.1674
38.669
36.2913
40.838
31.2003
40.4605
35.1645
37.6008
46.0254
44.7852
37.6965
49.1432
35.8105
35.3887
39.2393
35.4017
36.9197
42.9845
46.8832
46.0229
35.5127
40.3236
31.6081
34.4056
42.5322
38.9742
39.8011
38.3709
39.8243
33.3468
42.9877
38.1735
38.7822
36.066
37.3717
32.4296
38.3829
40.1242
43.9109
40.6962
47.6852
38.9747
41.6754
38.5391
33.5986
40.6374
39.0976
41.4219
43.5501
38.8999
45.0216
42.3345
37.9705
40.6399
39.7878
30.3513
34.3574
39.7575
41.2294
36.7908
43.7004
43.4212
40.2145
37.4154
49.4523
37.2465
31.5467
37.6734
39.2361
41.0228
40.7037
37.8961
42.2185
36.6195
38.544
35.1069
45.5759
35.6348
37.3852
38.7008
37.6906
41.2463
35.8256
39.2588
34.5486
40.2922
41.3771
37.8318
39
42.5848
40.6661
40.3785
29.7435
44.4223
35.6272
38.8602
33.0468
41.0065
41.7748
38.4639
41.4384
40.8703
39.9571
44.3939
37.1847
34.4051
31.5842
35.8247
34.8986
33.6093
38.4568
42.4977
48.1341
38.9754
39.378
34.9554
42.3675
45.2966
37.5284
42.7069
46.0321
38.4185
46.8139
37.0245
42.9829
39.6799
34.8922
34.6509
32.1425
55.7138
37.198
36.6878
34.1852
42.2226
35.2779
37.3835
38.6771
36.9209
38.8908
32.9788
38.99
32.6536
35.4638
42.9542
41.6765
41.2188
50.9671
32.1152
40.7477
43.3076
37.6235
37.3786
49.905
45.4633
42.1023
36.511
43.4181
38.488
41.8996
39.647
42.9557
39.7009
38.2015
42.2021
46.5969
33.8438
40.4325
39.6964
36.9738
43.3812
39.2842
33.8356
42.7505
37.8314
42.834
34.0985
46.3557
45.3477
35.8406
40.0394
41.2001
36.348
36.7475
35.6505
34.3065
33.5746
39.6302
34.3594
32.4384
44.037
39.4257
39.3633
37.7474
36.0134
39.7277
39.6532
36.7728
37.8062
39.1942
40.1039
35.8186
41.5158
37.7929
36.7106
32.1359
33.2396
46.3322
38.9507
44.2438
42.5954
42.6706
42.0971
41.8558
40.1758
48.7544
39.2845
34.3345
39.9734
42.0944
48.701
48.283
40.295
46.1313
37.1677
39.3676
44.6082
42.5236
38.3053
39.0766
45.5243
38.8483
32.4531
41.2241
45.6964
30.9959
40.8725
34.9979
47.3248
42.2165
39.3219
50.8654
35.5669
33.6005
38.483
39.0564
32.3817
40.6191
38.4834
40.7421
33.4364
37.1967
39.7403
35.4167
39.3957
41.5788
47.9549
39.2306
43.0635
41.7919
35.1012
35.4844
35.3015
36.3574
32.9943
38.8889
39.0826
45.4376
40.4615
38.6251
38.7217
51.1247
37.7319
41.6989
36.9319
39.6242
44.6108
37.9861
44.2562
36.4726
32.4386
46.7714
48.1311
40.5222
34.2898
44.7008
39.4073
36.6552
38.7901
41.6289
33.5356
34.4885
44.5318
33.486
37.284
32.633
41.1415
40.3349
41.8384
42.093
36.7387
36.0024
37.5687
45.0277
33.4201
35.7357
38.2408
35.0766
37.0478
39.1769
38.741
36.679
52.3751
36.9872
38.7429
38.6219
38.6777
44.4418
48.8111
37.159
36.1106
40.0726
46.7253
45.9864
34.0063
43.8401
36.2271
41.4058
37.8799
32.4821
37.5698
38.7477
39.9053
40.0975
40.4336
41.3846
36.9715
39.017
35.6002
40.1712
33.8372
32.4052
41.0688
35.5656
39.144
39.112
39.3418
39.5949
42.6622
41.9396
34.3587
43.3049
36.2895
41.5001
37.7539
38.7681
35.3216
38.8684
32.8161
39.521
38.8673
39.6243
46.7901
41.1369
35.7738
34.3293
34.0162
38.176
41.2775
43.2509
35.3704
46.0275
34.5552
44.764
37.9362
36.952
38.2474
37.7984
39.8356
34.9312
34.6785
36.2499
39.7389
44.5488
35.7355
37.0626
34.2878
37.344
34.589
35.9739
39.8621
33.6136
51.712
39.2763
40.303
33.5956
33.3715
41.76
44.3859
36.6122
32.88
36.7372
35.8161
37.9979
37.8109
38.4643
45.9966
37.5527
42.8123
41.3939
37.2059
34.4623
40.3426
40.5238
39.2002
42.3782
39.6333
43.7843
32.324
31.8657
38.8898
33.6458
41.6745
36.1258
40.3631
45.7693
37.5434
39.6996
34.3624
38.9051
37.0793
36.0501
44.2147
45.1187
35.3333
37.8364
41.0763
42.6158
45.7977
46.0544
40.3839
32.4404
37.7448
35.7845
46.8753
53.6398
41.4735
45.0499
38.2532
37.4275
39.8247
37.9363
42.3554
42.9472
37.7819
31.742
36.7473
32.4867
53.8119
33.1241
41.9897
37.9495
36.0437
42.5068
50.6493
36.8148
44.04
37.6404
37.5296
33.6269
39.4564
45.3138
41.4708
40.5225
54.1525
49.0449
43.8401
34.0241
45.8149
39.5396
35.6199
43.3387
39.1821
38.0518
44.2329
41.9972
32.4151
37.7475
39.4996
36.1122
40.1162
42.8879
38.7786
41.2562
49.0006
36.5357
41.0579
32.7259
37.0627
33.8357
44.0245
47.852
32.1976
36.7671
32.3033
39.0965
34.0894
45.8732
35.4828
31.8419
39.7958
39.7271
39.5934
35.858
35.4621
41.0521
44.1621
43.4102
40.8677
50.7612
38.3658
31.7618
46.3071
32.2473
38.0616
33.7133
32.4832
40.7748
39.4505
36.029
41.8408
40.7999
36.2086
42.6587
35.5556
46.051
40.6164
40.5037
36.9165
34.5182
40.3376
33.3418
41.0894
43.5604
43.0923
37.2868
38.0782
44.004
35.821
41.5144
38.1755
42.1368
47.1878
44.147
38.2337
37.5177
36.0601
47.7213
39.824
36.2212
39.0952
41.5456
42.2654
39.2863
39.1673
40.6055
37.0002
45.9134
41.4833
34.0458
38.636
42.3209
41.6626
55.9828
36.2856
47.4862
35.7486
40.4017
36.8044
40.1136
45.6249
33.725
42.4316
33.806
42.7126
39.0147
36.0579
41.2941
36.8609
46.5713
37.6819
36.8649
38.1421
57.1494
44.8262
35.9655
38.8993
33.2834
42.2939
39.268
40.773
30.8463
42.8773
37.7754
33.2108
41.6884
36.5215
34.1139
37.4022
40.0124
42.5828
33.4276
36.2155
40.6854
39.4869
49.8195
36.1804
44.9483
36.5301
41.8621
36.669
38.9823
44.6363
36.7862
39.2551
42.7424
32.5974
38.2778
39.9044
37.5788
36.9154
33.1043
48.1241
43.7207
41.4627
50.4865
42.2474
38.9155
46.5248
40.2951
42.2565
47.6543
42.4401
41.3821
40.2694
35.4361
46.155
39.4253
39.5903
37.7112
36.5434
35.723
31.1463
38.3142
37.8065
38.6552
42.692
35.9348
36.3032
36.998
43.396
38.8563
32.9378
37.6849
33.6176
39.9924
44.8586
41.2657
39.0997
38.7907
37.4775
41.0879
33.0893
35.3607
46.3039
38.7662
38.7328
36.0711
34.8788
40.2821
40.3106
32.4708
35.1466
33.7669
39.4626
39.6271
38.0303
38.8131
36.0885
38.6972
36.2811
38.7107
40.1542
37.492
37.3782
35.1608
33.1158
36.2691
36.8909
38.9506
39.1128
33.9121
37.9865
36.8642
33.3413
43.9356
38.4631
46.7214
40.2669
34.7219
37.3912
38.1512
34.4531
37.9821
38.7516
39.4773
38.0594
37.2833
41.3263
35.2174
40.4559
32.6774
42.4654
38.1552
39.1093
37.596
37.6943
38.1128
44.1211
33.1127
39.277
37.3993
47.5981
31.1578
36.0424
47.1992
36.385
40.7502
42.4949
32.5179
42.2777
42.651
38.8981
31.5207
38.8403
41.3689
39.2525
40.8494
40.0801
32.4278
37.7866
41.2743
43.7985
36.0291
35.3895
34.7649
34.2154
33.8308
38.0921
48.7846
40.89
38.5856
37.3181
40.632
41.0127
38.645
45.2546
45.3035
43.4601
38.3191
41.5535
39.5253
35.9196
41.8644
42.5988
41.3121
37.8965
39.1617
34.932
33.4103
34.5208
36.5039
31.9053
41.0447
48.9681
39.7868
38.033
33.3588
39.0246
39.5591
41.7566
36.5417
37.555
33.4277
36.5172
43.1119
37.6776
48.8162
35.2082
39.3447
34.7245
35.1555
42.2885
40.882
38.3808
42.5908
48.034
32.473
32.651
43.1021
46.9795
39.1745
47.0439
37.3567
45.1088
35.0719
46.7102
39.1981
41.1685
37.7373
37.221
41.6477
31.9233
47.6376
37.2014
40.752
34.6367
40.5317
38.8364
45.6594
38.4077
43.5332
36.5801
40.9863
39.3668
41.5826
44.0283
40.5989
34.027
37.9515
41.8533
44.2939
43.4485
37.2183
35.7673
39.7315
39.4833
37.1265
32.7576
41.2655
38.1105
42.7463
47.1934
41.3602
44.8264
38.2386
36.8645
39.7128
49.0658
39.6141
38.0587
39.4565
34.5823
40.5971
45.5554
45.014
40.5036
39.5006
47.2711
37.4953
39.4839
50.3819
42.767
39.0467
46.2984
38.5723
46.6562
39.7526
33.2353
47.6059
41.097
47.3521
39.3091
37.4102
34.6425
41.505
35.2982
35.9653
43.9841
41.791
40.9428
42.0312
38.0607
38.6042
34.1995
40.1515
36.266
42.0463
37.6882
36.6576
46.2088
34.9412
35.5325
34.9999
36.7539
40.642
44.125
33.4096
33.1249
37.9041
34.5192
35.0759
32.7193
48.6978
43.8085
45.8627
37.7609
49.8344
42.6649
36.9088
42.6616
34.0638
34.9115
34.1644
38.1514
36.6956
41.4994
43.1814
33.0927
41.49
39.477
35.6237
37.8997
34.2265
42.1966
30.7221
46.5609
34.856
36.5958
42.8975
42.2265
34.5723
43.0264
34.4978
36.0665
34.411
37.9016
40.3917
50.9071
33.0959
37.7107
51.2157
38.9356
38.0918
34.9855
37.6746
31.4763
43.0578
38.4704
37.0677
41.6639
46.7685
46.4903
43.8766
34.929
36.4655
37.8185
39.4373
34.8223
34.6845
35.3543
44.2597
43.0206
41.717
34.6613
34.987
35.9172
42.0503
37.1025
35.4024
45.0411
34.6597
51.2546
39.7696
40.2393
40.5591
34.562
45.1265
35.6772
41.0082
43.1874
38.8112
37.015
36.6032
38.8189
37.9418
38.4355
33.9246
32.1997
46.7948
41.9341
40.1417
37.5776
38.2687
32.9451
41.2714
36.4406
45.9252
34.6052
41.1852
44.0268
38.9006
49.8001
43.1777
36.4297
39.433
50.2252
36.1377
36.3762
41.5992
40.9178
35.9823
33.7695
40.4568
37.2127
35.0737
38.598
39.4783
36.0945
43.0781
39.2756
40.3991
40.0727
37.5319
35.6413
39.1941
36.4974
40.2129
41.6795
40.1468
45.7492
37.1099
39.7434
36.6867
34.3182
36.3823
44.1237
46.4348
44.2626
37.9747
34.9814
38.8223
35.716
38.2079
36.7264
35.4245
40.4348
38.4084
45.7274
35.808
44.4585
35.8671
43.3334
38.6115
33.3928
37.7385
35.4808
39.5595
49.3315
34.121
45.2497
36.8611
31.9627
35.453
35.4494
34.541
52.4714
34.3309
40.1733
44.4442
50.6749
35.7077
46.6266
41.8092
42.5701
60.8448
41.6999
34.8806
31.9223
36.7782
43.054
32.7458
36.0583
46.5397
38.1215
46.6918
35.9376
44.1336
41.4134
36.0516
39.0579
42.1706
37.5983
36.6531
35.1762
37.799
35.0687
34.4778
42.5659
34.5976
46.6787
39.8153
44.3934
44.3079
39.6496
39.4671
38.7393
36.5428
36.1876
37.1632
37.5202
42.1285
39.1906
38.9384
37.9172
34.8132
42.2474
33.5615
34.6062
39.1954
38.9894
38.3809
40.8761
41.9919
42.3863
38.2497
41.9853
39.7406
41.5376
39.7592
32.9878
36.5545
38.3093
40.3016
40.7287
40.0873
37.5137
50.572
42.1117
34.6023
42.1994
42.8118
39.0104
43.2345
42.6634
39.3359
40.871
35.4015
39.8337
33.5382
31.6359
43.5638
42.3634
54.3204
42.1787
43.1772
34.1559
35.713
42.221
38.7528
35.4503
35.3234
32.0912
39.1092
45.4022
41.3425
36.53
41.7135
40.7069
38.3804
34.9267
39.9354
41.0323
34.4806
49.7141
39.3689
39.2292
37.7336
34.821
39.272
36.7049
39.165
43.8157
35.1234
47.9241
38.3501
44.9297
47.7011
42.857
35.2508
34.5091
37.9138
37.9454
34.2414
36.1494
40.5977
39.312
36.9378
37.5107
37.5602
38.3171
33.9677
42.1279
41.8079
37.4383
45.1674
33.4024
47.6297
41.1693
40.1161
37.9488
39.5989
41.9738
46.0949
42.6898
34.8013
42.7734
39.2313
44.1715
37.3074
40.1272
45.7776
43.9663
44.9269
34.6806
36.3208
37.4017
45.8158
39.0393
37.4681
42.0946
34.8319
38.1506
37.6581
39.9304
41.9155
36.4801
40.8926
43.0461
48.1631
37.2018
42.1868
33.5185
43.1087
41.0065
36.276
32.2393
33.4149
38.0914
36.3723
43.2312
33.0163
46.5325
38.8191
35.0576
37.2285
38.7959
37.6497
36.4304
39.3438
45.3871
34.5078
33.604
35.2265
41.8057
42.4836
36.6801
44.1609
44.1366
50.91
46.7595
44.9095
37.5198
34.2031
34.2042
42.7923
33.6434
37.6697
41.6197
37.8073
44.1228
40.0204
41.5567
37.8783
37.9947
37.8444
38.9031
41.1752
38.0163
42.7613
34.2706
46.0017
42.1303
34.7367
41.6346
37.1924
41.1432
36.3289
37.3211
33.449
35.175
36.0284
35.1606
44.5623
45.1307
41.4164
41.0883
35.3777
45.6166
35.3354
36.2355
36.0727
38.9878
46.3195
34.4973
35.6506
43.4413
48.968
46.1002
39.4112
43.8239
36.5219
35.866
49.1514
46.3253
41.4417
37.4889
38.4594
37.5713
41.5953
37.3732
35.8347
37.6699
37.3584
37.0967
39.4449
38.0958
39.8134
35.4095
36.2573
43.6097
34.7172
34.0316
38.59
45.255
47.068
37.5509
42.1797
40.3877
32.5294
45.7316
33.2591
33.4553
39.9827
39.8847
32.8786
39.807
44.1658
36.8231
43.5977
41.9529
45.7138
46.3963
36.7127
45.5631
41.0852
35.201
42.3943
36.2472
40.34
47.9137
32.7012
34.3292
47.1144
36.9155
46.5654
44.6976
32.995
36.709
45.6297
33.4272
38.6995
44.9399
41.9265
35.5006
35.7433
34.0489
40.4885
41.4359
39.2096
43.5156
43.4205
40.6623
32.0377
33.4785
40.2468
44.2502
41.2092
37.4115
35.5753
39.0576
50.1158
38.4485
33.4093
51.3626
40.3123
40.3764
39.3309
34.571
38.2038
39.0971
37.5218
40.4167
43.4728
35.5413
35.7381
37.5386
38.5531
38.1476
35.8332
48.755
37.3922
45.0837
35.7831
39.8373
39.7983
41.8803
44.1199
30.232
44.727
43.8423
37.1933
45.6884
36.0357
38.9223
37.8658
42.9266
38.8558
36.7734
38.2506
35.0962
38.8712
37.6377
30.6246
42.3215
31.9786
37.4649
40.394
37.8407
33.0472
50.6049
45.3868
45.4632
29.6462
33.2086
62.5056
34.8308
36.0837
41.4975
53.6382
41.0389
35.3876
47.0488
32.0924
43.5198
38.4874
33.0622
36.0821
38.2501
37.7374
36.5153
43.3587
31.8047
40.9951
32.4699
34.609
35.3072
44.9299
40.9535
32.8838
46.4282
37.6503
33.7306
43.3207
47.2085
51.1014
37.0133
43.9963
32.6214
34.1629
41.9096
43.1935
43.1894
38.6134
45.8547
40.6057
35.5937
43.0358
47.3788
41.6868
44.541
40.3516
35.0347
39.8683
39.1841
35.5509
38.8856
37.8199
35.0698
38.3607
52.3586
38.1251
40.0221
45.4194
39.6546
33.2634
37.9133
35.5219
41.0288
37.353
34.8196
33.2882
39.7081
35.403
36.5316
42.4246
43.2897
39.9432
30.2787
35.7327
40.2473
36.1919
40.7807
35.6368
34.7233
36.328
34.2141
39.9292
42.9627
41.3543
35.0173
36.081
32.1044
39.0014
32.8249
46.8286
38.3782
44.0338
42.572
46.6815
32.7477
39.9886
36.4696
36.1606
40.7782
40.4541
42.2496
38.9359
36.9779
47.8633
47.7886
44.8108
35.2074
36.0283
38.384
38.7042
43.7171
42.9749
36.1177
43.9991
41.5347
32.8227
42.5252
46.4799
40.1225
37.6448
42.5276
51.3211
35.8307
30.9616
37.1037
37.1833
40.4423
42.8408
43.3926
38.9006
31.4207
38.1899
32.594
36.1513
34.7572
36.4667
33.6511
39.0575
38.7699
42.6939
47.1112
39.3527
38.4282
34.501
34.6117
35.2093
32.3831
40.3082
33.6012
37.8075
32.2892
43.4624
34.4627
38.1978
38.679
38.9449
43.2031
40.5208
41.4683
41.7531
39.1012
39.2178
44.7008
39.2583
43.8811
42.0051
41.3549
35.0622
37.139
41.0502
40.0943
35.2663
46.5702
38.768
40.7483
33.8005
38.0638
43.4078
41.0769
55.4088
34.0474
51.2181
40.7401
37.8728
38.86
37.0023
36.3227
32.0889
48.9228
39.2728
38.6553
45.5289
37.9787
35.5198
35.9928
39.8478
36.3768
41.3171
38.1915
38.734
39.441
37.8821
35.4753
36.3661
38.977
35.1463
49.3176
42.0396
42.4767
37.21
34.5326
38.1899
40.0017
38.5887
35.8361
31.2647
32.7164
41.9619
32.9858
38.4975
33.9404
31.7727
40.7519
46.5134
36.7119
35.843
43.6956
32.9998
38.6312
40.3436
43.723
33.6361
42.3293
36.8575
33.7531
39.0776
40.6464
40.3973
47.108
32.057
33.5359
36.7336
37.9163
31.2472
31.3048
37.172
46.5314
37.8541
36.2143
46.5557
39.4363
46.55
36.7446
44.2383
38.5086
36.7143
38.0436
37.8136
39.3347
34.8302
37.954
36.5867
32.8
37.4802
38.2749
43.9726
46.1866
39.4285
38.438
45.5789
40.9939
46.6446
41.7113
63.2311
36.2468
37.6743
50.0555
49.5192
35.1793
40.9926
35.3528
39.8156
35.8082
38.8254
34.4707
44.662
31.3953
47.0895
38.5837
36.2617
49.3415
37.8387
40.542
34.2332
36.8885
40.3816
38.0264
45.1847
44.7946
38.6552
48.3813
34.1854
49.8848
36.1586
35.0806
44.6264
34.5594
36.296
38.8408
40.5485
41.3295
47.5078
34.5184
34.9466
37.7413
42.7462
35.8762
40.1484
47.896
33.474
42.0727
32.596
40.8338
44.1285
40.0527
40.4561
37.5934
36.7929
34.9564
35.6521
41.2064
38.0101
44.0323
43.5877
34.5696
37.2015
41.1654
34.8423
38.5247
34.9362
37.4038
45.8399
43.0578
42.6156
35.0496
35.647
43.7744
36.694
49.4074
44.6385
36.77
41.3061
42.3903
34.3545
41.8121
36.8551
35.0636
42.5767
37.1451
39.9165
42.5919
36.2736
41.8605
45.5844
36.6321
38.4476
38.0414
36.577
45.5287
40.2342
45.2839
34.907
35.4808
36.8924
36.6039
44.5098
33.7785
40.6208
30.6963
37.7013
40.0911
37.7228
51.0167
39.8242
31.7442
35.9591
42.6531
34.8375
43.8353
35.4073
38.0111
32.6817
46.6754
34.178
36.7363
37.8762
43.1725
45.2403
31.8565
41.7075
35.8807
39.5069
37.6971
34.1242
41.4233
36.3947
35.1635
32.86
46.9586
41.8602
38.8245
41.2617
36.728
29.9221
34.3948
42.293
42.9316
41.9021
40.8987
51.0017
43.9255
39.5969
39.2138
39.0755
37.1118
37.2786
37.7658
40.9835
35.5054
36.5902
41.3976
38.6875
46.7451
41.6882
33.4028
41.8555
31.4119
33.685
35.599
36.8062
37.918
33.1078
35.1145
32.0846
35.2264
37.5725
42.2132
41.0117
42.4878
37.9708
42.9467
54.1678
41.6095
52.6633
37.6996
34.848
40.0411
39.7794
33.5955
43.7093
47.3219
39.7463
39.3968
37.6946
36.238
38.3878
36.2226
36.6772
38.8646
44.1892
35.2579
41.6667
40.1605
41.4937
46.0933
35.6969
42.3512
34.3751
36.5382
41.2195
40.6492
40.9809
39.4656
49.1749
38.4004
48.031
36.4137
41.6931
33.4752
39.5813
42.8036
39.3036
33.5747
43.3959
35.6046
43.7663
42.9374
45.3132
39.1935
41.7253
37.332
37.4096
33.3254
34.867
36.0816
43.3632
40.7163
39.2107
36.0646
33.0346
35.9748
35.9574
38.782
36.9134
30.6434
46.0608
40.0249
37.192
35.6633
35.2567
35.9104
33.1793
43.2503
36.8208
45.2818
34.6843
45.7501
37.243
41.994
36.9423
41.9712
35.9591
39.7662
41.4082
39.1244
50.3733
32.6559
39.166
40.6751
38.7745
32.2228
33.7111
32.756
38.7731
41.8167
39.3401
33.1014
34.9367
40.2219
35.9117
39.7769
35.1728
40.5635
40.1578
33.3847
46.516
34.3309
34.2463
37.9561
48.7689
35.0973
36.6152
32.8833
36.1771
38.3105
35.3379
38.9597
35.4365
35.9053
37.0184
38.1114
42.6251
51.8276
39.7135
37.3744
38.4475
35.3412
34.3409
36.833
44.4485
33.3217
35.0063
36.1335
42.1539
47.5324
45.4142
41.7163
38.9194
39.4446
37.3358
36.5167
44.0422
39.7186
37.1332
39.0622
36.8862
44.8283
31.7712
36.267
34.262
38.0139
38.893
38.951
35.4927
33.0192
33.9975
42.8495
37.7894
41.2685
34.3587
47.2254
33.9402
35.0107
35.1943
39.6827
31.4908
44.6624
36.8896
46.5226
35.7113
39.2511
35.0684
41.8947
39.2236
36.2196
33.6709
36.3496
51.2547
35.4155
38.3544
33.201
40.2318
37.8824
42.1023
39.6679
38.77
39.1734
38.0918
41.5438
33.3457
34.1313
44.9867
44.7116
41.5803
36.8035
36.4094
42.1042
49.1348
38.2396
41.2951
40.9846
34.3363
41.9076
35.6015
43.1332
43.7348
36.8746
35.3052
37.359
41.4508
36.0807
32.6344
38.2453
37.0949
37.5291
34.1867
39.9631
35.3841
38.6867
43.9301
43.0945
43.2958
40.3856
31.6433
45.5803
40.4361
39.42
44.0661
40.1393
40.2516
37.453
34.669
35.5147
36.2442
35.5716
38.6819
37.7905
42.5274
36.1757
36.495
43.2399
41.0105
35.1757
49.6682
37.2217
41.0945
43.1657
39.9216
36.6357
47.5471
43.3704
40.4631
37.3095
42.9398
43.1727
45.6834
37.2018
36.5197
37.1693
35.8167
36.0289
38.341
40.8748
44.611
40.8992
47.3496
40.3887
36.6659
38.4822
30.9758
37.9332
42.6152
43.1012
38.6206
45.3709
44.2566
31.9566
35.4972
38.7593
34.2492
40.7464
36.486
36.4467
36.4735
42.973
35.5494
41.0779
43.4938
39.5695
35.7199
44.6958
33.3153
42.051
41.5741
36.8973
33.6207
38.2199
37.1373
38.19
44.9178
36.255
45.98
39.1999
42.1437
43.3574
35.3805
39.5386
37.5937
48.0457
37.7907
48.0363
37.2501
44.2659
36.7773
37.3881
41.9937
36.0098
37.2443
32.8062
46.2075
41.3684
36.3336
45.3833
43.2996
45.3543
41.3826
43.4809
39.6363
45.3581
43.8983
39.2352
49.2152
37.7312
35.1936
37.0166
33.7972
40.1079
35.2602
34.5508
44.7252
34.9027
51.2106
40.1472
38.5107
40.3305
40.4745
43.3749
44.1071
41.9989
45.4177
35.9451
38.1877
40.7653
33.3189
43.8996
32.8014
38.7872
50.7983
55.9462
36.3756
40.6842
40.5556
45.1932
38.645
34.6921
38.2574
45.0716
41.7863
40.7676
37.5216
38.7849
32.2156
45.3986
32.9356
32.0706
34.1059
42.1801
41.3506
43.0996
43.003
45.0591
32.7236
39.6915
31.5776
40.5851
34.9877
43.4267
38.5705
41.1805
40.1266
46.3184
35.6311
42.8134
35.0712
44.0299
39.2968
39.639
40.6155
41.1643
35.7795
34.5228
37.377
46.3215
34.693
40.03
41.8357
37.3231
39.3818
37.1411
37.6699
46.7559
37.4932
46.4765
44.3428
42.8459
37.8617
42.2022
42.2306
68.2788
39.8796
37.6224
40.1943
35.3244
36.1433
29.3666
39.3827
54.1834
42.0048
47.3798
38.7711
39.6864
39.5805
34.4119
35.3742
33.0621
36.4015
35.9116
38.4099
46.1257
35.7572
38.1466
40.2616
44.2975
32.9396
40.7943
38.1972
46.9255
39.0874
47.8039
48.5898
35.3816
33.9325
42.361
41.9376
35.8987
32.8687
48.0443
34.6072
40.6738
35.2723
33.1056
38.5794
34.9999
34.6014
34.09
34.7793
33.5278
39.0247
46.0276
45.588
37.9908
35.1236
40.7799
38.1721
30.1275
41.9619
43.2116
42.4421
38.5354
43.006
39.294
38.4863
35.6178
37.4438
43.7751
39.8543
39.8163
39.1718
37.5332
43.9134
44.7574
40.7506
50.4592
41.1404
35.1398
41.1057
47.3594
35.1311
38.3693
48.8938
35.0979
49.0819
31.0187
33.2578
44.6275
52.239
35.496
41.4933
33.5106
40.8785
40.6474
33.0451
36.4283
39.8691
48.7636
39.4304
35.7705
32.0211
40.9579
35.7175
45.2701
32.6055
40.1424
48.97
33.1719
36.3303
38.0691
50.9155
35.8488
36.9556
33.2035
41.6341
35.9773
47.4965
43.9652
39.2721
33.4588
42.4266
39.6432
47.8944
38.1684
37.1205
40.5076
37.6808
38.7805
37.346
36.9543
38.5443
36.5607
35.1538
39.9475
41.7759
45.9272
37.1717
36.395
35.3727
41.868
33.6189
43.9357
32.2742
45.1741
36.2277
40.847
36.0878
38.4014
37.3417
36.3864
41.1026
38.468
43.4966
36.6773
41.38
36.5344
38.8942
35.2836
40.6466
39.6761
38.2745
43.1284
35.4824
41.4222
35.6231
41.7016
37.7265
36.6097
39.1146
42.3458
34.2011
38.7224
37.9909
38.8908
41.8993
37.018
41.8257
33.98
41.5473
35.6428
44.2947
38.1786
43.5251
35.6248
38.3933
36.122
39.631
37.6994
34.376
38.7433
51.6518
39.6987
33.5889
38.2053
37.2641
39.9074
52.3179
37.1621
36.6115
35.6575
38.3793
40.4599
33.8297
37.6944
36.5706
30.7705
35.119
35.6035
45.165
32.322
35.3256
42.614
38.3269
38.2952
41.1352
44.6078
42.1801
37.4118
32.9761
40.4775
43.2252
37.6593
43.468
44.3309
40.393
34.1746
41.1634
40.7949
39.8729
35.6199
48.4709
43.9628
42.3887
33.8651
38.4842
40.7562
38.8984
40.8346
43.7766
34.127
36.4138
44.3385
38.4518
41.2597
41.9316
44.9182
37.3708
36.4421
32.6759
41.769
36.8772
42.7905
39.6001
42.8183
44.0525
39.3039
37.2326
38.7011
38.5061
43.225
42.2525
48.8983
41.3844
31.5683
41.1078
40.7416
38.629
41.2052
54.0347
45.423
52.7528
35.991
34.1728
38.4271
40.7958
38.5275
31.3434
35.0812
40.9689
35.3515
57.6007
35.2064
40.6954
36.8224
47.4034
46.0606
36.7767
36.7432
45.1554
35.1483
42.5884
39.9049
34.7162
41.3424
35.0418
36.0287
40.9913
34.7547
40.6811
39.2038
37.4408
39.3662
29.4915
44.2001
37.2515
39.6031
36.6374
40.8477
46.0728
43.7017
43.7776
38.5888
38.0268
35.457
54.6159
42.9565
42.1867
32.9153
44.703
38.1075
37.7802
38.364
43.3148
30.93
41.271
34.0221
39.1232
35.4618
34.7845
30.7279
38.6516
41.7359
38.0868
42.7617
50.4992
42.6132
39.6456
36.8535
45.5654
46.3228
31.4884
39.5068
42.7534
48.0504
41.3743
35.6876
34.0829
47.1962
41.3953
40.2639
42.9466
34.146
41.7701
32.2456
39.3978
43.6916
37.4391
43.3529
33.9291
32.7334
37.1877
34.5508
37.0907
39.8918
39.9823
49.8648
46.5042
45.9247
39.9004
37.1343
31.8522
34.6962
39.907
39.2684
42.0779
47.8894
35.9264
38.5149
34.7611
38.6246
30.8343
35.6728
39.0395
34.243
36.3395
42.1572
33.7752
39.3681
33.3112
44.3745
37.2254
33.4862
42.8303
44.279
36.1731
33.9845
44.5506
31.6322
41.5242
42.2651
42.8138
41.0662
42.5836
42.588
48.3615
38.2618
40.3949
41.5567
37.6251
35.0834
40.7552
47.3089
53.3384
36.6023
44.8738
34.396
41.7568
37.7249
40.8793
38.2789
42.2002
41.3967
43.0282
33.7146
36.3288
33.2173
37.394
33.8245
34.2583
35.7163
39.1974
40.298
38.9352
38.7982
41.1738
38.813
40.2066
33.172
44.5245
36.1855
47.108
37.8278
40.4076
36.151
38.9521
45.3889
39.9962
33.3557
40.4306
43.2854
36.0369
38.7063
44.5004
37.8261
38.577
45.2504
49.0502
36.8385
36.768
40.0113
42.8468
39.5253
41.8277
37.0747
32.9485
40.9033
37.15
44.4002
36.7232
39.0208
36.0253
38.5938
34.4351
38.8943
34.4963
33.2897
43.3802
35.0823
36.6831
31.4387
35.4598
33.2428
54.463
33.0678
37.3538
35.8345
43.3963
45.575
32.5538
40.1217
33.931
38.4477
37.8009
33.5819
35.3188
37.5943
34.0398
35.8353
42.1841
35.366
44.5426
37.3198
39.7643
35.609
35.723
39.8698
35.7875
37.737
34.9929
46.7657
47.9878
38.8382
37.1001
40.3495
33.3612
39.8817
38.1153
37.9699
51.1588
39.9901
40.4451
32.3361
38.175
42.1962
35.0164
44.428
51.3654
35.5586
36.1859
31.5874
35.5348
40.7365
33.233
39.8585
36.5779
37.67
38.1345
33.3645
35.1057
37.0418
46.2806
42.5423
44.5224
39.8643
45.4269
55.008
41.7518
38.5103
38.0451
44.7732
40.4629
39.5948
42.7266
49.7732
42.3455
32.0418
35.5309
44.6767
31.254
41.9696
39.4902
38.1521
35.852
41.24
36.9923
35.0576
44.076
29.1604
33.8493
42.2854
40.6811
39.6462
32.9511
38.326
36.9924
40.0826
39.2641
42.1966
42.6603
43.7859
39.2276
38.3699
38.1761
39.9406
47.646
34.6712
29.5193
36.2469
38.2423
46.5539
38.8205
38.5027
47.1261
36.3467
39.731
38.3703
36.3579
33.7006
44.5996
37.1682
37.6605
39.0465
43.5282
41.7324
39.541
40.5459
38.6951
40.6255
32.6196
35.7962
39.1322
33.5546
41.6778
39.107
32.2454
34.3756
37.9869
33.3372
46.9883
35.7359
34.5435
42.8803
38.9154
38.4985
34.3543
37.809
42.5329
32.568
36.2147
38.2415
43.9063
37.0131
33.8798
40.6816
41.705
36.0021
36.7948
33.6013
32.1792
35.4428
37.1999
40.9939
38.7744
34.4688
39.5822
49.9145
38.8453
50.8394
34.8308
31.3376
34.4532
38.3529
31.8991
42.1708
33.6833
44.7224
39.3825
42.3799
39.1985
37.7986
38.3524
34.926
42.5219
41.4338
38.6501
38.901
38.2906
52.3197
39.4686
46.5224
46.3059
36.7076
30.3314
39.9802
35.372
40.0124
34.2121
37.5245
44.4511
40.8739
40.1411
49.5022
37.2684
40.0075
42.8263
36.8332
35.1235
41.5593
37.8869
35.7501
39.4762
39.4055
44.2007
39.5145
35.5062
46.5034
29.3067
46.9524
44.2476
41.4578
38.5979
34.5874
38.5123
33.9125
36.5762
39.1044
34.3311
43.4767
34.2404
48.2312
42.6857
37.4535
53.1168
35.9234
32.6164
37.7817
35.0311
35.3434
43.5849
47.9745
32.0215
40.1937
33.6223
53.3728
40.1266
47.604
39.0711
44.7651
38.3862
52.3329
42.1941
43.5673
52.5773
38.7632
41.7409
38.7394
35.7985
35.3246
41.2476
42.8645
41.9444
47.4274
38.3015
36.7946
38.6941
39.6496
37.7148
40.2827
35.5372
36.7706
49.0801
36.2945
37.3396
43.8632
37.7509
34.2448
40.4506
45.3528
32.5846
37.0426
38.9456
46.0919
33.6376
39.7513
42.6462
44.4157
35.1981
39.949
34.6326
50.1666
34.3038
40.1851
43.7099
39.7047
45.4659
37.9773
36.3844
35.6106
40.1145
36.0154
35.3561
34.8907
42.3784
36.2467
35.8848
34.8674
38.2174
34.5605
37.8551
37.4159
32.1266
41.6996
41.8525
34.7998
31.7731
47.1589
42.9703
39.304
38.4294
33.4243
35.532
35.6706
32.9837
37.9853
40.554
34.7641
42.0173
35.2834
34.907
32.9456
41.4134
47.0002
39.4873
34.25
38.7793
35.2044
40.7979
41.1108
39.3206
38.8091
41.9302
39.6594
36.5019
38.4768
40.9591
41.0725
32.9552
43.8209
31.3006
37.1347
40.9711
45.0987
34.3301
38.9742
31.0624
45.4576
39.9275
46.9125
37.014
34.2235
44.3581
33.9761
51.5459
36.2142
39.6721
44.1224
40.3892
32.3093
34.7079
44.4487
38.2783
37.9508
33.16
41.4579
40.3764
44.4143
37.6352
44.8532
35.3442
52.1424
34.8728
36.6862
43.14
34.4381
35.8051
39.3052
48.0358
46.6704
35.6288
32.8207
36.391
36.1073
45.6859
32.8288
47.3424
38.3795
35.717
44.6774
41.6584
45.6538
37.71
36.4712
41.1957
34.7102
37.3497
35.7234
44.1091
36.7169
39.0837
35.9995
35.9477
44.729
42.2739
34.5935
40.6603
39.8362
35.2644
41.3223
33.426
39.8268
39.0206
49.3339
35.7026
39.4442
37.12
38.0115
37.0909
42.2579
48.5324
36.0177
42.8539
35.0408
34.691
41.6655
43.0895
42.5852
43.9573
38.7245
42.4632
38.1091
40.1722
36.5374
37.9273
37.1129
40.3811
38.0543
44.6034
41.6761
34.3887
38.3022
33.4203
37.7853
41.9283
43.6475
38.755
42.8521
38.0158
49.755
37.0934
45.1286
48.1713
48.8603
46.3451
49.6539
33.1994
40.2462
36.8539
41.2601
38.7318
40.4639
39.4346
37.6034
32.2759
37.8908
32.0084
43.0065
38.3506
38.7316
39.3461
54.066
37.4795
44.8636
43.7198
38.7964
31.3815
34.9355
40.1927
36.5327
42.1005
35.8647
33.0005
34.7997
35.4567
40.3895
40.8908
46.0138
34.126
34.5718
35.5948
38.3844
45.2195
41.0426
35.5422
35.8598
35.0982
34.963
39.5628
37.4221
39.0316
41.9898
40.1572
39.6751
35.1016
41.2698
44.0301
41.9261
36.4222
46.7913
43.0457
37.6136
37.9699
41.7323
36.2713
41.1812
38.5153
41.6492
35.9057
48.8614
41.2077
43.8519
38.021
39.5569
48.1327
35.651
40.3278
38.5455
47.0702
39.5804
45.1943
41.3793
46.1253
39.5024
41.5676
31.4521
49.7435
36.1103
38.7415
36.6145
37.7947
32.728
32.0407
42.388
40.0652
35.6024
40.6325
38.9157
42.3714
32.1728
39.73
33.8928
33.8581
37.2375
37.6468
44.8394
35.0722
39.4612
46.8093
40.181
34.0036
34.7167
46.3786
55.595
45.8975
58.595
37.5051
37.3874
37.7961
45.5006
46.8703
37.3471
44.6648
37.2458
35.2202
36.0128
42.3236
41.7335
35.9542
41.0519
35.4003
37.6662
38.5803
44.3325
42.8408
37.9591
48.1545
35.0465
36.5239
35.1128
43.752
45.7831
32.6164
39.1451
43.708
38.5749
40.2917
45.2749
42.5432
34.6392
48.108
40.8536
41.8559
41.0712
32.9484
35.5922
36.7874
36.2135
43.8349
29.1299
39.2518
41.0821
36.1044
37.3339
38.2768
42.7564
36.4532
36.0639
42.1345
45.0856
40.2779
35.5042
43.4262
46.8801
47.156
34.8244
43.5485
43.5052
48.2523
33.8829
46.9352
34.2014
39.8036
36.2991
31.3636
39.3018
38.4537
33.2151
49.8314
31.5454
34.0315
36.7431
39.4898
34.551
36.3153
35.4577
33.2904
40.5942
39.2711
36.9213
39.2704
37.2816
51.0946
33.9418
41.7945
33.7371
36.6107
38.4169
42.2499
32.9437
37.3871
40.3354
32.3717
42.3019
38.0676
40.5709
39.2685
37.8584
34.6345
36.2801
43.3568
35.4387
39.0875
37.4304
40.1859
37.0115
47.1658
44.4001
34.7279
36.0352
36.406
36.3472
39.5403
42.2476
39.1876
35.0688
37.0327
37.7828
38.3585
38.8671
42.6345
40.784
39.8888
43.515
35.5007
42.848
33.5316
32.4727
45.759
37.0973
34.2308
42.4629
41.927
42.3078
36.0507
37.349
47.8237
32.7877
39.3645
34.0446
37.8959
37.5247
39.0869
33.6054
43.0251
37.9905
45.6406
49.5867
40.8017
38.7356
36.6203
37.8262
46.0135
33.2726
42.0334
40.7496
38.5536
31.3073
37.172
35.5946
43.5916
43.5791
34.457
33.1516
45.1922
37.3369
36.8394
34.9487
38.2558
36.9138
34.7924
46.7272
37.7125
37.6279
33.4611
35.9556
37.6536
37.7732
46.5262
36.0408
36.295
37.4452
39.4139
42.5412
36.9074
36.9101
33.7805
41.9646
41.4018
36.503
46.971
39.5283
35.6637
33.4644
35.269
35.0754
36.0788
45.082
43.0067
34.4388
45.5986
43.1713
38.3933
29.7764
34.9336
45.2056
39.0219
39.4611
37.0427
40.4069
43.8463
40.538
37.7724
31.5235
40.207
35.2947
38.7621
38.1161
32.8619
39.9021
35.5178
46.0502
46.883
35.4254
35.8008
35.2203
49.4558
37.5784
41.3279
44.5394
36.1464
37.0519
35.6022
48.385
41.6455
40.0716
47.957
34.7216
29.1722
37.6294
40.5578
43.0938
36.3896
36.8787
43.1719
34.5637
38.0379
37.0038
42.4579
46.1532
40.8506
45.2748
40.8925
43.5987
36.6784
33.3813
45.6026
42.8213
42.3344
46.4561
34.645
38.6643
45.3653
47.0808
51.377
36.2119
37.5743
38.3402
37.7914
38.8923
37.713
40.7986
50.3448
46.3886
39.0503
38.6498
37.9767
57.1826
40.4237
39.414
37.3928
37.6702
34.0002
37.4475
43.1766
43.7944
43.955
41.8335
37.639
40.9468
46.6028
44.5982
38.8112
37.4707
37.0077
41.1625
47.7976
38.4706
39.7666
37.616
42.5753
35.1574
36.7733
34.9244
35.659
41.3434
38.4318
39.3937
41.7562
43.1328
39.877
41.3781
56.3775
35.965
39.4831
48.1865
33.107
43.852
36.1886
35.6615
36.7768
36.4518
41.1732
38.5837
33.4348
40.1094
32.8057
37.0672
37.9864
38.8335
31.0048
40.5835
35.1988
40.8033
37.2224
36.0257
35.9479
35.2644
36.7856
44.6834
43.3365
40.7257
35.8071
37.3223
38.0734
40.4507
49.7975
39.0495
38.8397
41.9512
36.7883
38.9594
34.9333
41.5656
37.8787
37.568
34.4849
40.6245
42.5749
39.9774
35.5187
34.7487
40.7291
39.8896
34.2778
43.3641
37.7031
34.7337
36.103
36.335
40.3892
38.383
34.4562
36.0651
34.0432
37.5907
36.0107
37.9422
42.0826
38.4383
39.1134
41.4045
38.1122
42.8046
42.2735
37.1045
32.1828
39.5656
45.111
37.8754
37.4627
36.609
43.2273
35.7293
33.4106
37.7194
46.4483
44.4498
37.727
42.7443
32.7742
41.3896
38.9285
40.55
42.1394
47.9852
34.3154
37.3768
42.1478
37.3524
30.6562
32.4606
34.4638
41.0518
42.7694
38.5621
38.9667
33.3207
36.6552
34.6364
37.5051
40.8063
36.4974
37.9744
31.021
48.4983
37.6616
42.1526
43.9029
44.8051
33.6667
41.2029
39.023
30.0065
39.2145
38.1084
33.815
41.9
33.4474
41.8085
35.3663
39.9361
37.6794
36.6742
34.1929
39.0873
36.6831
40.7807
36.0753
39.1751
41.7523
30.174
44.6225
42.2597
37.4893
40.2662
34.44
42.0841
36.7639
45.5875
35.4236
36.3259
42.0336
42.2054
39.9583
37.0893
46.2586
49.7222
45.444
41.6048
38.4524
35.0215
46.6971
38.4709
47.1977
41.4564
32.709
38.8596
35.7544
39.7138
38.6477
37.9612
42.3382
36.9557
39.2295
41.0109
42.826
37.5155
38.4107
46.7349
40.1877
34.9651
43.0499
35.8883
37.0899
39.1233
40.9773
35.4695
45.1439
37.6568
32.7308
42.6615
35.5231
39.7275
37.4399
37.2163
36.7492
38.3956
40.1008
35.4106
37.7951
38.7502
36.7871
41.4595
39.0421
39.0593
39.221
35.4888
47.6717
37.2919
36.1128
42.5592
36.8919
33.0648
35.5586
39.8832
34.3433
31.3793
39.7682
43.0677
32.3788
32.5539
34.6286
38.164
45.4792
37.5629
36.1197
34.9624
34.2804
49.9682
40.2476
39.5695
38.7683
38.4056
39.8637
41.2945
39.6041
39.5292
41.6479
39.9919
37.5189
39.95
47.1286
40.9612
45.5414
37.833
37.2299
42.0104
44.9751
37.1794
39.9806
40.4075
38.7898
32.6403
47.3661
42.2915
43.7617
34.1407
35.0642
38.6837
44.4238
40.3166
37.077
36.0335
36.4379
37.5231
36.3353
34.1236
42.6406
37.1182
46.246
37.8759
49.4207
38.7488
39.8449
39.7432
36.2131
41.9002
37.2173
36.9247
41.0016
38.4096
51.1036
40.8817
41.4431
37.5263
34.5257
33.2899
40.6167
48.3236
34.6403
36.1639
34.3411
35.4445
38.6645
35.2739
37.2407
47.2797
41.9207
36.478
37.2232
33.9126
35.1619
35.4949
43.3025
35.9967
36.18
39.3558
47.8542
42.8668
34.7491
45.5736
35.0709
31.4308
50.643
40.3421
40.2014
36.1381
43.0997
52.9124
35.4582
39.0544
32.193
40.813
36.2248
32.7882
43.0873
34.3528
31.2005
34.2934
36.073
34.1295
33.0951
42.4557
34.1005
37.5587
39.3618
45.9447
42.5671
38.0197
43.2529
43.989
44.1856
39.9428
45.6029
39.1993
36.4999
43.4789
40.2068
43.0769
40.9315
40.365
33.7576
34.6132
46.24
51.1229
38.625
43.7975
38.3777
38.8342
38.8581
43.0592
41.1746
38.9734
38.9774
34.7982
40.8023
43.0079
41.1577
39.2331
53.9018
44.1986
39.42
34.5966
39.3331
38.0745
36.894
43.5365
43.3801
44.0053
37.1957
34.133
42.1286
38.3892
37.6007
40.9987
39.0187
36.0138
44.2874
42.8068
43.4143
37.4883
35.5898
35.402
46.5984
37.8277
40.1009
40.2139
43.5546
37.6322
37.1417
44.6805
41.5686
41.7356
33.4997
44.0059
50.9285
34.8825
42.1162
36.5865
36.9444
45.3568
38.2432
35.051
37.9361
44.6335
36.9345
42.1225
50.8672
36.393
38.25
41.8949
36.927
46.9642
46.5945
31.5863
36.196
42.0519
38.0408
44.2263
36.1494
34.5561
37.4618
32.13
40.0307
38.4176
38.2572
40.7048
38.7854
45.3819
34.7597
33.0389
37.671
34.298
54.0725
39.4648
40.7242
35.1598
38.032
35.5759
40.2842
31.9346
38.0524
33.9445
40.2901
44.2211
39.6726
39.7614
38.8287
39.9918
33.4248
42.6957
37.6784
39.1497
40.2003
40.3721
34.737
40.0657
36.4077
39.0582
42.9961
36.6927
42.1254
53.9841
39.1628
47.6926
38.7922
38.3271
45.5709
44.8184
39.1578
42.3442
37.1925
37.1078
44.3594
42.5643
39.6137
31.0341
35.7528
46.0924
41.7985
39.1772
40.1755
36.5656
38.928
38.5857
36.9573
41.1893
45.0641
43.0864
47.275
40.1184
42.6839
35.1898
40.462
46.9384
36.1376
33.4954
41.749
39.6103
38.2026
37.5344
40.9453
43.7972
32.413
47.1042
54.8144
42.7088
38.6469
37.1528
34.531
39.8129
45.0319
39.3779
42.107
39.5251
34.6421
39.0554
33.9393
44.6191
46.4747
34.1185
32.4344
43.7755
34.6751
37.7785
36.8293
45.9055
32.3318
43.2721
39.9278
39.7555
41.6854
37.1622
41.5305
50.2089
41.6657
40.8977
35.9391
38.7585
43.5522
32.2004
32.8918
39.1345
38.0679
39.2017
51.2636
42.0619
44.6283
37.3197
39.5194
46.1869
34.3822
40.24
38.7137
38.7389
39.1308
38.8582
43.6093
34.1422
35.5921
35.6495
39.2905
36.7951
36.2237
40.6719
36.388
39.3191
38.9973
36.1478
38.168
37.1565
32.3534
33.9104
34.8859
45.4375
38.9276
35.1699
40.7343
33.7906
42.3874
37.9064
37.3396
34.7771
40.4137
36.8083
42.1436
32.1853
43.1554
44.12
42.3146
38.4151
40.4874
42.5347
44.4121
35.2885
33.6136
41.0651
36.1393
46.4179
42.1244
40.752
48.2228
37.2181
37.7375
34.4384
38.1996
43.059
39.7041
41.1984
36.5501
40.2326
34.9882
34.9584
47.4064
34.2294
40.1847
34.2355
40.1571
37.3483
37.7304
47.8676
36.7703
36.1858
39.7923
42.4976
43.1542
47.2539
48.9498
38.6983
44.3528
36.5922
38.5142
34.5756
35.2654
33.8145
47.8518
40.1466
36.2041
39.3602
40.8414
42.4747
37.6778
39.3562
38.7789
41.8226
35.3932
40.1135
31.3641
45.8993
40.4036
36.9026
42.9655
38.7281
35.259
43.5775
34.7769
38.3834
40.3862
36.5306
34.8992
42.5668
48.5713
32.5827
41.8983
43.8281
35.4815
48.579
37.4019
33.1835
56.4801
37.5382
34.1263
42.9059
42.1687
30.6918
37.6039
41.471
43.1846
35.6892
36.1696
43.6977
32.9529
47.0765
38.5362
37.718
51.911
38.2608
37.4901
43.2361
39.2951
40.8965
38.8055
38.325
37.881
40.856
42.9
38.9838
43.7105
33.0569
41.8223
39.4426
39.3072
36.3471
36.464
36.8481
38.4604
44.5381
41.8913
39.6589
33.8087
44.0702
42.067
35.8137
40.7425
54.5009
40.0784
44.5516
46.6627
45.1402
39.3629
33.4023
36.4267
42.6089
41.0452
47.1509
45.2652
38.114
40.9504
30.8891
38.1382
37.7488
35.2688
37.9476
46.0504
53.0583
46.7915
40.816
37.4486
40.429
40.2091
34.081
35.8732
47.9329
34.8221
34.4708
39.6108
37.9584
43.4705
40.0731
48.2869
45.9736
38.0346
34.2389
35.6188
39.2554
46.7009
36.4303
44.0806
45.881
33.4159
40.5116
46.8689
40.6275
46.2574
42.2378
35.7199
34.1469
38.5781
45.9961
34.7156
34.9043
39.9839
37.8453
32.8913
39.3831
33.1783
38.4448
34.1501
41.2646
41.5905
40.0384
34.8575
37.4001
41.6756
51.2478
35.4542
39.6156
33.253
35.4627
42.5354
41.8337
50.672
43.3823
37.7736
32.8089
39.4883
46.0296
37.2851
34.818
36.353
41.3581
35.1295
39.903
49.4268
42.0601
39.8733
38.687
39.998
39.2625
40.0778
38.3595
38.4281
41.7354
36.6936
43.9388
39.165
35.9282
36.9372
36.7951
43.1385
36.6069
36.8604
37.7345
44.9237
31.5366
36.6608
51.4483
37.2724
41.2504
36.2058
43.5909
39.2329
43.6915
40.0891
40.8202
48.107
43.468
61.3367
37.95
41.5409
34.415
43.9507
39.6791
36.7783
32.586
30.0105
32.8412
39.2767
34.8865
45.9698
39.1477
40.9264
37.5168
35.8452
41.0976
41.6771
42.7073
44.3229
44.2617
32.4376
36.9646
33.0517
36.0571
33.7162
33.4728
34.7497
35.2234
47.5523
34.0179
40.622
36.0858
42.0499
34.1252
41.6672
38.6987
33.7874
35.1681
52.123
40.1275
36.2382
32.5216
37.5064
45.7597
49.2028
38.8079
37.5065
41.3318
41.9938
41.6808
40.3918
34.3584
51.2243
43.419
38.7334
30.5966
42.9246
35.5899
34.4393
41.855
40.2604
37.7743
37.5055
34.6795
36.9404
42.1361
52.2396
36.3524
33.4395
47.5163
39.8032
41.9377
42.5668
43.2015
43.6022
41.9042
33.4038
31.7342
32.8175
36.9535
36.7672
44.0013
37.4488
46.4234
45.5877
42.3838
37.7981
45.1469
39.2953
40.5815
52.0339
42.6912
48.8
39.906
41.2525
39.3517
35.6401
47.7023
41.3711
43.3567
52.2089
44.9552
40.714
37.4949
38.8352
35.9958
38.116
44.5875
37.6524
34.993
32.8526
42.885
41.5159
44.286
38.5857
36.1978
43.9611
39.7837
37.0029
38.8714
42.8375
42.4376
48.614
42.2354
37.4935
33.0014
35.2901
37.9608
38.2442
38.2729
36.5622
41.5892
47.7751
37.4105
41.9319
38.6122
39.0165
35.8289
43.5365
39.4818
40.2793
38.3374
40.6371
37.2727
37.5153
40.3174
42.7993
33.6513
40.8728
49.5661
39.4231
33.0088
41.0877
36.8454
42.634
39.5198
41.5087
43.7823
36.8569
38.4635
43.6278
53.8516
38.0141
34.4324
46.0888
33.7775
36.2182
35.4844
37.3982
36.123
43.9568
36.8091
37.458
36.2669
33.9612
49.6842
45.6641
35.6935
39.1191
36.9466
38.9687
40.9768
46.571
39.9641
36.2811
35.9645
39.9509
35.2461
36.2988
35.6272
36.8722
34.4568
45.1114
33.1654
40.8241
42.5186
39.0779
40.6782
31.6854
38.6025
37.4081
44.5803
34.3351
38.783
41.4619
31.0991
37.2314
46.6473
46.4312
34.3156
43.3388
36.8822
36.2953
42.2798
42.2416
40.2451
38.9373
38.3664
36.3513
35.5884
38.3146
34.3236
46.5861
47.5237
36.9675
40.3749
41.9215
39.5505
42.141
44.6018
42.9488
37.589
36.554
42.9383
38.9955
31.347
36.9394
38.1642
36.0323
44.2018
44.6246
37.8457
35.6988
47.2328
33.8828
42.4367
50.5146
38.6502
42.3463
37.4581
37.8758
36.8823
33.6793
41.4696
49.2253
36.4238
38.3054
37.0757
37.6947
36.9534
40.2684
36.2472
37.1585
48.3446
35.4936
33.5133
43.5437
39.5026
37.7513
38.9231
36.9645
39.8075
34.8933
33.3386
41.3486
39.4559
36.8323
37.9856
33.3847
37.5642
40.8859
45.4621
33.6065
30.9937
37.0185
38.0567
39.3157
56.1865
37.0143
42.5718
37.6647
36.3135
48.6924
36.7404
36.1468
40.4422
45.6925
45.3744
40.0866
40.2387
39.9932
34.4405
45.1597
38.6617
35.0367
37.4463
37.8759
38.2824
41.1349
34.9728
38.9382
45.0718
37.5628
40.5886
36.0019
44.8739
43.2398
36.0881
40.4142
47.5728
44.8266
42.0604
46.9287
41.9758
39.2508
38.2836
42.5409
37.4369
38.6408
33.1545
45.5001
41.9259
47.1698
37.9089
37.9522
37.8703
35.3249
37.2735
37.4203
37.0515
33.3403
38.1291
40.317
37.1296
35.7033
42.5791
40.1762
43.8824
34.5472
34.5199
33.9015
41.6728
41.0929
40.3648
43.6799
32.094
43.1097
39.8927
43.3373
39.8615
36.5639
45.2956
39.9191
40.0819
39.8534
41.3432
42.9879
37.4609
42.6029
38.6172
32.7678
33.2694
49.813
42.0547
35.4974
35.434
35.0113
41.9464
36.9482
35.4744
42.7682
34.4695
41.7196
49.1298
36.0913
33.3039
38.9496
41.3497
35.7324
35.172
36.5266
35.5959
40.6685
40.4206
47.3514
41.3826
35.6057
43.4808
38.8495
39.7812
39.4308
42.5752
40.8887
37.7128
33.5944
35.3846
30.854
40.6129
38.0592
44.2436
40.7168
38.3563
39.5257
38.0571
45.1071
39.2905
43.7797
35.1807
39.4728
34.1138
36.7769
32.2148
41.4065
33.6878
41.4861
37.7643
43.9274
33.7396
34.9659
37.7557
34.1451
36.0319
35.032
38.4988
37.3724
35.8977
33.6627
32.9795
41.8549
55.7417
39.5899
35.8697
49.3705
34.0512
32.5372
43.7149
37.6301
48.5366
42.9054
39.095
42.0285
40.9369
38.2367
41.1612
39.9181
33.8815
39.4875
36.9296
36.1528
41.3482
38.1025
43.2448
49.8155
40.2768
35.675
46.7263
29.4742
33.4498
37.4479
38.1228
36.9714
33.7261
32.2327
51.2819
44.8414
42.3185
41.5847
32.6202
33.4671
42.1436
45.8216
46.7815
36.5056
40.065
38.0361
35.7149
40.6444
42.0779
35.7367
36.1877
36.2506
35.7015
42.8314
40.2235
38.1298
35.4846
33.6591
37.2413
35.2688
33.0145
35.7254
37.2307
44.307
53.4133
31.0286
35.1538
38.5997
38.2364
39.5079
36.0377
44.3327
40.157
37.3298
42.7094
36.1343
34.4973
32.6109
34.2745
41.1581
37.4235
33.6524
39.0992
39.2246
37.3004
36.5792
46.5678
42.863
37.6886
35.3127
37.269
31.159
31.2504
32.3038
41.8775
40.6163
33.7051
42.1642
41.0768
36.2738