38.167
35.6159
39.0545
33.7241
34.3991
31.4064
43.5723
41.9178
46.1186
34.0175
40.6803
41.2247
34.7585
40.6211
33.4965
36.0248
43.5433
40.1541
37.8525
37.512
43.4233
43.7324
39.7089
44.3798
46.1334
33.5874
33.8333
43.5592
38.6481
36.7665
33.0131
40.6745
37.9652
42.0969
36.4089
54.0318
43.1808
52.1224
40.4731
37.4073
42.2112
50.6229
41.0912
28.982
37.6038
39.409
46.1804
38.2826
44.9128
47.2421
34.7607
39.2331
40.5546
45.5813
39.1183
42.2898
32.2198
32.4608
34.1942
36.9254
40.6817
38.4627
42.0042
35.2414
41.1887
36.3855
40.787
46.6499
45.9173
39.6923
37.0401
42.6117
34.8746
38.5259
31.3909
40.4628
33.5921
44.3518
44.7169
44.593
39.5023
38.4254
32.7668
35.2533
43.7935
44.0362
37.7507
42.9043
40.5994
38.2678
38.6917
33.7344
38.7795
36.2338
38.7852
35.8774
36.0386
35.8036
38.4734
35.4278
39.499
37.8297
36.7558
39.7284
33.623
32.7024
45.6558
43.5645
46.4305
48.4366
49.2372
32.19
40.2431
33.1071
52.6918
35.9002
38.1966
36.555
43.1496
41.2269
40.3946
34.5514
38.147
37.6557
44.5931
33.1447
39.2512
37.0728
38.4657
44.6959
36.4372
36.3667
44.029
40.6372
34.3087
38.209
38.1503
39.2026
37.1116
40.9395
39.3594
35.3363
32.9651
37.2002
38.9805
48.6956
40.8391
49.1272
40.675
39.2461
42.0565
51.0155
54.4241
46.7354
33.4951
31.5902
38.5746
44.1165
37.502
41.4643
40.273
32.0785
32.9337
40.6392
42.657
38.399
34.5092
46.1455
36.0531
35.5485
37.8831
31.9116
35.9229
42.8726
37.5823
39.6168
35.9917
37.478
41.7175
39.8467
34.8143
36.2931
41.4859
41.3287
49.9971
37.3102
50.1713
41.0284
44.5384
36.5191
41.9909
35.0006
42.5502
43.2806
44.5412
36.3288
44.6932
35.5527
37.1305
42.7692
40.5323
38.4607
38.7384
42.0249
36.1751
37.1051
44.4126
38.3239
41.3583
33.231
40.0144
42.8429
32.9635
35.9478
40.175
36.354
41.3442
33.3829
31.8562
39.5745
38.5935
41.9221
41.8549
31.4939
41.1841
38.7228
34.7277
35.8803
36.5696
42.2201
44.9276
38.6329
34.2556
42.5942
41.3564
35.4652
35.053
48.5956
32.3904
29.9765
44.9459
45.6606
41.5391
39.79
42.7792
39.4308
32.818
40.3541
35.2933
35.1193
41.5021
41.8469
40.0384
36.8864
35.9043
33.6602
32.3589
39.2356
46.6689
33.6156
43.6496
45.7686
48.4699
32.4848
44.7847
39.1061
34.86
37.3328
38.3832
30.9529
39.4819
43.1236
35.7736
40.9203
38.7739
37.9025
44.6457
34.0818
39.1386
36.9785
34.5002
42.0902
46.528
38.5656
45.4239
50.61
38.5912
34.0523
38.2004
40.5005
46.5933
37.008
37.7063
39.7227
41.6908
38.4238
40.951
40.06
39.1613
41.6033
37.4592
48.8371
41.2183
48.1372
40.8423
39.0607
30.9741
35.5305
42.175
36.9187
40.9845
33.4673
41.1459
32.2887
46.3191
37.205
42.2595
36.3427
38.0339
38.7924
37.1252
39.6163
51.3838
36.4085
40.6924
39.0402
43.9399
37.8931
45.786
40.967
36.5163
43.7597
38.9938
37.6022
33.4234
45.0554
46.9503
38.2292
37.51
35.0521
37.5069
35.9013
38.5144
44.8559
36.2098
40.5889
34.606
40.878
40.7985
32.1358
36.2439
39.8912
37.2895
44.1372
39.4568
42.2223
48.8651
43.7217
45.2686
41.5444
35.1098
45.2589
41.7309
46.6388
34.9226
29.7843
47.7389
45.7829
44.5117
37.9481
38.2387
31.0675
37.4758
36.5915
43.9122
33.6993
37.0698
42.0332
35.3085
35.5238
39.5476
43.5975
38.5655
47.2152
46.9383
36.3767
44.5718
45.002
37.4161
31.6737
40.4213
43.2938
44.4946
38.4088
40.1725
37.0266
40.4269
36.8477
40.4572
44.4195
34.6958
35.1779
37.2141
39.7414
29.9809
40.7064
37.0227
40.5594
38.9292
37.5806
34.2843
43.7225
41.1121
37.5578
43.0534
34.0981
35.8987
32.2853
35.1383
32.5835
39.6264
44.0716
37.6753
40.3917
36.195
53.5635
35.4017
43.8204
36.6795
36.9878
48.5557
42.7674
33.9557
43.6174
44.746
39.6198
36.2568
35.5628
39.8982
38.7021
34.7592
36.9496
35.177
52.7456
36.6861
33.4677
34.9582
40.1302
37.4772
38.0764
39.8587
37.8747
44.2936
38.5731
45.8284
32.9567
40.7378
31.6907
37.1335
34.4694
39.2082
45.1841
42.3424
38.1842
40.1677
45.4478
37.6405
40.6601
36.7409
32.2716
38.969
43.445
35.5289
42.049
51.1503
34.722
37.1773
43.5489
43.6138
42.4589
41.4979
38.7558
36.9377
36.4175
35.9562
39.2514
37.6364
43.8743
38.1111
36.4631
35.2141
42.4816
37.516
39.1213
40.0604
42.4191
36.1043
36.7438
38.7071
37.5144
40.4092
31.6835
38.6433
35.9768
39.3258
42.106
39.0145
44.9833
37.265
39.6527
33.3361
42.5562
34.8118
35.7164
37.8022
31.1959
43.7946
39.058
41.1225
40.8171
38.0953
44.3349
34.7909
36.6498
39.7243
44.4865
38.0986
46.5604
44.6685
50.8646
35.693
41.7746
36.3525
35.8042
37.7199
36.0314
45.9916
37.9213
35.4046
35.5525
45.5718
31.0564
46.1048
42.3047
35.049
45.2317
37.2434
34.0114
44.6951
35.1757
34.0047
38.3592
35.733
35.2737
43.1556
36.6848
41.6055
38.9814
40.9967
43.1331
38.343
37.528
39.6542
38.0129
42.677
51.8512
44.2873
48.8356
32.8155
35.3485
40.9904
40.3402
35.411
40.1048
41.2325
35.9515
38.4742
39.9632
39.7897
41.5552
37.8073
41.9372
37.2606
33.0219
32.9348
41.5297
38.215
43.6011
49.0036
40.7135
41.7946
38.4465
38.0496
41.5388
42.1464
42.6683
39.4009
39.5469
43.7651
35.1711
34.6805
37.3894
39.1537
43.119
39.8239
41.3329
35.3599
31.5947
47.0254
39.4138
43.5554
48.4991
42.085
37.195
40.1444
48.9726
40.1014
45.8544
39.889
48.2067
40.7619
37.1386
33.796
34.5753
42.5552
38.4719
35.8557
41.3246
36.4715
40.2677
39.8667
39.5921
49.8059
46.636
34.2067
36.6786
36.6239
37.798
36.7192
38.6578
38.3316
36.3063
34.1654
35.7501
39.6203
34.5638
40.6656
47.3908
48.0912
37.2113
36.4925
35.2419
41.9152
36.7499
35.9758
34.6614
41.8069
29.1223
36.933
39.4031
40.0653
34.4466
47.9061
46.7365
38.0096
39.7642
39.2678
39.7553
37.9401
35.5984
50.9156
39.0175
38.1119
33.1066
42.9602
46.5491
35.2819
38.9089
41.229
42.2098
37.9462
48.994
49.1575
41.3157
40.4266
34.7168
38.4673
38.8538
44.8561
36.7549
44.1656
35.8072
48.2557
36.7597
35.7954
35.7522
31.99
40.3702
32.3556
39.0829
46.8608
35.3185
50.257
40.5481
41.8378
36.8951
43.3627
32.5125
34.4016
36.9332
38.9583
47.6902
37.7322
40.0971
33.7712
40.7625
35.4348
35.303
35.5422
48.5896
39.842
43.3206
46.4208
34.5892
32.0893
45.0058
35.09
33.1623
46.6234
45.7634
40.1632
44.5599
40.636
41.688
38.3092
38.8215
38.4447
34.2287
35.4389
34.4535
41.2685
39.3694
36.3257
37.5658
37.4776
40.5321
42.6397
43.2032
40.2701
43.0048
40.3469
29.8362
33.764
41.6921
33.0138
35.2272
37.1494
35.3083
37.0109
41.2248
33.7836
41.2719
33.0702
34.8031
34.4687
35.7749
45.77
37.9237
41.2501
37.1223
39.5615
40.3746
37.1981
38.2519
34.1825
40.1433
31.4779
36.3528
45.9338
39.1993
44.4512
47.4389
40.1402
41.0799
38.1139
33.8988
50.8422
47.7254
36.9422
46.4339
35.8991
41.6489
34.8888
38.3398
36.7434
37.8823
33.5489
50.9308
34.8925
43.5811
43.5945
38.4095
35.6482
34.8499
39.2409
36.7155
45.3055
45.001
38.5377
40.2078
48.3591
41.1647
40.5762
43.6471
32.23
33.5903
46.6119
41.0654
35.422
48.6482
38.898
39.4622
35.7982
49.4031
31.7534
36.4169
35.3935
42.3153
36.3774
43.0726
35.5198
42.0291
36.5036
34.4309
39.6515
51.6668
46.526
41.1157
33.8323
40.6493
36.1167
40.9759
41.1877
41.505
33.9103
31.9926
43.9751
36.2646
42.0695
37.1295
39.7399
36.6996
36.0804
40.7785
32.3504
43.8432
36.6427
41.9955
48.9306
36.1345
50.3961
36.4685
31.6927
38.9884
37.4438
34.2504
39.5398
38.4841
34.6703
36.5573
36.2899
41.4219
34.4082
36.6189
47.5946
44.2174
36.2231
38.5596
38.9007
39.6447
36.5977
44.6794
34.5083
36.2844
38.5652
38.0132
44.0887
50.8614
42.9569
45.9563
37.51
40.7119
47.9784
35.8782
34.6359
48.9162
41.8981
36.1722
35.3707
40.1213
40.5434
50.3021
40.6033
51.647
35.1462
33.5604
35.2002
36.3139
44.426
40.9932
30.5026
35.7451
40.5904
37.0879
43.6364
37.5103
47.9402
44.8725
38.9591
40.9255
37.0308
51.2474
39.0546
39.1326
38.7314
44.9656
36.0143
45.1513
44.6392
39.5458
47.5429
38.7836
35.6286
42.711
32.1659
41.6266
38.4805
37.2395
37.1406
40.522
39.842
35.7624
34.2526
33.9487
38.0982
39.5559
37.3997
37.7528
41.4745
38.1936
38.0568
37.8883
35.9979
47.5243
33.9821
40.2001
41.7591
45.1109
39.3339
39.5178
36.905
34.4183
38.1356
43.1975
41.8566
36.098
34.8708
34.7655
35.0374
42.1784
33.1769
44.8342
57.9548
35.8672
40.7614
39.1285
36.9305
43.3388
35.9751
46.1404
37.5918
47.3302
33.6521
39
35.1528
37.8818
37.6062
42.0412
35.2444
32.1487
42.7512
40.0138
41.6439
47.096
31.6287
36.1659
39.8885
37.0245
50.0493
41.5284
38.584
35.5006
42.9208
33.9496
38.1676
38.4003
47.5888
48.8176
33.4342
41.6204
34.736
37.2157
44.6262
37.3467
42.7061
45.9784
38.5562
42.48
39.8117
35.2605
37.3002
36.5726
43.3071
39.3603
36.5047
38.8155
35.3133
37.3708
34.6676
43.3809
30.7235
41.5455
35.224
39.6121
38.0674
33.9172
33.3057
33.232
40.9759
38.6134
37.2172
35.361
36.3001
38.1823
40.6704
54.1926
34.2387
34.1627
42.5184
36.3482
43.6266
38.2254
44.2873
41.1548
45.9158
35.2678
35.4447
36.4257
42.4964
41.0571
37.614
41.5517
43.4765
33.3658
37.7147
35.1754
32.5238
42.1169
41.1359
42.0871
38.9158
34.795
50.5626
37.9616
38.4646
35.0235
40.6878
45.6857
40.3772
40.8095
50.2697
45.0181
38.4712
45.3852
41.8129
36.7271
39.1185
34.2985
33.7721
33.1023
32.5103
38.7782
37.3728
43.8801
37.2475
34.617
36.6993
36.5041
45.9109
38.5043
43.0332
46.9886
41.4672
38.1064
40.5709
35.8645
34.1216
36.3754
35.4765
39.2382
42.261
38.2942
35.1976
33.6468
37.9638
37.3647
39.3121
37.8148
42.7211
33.5368
39.3132
34.9897
38.9366
31.9851
56.7571
37.062
37.0647
33.0173
40.6352
38.8276
41.2688
41.5543
39.1568
34.0124
35.9938
46.5681
38.9234
41.92
42.1833
41.2286
38.5013
32.5749
35.57
36.9335
40.4825
37.2308
41.2874
41.2526
40.2214
32.4271
31.3105
38.0852
39.844
33.701
36.2482
41.6292
44.7868
37.8802
36.4071
41.9223
31.6388
53.9817
41.0867
49.9053
37.724
41.7243
37.2961
36.9928
38.6945
33.5404
38.3007
42.7395
40.6328
39.6074
34.6213
36.1417
45.4193
42.2329
38.4865
35.7547
49.2051
36.8252
32.218
45.4566
40.5632
42.3477
41.9961
43.8243
46.0476
44.0786
40.4378
33.2085
36.9089
50.513
39.2637
43.073
33.4727
37.5618
40.2318
43.8609
34.5743
43.3568
41.9711
36.901
41.8988
39.9091
41.49
42.5924
42.7209
45.1207
39.9085
45.3143
44.0427
37.0377
40.435
42.721
36.0057
51.8915
39.3704
35.7405
46.8639
37.3822
36.6957
40.3266
38.5879
40.7279
52.3313
35.4614
40.4221
39.4615
41.4117
39.8816
40.2139
32.9496
35.8726
37.6011
37.1848
36.3085
39.0372
37.5351
48.4078
37.5417
34.5119
39.4559
36.5364
45.0361
43.7367
33.5646
36.4298
39.1349
37.335
37.5506
40.9586
46.3806
32.6435
40.8619
41.4469
41.2941
36.7531
34.8985
35.9941
35.3466
38.1634
41.976
33.5294
33.1108
41.1874
37.9672
29.406
37.9237
41.3054
36.7636
35.7911
37.519
46.3357
37.3655
31.2832
41.4588
45.6591
44.7257
46.1773
36.0681
35.9859
45.8001
32.3158
40.3062
45.8234
41.4459
44.1594
42.0902
35.2652
40.3526
50.5398
43.8945
34.819
40.3085
37.3288
34.9629
37.2361
34.0125
32.8625
38.4425
49.5008
44.1661
37.2925
42.096
34.552
37.4925
44.0329
48.7195
34.0317
38.0804
33.9192
41.895
44.2882
38.1825
38.4798
35.6363
45.25
41.0737
36.4204
43.7387
35.7694
41.5126
44.7736
46.9627
40.1501
43.7049
40.3251
36.4501
31.5063
42.194
37.2374
36.4694
35.4067
34.7219
38.4921
40.099
46.6244
43.8701
34.8017
40.7018
44.4839
35.6331
35.2235
43.1975
38.3928
34.8302
37.5877
34.4642
36.6466
39.5457
35.7216
44.7927
32.631
38.9795
40.5596
42.4229
30.7443
34.7974
33.3589
35.4676
37.654
52.9382
32.1611
47.5677
39.6858
39.1458
36.6788
43.0814
45.7547
54.6678
34.1676
47.1563
39.5529
38.7734
36.4795
39.1355
39.4686
40.9587
43.6886
40.5485
34.5272
36.6303
38.2694
36.0922
38.2314
41.5931
36.2764
38.5595
40.4651
39.4828
34.1444
35.278
42.1742
38.3352
37.234
41.0386
46.6638
38.6085
33.8876
40.4529
38.9322
39.9539
35.8378
39.625
38.9515
41.9892
47.5208
34.8219
37.1634
36.4863
40.2192
35.985
35.8382
40.8411
36.7443
35.3952
35.3159
40.428
38.9894
35.8669
35.6415
37.3382
35.25
39.3869
40.5729
35.0374
42.0734
34.6402
41.3139
31.2341
35.1037
35.2664
33.7591
41.5274
39.1324
35.9961
37.2443
40.5794
44.8295
34.8616
47.6864
34.7602
45.6758
33.4296
43.6822
39.6705
37.2303
37.7748
38.1376
39.6903
37.1393
37.1232
33.8551
34.474
41.7167
37.4158
42.601
40.5955
42.2875
41.2735
42.3695
33.8753
44.0906
35.799
33.5769
44.4376
39.5764
40.0717
41.1084
40.6425
37.5337
30.9925
45.1848
47.6448
37.0831
38.7866
29.0268
47.8615
50.4488
40.1447
51.1646
37.9454
41.1721
43.1444
38.1265
36.5721
42.5924
36.4066
30.4357
40.0997
38.7341
33.6499
35.0774
48.0801
43.3039
43.9183
46.8886
35.5714
39.1701
36.7612
34.5528
35.8367
33.3892
35.8338
37.2531
44.8538
44.3094
39.3049
42.7612
46.5393
36.9139
35.4216
37.1928
49.9088
43.7048
36.2577
39.164
41.5235
37.3761
42.5813
41.6096
32.7038
45.5679
38.2271
38.1834
38.3246
34.5622
40.5605
36.6734
46.5164
40.2474
37.1721
44.6795
36.6893
39.088
41.1808
38.4529
42.9406
39.2841
33.6746
35.6382
40.4413
40.9039
34.1797
38.371
52.557
46.103
39.062
41.3776
35.9296
43.3143
52.685
36.5488
46.0644
37.8641
35.2183
35.9793
41.2409
35.0229
45.4159
37.109
41.1915
39.9767
34.9316
49.7974
38.1219
39.178
48.8542
40.1142
40.1277
39.939
47.1562
34.278
33.7391
39.2782
35.5506
49.8687
38.4426
39.0474
37.7028
56.9299
36.3787
34.7758
34.4822
41.2845
37.7994
42.3785
36.1234
43.3041
36.6135
45.6367
42.154
39.1436
39.7288
36.7057
36.8085
60.2867
44.0986
44.7067
35.1729
42.8849
36.3746
35.8759
38.8488
35.1588
35.9873
36.0844
40.9636
30.8097
41.8515
42.0656
39.5578
43.267
35.2052
48.6717
50.3139
36.7398
41.8102
37.6274
33.6813
40.3423
32.6522
37.1627
51.6161
35.0249
45.0552
38.9913
32.8111
47.54
39.4875
41.1908
43.7491
37.1279
45.9805
35.6816
38.0545
45.4036
32.5961
40.4985
38.9879
33.4658
33.5994
34.0105
34.5745
44.0698
37.3594
34.4715
39.0738
32.6886
37.4889
49.8276
31.3559
35.083
41.9011
42.6915
37.0401
35.0342
44.0584
33.5481
35.6284
35.4494
43.2392
37.5039
35.8893
43.2276
38.6161
45.8723
46.2479
36.3629
39.7386
49.2319
41.1392
36.0924
45.8562
38.5821
38.6305
47.3469
43.7622
54.7741
35.953
34.2628
36.9527
36.5594
41.6408
58.9039
41.648
45.7064
47.6282
33.7057
39.1128
46.5537
42.4352
40.067
36.7589
41.3064
40.9823
51.3868
41.2927
39.8935
41.9391
42.2075
31.0719
33.1787
37.8414
34.1595
38.8127
41.2054
34.2297
42.3241
47.1178
37.571
36.6295
40.0354
38.3944
38.3783
39.9599
35.7103
34.3761
33.8214
38.4609
40.854
56.1873
51.6316
34.8969
31.1662
37.9216
39.0466
39.4949
35.8967
37.9352
34.4139
41.9205
35.6824
39.5609
42.9445
38.4796
40.1427
33.2236
31.0877
43.5641
35.7235
31.7603
43.4131
39.0107
42.826
43.9033
35.7673
40.2675
39.4266
37.0498
45.8614
40.4785
44.0419
35.0227
40.9523
42.5916
37.9382
40.7781
48.7964
39.65
39.4321
30.4676
33.8419
38.3042
41.5352
42.5187
44.0451
42.4018
36.1105
45.7104
43.0401
45.0195
45.549
48.7015
36.6269
44.1944
40.397
37.0921
40.6005
40.4233
43.7652
41.1717
35.5813
43.7276
42.9072
32.4073
40.049
43.1322
44.018
34.0786
34.1112
39.0865
44.573
42.4187
39.2896
33.0481
40.2827
35.5068
33.3738
43.2192
34.3527
37.0579
35.4674
37.4486
31.7986
36.8511
43.0839
35.8184
39.6465
37.3292
34.5372
36.9588
32.914
41.7723
43.9597
31.3825
47.5972
32.8396
33.074
39.6474
43.6746
38.4538
42.547
35.8196
39.2072
37.3028
46.9852
38.0765
39.7541
48.3181
43.2435
34.0339
38.8523
38.6774
32.4499
39.2847
34.8113
33.5208
39.7467
33.5694
41.041
34.8999
38.1421
38.4552
35.1454
38.0993
36.8382
36.2111
39.8512
35.5608
39.3368
37.5844
43.221
48.1752
37.1096
33.2008
43.0239
40.532
33.5619
36.922
39.8822
37.4466
45.2039
36.951
51.2532
39.5271
37.8424
38.3381
46.9773
39.5083
35.858
35.2865
40.9914
35.344
35.5785
52.8319
36.1848
38.3593
41.7004
43.0587
37.3905
33.6118
38.9061
42.1098
36.114
35.0355
41.5915
38.9475
44.5524
39.8494
31.6486
40.3636
49.8168
40.2054
38.5534
35.3974
43.6739
44.2491
48.4569
35.225
45.9057
41.2394
33.1422
39.4728
30.5034
32.3649
38.4944
37.6522
40.4649
39.3728
42.0981
40.9656
32.237
35.434
36.4856
43.3663
33.8208
46.6454
43.7608
31.4395
33.1833
49.9268
45.9209
43.9923
35.5567
34.7515
42.7201
33.3563
34.2297
43.5093
39.0572
35.1995
35.2291
33.2099
34.2154
44.8663
43.0343
34.4693
47.9486
39.1425
43.1959
42.8436
39.7751
42.0964
44.3067
47.0563
43.8226
42.5547
32.8484
46.3082
34.5814
39.592
39.6332
50.203
38.5052
37.039
36.5932
33.5845
36.8764
39.895
42.6997
35.6131
46.0523
42.6893
38.5137
52.582
36.3254
46.1061
50.3267
37.7982
38.77
41.1348
44.0244
49.2133
39.087
39.7921
40.8355
42.3424
46.9074
40.4846
34.4523
40.9372
49.7054
35.7663
36.5189
32.8763
50.3624
36.441
36.8421
48.1512
42.7215
40.9528
40.6921
40.1308
41.9095
40.5521
38.237
37.3062
33.0913
34.6229
43.2924
49.1087
41.3868
39.1949
40.953
30.7212
36.2831
51.3688
34.4481
39.8968
33.5462
42.2855
44.3512
39.9891
37.5287
31.9796
38.0184
43.1659
36.6326
34.7989
38.685
40.3932
43.3833
41.7543
31.3216
37.2026
36.8838
47.45
38.3966
35.5674
33.2564
35.1541
42.1491
51.2949
43.0845
36.8365
34.064
42.1559
53.0919
39.2351
36.1545
46.352
34.0466
34.4278
39.1522
40.9579
41.7869
34.9667
33.5978
40.1358
34.7433
34.8491
44.6122
31.4463
41.9235
38.2234
46.5833
50.1823
41.5159
38.8409
48.8517
36.9797
33.9404
48.2478
36.7371
37.5421
40.4315
36.801
45.2557
35.7491
38.0658
39.3111
38.1407
40.7522
31.2592
40.9505
38.2984
41.4264
36.9135
43.0957
33.7704
36.1465
41.4681
39.3474
36.6176
41.0879
37.0783
36.8028
35.8657
42.8817
37.3922
38.2638
41.0752
37.3625
43.9595
33.1652
43.4474
34.2222
39.8778
34.622
55.7572
56.7978
33.3037
33.3291
39.0519
33.6425
40.5066
40.5875
35.2913
41.4096
33.3024
38.6787
42.7892
39.5387
32.5196
44.0271
34.2695
40.2297
36.947
35.8561
37.146
37.2793
34.5122
37.4273
37.5433
34.6205
34.6428
32.1295
40.22
42.602
39.9463
37.1216
41.523
39.4663
39.3194
36.21
39.9916
38.6682
43.691
41.0794
38.3581
36.4364
33.9613
36.2741
41.8151
37.7993
36.1775
39.8279
36.4371
37.4409
43.0736
39.2637
38.7623
35.6404
34.9552
37.7428
32.8381
33.8626
34.1769
42.5667
40.8107
31.1554
41.0666
44.8087
42.7369
34.4583
43.2139
31.3711
39.1522
40.2262
36.6914
36.2769
40.5642
39.4686
42.0098
40.6849
38.5928
36.98
37.7239
41.6467
41.8535
39.8555
41.2448
33.0315
37.0278
37.678
44.9538
48.8499
35.8519
37.4759
36.1673
42.4618
37.1729
40.1208
38.9786
42.3994
47.4786
40.3392
40.9685
49.2915
55.8759
36.6876
39.456
37.9352
45.45
43.6375
33.9502
35.2292
33.0774
50.4485
42.2106
40.5139
43.7479
39.9072
35.9246
39.0259
35.6741
44.8109
37.6745
34.9103
38.6064
40.609
44.7436
39.5498
41.9564
36.361
40.6547
37.2963
37.1735
40.9036
37.4365
35.1166
39.3969
45.5981
50.5444
37.5405
42.1045
39.9113
45.4292
35.5401
34.6767
33.2016
55.7775
41.5956
38.8005
40.1512
37.2904
41.7116
36.2998
35.7893
33.7613
44.3153
46.7771
51.9967
30.7938
38.2928
42.9909
37.2795
35.8382
40.499
39.3559
43.3395
36.8339
35.8972
34.2205
36.6112
40.1276
40.3826
32.2034
47.5379
39.8486
37.8695
41.1104
41.5904
37.5452
34.5852
41.4619
38.7384
41.6227
40.8007
37.725
36.833
38.5627
40.0079
46.8072
35.4847
36.4313
40.3311
37.074
40.9111
41.5759
50.9375
47.3973
34.9681
42.8613
39.6933
42.5436
37.9487
41.3261
44.2206
36.534
34.1607
37.4594
37.2567
38.7987
54.9773
41.2058
37.6162
42.0127
30.6989
34.7517
37.6468
35.501
37.4039
39.0432
41.0413
37.5132
33.6164
35.8373
40.7291
39.4398
40.3611
35.0892
35.2565
43.6186
34.2674
36.1536
34.3262
37.5818
52.0147
38.0042
31.8885
40.3028
33.3051
35.026
41.2696
37.5063
37.6785
38.6807
44.0551
52.7908
38.5472
44.5092
40.4105
48.1319
44.3418
44.7922
36.3299
39.5701
47.4582
32.3326
34.1989
37.5723
42.4563
37.5589
36.4533
38.5323
43.0226
35.9927
42.8914
45.4877
33.4101
37.9677
41.3003
42.9483
38.4394
33.0837
39.1557
37.9439
40.017
41.6651
39.3242
50.6087
40.6543
44.333
39.0342
42.2401
39.7857
40.9465
40.8853
34.3058
41.528
39.8296
40.7803
48.2537
34.3541
50.721
43.5097
43.486
34.7726
37.0929
38.8308
45.7981
33.5681
31.9847
37.0606
48.4757
39.7614
38.8432
43.9719
34.6465
35.0253
36.285
39.4219
42.5188
43.2876
35.3288
38.1885
40.6235
34.4224
36.1255
42.077
35.3251
40.1341
38.7716
41.6213
33.5889
40.129
45.0474
39.7556
49.0413
34.4599
51.5647
40.75
30.8514
31.4175
43.2406
36.3915
38.0997
43.068
34.7176
41.6856
40.1151
31.6089
34.0005
43.0213
34.6842
46.9769
38.4547
34.6919
43.2865
43.2664
44.964
35.9095
35.4022
48.2731
35.7952
37.7017
35.4038
41.7362
42.9051
44.7892
35.0099
42.6321
35.2545
44.2026
39.8607
36.2854
36.8823
34.9839
46.022
40.2225
35.3708
40.933
38.3067
35.8879
49.7732
37.6594
37.3922
35.9979
38.6866
33.8859
41.6497
42.1008
36.4177
33.3698
35.1291
41.7956
41.2318
34.7826
46.4722
42.1322
38.8359
34.9644
39.4648
34.6132
38.7462
37.7055
33.1217
44.6857
36.5124
41.7536
35.4014
38.8123
40.7331
36.7311
33.5542
38.3262
40.9449
41.7554
33.7639
37.3486
36.5057
45.2541
40.5802
40.658
47.686
36.2888
33.2993
40.4415
41.3459
32.0246
44.6234
40.4705
36.8023
40.7066
40.2944
38.4395
38.3773
36.877
37.8761
42.6897
34.9976
36.6153
45.6014
39.3378
43.7509
37.2981
40.7255
49.0491
41.8042
32.8189
29.4083
41.9675
41.267
34.1102
36.905
47.5837
39.607
35.671
53.5082
39.0071
48.9021
42.2964
41.7393
38.0737
39.7202
40.4444
45.6375
37.1022
46.3969
32.8726
40.3658
38.2936
36.2639
37.7443
37.8671
41.5518
43.8428
33.6534
40.341
37.6274
46.7609
34.8888
36.6072
39.1151
37.5915
44.6114
37.8837
35.1867
44.9507
37.3556
38.4543
39.6827
33.7644
42.643
41.9326
36.9195
35.3873
43.5724
32.9451
34.7646
38.7506
44.7543
36.1911
40.2001
36.4415
35.5553
34.3779
34.9041
42.7915
35.3729
35.1908
42.1063
35.7138
38.0074
35.6325
38.0514
35.2069
49.3335
40.8943
37.2693
38.7287
39.086
34.8809
34.0227
39.2094
35.6048
34.7444
39.9764
43.9348
36.4911
45.8885
43.795
33.2828
35.2042
45.9824
36.3175
47.7456
42.28
36.7128
44.0357
41.1071
33.8837
36.5288
47.0395
35.8657
35.5149
36.7073
52.8234
35.3872
42.8621
36.96
33.5162
30.9435
44.7824
37.088
47.2698
36.7943
36.1383
37.9065
47.7859
36.2883
41.7245
47.5995
35.001
37.7107
44.9991
32.9665
30.9762
39.4016
40.4525
34.1427
35.4673
40.4851
40.3105
36.3593
43.8303
33.1725
40.4741
36.0377
40.9437
34.5234
41.473
39.3585
34.3196
38.3916
48.3326
46.1809
38.4684
42.3912
39.1689
32.5503
40.64
38.0229
37.0938
36.3149
37.7052
38.5522
41.779
38.4561
40.2777
36.1613
40.7196
37.681
38.3275
35.9996
56.6982
37.6163
35.4042
37.6485
42.1873
41.1261
45.5444
31.5155
41.9889
40.401
48.7876
47.1689
34.5326
37.8914
39.4363
46.308
36.5457
39.4832
44.029
37.4621
30.2497
37.0907
33.1343
33.8799
34.6796
44.1321
38.0875
32.9638
33.6057
42.1121
36.4056
35.985
43.004
44.459
42.055
41.7744
45.5438
43.6145
38.5111
38.9982
42.6864
36.9769
37.8997
38.6659
30.5744
34.8976
41.8112
44.079
40.1853
37.9151
44.5626
53.2849
37.6743
41.6533
41.3654
36.8997
36.5007
50.3025
42.4046
43.6449
38.853
35.8893
38.8602
46.328
33.9847
41.9597
33.242
45.2664
37.4087
54.9558
44.4685
38.6739
32.6891
35.1902
38.9934
38.7189
45.7081
54.0884
33.4552
43.763
51.0545
42.7267
41.7453
46.6578
36.4089
37.5468
44.9556
33.6266
42.5157
42.0681
43.4796
42.5795
35.4765
34.8642
40.3564
38.4213
38.9795
31.6018
37.0094
32.0166
37.6948
43.2967
35.3431
43.2424
39.1313
34.2881
37.8472
35.13
37.2026
51.1579
39.2213
43.6125
40.1316
38.4614
39.7012
41.149
32.8269
38.4963
35.8353
36.4947
38.8029
35.6701
39.7756
41.3098
36.7303
49.3747
46.5469
35.5608
38.1606
42.5142
37.5744
32.8913
38.8392
38.9159
31.7486
35.9192
33.3392
34.3835
39.2572
38.9225
42.2645
35.847
31.1678
36.1209
36.8309
36.2409
42.0294
28.1709
43.4821
36.7133
50.0819
42.0984
39.1484
37.3576
32.7834
40.3984
46.6558
38.7803
41.3092
37.3107
41.7373
38.2626
37.6965
39.0421
39.6984
39.133
41.3985
43.9675
37.162
31.7675
40.59
42.9558
34.1461
37.7114
37.0816
37.1312
36.2464
43.7407
37.5225
34.0791
35.9111
35.9084
35.0885
32.474
42.0304
31.4637
41.6513
36.35
42.1998
38.4737
38.9406
39.6777
33.1504
42.2803
35.6669
36.0232
37.6384
40.1071
36.8713
43.9802
35.4814
44.77
37.3379
46.8931
36.8282
42.3491
37.2404
42.566
39.2852
36.1683
42.4675
35.1087
43.8394
41.8589
38.1987
35.2677
39.1771
36.6578
40.2886
34.6613
41.3786
41.4673
48.5743
40.6338
34.5673
41.016
34.8969
34.5721
36.3922
47.4708
37.8008
46.5352
40.3038
45.0932
37.2707
43.6779
40.7847
41.8667
33.8049
33.5426
44.3948
39.5319
38.6013
41.1475
38.0853
37.1178
52.7405
47.3532
42.9836
36.1416
38.7431
32.3031
35.0039
35.2119
40.7262
37.283
39.2916
48.1187
31.8282
42.1927
52.292
38.4478
42.8864
39.6488
44.3434
38.657
41.9079
37.8494
38.5003
33.7503
42.0114
43.4707
33.2015
38.9403
47.937
50.6253
38.5499
37.9445
35.1832
33.5926
41.9473
43.9469
36.5013
37.2015
37.472
37.7676
42.7695
40.6725
46.3575
39.2294
34.5125
35.4652
37.5626
39.7585
37.9236
39.119
41.6388
41.27
37.3404
45.7114
34.7454
39.0115
46.101
47.6278
40.6722
33.5855
46.7827
38.3053
39.047
40.1531
34.8781
44.0378
39.4165
42.473
34.6491
32.7105
43.4796
36.4865
41.0362
36.6387
40.9943
38.9057
46.0483
36.8646
46.6895
35.9413
36.4194
35.0995
37.2204
42.9916
38.5308
41.8107
32.0903
43.0305
35.2279
32.7192
51.3045
51.1284
38.7574
44.8511
43.4437
33.412
36.5818
34.5724
45.215
40.4589
47.0973
45.1664
36.1625
39.5646
37.2707
41.857
38.0261
38.2251
37.7086
39.438
38.9188
38.0944
32.301
45.9323
41.6151
35.1051
50.3373
38.8832
40.9185
40.3525
35.4902
37.0171
37.5393
43.4371
36.1593
30.4301
38.6891
37.6654
39.4859
32.7253
30.5983
36.6265
44.2992
36.6146
37.5674
40.877
37.0892
45.0451
31.6628
34.4029
49.3633
34.2721
33.5061
41.2911
41.234
35.0971
38.3129
39.1189
38.4418
35.0564
37.3871
37.5447
32.1314
39.426
36.7907
40.1077
47.9659
35.0351
32.8308
35.6361
35.1792
42.9436
37.3428
43.624
37.6048
38.49
32.6822
39.7721
34.2152
36.2283
40.584
35.5865
38.5736
41.6996
39.9038
39.6786
37.4351
36.7042
43.5206
42.1422
34.2646
34.8919
42.4045
36.9219
35.8284
36.6566
39.6946
38.016
43.2266
33.9077
35.1747
41.1934
40.1803
32.6821
32.6302
30.0123
38.5749
33.6007
47.5758
36.8862
29.1225
44.3589
34.1773
35.0766
33.2885
37.7473
36.1853
37.4482
46.1065
34.1417
36.7036
40.7001
36.4814
41.1685
38.0125
37.1305
49.9693
40.2572
46.5304
39.2888
41.6215
39.3882
40.9993
41.73
41.1703
39.4658
37.7093
39.2316
35.5133
35.3539
46.0163
40.732
40.8179
39.5931
38.4905
36.99
34.8718
40.5788
48.2039
40.2826
36.0921
40.6574
35.5549
33.7672
41.4534
48.3224
37.9679
30.5412
36.3214
38.9564
40.988
34.2082
38.9523
42.4508
42.1259
36.5226
31.8387
36.8642
42.2752
36.641
45.7608
48.6922
45.2944
40.1511
33.094
39.8306
37.7355
37.4317
38.8266
49.2078
35.6947
37.2907
40.2087
39.8143
45.393
37.6152
38.6264
36.0123
54.159
38.7778
33.3948
36.2552
39.9243
33.8805
37.6036
32.1246
40.8941
39.2452
42.4948
36.8947
35.6817
44.6792
34.8955
37.7324
36.9115
30.748
39.6127
35.6919
38.8419
39.3884
39.1801
37.7702
47.71
36.3471
47.1832
41.87
37.2119
38.3387
33.1997
34.5762
38.1889
46.1996
39.5734
42.1151
36.8189
49.3482
36.4149
33.4232
38.8029
40.7762
42.1238
42.048
35.1263
47.2073
38.866
35.1489
37.6248
35.395
43.082
42.5584
39.3063
32.1021
35.2504
38.6046
39.985
44.7723
46.21
32.8
36.6859
34.6913
46.9924
40.7742
48.4897
38.0754
35.9627
35.2573
53.5082
32.6125
34.669
37.8992
43.3972
31.4323
36.5458
35.8953
41.5335
39.6377
39.7365
41.2302
37.2376
40.2897
32.9945
35.6265
36.2096
34.944
40.479
44.9647
37.0659
37.1142
43.7459
41.4864
36.4536
45.9961
42.5457
33.2294
44.4566
33.2803
34.0626
36.3232
60.7898
33.079
42.9853
40.2647
51.4799
41.9137
36.7907
41.2491
41.4726
40.375
35.6199
54.4652
40.7064
42.5884
32.2694
37.0011
36.2953
33.7164
42.5163
34.7721
43.7335
38.9783
37.7231
36.4074
36.2042
32.7744
47.997
36.2674
39.5579
40.6982
39.4343
33.7892
41.4092
37.3128
37.1748
38.3176
42.5647
34.4888
42.9669
41.1448
43.412
40.1553
35.419
36.2041
36.3003
33.9604
38.9089
41.4879
35.7889
35.2225
35.2045
35.1453
37.2835
35.7203
37.8385
40.232
43.1988
37.1906
42.5959
40.9283
37.8217
52.5058
43.068
43.1325
45.3377
34.1855
38.6831
42.6613
33.9218
38.6027
32.7613
39.3253
33.3354
43.3014
41.2146
32.39
34.4644
41.5005
38.9578
34.8974
40.743
38.0422
41.118
33.5465
33.6182
39.4933
32.5242
40.6667
52.6699
33.6628
41.1758
35.8446
32.5003
39.7909
42.9458
40.2003
41.3827
33.7208
34.6887
34.5447
43.7641
32.3743
41.4491
39.2213
38.1165
33.902
37.6679
34.4352
42.5669
39.4978
39.5384
40.1347
43.6391
39.4158
54.0492
39.0302
36.558
40.9386
43.9135
38.8735
46.7069
30.8985
42.239
42.4007
42.337
39.1023
35.9957
32.7451
44.9024
40.3445
38.9753
31.0084
39.7886
32.1348
38.1365
40.9881
33.3053
36.8996
39.7641
37.8
38.0623
40.7124
40.0794
40.6227
40.0388
38.974
48.9885
55.7076
37.4565
40.5011
44.2198
52.4187
35.2353
40.9936
34.2842
32.7605
40.3923
33.551
41.7921
41.7801
45.0148
37.1353
45.3004
37.0555
47.823
44.4165
39.802
36.7218
41.1857
42.0264
41.7595
38.6994
33.0529
34.5163
38.6509
40.5059
35.1893
36.8579
41.7777
39.6397
34.3217
36.8658
41.4968
46.9627
39.7977
35.091
49.3918
34.4728
31.7227
35.2837
35.763
38.6918
50.2007
39.2041
38.6676
35.9285
36.0005
41.5864
35.3438
36.8219
38.8307
35.6475
39.5985
38.4881
38.4467
39.1499
39.2579
40.0025
35.453
43.8484
37.5981
46.3077
48.6116
43.6232
38.9791
34.1526
39.7774
49.0829
41.2519
37.1352
42.3999
44.7499
40.1351
32.3968
38.1362
42.7641
40.0149
41.5345
42.3174
32.6461
33.4459
33.6511
39.3311
40.2045
46.135
34.9754
50.1777
36.4519
36.8309
40.1894
36.5802
48.5042
39.3442
42.2481
38.4624
42.474
37.2292
40.8057
36.7452
33.8909
35.3083
37.1074
37.5863
42.422
41.0122
37.0201
38.929
39.628
48.1718
39.0936
31.7601
37.8446
35.5002
35.5209
40.1931
36.0986
41.2075
46.3845
36.3379
37.8544
37.1599
37.3111
38.4259
39.1155
37.9083
40.6548
40.537
41.387
39.4277
36.3359
46.7835
42.0321
36.8011
36.3209
45.6947
39.2702
38.2293
38.2712
48.4988
37.2853
32.9983
36.5649
36.9512
38.1477
33.57
41.672
33.5084
39.597
31.9432
41.4996
45.3867
45.8544
35.6068
42.6069
36.9867
37.1025
37.3178
34.9966
42.9358
43.9437
38.3866
39.1272
36.1949
33.9469
40.0292
46.5837
31.6298
38.6071
44.6879
41.7793
46.0293
39.6343
41.8815
33.7798
45.8379
41.8011
50.7418
38.3388
43.5728
35.8794
37.2975
32.4426
40.1899
35.2923
47.3871
33.9543
47.0821
40.7471
39.7274
42.1753
43.4076
37.6544
40.799
41.0879
40.0729
35.3828
41.6051
44.6342
38.3376
44.3856
38.3857
41.2286
43.0127
45.0449
41.4322
35.0985
38.2699
39.9635
39.3929
37.2472
35.1444
33.7539
38.049
35.1043
40.3311
34.5689
39.4525
49.4429
33.109
42.7367
39.0641
51.6649
34.8145
39.1808
31.5867
44.242
40.2843
36.769
36.0686
40.9573
40.1681
44.0484
37.3991
43.9912
48.3374
34.9211
39.2638
41.0998
37.0149
31.8094
37.2442
47.5841
35.8217
48.5932
37.4772
36.9554
40.0713
44.0255
44.0205
41.1293
38.4492
45.0939
51.3015
40.1021
44.3715
44.9158
32.5275
33.7838
35.166
40.8448
32.3014
37.8029
37.3153
35.3247
39.5309
36.9337
33.3631
36.9218
34.5834
39.9117
36.064
41.0602
35.9264
49.2198
34.4504
32.9417
50.755
37.168
33.7687
38.6236
41.429
35.0141
38.8239
41.8646
36.5715
34.7071
40.4505
47.5089
46.361
38.3712
44.9137
51.7305
41.0341
42.8339
38.4418
45.7636
39.0848
42.7472
43.1318
36.6087
31.5012
37.9493
39.2373
35.2619
33.9745
39.6796
36.1514
35.3527
35.4512
38.8273
45.7462
34.8909
42.1446
42.7681
39.8169
36.4643
39.406
30.662
42.4394
43.4769
33.0131
34.1357
37.8882
43.6014
39.8395
38.4299
34.6563
41.7328
38.0962
33.7432
40.8431
45.8126
35.5618
38.2286
30.3347
36.7522
42.2816
46.6454
42.3643
39.0322
35.725
33.7074
40.6855
37.3468
32.9003
35.1113
31.2176
43.0363
37.855
38.5835
41.9763
44.4949
39.1016
34.6029
36.7235
38.2632
38.4267
30.2963
45.0989
41.9707
42.361
37.6764
44.8153
36.9209
42.387
43.2248
34.3381
34.3726
36.1481
36.2351
37.3729
35.3477
38.7768
35.6416
38.858
38.2591
49.0016
36.5694
34.1172
34.9407
32.4378
43.6181
39.2848
38.5583
38.6201
46.7139
37.4166
35.5003
37.8593
41.4916
40.4465
34.1878
40.2451
39.5878
31.3607
42.2071
31.1079
39.4405
39.631
40.8297
34.5892
42.3888
42.469
41.1937
43.3686
37.6591
34.8909
51.7938
44.7636
35.5824
37.5221
35.1258
54.3466
49.3433
35.723
34.6731
32.2883
48.7586
37.4939
35.5809
30.2787
44.4712
40.5271
41.2655
30.6249
52.1207
55.4347
42.114
40.7269
33.7806
33.4249
35.4768
42.7244
38.4167
37.5683
40.8062
38.3208
45.8347
35.958
39.9879
47.3305
44.9911
32.257
44.8203
36.4668
40.6733
35.6772
38.9661
32.263
36.8612
39.3699
34.9723
35.3452
40.7704
38.5977
30.7147
40.2989
39.1341
34.0098
36.3664
37.6107
36.7877
44.0264
41.9565
36.9688
47.1814
54.3924
43.268
37.0588
37.3823
37.3253
40.3732
39.9432
39.6665
44.6335
35.7056
43.7461
41.2888
49.12
37.1338
43.9367
49.4426
38.9339
40.1258
44.6345
39.5537
38.623
38.0547
40.4578
36.3744
38.989
39.1332
37.2757
40.1326
42.374
33.2347
35.6945
52.1628
35.3355
36.7099
40.0177
38.0264
38.2494
37.3007
44.9885
44.6245
40.0355
37.7025
40.4279
36.2806
41.5786
45.5645
33.613
38.4761
40.2769
37.5366
48.7521
33.9151
36.5703
39.4133
48.7081
38.2314
41.2348
45.5083
38.5038
37.9774
39.6733
37.76
35.0445
37.4364
36.0905
37.5085
37.4851
36.6668
32.7384
35.5403
44.2251
38.9423
56.276
39.8361
38.7794
33.6698
42.4193
47.527
37.7589
39.5535
37.0313
39.4773
36.2057
39.7106
32.061
36.0016
35.5382
42.3514
37.601
36.3359
47.9806
49.7258
36.6773
41.1532
32.7095
33.2223
38.7733
37.0445
36.4553
33.2054
41.1678
40.8536
33.71
65.238
41.7255
37.2818
41.0394
41.4542
38.6384
52.1408
39.9255
35.4252
43.1813
44.1164
44.6053
37.1524
36.7453
35.38
36.9233
47.1386
46.4201
37.3205
48.939
40.3751
41.1477
29.5365
34.4281
37.9363
35.0943
45.4966
32.1384
40.0971
38.5906
33.2601
38.48
35.5156
50.9782
46.196
41.3249
41.1563
48.2362
38.7692
40.3625
38.3826
34.7777
47.1638
35.4214
40.5649
41.1246
46.9997
40.1024
41.0508
32.1748
40.4439
37.3935
43.165
42.7243
32.0747
39.9924
39.3508
41.8872
35.9021
39.157
34.3183
41.0746
40.1477
34.3425
43.2606
41.9243
43.9714
36.6396
41.3456
40.0446
42.0972
32.9094
35.8567
39.2028
36.7466
36.2749
36.7765
45.3914
41.6132
37.619
38.7614
46.6882
36.7544
39.7882
43.446
44.4525
37.346
42.2732
35.9614
35.4125
43.4956
39.6423
40.2923
43.3679
32.5092
37.5568
47.7331
39.3007
32.6662
33.1513
40.4451
35.8216
41.5123
31.3529
45.0882
37.3202
38.8102
41.3879
39.3779
35.199
39.5456
36.9393
43.9288
35.5953
43.2428
38.6288
36.5658
38.7405
35.8807
34.2921
35.1742
44.2115
42.6677
34.633
42.0841
34.8596
37.9231
43.6999
47.0427
34.05
40.4544
31.7443
38.7089
40.3083
33.8121
39.6087
35.7794
38.1353
35.0935
33.7027
45.9189
42.3282
38.5899
40.3288
36.6087
36.3635
38.7814
34.309
32.0942
35.4282
32.094
42.103
39.1268
38.1771
42.352
50.2732
37.3663
37.734
40.9466
45.3879
41.9148
33.2758
34.5235
39.0194
32.0465
40.4215
38.8551
48.6046
43.9656
35.5586
37.9201
39.0819
38.3877
38.5705
38.7095
41.9041
36.3894
39.917
44.6098
44.6053
43.2539
35.8136
46.1246
37.2385
34.2188
56.6915
51.6411
32.7325
36.3641
37.0786
36.9386
40.3629
43.6431
38.6561
39.0363
38.3135
49.4841
30.7888
32.8658
44.1036
42.7947
41.4156
37.0263
48.1727
46.0728
43.7672
40.6597
37.6214
38.3287
35.7342
40.1826
40.3065
29.9245
42.7567
43.4648
34.0742
36.7256
37.3554
47.7021
47.4072
41.0455
41.7868
39.7614
35.7736
38.7674
38.0514
44.9985
37.6913
47.9312
41.5589
38.4429
43.1536
42.0323
37.2519
36.3678
41.3922
40.1578
37.5226
39.1152
43.8205
41.5857
37.8242
33.3201
41.512
33.1541
32.4682
40.0983
37.4207
50.2284
38.6522
38.8531
41.9165
54.2652
41.3231
41.5722
35.9968
42.5804
46.6177
39.1104
45.2408
55.306
41.2785
33.3343
42.6894
51.3183
40.465
38.3046
40.0554
40.2364
34.8341
38.756
42.8097
40.0299
46.0978
41.5356
41.681
41.7814
41.4527
35.3573
37.6113
41.8478
39.0052
37.7449
42.384
44.1023
42.9727
35.4886
42.5787
36.0664
36.8897
36.0754
38.5617
44.8484
34.9807
34.921
34.8126
40.6293
43.5131
36.3048
36.5244
40.2897
34.6115
35.9841
35.2192
40.7074
39.5552
46.521
37.6821
37.9012
40.4772
34.4272
39.421
37.7132
35.6708
39.3434
38.4342
45.1003
35.4227
41.7614
40.0308
36.0135
38.0748
32.6417
37.3768
38.6733
44.6903
40.1607
42.5831
33.4432
37.3509
36.4436
41.648
45.6557
42.3099
45.288
42.0975
43.3316
37.4299
37.3812
43.8642
35.4037
40.0839
54.2112
38.0306
40.8246
36.5285
34.9949
36.6103
37.2514
50.5695
42.5879
35.7738
36.6551
34.6031
35.1323
35.9227
34.3932
39.8956
36.8675
38.1902
36.6338
38.9185
39.5625
40.3704
35.7301
39.9499
52.9958
42.2634
36.2732
34.6837
40.1482
42.3184
42.3915
36.2234
38.3313
46.8488
34.2923
38.1619
37.9123
53.7046
36.6168
38.1477
37.9214
59.3191
39.4269
44.5087
43.0246
34.7741
33.9274
38.134
37.9868
43.3707
37.9592
46.4255
33.9405
39.7878
37.327
42.545
42.8543
41.5778
45.1855
50.8851
45.0136
44.2178
43.2179
38.0116
42.9219
35.0866
43.4079
36.5713
39.2936
31.701
40.2002
37.6119
33.4795
38.3976
38.0973
45.4403
39.5208
36.9133
36.0452
39.858
37.497
50.2367
32.2067
38.8313
38.5807
43.9151
40.0819
43.1444
34.123
36.9258
34.7501
41.506
41.9334
37.5308
36.857
37.99
33.079
38.6551
38.5307
41.5388
37.3329
41.0937
39.8147
39.3987
32.7467
33.9967
36.8735
35.7526
54.6067
47.4011
44.3998
39.6131
35.6385
40.3876
37.4169
40.2885
45.1583
39.631
41.6192
44.3876
38.6546
39.9734
40.4493
43.2174
46.4955
38.7272
37.0549
41.2009
35.4849
43.0013
41.0574
39.1529
46.5879
42.4776
42.4127
33.9245
34.4125
36.0143
40.8739
42.4642
35.693
36.4397
43.0422
37.624
47.2355
42.0431
44.9256
50.8959
32.9815
37.6643
36.0635
34.9261
35.1974
35.2676
37.217
37.7716
35.1169
34.7263
37.6639
42.4314
34.1827
54.891
37.7153
34.268
36.7355
41.1455
47.1395
35.042
43.3161
36.1533
41.3416
38.9314
46.6364
35.8756
40.227
46.5266
31.6583
34.0826
36.033
43.1549
30.3366
34.7161
39.0268
34.2771
41.7366
40.1983
39.1532
36.7287
36.3496
32.0987
41.8622
38.832
46.9792
45.0572
28.3981
38.1707
34.2302
47.0489
42.7176
36.689
48.153
38.49
38.1299
40.0457
33.4853
37.0668
41.1862
32.3263
35.8708
31.1035
36.2162
35.5126
38.2531
35.8847
41.3793
34.6632
37.5414
45.1121
37.5956
40.7433
44.0102
41.805
39.5724
40.0242
33.6352
31.2991
47.2092
41.1596
39.6919
43.5356
33.8037
39.3223
42.9526
37.8521
41.3506
34.3246
47.3656
33.113
38.8161
36.4533
39.6475
33.4123
37.2503
44.5845
32.534
37.9849
36.4274
40.6419
44.7645
34.2088
34.6046
38.2406
41.9129
46.1177
36.9749
44.1209
42.1777
34.6903
41.3418
39.9673
38.3089
34.3875
40.8599
42.1249
36.4924
39.7962
43.5271
37.123
51.9552
39.1841
34.1726
36.1777
41.5316
37.4654
42.0875
33.2319
35.0322
37.4536
37.524
42.0231
37.1424
37.8452
48.3568
43.742
34.6452
37.1878
42.1466
40.6953
40.3195
35.509
40.0524
46.6374
37.8511
37.3509
36.7323
40.8478
39.6367
32.4408
37.3209
41.6421
35.6115
46.3192
40.5263
37.457
39.5948
42.8552
41.8592
32.8824
46.0109
36.9567
40.1261
38.633
38.5866
41.9374
46.364
39.3347
35.9157
43.97
40.5908
47.8892
33.6278
34.8287
43.4822
34.8028
39.277
42.9923
37.9401
33.9762
39.6156
33.0825
37.0713
36.1903
45.5407
41.0785
34.6438
50.788
45.6119
32.7264
52.0006
36.0754
34.1398
39.7581
32.8478
34.1069
35.6244
38.4134
41.0895
41.4194
35.485
37.5341
37.9969
44.6652
34.1456
31.7834
43.2622
41.2739
44.7872
46.2883
42.1224
45.3763
33.6035
39.6401
37.2453
38.5121
36.9084
43.1798
35.6359
43.2036
47.7616
41.8408
41.1014
38.4326
39.3195
40.4368
33.285
37.78
38.0502
34.8173
31.8486
35.0707
32.1176
34.9176
43.5416
50.8046
40.737
35.4223
42.027
36.9851
40.5157
43.4254
37.2828
41.5858
35.2943
38.0091
40.4684
40.6178
37.7371
36.5116
31.3901
39.6626
47.128
47.7876
37.5208
38.7085
35.9143
36.949
40.0258
37.2096
43.8442
35.1855
35.815
38.3445
41.4469
35.0906
39.8478
44.0763
38.0709
54.6385
38.1618
36.2628
34.2956
52.2751
39.0919
35.2521
50.8866
40.2179
43.0559
37.5278
44.7867
41.3873
38.3117
41.5936
34.9305
31.9514
46.6567
36.0874
33.4328
37.8846
49.4368
41.6573
37.2314
34.977
40.1408
37.9452
39.2202
45.4352
43.1246
35.2148
41.419
36.0457
28.728
37.979
42.0399
48.4014
39.8977
34.7008
39.7592
42.692
40.754
40.1043
40.1064
38.8495
42.0436
36.1933
41.572
40.9436
40.301
43.8473
34.7696
37.3243
46.5136
38.1449
41.0276
53.0954
32.0857
38.5133
48.8151
38.4501
33.1273
44.3061
36.5485
33.1563
40.0337
38.5541
34.4271
34.6885
38.5586
42.5465
34.9218
37.0045
40.3153
40.7068
44.6682
41.4221
43.497
35.9742
39.979
30.3377
36.396
41.1069
36.0846
36.8181
37.6388
39.9909
45.8825
41.5009
55.0042
42.7802
39.0358
49.8367
31.4487
39.3665
37.4903
44.4181
41.3147
33.8592
37.9853
38.5867
35.9098
36.9949
45.763
36.3318
35.7218
41.8035
43.4171
33.5045
42.5436
34.3272
41.8367
38.4536
42.5034
46.5299
42.635
36.98
42.6385
37.4643
33.3882
44.3819
37.7921
33.5791
40.7778
34.4435
37.9586
34.9403
35.763
34.8762
39.2196
31.514
32.4658
44.0347
39.1002
50.2763
31.8355
39.2922
33.3217
38.4156
41.2047
35.5557
43.1229
35.9062
39.4101
41.0612
39.0864
40.7395
43.3978
40.7054
45.2479
47.5109
41.8412
46.5742
33.666
32.6874
41.852
36.611
43.6274
43.6106
46.8846
44.1816
34.8215
32.8846
40.9903
47.5014
45.9816
32.79
45.0371
47.2923
31.6389
40.2105
46.331
36.691
39.6772
34.5532
34.2397
40.6539
33.7805
42.8456
49.0357
45.2005
41.7236
41.3659
36.3602
47.6994
33.5458
38.5172
35.1464
47.3999
42.9155
43.7579
45.9117
45.9013
37.9591
51.0514
37.9133
42.2172
37.4821
38.1028
38.5712
38.0846
42.0726
34.5327
43.3983
40.987
30.6611
40.019
40.5715
33.6634
37.7168
35.2306
38.4769
47.2648
33.56
40.0574
33.9106
39.8991
44.6321
34.0792
39.5474
36.278
33.4223
43.0748
41.3908
45.3637
44.6434
32.7666
44.1326
48.1497
39.1841
38.0021
43.0364
45.8606
36.3557
46.0659
33.6903
38.7231
36.8615
37.1143
39.81
48.3901
44.0957
33.492
50.1238
38.6635
40.4659
37.3031
35.5938
45.7208
44.9293
33.3192
38.1809
43.3799
33.3753
50.1661
35.9571
36.7046
38.6699
48.5468
41.9685
40.7411
36.9891
38.4969
31.711
40.6829
38.1635
34.9022
38.053
37.1154
36.7047
34.758
34.1289
42.6106
39.2652
36.6201
41.9303
36.844
38.2307
46.1111
37.2525
34.2826
38.9576
37.1584
34.0129
57.9819
45.6422
48.8169
43.7523
49.5429
45.908
36.3815
35.1382
44.0422
38.7165
39.83
35.4366
36.5316
42.1727
42.9017
37.502
45.3177
39.1265
36.04
42.5605
38.4713
34.8584
38.1221
40.7
35.8928
36.0723
35.1296
36.5699
40.4031
43.7955
40.1699
36.6164
38.3398
41.956
38.0064
38.1138
33.0069
42.7276
38.3434
36.6657
45.6391
41.2701
35.5035
37.8745
41.8633
38.5716
36.295
37.8904
36.6523
36.1063
34.1784
38.4491
38.5137
42.8819
36.2868
38.1582
39.1636
37.9211
41.6834
37.2634
35.5646
43.5495
40.7357
49.4139
39.8191
42.0123
42.4662
40.9899
49.7528
43.4887
40.2991
37.5772
45.0639
34.9473
34.5696
33.3361
37.3593
43.8643
38.2747
39.8032
38.3344
44.831
36.0141
33.676
38.6529
50.7188
29.9848
35.5924
32.3628
46.4271
43.4933
32.5054
33.662
38.9191
38.0762
44.663
37.8275
40.3834
42.6138
39.4813
41.2176
40.127
42.3474
33.5207
38.3837
33.5913
40.4965
38.215
32.4816
35.7837
33.9648
40.0091
33.6735
39.776
32.9982
42.1981
38.7173
39.4483
38.181
51.6906
37.856
37.0854
40.4137
39.1141
40.3078
38.5805
42.1292
34.6789
34.4735
46.8122
40.9296
41.0087
38.2638
42.0813
43.7812
38.7463
43.4464
33.4993
42.2849
36.7117
40.3441
47.3688
37.708
34.9366
45.6214
37.2284
33.4859
36.8518
46.7679
41.7154
36.2166
40.1892
38.7076
36.4118
31.6387
43.8964
35.8141
42.4894
42.1143
46.4268
38.5918
47.2306
33.1679
44.8816
38.5625
39.6963
40.4517
37.5496
33.8365
40.9729
31.2122
47.2638
38.9247
40.7387
34.9317
38.7985
44.5293
34.0553
36.8441
40.0525
42.0844
48.5945
38.1073
38.1583
31.8427
38.7247
41.5533
36.894
32.2581
43.832
36.8627
35.8381
40.5488
47.9805
36.3823
44.7139
36.6649
43.4453
37.4634
31.5379
36.558
34.469
43.1807
40.5763
58.4628
44.9701
41.4929
38.96
40.2183
37.9159
43.8544
49.3456
34.1045
45.2603
45.1519
38.2439
38.324
34.3752
35.2141
44.9185
35.9368
40.8784
32.8004
35.5954
33.4674
42.5448
37.8468
37.9835
31.9347
34.5139
38.1277
35.4519
33.3341
40.0022
35.9648
44.9574
38.293
44.235
32.7372
45.9445
46.3492
41.2257
39.1046
41.8088
40.342
45.2929
35.3958
47.0467
32.5819
33.0011
34.9733
36.1602
36.4985
47.3224
46.867
37.08
43.965
44.9361
37.2505
33.965
34.895
39.6562
37.4816
48.7633
41.4559
45.4946
38.088
38.1506
42.9173
43.7535
39.6858
37.476
40.1432
38.9498
36.3198
35.5313
41.4343
38.9119
38.1409
33.9016
41.5698
37.9061
35.5041
38.8687
42.6336
39.2144
38.3015
33.3101
43.1853
45.6873
42.0637
49.0539
31.5239
40.8155
39.7469
39.9308
40.3662
44.4742
40.989
43.0182
44.8052
32.9014
37.7696
35.4591
39.2529
36.3914
44.0779
34.9017
33.3148
54.3171
32.2102
38.0291
34.3366
44.6782
39.886
36.0088
55.079
40.0463
34.0163
37.1495
48.742
49.9122
37.0377
34.0863
32.9959
42.5078
39.0444
41.1761
40.1784
38.2156
36.0541
37.826
41.27
31.8009
44.6262
32.9377
37.1653
34.1019
41.3009
46.7409
35.7972
37.8869
39.1831
40.3413
33.8963
33.4537
35.8412
36.0688
35.6559
39.0468
60.0723
37.7007
33.9699
29.7314
40.4406
39.8348
31.6761
36.5074
34.6352
40.9499
45.3121
35.83
31.5337
35.282
44.3979
40.286
41.7107
33.6758
41.2671
37.3025
37.1528
40.6889
42.0199
40.475
45.1437
41.8274
46.5449
41.7063
35.0512
38.9565
36.7522
40.2242
41.8096
34.6208
33.3944
44.2213
40.8322
39.0481
36.8388
40.0138
39.0875
33.2643
35.8824
38.2753
37.0726
39.136
47.0586
39.2489
36.7076
30.0222
38.3061
41.0968
51.5986
36.8154
44.3989
34.6966
44.7963
40.8898
40.9708
42.1635
40.9073
41.5895
37.7445
46.1215
40.6065
46.8069
40.9216
40.9679
39.6339
37.4853
36.0764
39.3393
35.1599
35.1289
40.206
40.9019
34.8466
36.4075
36.5306
43.6507
38.1996
49.3885
34.514
36.7906
35.9146
40.6895
37.6884
40.6734
38.7054
32.2124
36.5679
43.8453
34.9068
38.2638
39.4386
38.8608
39.9159
42.6611
41.0869
37.4594
34.2617
54.4549
35.2685
33.5282
37.4562
48.725
37.4447
38.0524
43.433
41.1059
43.0215
36.8356
44.0767
38.3018
39.0657
37.7469
36.2788
41.7166
40.2138
47.2406
42.1155
34.0113
41.1881
35.4583
33.1117
43.9695
36.532
42.383
35.3491
39.1603
37.5794
40.7056
33.9497
42.9549
36.8395
38.2198
53.1038
37.2525
39.1425
37.2863
35.9496
35.9111
40.2666
40.5226
36.527
38.5877
31.4215
52.9075
37.1191
37.0521
38.586
43.7536
43.2765
51.0597
38.3259
30.2008
42.2826
37.0316
42.0548
46.6251
32.6335
37.8854
39.7388
37.1976
53.5109
38.3021
44.6672
38.4294
38.8681
40.2461
38.2648
46.019
35.0326
31.1997
37.1295
38.9643
50.2627
50.1507
44.839
41.8247
41.5056
34.3858
34.3565
43.2117
40.4129
45.4905
39.3414
45.6987
43.275
39.8087
51.9236
37.2905
38.3509
37.7468
44.0049
34.6295
45.6223
38.954
36.8913
41.3193
37.8813
40.2716
41.8175
43.1708
36.0762
41.9274
41.6097
32.165
42.2235
38.1154
33.4885
38.2956
38.6365
35.5326
40.4959
36.5207
34.9601
42.8312
35.3349
42.8766
38.6077
39.9914
41.1179
39.8633
37.7247
35.7643
35.4766
36.123
41.9414
37.9182
37.462
32.7076
37.8695
40.6976
37.2643
38.6291
35.0781
46.9021
43.0619
37.6048
39.8605
34.3443
38.3249
44.9767
35.7412
36.828
41.4254
45.658
33.0614
49.2126
39.9629
36.9324
38.4377
45.1969
38.4401
38.1665
47.3047
49.1008
47.133
37.376
33.113
43.4289
39.6998
36.0804
33.5644
36.5581
35.0666
36.9706
43.535
35.1672
35.8734
38.6526
45.0706
36.0025
35.6473
47.4353
40.5238
50.8908
35.4079
43.0878
39.1328
34.1269
38.2037
41.2388
45.9956
37.7794
41.4712
38.1706
39.3383
34.8116
41.2767
41.1583
38.8444
42.432
30.8351
36.3876
37.6914
41.4297
38.068
38.2175
45.3453
38.3343
33.4355
46.9166
40.9478
44.7285
51.041
48.3212
41.1269
44.6104
37.2978
36.4297
39.8569
31.5686
40.3317
41.3052
35.6017
43.5325
35.8355
39.9088
36.3752
33.3967
42.1982
45.8312
39.6555
37.0685
32.5349
37.0118
37.5043
41.5198
42.1139
35.4159
37.5453
37.2589
39.3869
42.6644
41.5075
44.2118
45.2064
38.0712
37.0844
32.8034
38.5806
36.2894
34.9574
37.3981
37.3872
39.7436
33.4535
35.8786
44.4105
37.9442
36.686
38.4562
40.2607
40.7777
37.9825
40.2893
38.5051
33.783
35.197
38.8079
40.2157
42.0244
42.0422
37.6889
34.1522
36.9418
36.0597
37.0513
38.1974
33.5083
40.9694
43.3056
33.4587
47.1248
38.1156
40.7732
42.0011
35.3747
37.9181
38.0759
43.125
41.645
41.0879
40.0823
36.6816
31.866
37.3544
37.2641
33.7941
41.4262
36.7591
37.5472
45.1872
38.1425
36.9012
39.1605
33.6978
52.5562
36.8793
42.2281
38.6756
34.2252
42.9033
44.0815
44.3301
31.8427
40.1839
36.0186
39.8103
35.327
37.0808
37.8108
42.7768
43.3752
36.6295
34.1475
41.6167
43.9776
41.2231
38.1451
37.2561
36.362
44.4511
36.7539
34.2893
39.7028
44.0228
40.4881
39.9871
35.5681
37.0025
40.33
37.04
38.0823
44.1689
39.8927
34.3902
46.4523
39.1198
52.7865
34.851
44.1141
44.2785
41.6071
42.1085
46.4482
40.9387
41.4442
43.0331
44.6871
36.0685
36.7383
35.749
40.9607
36.7144
35.613
34.5305
44.7954
47.64
41.0655
41.1098
30.3874
32.9895
37.6444
32.0612
34.3769
36.0431
33.2708
41.4656
45.0967
45.496
34.7299
34.0132
37.1964
34.3864
45.1712
38.5848
41.2473
45.5525
46.7685
37.3001
33.7937
50.0107
42.8628
37.0532
34.1339
35.623
39.2545
38.1717
39.6607
39.3392
52.1485
37.1171
37.6883
37.5096
42.2032
41.8703
43.3083
40.0447
33.5901
33.7844
45.9386
40.9788
63.0449
40.664
50.7408
34.6663
33.3678
39.8077
47.3909
38.8627
37.7926
36.8052
45.9443
40.6796
38.4927
43.34
47.7719
32.0011
36.2866
35.452
43.7753
40.34
39.045
36.8737
40.3835
53.3306
47.6608
35.0628
44.6033
44.943
46.0055
49.6445
37.4696
35.7188
37.8261
46.196
40.9015
36.093
40.4386
38.1593
41.8505
44.6165
35.7522
40.3392
44.2974
36.6504
48.4396
35.7354
35.0005
40.6091
35.5885
35.4067
42.0107
39.7553
40.3975
34.9172
46.4575
38.2423
38.3865
39.8636
38.3901
42.2297
35.9853
39.7855
34.1537
31.2789
39.6414
47.0733
48.7056
35.3737
33.079
40.0382
35.0086
34.9041
36.9412
36.713
40.3774
33.851
37.8071
31.9012
46.2729
42.2603
34.632
33.8443
38.9782
39.5076
37.6607
39.7757
37.9796
39.3465
45.7702
40.1935
43.1564
38.6278
42.1034
40.1436
39.1745
40.4918
38.6321
37.8111
40.417
41.1456
36.6035
44.0952
36.7446
35.9826
41.5887
39.3756
51.1417
35.3659
35.7021
38.1803
34.9835
39.9532
37.311
38.4139
47.3695
40.3663
38.4524
28.8288
35.9244
42.238
45.5523
33.1752
35.3437
36.0172
39.9561
33.7137
37.7313
36.9974
47.6559
42.864
37.018
44.4508
41.4728
41.4338
46.225
38.183
44.2906
39.1161
38.3601
43.5991
49.3978
44.6982
36.459
40.4403
38.7056
35.7712
36.0112
45.603
49.7474
36.5006
42.326
41.29
43.2453
46.6898
36.9983
50.3305
31.6292
35.1071
44.9688
37.2029
40.4289
38.5821
38.7506
39.0161
38.3458
37.6287
32.3966
40.2638
33.5944
34.7189
38.3028
42.6549
37.5102
46.5204
37.9956
39.7632
33.7308
39.7665
37.1964
42.9962
38.511
32.7554
38.825
40.9065
51.9358
44.7427
38.9649
36.9738
37.0116
34.1547
44.7008
39.0878
42.696
36.7015
45.428
51.5337
43.1583
42.5197
40.4252
44.7141
44.3905
40.8036
37.0488
42.5636
36.0339
42.6752
47.1978
35.269
37.5602
41.851
46.3471
37.8713
54.7248
40.565
42.944
32.1329
33.3248
33.9412
35.0909
37.2156
37.2371
40.0934
40.9061
43.6916
36.8751
36.835
39.0573
36.1184
37.8285
37.6567
35.6665
40.351
35.4727
40.5912
39.9104
31.2842
34.5683
31.9777
32.1674
39.0527
34.2569
33.8976
45.603
38.9242
51.696
43.6504
47.1821
42.2503
44.4494
41.9947
43.0822
37.1457
38.8784
34.0924
40.7361
36.365
41.4789
34.381
44.4302
39.154
35.9849
37.7945
41.1359
52.6198
32.6211
41.5882
41.7693
35.9674
42.4992
36.4693
37.4488
40.0813
41.1094
45.1656
40.4653
34.6923
44.2148
32.6448
46.5802
45.9464
39.4063
36.8453
37.5206
33.3758
41.3156
37.0209
40.7011
31.9932
36.2824
36.9243
43.2168
39.672
35.479
47.1713
53.931
42.2697
41.7522
41.8731
37.3904
41.3376
38.0817
41.651
