38.4797
41.7337
37.5236
33.9344
37.0969
35.3711
43.0712
39.1344
35.4412
39.8516
37.0315
32.9142
35.6127
34.3125
42.716
31.6722
43.0528
49.5792
44.8976
34.5586
37.5309
37.4083
35.9537
45.0774
40.3359
34.3255
41.7669
42.7009
46.3915
44.7034
32.2053
43.1965
48.4656
41.7954
43.5748
42.2787
36.4839
35.0831
34.7056
38.5821
40.0141
36.1075
40.0432
32.4369
37.0199
35.8431
35.1751
44.1645
52.8121
34.0613
35.7321
45.7484
52.0169
41.9264
33.8268
35.9612
40.4367
40.5134
43.7168
40.4922
53.2941
36.146
42.4531
42.6754
35.4987
44.5375
37.9291
41.2258
37.2206
37.2424
40.4543
41.5678
47.8376
43.7818
38.2852
35.1122
51.6928
51.4533
40.4923
38.0281
36.8979
44.5751
36.4654
53.0751
35.7305
41.4699
33.8652
41.7542
34.5987
34.9969
38.9303
38.7025
38.6989
36.7384
37.5573
41.5819
37.9473
37.7574
38.7807
39.1883
40.1255
40.8133
37.6602
41.5594
38.4463
41.7665
39.1966
47.4445
36.6639
42.9774
38.7444
37.2118
40.5972
46.0573
39.6104
34.1614
43.519
36.3974
44.0286
37.2678
36.333
36.7465
47.5831
40.0638
45.7637
45.702
40.2081
39.9599
34.0107
41.6496
36.4084
41.0278
38.987
37.7088
35.6454
31.2666
34.0976
43.2063
34.2986
30.5536
37.4032
39.3873
37.7743
31.4466
43.4145
38.9431
34.9703
42.6158
41.7189
35.9368
38.5836
37.6675
41.0625
35.0558
41.1579
43.9385
41.4778
55.1356
38.7879
41.4424
36.5424
42.8701
45.5147
34.841
35.6804
39.2474
38.7401
34.69
36.3349
37.2327
41.4681
38.7464
44.1096
33.9508
41.718
35.0865
42.365
40.4515
36.1044
37.8104
35.7966
54.2324
38.9486
44.4823
34.2334
37.0503
57.0866
42.6868
35.9273
34.8181
38.0461
46.0836
40.6313
40.4186
39.1804
45.8065
35.4135
39.5776
37.5459
40.4009
39.9643
40.6802
41.4535
40.5376
35.2595
29.0983
37.9054
43.2613
42.1541
43.9564
37.7979
35.9418
34.1255
34.9447
34.54
34.5718
46.2916
39.3679
48.1979
36.4603
38.5743
44.5452
38.2856
36.0399
41.4147
33.9227
40.8984
44.3253
44.4
41.8279
35.3752
46.7261
38.833
43.1332
50.6472
34.8095
40.2045
47.3805
41.4613
52.0578
40.2018
36.2079
39.6888
35.5521
35.3178
38.1939
37.5397
34.9684
37.3606
37.6077
32.8709
40.1189
40.0954
34.6615
36.6705
35.5942
38.6205
40.1031
36.6479
34.4877
36.4183
31.4215
40.5939
36.4405
45.3142
37.4475
43.4694
33.8363
41.1108
39.3588
39.252
43.2045
39.0466
35.6923
43.6547
39.2585
44.0143
36.8512
37.8629
35.2248
44.3849
38.3016
40.1584
39.9478
45.9896
34.3614
33.8634
38.0257
31.2915
39.5431
35.01
42.0635
38.613
44.3452
35.0832
37.3519
39.5362
35.7386
36.5724
36.1273
35.1368
37.2519
41.1343
42.2075
31.9138
35.4279
32.7273
34.75
36.3225
33.766
38.9189
38.5325
39.7703
29.1323
40.1819
43.5342
50.7423
49.2776
35.904
42.7524
42.1793
42.2953
40.48
45.5127
32.4297
43.9153
43.8318
42.0691
49.7949
35.7005
43.8517
36.9453
45.8527
45.1959
38.0648
41.487
46.1459
38.2061
41.9611
36.7179
40.4442
36.964
38.8365
46.8196
40.0969
45.201
45.1729
36.9859
32.8488
40.9767
30.0377
39.9078
32.2349
34.5706
41.1937
34.2306
41.325
48.8344
34.5205
35.9911
34.4859
33.7276
33.9544
40.305
34.1398
47.796
41.8024
39.6581
36.1599
39.9665
34.1235
36.827
40.8445
42.6455
45.2494
42.381
37.3816
47.317
36.7118
34.3296
48.7315
37.3176
31.1022
33.6578
37.3364
43.3864
41.6514
47.6702
35.2016
36.891
40.4984
36.2945
43.5169
30.297
40.5024
45.2247
35.0261
39.376
47.4184
48.3238
44.0719
36.2266
37.5657
44.8155
38.2758
35.5542
48.055
41.8489
44.9579
38.0675
38.3371
33.5954
38.0798
40.3292
36.3843
44.7852
36.9976
39.3462
32.8806
37.5139
42.9252
44.9155
37.2461
39.6106
37.5122
38.7396
40.8124
38.8694
47.9817
35.2835
45.1391
40.7409
41.049
32.8021
34.2351
41.5868
47.1489
43.0412
35.0479
31.8913
38.4751
35.6348
45.6963
33.3522
46.6381
38.3071
38.319
36.8372
46.6085
31.4023
55.2779
39.8966
40.0579
39.3842
32.5907
39.8917
38.7204
42.4892
40.0178
33.6149
34.6042
41.5912
37.9701
33.0296
37.4441
42.5625
37.1165
44.3421
33.9133
43.6677
37.7508
39.3292
32.8338
42.7378
50.408
45.97
48.0595
45.6506
45.1842
36.0622
37.3974
35.7301
41.8119
40.2098
40.6803
39.9429
42.1388
39.1667
45.8058
36.5206
44.1407
31.5012
45.3058
35.0456
35.8232
38.5486
32.2776
45.0653
40.2417
40.906
41.4258
32.4804
34.5303
39.0132
43.2944
37.7557
44.2021
29.7586
47.1458
39.3799
39.7588
36.4781
36.5716
35.0515
45.3536
34.968
39.992
40.8393
38.3217
35.4743
40.1154
37.3269
41.4093
37.7436
37.3463
33.1975
37.8965
48.917
39.747
51.5011
36.98
37.6011
42.2749
40.0307
37.9125
33.5229
39.8046
39.6459
38.6015
43.2228
39.5744
32.8447
35.7968
33.244
33.6243
47.8022
34.335
34.8272
43.2179
37.9419
41.0283
38.9347
41.6869
34.3607
41.4653
41.7503
35.4827
35.4602
35.8888
34.5021
35.4503
39.4384
40.4372
37.7269
34.7281
35.065
31.1935
35.1021
33.9517
33.3804
37.8468
48.6455
40.4331
39.4211
35.4514
42.2403
40.8244
41.374
34.8946
41.6628
39.067
41.529
36.0113
38.8935
47.5481
34.6909
38.8754
42.3541
40.291
37.0141
35.439
38.2118
36.4838
40.2001
37.1475
43.6727
34.805
44.1367
39.9603
36.5117
38.2626
32.1911
41.7185
31.6929
39.4181
34.2285
38.1324
43.5128
46.1228
33.7978
45.3706
36.973
38.6409
35.4362
37.7138
43.3978
42.0795
41.3572
37.4515
34.5938
31.6933
39.6505
40.9655
41.3882
44.7218
34.2043
35.4661
39.0178
35.8047
40.1514
37.6743
42.1303
36.8588
35.1432
37.3583
36.8697
36.5365
37.2879
37.3951
39.1607
34.6744
43.4766
46.4816
32.1128
37.3715
42.7015
44.1732
38.9208
43.8543
35.4594
38.9628
34.8737
33.5269
42.2542
38.8921
45.1107
34.6333
48.9416
38.4767
35.5647
35.6959
37.3622
38.6883
46.6422
36.7636
35.0367
33.2918
40.08
41.7948
34.8343
39.0545
37.7234
34.3801
41.0824
33.9821
34.4989
36.0988
34.8547
40.2382
35.3877
42.1779
37.6439
51.4518
44.7018
35.6407
37.1115
38.3609
40.3374
35.3938
35.6537
37.7487
34.8169
36.0682
55.5977
48.3765
34.5476
40.5744
41.886
44.5918
43.6474
39.8002
39.88
48.6614
41.1051
39.7434
38.1461
34.1435
30.6416
46.9134
40.476
43.8277
40.5069
36.3496
44.1184
42.4517
47.185
39.3947
38.292
38.9655
42.023
36.9603
40.4213
44.2112
45.0108
39.9519
45.7601
37.1456
33.2751
42.0782
35.1526
45.6408
40.4871
37.512
39.7391
40.4144
45.1741
34.2832
45.2692
38.2965
38.5828
37.7082
43.4497
35.9122
37.9187
37.4631
33.2815
45.218
40.5838
44.1226
48.7605
34.6281
36.6183
36.4266
40.9271
41.3727
39.0972
38.9024
30.3282
35.246
36.8488
36.4948
34.4596
32.8644
36.4163
37.0487
38.3831
42.2766
35.8369
37.0931
41.1266
52.8302
38.1557
44.3192
32.9293
39.5272
36.338
40.5333
38.6698
35.5147
45.4949
35.5601
36.9054
50.4628
53.4663
40.4758
38.2316
36.4973
41.7823
50.3919
38.338
36.7696
31.2585
46.0866
40.3821
36.9779
46.7559
32.9956
42.4345
50.8539
47.1076
35.9267
34.7136
47.446
44.6629
39.0496
41.0597
46.2842
30.8371
39.8245
39.5686
42.3011
36.0682
45.8389
41.0759
39.8506
45.6515
40.4724
30.3087
44.9155
37.2028
41.8582
40.4592
35.6466
34.7455
38.3294
41.0425
36.4713
41.3438
44.4394
41.38
41.9351
36.5275
42.6893
36.4618
40.694
44.0005
41.7021
43.0838
40.0391
51.0393
43.5149
42.1354
44.1583
36.4684
38.694
41.0414
46.1795
36.3921
37.2469
35.0298
42.1498
33.3147
33.9084
41.2393
44.0255
33.0157
43.0318
40.7354
44.3485
40.5112
45.2637
35.6159
37.5487
39.8507
33.4083
34.376
38.2472
34.4066
40.4854
38.0076
37.4821
39.2365
36.8538
34.8111
50.5079
41.2487
48.3104
35.1437
41.7218
36.7986
37.325
34.14
40.787
37.4046
41.8697
37.0495
39.1746
42.7868
39.0723
36.0437
42.809
36.537
44.0551
37.0714
36.6247
37.3536
45.2953
37.3537
34.7373
35.9773
40.7646
44.1572
35.2443
44.9811
43.1637
33.7915
45.4553
41.0739
39.6945
36.0253
38.4094
36.7511
46.0031
43.2173
35.5968
36.9747
37.0928
49.8657
37.2785
42.2534
48.4069
37.0335
43.8103
39.7577
36.6119
37.0267
30.8679
34.1168
42.3334
52.1988
41.6231
38.0328
46.2743
34.0332
34.7539
39.6967
32.2516
33.3215
34.1428
39.266
32.9303
38.1535
42.2951
43.1951
36.316
46.2431
35.7086
45.1937
50.0126
36.196
40.2645
43.2113
38.4561
41.317
39.5921
32.8502
36.8818
39.7363
33.0276
40.7211
36.4203
35.4538
40.3536
38.6493
32.8588
39.1848
43.046
38.2325
39.1839
43.1166
34.0557
41.3175
36.174
44.8404
39.7003
35.1166
38.8199
44.4321
40.6201
40.002
34.8041
33.1321
40.5936
34.9278
40.2215
35.3909
50.041
33.7923
48.491
38.4481
40.3382
40.9435
32.9802
36.8285
36.3401
40.9971
36.3222
40.3473
40.8464
39.3149
33.7505
35.9553
38.1694
38.2592
39.0825
43.086
41.3574
39.3156
46.9655
44.603
38.9506
38.5364
38.0808
43.6488
35.6103
35.4435
34.0614
42.3611
41.8036
38.6377
40.5134
36.3926
33.9974
39.9861
45.4591
39.9545
35.6908
36.7884
43.1349
32.3946
39.1918
39.396
41.1015
39.807
36.459
35.1783
48.3054
35.314
33.6753
34.5441
37.11
37.9856
48.6867
33.3106
47.8572
32.9149
38.9587
34.4468
38.6987
58.3591
40.434
40.9668
35.3792
37.7307
48.4745
39.0204
36.6433
36.9404
46.0137
48.3966
40.8281
33.8921
39.4228
37.0817
36.0658
36.9135
35.6351
46.9142
41.2549
46.4217
43.0397
38.8283
29.1777
45.505
37.7648
37.1033
35.842
37.8411
43.525
35.8379
43.5587
47.3524
38.8435
40.6839
41.5947
49.4461
39.1698
40.735
37.5142
37.9949
39.1384
56.255
39.4811
42.3564
39.4146
40.1076
36.9064
44.1824
41.3169
38.5624
43.4788
43.2207
37.5646
40.0431
40.8812
36.7478
45.4368
42.4436
37.7106
35.4279
35.7806
44.6091
35.4833
32.1798
38.2244
35.3001
37.2366
33.0989
45.5844
41.2507
43.4677
39.0457
33.8199
34.6854
38.1919
38.9496
35.0181
37.2817
41.3569
34.8985
37.7198
41.7769
33.681
38.043
43.612
40.3541
31.967
38.779
35.836
40.0826
40.7405
38.5463
37.0857
43.0284
37.5937
34.7083
41.0521
40.0552
37.6828
36.5318
35.8502
42.2411
35.8323
40.8963
50.5383
34.3862
46.6219
44.64
34.3675
43.0503
43.2689
37.0352
34.4853
42.5486
42.3204
34.7127
34.4383
43.6849
38.4171
57.0042
33.7636
49.7656
36.1764
35.1673
43.9457
31.7682
39.3627
41.322
34.1835
29.8794
33.2691
35.7956
34.7505
42.4715
38.4168
40.8561
32.5016
36.2834
40.4366
41.4725
36.2673
40.3769
41.5676
35.6262
34.7164
41.0486
38.1127
42.794
40.03
41.1022
36.5046
39.4146
36.2893
42.5805
40.4539
46.0899
44.1487
43.9158
42.0211
37.1736
34.3594
36.6783
37.2098
35.666
45.4913
42.0838
36.2697
38.7317
40.4602
41.7813
48.07
39.1965
42.1156
39.5657
36.4766
44.2717
36.5727
39.9088
40.8823
46.1759
41.5381
33.4341
36.1834
33.4555
38.1153
44.2347
38.1588
39.0976
35.7405
36.9288
36.2939
42.5374
42.0212
43.1084
37.2865
38.7801
40.8892
38.1602
41.2678
40.9833
33.3253
51.306
31.0179
33.0503
40.9683
36.0219
39.8504
36.5643
38.1717
31.7198
38.6309
51.0311
38.6741
40.5683
44.3166
35.7806
34.9487
37.9897
34.7209
37.1103
43.0171
42.5746
42.8462
36.432
40.3815
34.1882
48.9773
35.3198
40.2996
39.8267
37.8686
37.2209
43.0104
43.9905
39.1753
38.9592
32.2457
36.7664
34.7283
41.4744
38.2791
37.798
38.5837
36.948
43.2582
35.6996
37.7772
45.1651
42.768
37.7143
36.0719
39.4524
45.0539
38.5026
36.0618
29.7414
38.8744
36.5198
40.886
42.3908
39.7389
37.2413
35.2774
37.3664
43.6018
48.9666
36.114
40.5128
45.0423
38.8492
45.4484
39.2204
46.2128
47.4216
35.9644
36.416
53.3016
37.6174
44.4866
45.4882
41.9303
34.648
35.2726
40.3231
35.8486
39.4894
31.9083
46.8676
36.0613
51.7229
48.6093
33.5696
37.1859
41.4099
41.705
39.9397
52.0825
38.8688
44.3719
36.1121
54.5735
36.3998
42.0473
41.0236
41.2605
36.4672
36.6489
41.0982
40.9293
38.374
48.7174
37.4109
37.0668
36.3415
34.8513
32.0182
35.2352
41.9351
30.8149
34.2139
32.9287
33.9294
36.8563
39.8322
46.3116
51.4192
48.6446
47.8652
39.9011
48.4776
36.5964
36.3443
36.9352
37.674
30.5774
40.2283
33.0015
35.9364
36.0508
42.2394
39.1421
40.6394
44.13
40.7058
35.5813
39.9109
39.7966
40.3744
40.6129
36.7382
35.1742
34.5711
34.5448
38.1956
33.8937
42.3146
37.8491
36.0764
36.9296
43.5481
35.4056
40.8566
41.2154
36.7877
48.044
44.3601
42.2813
38.1064
38.0978
37.9975
33.4686
37.8716
35.5772
29.6388
51.6245
44.5081
50.5092
37.2687
47.6816
44.6335
31.8137
37.5102
59.9871
39.1817
45.9299
42.6464
36.1653
35.8828
43.5668
36.8784
50.3495
31.9082
38.8812
40.4295
40.8023
45.7624
39.5235
46.518
36.6277
35.7626
36.8975
42.4886
35.9437
40.2779
41.6966
43.2474
38.2578
41.5142
34.2545
43.7131
46.6287
44.8794
41.0345
34.9231
49.0143
39.549
43.2399
43.4388
40.494
31.5418
35.6112
37.1466
49.7698
32.3185
36.7592
37.7457
36.826
42.6868
37.2957
34.0023
42.2725
37.3047
39.1433
44.4385
39.7466
33.9797
36.8993
32.0027
43.1852
48.6004
37.3203
35.4482
41.6156
38.5784
41.3488
43.2731
33.3869
46.2809
37.5255
40.1828
36.3678
37.6931
48.8525
34.0233
48.9144
38.671
39.8584
33.5626
36.0686
50.9169
38.2032
39.0754
34.4246
38.0534
41.8516
32.9317
33.6894
34.5915
36.8254
37.2061
39.8569
37.8358
34.0204
41.1036
38.6009
54.8082
35.8063
40.0454
37.8901
35.5987
36.1462
32.4192
36.672
37.7745
38.4248
34.2479
38.3397
37.1897
31.6109
41.2136
34.3928
37.9728
37.866
42.5697
44.3983
54.1718
37.8999
42.9631
39.6417
37.3677
39.6149
48.6861
31.8633
36.107
39.4191
37.7165
35.4933
42.2434
35.2684
39.4242
34.2175
35.8116
37.4359
42.1252
42.2274
38.2016
31.8921
47.2557
43.4383
48.7954
39.7309
34.6307
35.3983
43.4393
37.2555
40.7639
46.9593
35.2095
35.5603
33.8428
33.1029
42.6795
33.4199
37.122
36.7602
33.1969
38.8813
37.7263
41.5009
32.1503
38.9462
47.8563
45.6122
38.8156
38.529
40.0544
39.5658
39.795
42.7057
34.8793
32.7539
38.7463
38.4268
40.979
35.9711
40.3869
53.9266
37.6919
36.8214
50.8952
44.1197
40.6371
41.4266
42.492
45.06
41.1718
39.3754
43.0592
39.3985
33.1576
40.0137
40.1195
38.6353
37.6987
37.7079
31.681
42.6424
32.9774
37.0697
36.8197
35.7315
37.6994
38.9265
32.7173
40.6372
32.6387
33.6883
37.5638
44.4914
34.1147
35.6396
38.4561
37.0851
39.848
38.1284
42.8062
40.851
37.5872
42.2082
37.3937
32.1125
42.9404
46.7436
37.2908
36.0349
39.0545
38.7556
36.5604
46.3485
40.9951
54.7993
33.8275
35.0479
37.3393
43.4239
42.3178
41.1528
39.7725
36.9471
45.0027
32.4102
34.882
34.0971
36.7128
46.3567
33.1641
36.0225
41.1265
34.7477
40.7145
36.781
45.8632
33.2203
40.641
43.7104
35.4067
37.2382
45.6259
33.9013
41.5352
32.9921
40.3208
40.3035
44.0396
44.8917
34.706
46.6733
35.8979
36.0673
40.1115
37.2149
37.3885
31.7804
45.4033
37.6069
36.6565
33.4298
38.219
30.9491
37.137
45.9805
40.5166
35.8156
38.054
38.4582
38.7719
47.4339
35.8333
40.2167
30.5493
43.0657
41.3236
40.1038
35.1342
38.4782
37.0099
34.3657
41.899
36.8282
34.2838
42.5962
42.9603
37.7669
38.2819
33.3723
38.6592
35.2483
37.8492
40.6394
32.061
50.0016
43.8816
40.7207
38.2323
40.2163
37.4007
45.7983
38.356
47.0698
38.0374
39.3197
46.6826
57.556
34.7727
37.421
44.3912
38.4532
38.4754
46.4547
38.4151
38.436
35.5
35.9523
38.5068
39.1053
53.438
42.6236
43.2085
36.0971
38.0356
39.4651
53.4434
42.1207
41.7071
37.346
39.567
42.7826
45.2206
40.5061
42.7889
41.976
44.3386
33.7574
35.5079
37.2716
34.9218
43.9599
37.1311
37.2948
39.2312
41.2798
42.1081
39.506
46.4049
41.3384
38.8115
37.6971
39.3347
50.5385
38.3645
33.2759
46.2901
36.4679
48.7888
33.5113
39.9251
36.4846
45.6313
38.6988
38.7157
43.0015
39.6943
31.3087
35.313
41.7199
38.3217
39.938
37.0436
34.4966
36.3963
36.5565
40.3462
33.0749
45.4097
38.5449
33.0535
35.3547
42.8653
37.5805
35.6092
47.4713
50.7973
44.0296
51.4003
38.2955
40.1391
36.1372
37.4446
44.8069
38.7264
34.0854
41.9879
37.2322
34.0606
37.4671
38.1182
34.7174
39.9195
42.751
37.266
38.973
43.8737
41.0763
47.1892
36.7522
36.0996
39.2027
36.7978
32.0524
40.2773
45.9485
37.4497
41.7607
42.0927
33.502
37.7403
39.4146
45.824
49.1205
31.4142
44.185
43.0684
34.1767
54.7061
40.3065
42.8265
38.4411
39.9272
43.408
42.9352
38.727
39.3548
38.5575
37.5527
39.7677
40.6268
33.1863
48.0481
39.6302
35.9275
40.03
32.6355
47.3717
35.7933
40.3469
37.2059
36.8549
35.7984
37.6455
39.7372
42.4508
38.3397
29.1593
32.3606
35.686
35.4024
43.0232
31.7208
39.4339
42.1875
39.6252
53.598
37.4221
45.2843
47.2125
39.2984
37.4596
33.4854
35.795
38.7241
34.4732
41.3376
33.243
37.0151
43.2529
38.3995
33.4357
43.4304
40.3958
36.1003
42.4656
34.7306
42.341
48.5846
41.3059
36.8543
38.9263
49.7931
46.3536
49.0011
31.6628
37.6062
38.1956
37.7067
39.6842
41.6003
34.6445
35.9406
42.2823
40.3931
37.4324
33.2212
42.6499
33.6032
39.9838
36.9948
33.5252
39.022
32.312
35.6325
38.6293
42.3219
44.801
45.8715
37.17
40.1058
31.4065
30.6187
48.6779
39.6629
45.8619
45.3004
36.452
41.1856
30.5447
39.08
36.4839
40.5092
36.0831
40.4776
43.4685
35.966
34.7269
35.7625
52.1307
42.6498
48.2417
38.6804
35.5303
43.5467
44.0742
34.232
49.2701
34.4757
37.227
35.9244
42.8315
41.9395
33.1364
39.8408
41.2764
43.8989
42.5244
43.5238
40.1669
37.0302
40.1338
38.6501
33.7116
41.4055
34.2961
40.3945
41.3832
42.6681
40.9026
32.7366
44.963
43.3638
51.0668
32.6731
40.7296
35.9183
36.7866
36.9451
41.1731
40.3065
36.475
36.515
35.7144
35.1459
40.2148
38.3896
42.4084
38.9748
37.4481
40.3023
33.1191
41.625
41.1571
36.3396
40.7782
37.1292
40.5586
36.9718
35.6447
33.2224
43.7881
34.1569
45.0982
35.403
35.8834
38.8723
43.257
48.8303
49.0433
33.1087
32.2479
39.3465
42.9685
36.6874
44.4835
34.8308
37.7205
34.6724
44.5344
39.2328
34.5499
34.132
32.4775
48.2769
45.128
41.8832
36.2253
35.3378
37.7249
48.3514
36.5581
34.3391
38.313
36.599
34.5037
35.7089
38.0465
38.041
33.7754
54.0051
43.3136
33.4006
37.1016
41.0464
39.9361
30.8546
32.411
40.1023
40.8549
34.8732
44.5274
40.4221
40.7215
33.362
39.8622
47.9822
47.1915
35.1053
39.772
42.2729
37.6622
34.8118
41.0568
53.5748
41.0392
36.0754
39.3937
39.8479
33.0829
43.6959
38.3674
47.822
47.4657
38.4553
32.6878
37.8053
37.3392
41.4108
37.0049
34.3331
39.6606
39.5777
36.9826
45.6643
36.0142
38.4862
46.5148
35.1078
44.0011
29.0065
38.9569
34.2234
36.6485
37.3902
33.3099
41.7388
33.8864
34.7049
32.4419
48.2536
35.8573
36.0995
33.3378
41.4786
39.2697
36.4831
44.8284
40.8346
34.0624
43.0361
30.9009
39.0735
40.1373
38.9129
33.5745
33.9521
39.2974
35.4849
40.7725
39.7235
53.7932
37.1341
44.8692
38.3746
39.2193
37.2509
40.7661
33.4524
40.774
44.924
35.1726
43.6042
53.6194
38.8176
38.0791
50.231
38.2429
41.525
39.3698
40.3659
33.2995
35.6578
39.7148
39.2892
31.9191
39.1591
34.7457
42.8465
48.0051
36.8611
37.2582
54.2739
38.6644
41.0929
42.1188
41.6582
42.6413
42.0445
35.575
37.3729
44.0427
36.4775
42.6924
39.2667
37.0046
33.1324
43.7891
38.4986
35.1995
37.6001
38.7732
35.5978
43.4826
39.5609
37.309
39.7814
32.3419
44.0265
36.9657
34.8447
44.6199
37.6475
44.8461
44.0834
39.419
39.5126
39.9488
41.6714
38.2952
36.2976
32.7384
35.2172
34.8707
37.0564
35.9126
38.7896
51.0716
40.6083
46.2726
46.5688
38.6619
38.8762
38.0463
47.1294
34.6455
42.92
33.8002
44.4459
39.5003
40.5249
38.7921
46.4713
47.9647
33.7782
42.8551
42.601
36.3382
41.6021
43.1905
35.4358
41.8526
39.1063
42.7093
41.9639
33.5433
40.9389
38.4457
37.437
38.9342
36.8669
44.6258
39.8834
38.8443
35.1356
44.8717
43.0189
40.8532
30.6887
42.0029
44.7215
33.403
32.9583
46.8533
39.3598
58.0802
34.3316
35.6945
38.8523
39.1776
35.9375
37.9288
36.6466
54.3738
40.9224
34.4553
35.755
35.9786
43.2242
35.6284
48.4082
37.5776
43.7685
40.2193
41.1119
33.2222
40.4854
39.3098
33.3584
41.1608
33.058
42.1543
38.44
40.7579
37.4262
46.1023
34.5159
43.3188
43.0926
39.8364
46.075
40.0926
48.4281
32.4813
44.9339
37.0395
34.6272
39.7213
35.4973
42.1815
40.5675
41.6822
37.4925
36.4566
35.4732
40.0995
41.6794
45.8414
40.9672
38.6936
35.4487
43.0542
35.7136
36.7565
39.4726
36.971
44.8493
38.77
36.5772
33.4879
33.4547
43.2078
36.4894
35.0307
31.2653
37.4856
37.8134
43.3872
35.9832
46.7955
40.3841
41.6126
42.8427
32.8922
42.6503
34.2793
40.1632
38.5325
39.4268
44.4024
40.4936
45.6573
44.5456
39.249
34.3858
40.8871
38.6225
38.5547
36.6426
35.3674
50.6169
37.5162
34.3683
37.8998
37.4228
35.1806
36.9219
35.7604
41.161
37.7281
42.7762
42.0254
39.3715
39.0583
37.1249
32.7458
33.8553
37.5978
29.3091
48.077
42.8556
41.0517
41.7776
46.1873
38.3784
32.2716
43.5928
40.9212
45.2353
38.0037
33.6726
33.5335
39.9271
35.2236
40.5158
37.3599
42.9302
55.8488
36.9158
39.9976
38.1797
42.3244
38.2785
35.0529
42.2047
37.4087
36.7474
33.4246
39.2325
34.6025
35.118
43.626
44.6161
34.5254
38.867
43.452
37.1449
39.8557
35.4521
34.431
40.1614
46.0065
37.4199
42.7104
41.001
33.6856
39.8739
38.4112
34.2022
38.1407
35.1128
39.0916
32.6683
41.6319
43.9977
34.6753
45.1989
37.9716
42.0114
34.9944
33.6363
48.6171
42.1183
36.6848
35.7523
42.9833
38.1242
34.1519
32.6807
43.334
37.4764
37.4149
39.9835
37.1147
38.3699
38.7986
42.1538
40.1849
35.5989
40.9316
39.2522
37.9201
41.5433
39.1347
47.1252
41.3113
41.2603
38.1185
34.2266
44.3387
42.1748
43.8192
40.985
41.9927
37.9491
45.1396
41.9999
39.6756
40.6515
41.255
39.0131
43.3554
40.7901
48.8557
37.5014
42.239
40.4687
38.7467
43.3866
35.7753
33.5516
36.2463
41.7615
39.315
34.3423
34.5279
36.3623
45.6275
33.8185
42.27
39.6948
37.3477
38.9985
43.4544
41.5492
36.5941
37.6334
40.4785
34.2044
42.7191
37.048
37.2373
34.8927
34.5203
33.6816
37.4021
37.4611
36.1356
36.8108
36.6357
35.9158
37.0423
37.3583
34.041
42.0932
32.2869
33.7473
39.4165
31.1809
37.9548
38.5848
33.3822
33.7376
36.3685
39.6097
43.7557
43.2315
46.3412
42.5809
37.0312
36.3386
41.0017
39.1923
34.7797
45.9831
39.5873
34.367
38.2416
36.0922
39.0319
39.1105
41.3332
37.4697
45.3117
42.2758
39.4107
48.2834
35.3965
35.6372
40.3232
37.8613
44.2315
36.7218
35.81
40.0925
36.8689
35.5376
37.7012
48.2266
37.5963
42.3319
34.291
33.2514
40.3538
44.5062
38.4212
42.5841
37.5214
36.3903
36.3204
42.788
34.0645
37.3341
40.0182
33.0955
40.4521
43.892
40.8031
38.0808
52.8749
35.1262
39.4715
41.5613
39.4624
34.5537
39.8856
36.2995
42.7094
51.3257
44.5414
35.3061
40.9236
43.5993
34.8842
39.3842
36.8643
52.1631
48.6461
39.1372
40.1586
40.3879
44.8361
39.041
34.3044
33.4312
44.5024
45.7734
39.2832
31.8219
32.7728
39.2553
38.1875
42.3436
43.9753
36.9776
39.4541
39.4725
35.5757
37.5564
36.89
40.0288
37.4818
38.3081
37.8847
45.4105
35.2164
46.572
42.8145
33.4247
42.8027
42.4388
35.0187
34.3302
43.2855
39.3692
42.8056
44.4487
52.3263
40.5739
39.2004
48.8192
38.3499
36.2439
42.4838
49.0588
37.7192
39.6929
41.684
45.2181
37.6001
33.1067
55.0211
38.0934
37.4768
33.2614
38.8906
38.0173
55.0441
40.9538
34.3825
34.192
33.8996
40.4308
38.6626
39.5746
37.8123
33.3252
40.2969
33.4362
34.1227
34.3996
43.4949
32.7065
44.5059
42.3975
37.4494
40.3471
34.6491
39.1618
38.0384
37.3755
45.7246
37.138
36.8604
36.8649
42.3981
38.7531
38.9245
32.4472
36.2127
45.0261
38.6338
48.7013
35.3118
38.1257
38.7876
36.1176
46.8435
39.915
43.2742
51.0407
42.499
42.6873
40.0172
33.2255
54.9745
38.9505
35.2236
40.1306
38.5242
41.9549
37.0303
37.1555
45.7603
38.2752
38.7283
38.5653
46.8382
37.5349
45.1997
52.7833
39.0831
41.3783
42.0898
48.6456
44.4212
39.8653
37.6123
43.1194
37.9052
50.466
37.2726
35.1911
36.9124
41.7403
37.2365
37.0813
39.9908
38.9368
33.1253
44.338
35.6639
39.2251
34.0879
39.3347
46.7038
31.4003
38.4145
44.3191
31.3821
36.2081
31.6987
42.2651
36.5461
34.4569
36.8825
37.3973
37.1983
41.4378
32.8564
35.2119
39.0908
38.3581
38.8197
34.5595
42.5423
33.3132
48.4786
40.4572
41.6978
36.371
43.9925
42.1085
43.8467
39.3529
36.7534
40.2957
39.1009
37.5396
44.3659
38.3987
39.595
33.0458
51.7789
34.173
33.121
43.7496
37.3851
40.6366
35.9707
46.0833
43.7593
38.5185
40.4244
37.1045
41.387
39.6551
46.4723
38.5002
36.3156
50.0471
34.5174
40.0611
41.0956
48.3807
42.4523
34.8971
47.6729
34.5593
37.1152
43.5173
33.8594
37.028
35.3547
44.6504
35.6809
39.1439
42.0575
45.2367
33.7593
38.1243
46.6785
34.6803
34.8472
35.7979
40.8265
31.7477
37.6851
42.8636
36.5728
35.9718
38.2768
38.7915
47.4268
40.4791
37.1693
30.9934
36.4548
39.7972
62.3974
39.0886
33.8629
42.4832
42.3527
38.3821
39.2729
37.2129
36.5621
35.1309
42.9303
37.0531
40.1657
38.3215
49.9628
46.9048
39.1655
49.1966
37.376
39.2158
38.0124
45.0027
34.4698
32.3113
28.9787
43.6674
36.0707
36.239
41.7206
41.7833
42.2436
39.3148
46.8826
43.6222
44.405
30.7389
46.476
39.0888
34.6496
46.5191
36.2788
37.6216
48.6568
39.7257
36.5614
46.772
42.8465
37.0451
42.4615
35.2105
45.8008
48.1923
38.6876
40.835
35.4236
44.9531
42.6909
34.6964
48.5247
47.67
42.5694
40.067
42.9789
49.0534
38.2695
47.993
34.2784
35.6076
41.5264
44.9412
36.1059
44.3136
45.1323
41.1483
33.7158
42.3271
42.477
47.0661
33.326
38.2292
38.7602
43.1643
43.735
33.0576
37.0565
36.7052
36.9157
40.6241
38.4567
44.2116
37.5752
36.7398
38.9208
42.456
48.8486
31.7584
39.6872
47.0912
37.808
31.9965
42.5178
48.353
36.3121
38.0494
37.2903
38.2436
37.3233
38.8112
41.9479
45.753
36.803
43.3683
35.3854
41.524
38.6056
36.6842
35.5017
38.0174
41.2362
53.0099
40.3423
41.1897
46.8216
35.2234
42.4525
37.9857
34.2882
41.2089
40.206
39.1819
32.6547
38.5073
37.8094
40.5904
35.9338
35.4815
36.5177
36.4465
36.5281
43.0171
36.145
39.4549
38.4307
38.6783
43.4556
45.3458
38.0995
38.6655
38.4825
35.9982
53.5576
49.3347
38.0746
46.0676
34.9707
36.284
34.8832
43.2204
37.6631
34.6671
41.5689
34.6697
33.6575
40.7932
39.9074
34.0046
37.959
44.3392
39.791
32.1243
43.6283
42.3947
34.3671
39.9155
35.7824
41.4331
43.3371
42.5562
44.0618
38.9201
43.9073
44.1871
34.3798
38.6792
38.8366
38.1525
33.7957
42.7341
40.7824
37.8861
43.4427
36.6786
39.6194
35.1688
37.2865
37.6025
42.6159
43.0823
39.4473
45.7852
51.0942
61.4529
41.6773
38.8791
43.6619
37.9128
38.9008
32.5258
44.8098
33.651
47.302
42.4794
45.9845
52.9899
42.536
43.2002
33.3829
44.7484
40.7652
43.3722
40.9075
32.5687
45.0851
40.6508
39.1468
35.2561
39.9682
34.3088
43.1954
42.977
43.685
38.5364
38.1081
44.6624
40.0565
32.0151
41.2116
45.9999
39.1559
34.5741
36.82
43.1143
55.8303
38.405
40.9252
33.3568
45.7108
33.7899
54.7803
37.0595
46.0693
33.7088
67.3052
40.8144
43.1836
39.3213
40.2745
38.2687
36.4821
45.6548
38.9477
39.2007
38.0655
43.492
33.4218
35.1314
39.7032
38.8972
35.7202
45.8983
40.7335
42.8423
45.3703
39.5427
43.6336
44.7574
37.4018
33.316
42.4327
31.7482
33.2901
46.4804
37.4006
40.1742
36.4391
33.4333
33.9108
35.2565
39.723
32.8062
36.7789
49.0736
38.1579
39.8095
40.3424
38.9525
37.1332
41.3089
36.3907
47.977
38.4967
52.0511
41.5206
37.6707
39.9477
40.7757
40.3628
45.798
39.371
37.4368
39.9965
36.3536
42.1813
38.6431
34.0006
35.8625
41.1212
38.8401
57.4882
41.7893
37.1386
34.6489
38.0997
39.6716
44.6289
43.0601
47.4611
40.4917
34.8971
38.2728
38.7681
44.1944
32.9688
42.5022
36.5667
36.8548
37.6765
36.9359
37.4891
40.184
40.784
47.7311
44.0798
41.3764
39.4924
36.1888
36.2444
42.0079
35.711
36.1392
47.2228
34.7868
32.7236
39.6313
34.7822
39.0627
37.1139
37.9101
34.6584
41.47
41.7973
36.1599
40.6662
41.9426
43.1602
42.1616
41.7594
37.9798
42.5104
37.6661
36.929
33.2344
44.0773
39.7751
35.5532
35.622
36.6449
46.8882
46.7463
38.8841
45.7008
42.9718
41.1522
44.2531
40.0052
37.2133
31.6441
36.7459
34.0829
39.0691
46.0622
38.7643
35.9376
38.7348
44.2824
38.6927
37.9991
37.1884
32.6447
32.9183
44.1143
39.7844
32.1185
34.5941
42.1265
34.1079
56.8972
32.2483
48.8622
39.9483
38.371
40.48
54.9622
36.1833
33.288
36.5486
39.9692
48.3919
42.919
33.6029
37.9293
32.4825
42.5541
36.1652
34.6672
43.6591
35.6597
40.8788
34.2177
41.5086
32.5
40.6977
35.8826
42.3773
47.8721
41.1411
36.4306
46.4696
45.6476
32.7281
38.2721
41.9442
45.8893
41.391
36.7296
40.856
36.4977
40.9544
39.7007
35.9248
39.4971
47.2243
40.6281
35.4024
38.153
42.0446
38.4751
39.0523
34.3067
45.8005
38.3841
57.9105
38.784
36.1508
40.247
39.6652
36.6645
46.2868
30.4353
44.3283
38.4706
41.4809
38.9542
35.754
43.6309
33.3268
35.9142
36.2112
34.9833
34.2133
35.7585
39.5334
38.3643
42.4257
40.4312
35.4151
35.6883
36.7895
39.0935
41.2195
37.7113
43.4226
36.0722
39.1435
44.4903
43.784
38.2448
40.7704
36.0872
43.1105
39.9938
34.8918
40.0891
34.9972
40.6468
33.7969
32.9342
35.8436
39.0247
49.2469
33.1616
35.8606
40.0242
38.23
39.1768
45.5094
46.0589
45.7201
48.0718
41.2718
45.5788
46.3778
40.2646
43.6012
43.3884
38.4537
31.5239
37.8708
53.7701
33.3409
43.6857
38.5529
41.7772
42.3686
41.2238
39.2136
39.0134
43.5102
42.412
43.4559
33.0738
41.4109
37.5199
36.9453
39.2567
38.589
35.0807
40.1639
31.7148
43.96
40.2338
35.0342
46.1975
36.003
41.7878
34.8983
34.606
46.9112
37.3245
43.3058
37.1891
37.8114
40.1836
41.4225
41.4965
33.8201
48.962
37.621
41.832
41.3507
52.3121
38.3783
52.1803
38.3566
38.0684
40.1428
45.7792
37.6302
33.7766
39.5849
42.3857
41.287
41.89
35.0785
38.9586
37.4353
41.1135
39.431
31.7161
36.1642
40.9019
39.8973
48.1609
37.1302
38.9785
33.1036
41.2967
46.7992
39.4956
37.0371
36.4782
37.7811
36.6654
36.3137
34.1574
45.2248
41.5247
39.3315
43.447
41.2851
39.0423
36.4903
39.5857
44.0793
47.1448
45.2613
38.1763
43.77
38.0796
48.6646
46.2159
40.439
34.4682
45.6073
45.9685
41.6207
40.7876
37.3629
38.6234
44.0337
35.543
36.365
41.6707
38.4893
35.9792
36.4999
33.8592
35.1873
39.7794
41.8988
34.7667
44.0339
47.996
39.637
38.7651
35.2298
39.546
36.0373
39.6549
34.6952
56.973
47.2619
47.7559
46.4245
40.5207
35.6294
34.583
37.7225
36.4346
36.4717
41.0614
45.4192
40.6177
37.8754
38.5874
42.8756
38.9601
34.0344
37.2878
33.7092
36.2517
36.924
33.1541
38.3295
34.4835
43.3974
32.0567
38.5318
43.0359
35.647
36.6336
33.0434
38.4198
38.798
32.0749
34.9472
44.5973
39.3143
38.6992
47.4158
38.8071
34.2046
40.9242
39.9486
38.1427
32.9166
33.1859
36.5086
36.7208
42.2157
36.2979
33.2264
35.2711
37.1341
42.6657
39.4715
34.747
31.5888
39.4707
40.1834
34.2006
43.9167
35.5712
37.9162
51.0949
42.8608
35.9444
32.2372
45.6807
37.3422
35.2186
34.0913
36.2707
38.7722
33.5317
41.0393
38.8567
39.8967
45.3014
33.5205
35.6759
40.2925
41.7541
41.6092
36.4736
41.1925
34.4976
39.8668
37.5127
38.6798
35.2036
34.9442
42.4552
42.7553
39.7942
40.7336
37.5491
37.5408
35.6525
35.6941
39.7523
49.7324
41.1649
34.9126
39.7388
44.2637
48.7859
40.051
44.0428
41.0586
49.8567
34.1632
36.7917
38.6455
44.7536
43.4797
39.786
42.7108
46.0483
34.5494
44.7871
36.8309
39.3971
38.0449
32.029
44.9751
37.7784
36.2137
39.6165
39.7402
40.0156
37.3959
29.8597
33.9515
36.1057
37.8161
36.2359
42.4045
35.0823
37.2203
37.1354
43.9544
44.9827
35.297
45.0608
39.8203
36.1693
37.6158
42.2843
37.0322
37.9255
34.6458
36.7505
39.3848
42.5526
53.3475
44.5357
46.6306
35.8724
45.7948
42.5233
36.4679
37.0946
39.3758
37.7113
34.7426
35.3245
38.1681
37.538
36.5462
43.3946
33.819
33.8491
37.1345
41.3549
39.8358
33.084
36.8408
37.4968
32.5403
36.9961
43.8267
37.8676
50.2689
36.2632
38.7213
38.6234
48.5857
34.8732
33.4907
44.6835
45.1959
38.1457
36.9041
38.6721
35.011
39.9307
41.572
45.1411
38.5589
37.983
32.4195
39.3515
41.5332
38.0735
41.8183
35.6047
54.4972
43.3429
34.7613
35.3956
38.7063
58.3349
38.2463
36.2617
33.9055
37.5565
42.5151
35.5716
35.3759
42.2942
42.6406
40.0538
44.3813
32.0961
42.7522
37.5636
38.972
39.44
33.9314
55.3737
42.173
43.8573
38.0997
41.3876
37.6461
33.8703
41.3523
39.8674
42.525
37.8746
38.4213
43.1305
45.6974
35.1892
34.6781
36.6636
38.4945
40.4216
39.6696
31.3728
40.5438
34.1406
47.885
38.4351
45.8574
38.2583
34.8879
42.6903
34.1931
41.5819
36.3038
36.0106
38.94
37.6443
37.1194
35.5389
47.6897
42.79
44.4819
38.2312
38.0206
43.3293
44.0829
38.5198
36.5849
34.6519
41.5587
34.6018
39.1944
35.162
36.8958
40.8704
39.2476
37.6883
42.7971
34.7073
42.0739
39.1328
35.0933
50.8972
37.0451
35.468
38.7355
45.1004
45.1431
40.7524
42.6549
33.9344
52.8854
44.6274
38.7115
37.5449
48.3374
38.7619
38.5515
39.0117
34.1175
40.4854
33.7124
31.9596
40.4917
38.8553
41.9414
35.3177
37.6366
34.6065
42.4776
34.6625
37.6593
32.4068
36.1729
40.3262
35.9512
39.1919
36.3259
44.0208
31.7038
39.7429
37.5208
46.7219
40.1652
37.6857
41.7826
43.4841
37.6294
33.0048
36.9388
38.5631
35.2112
35.355
43.444
47.2726
37.0013
39.3433
35.9668
43.4118
35.3884
37.6296
40.6671
42.2116
41.8277
38.0097
44.4406
37.1062
33.6272
37.3612
39.9963
34.3428
39.9225
40.9181
40.2706
45.6644
43.0475
38.2751
37.7976
41.8626
36.4524
40.2323
35.6232
29.857
42.4687
34.9768
37.3173
51.3791
36.0173
34.3737
41.1999
38.3535
39.8707
39.0534
35.4874
35.2782
47.606
40.6344
39.3265
33.2049
41.9857
41.1897
38.4564
38.8236
39.4888
48.4749
42.6771
32.5202
39.268
38.3393
46.8817
39.1793
40.0449
38.1707
40.6314
29.3086
37.3782
41.6218
42.3374
34.4175
32.572
43.2352
41.9932
38.2868
38.2561
35.0788
48.3517
36.0066
37.7305
45.2163
45.8578
33.7695
41.8631
39.5497
43.0311
35.1642
47.1549
36.0145
37.4858
38.7258
36.0902
42.8011
39.3011
32.3687
35.6875
33.9519
34.0481
36.488
44.9775
36.7809
37.1166
39.8358
36.714
41.8125
32.0609
42.7439
36.9316
38.6922
50.9596
35.0865
40.1062
34.9169
38.9352
39.6836
33.1365
49.3752
39.9938
35.9073
39.7488
39.4776
35.4416
41.7625
35.2578
34.3432
33.9929
45.751
43.0631
42.048
32.0726
36.7677
42.564
42.3508
32.3301
40.6871
42.9012
44.3493
37.8642
38.1002
34.5715
39.9071
42.1026
35.4749
38.2104
48.9196
43.048
43.0876
43.3423
33.6098
35.0185
33.0242
41.1758
34.2543
37.2763
39.9982
43.7523
43.7166
37.5943
39.4895
40.0392
40.4015
38.5096
39.0238
50.7889
39.8412
38.2267
41.1773
34.2644
43.9629
41.3801
33.1521
36.6555
34.995
37.4892
39.4132
32.8039
38.5579
36.0106
35.2986
41.208
46.694
50.9712
47.2234
43.8093
47.6453
39.2131
39.6853
41.0003
36.7012
41.7478
39.661
34.4258
43.4655
45.8231
49.0691
32.8345
39.9959
34.7915
41.2428
40.1039
38.8234
36.321
45.731
37.9808
40.6282
32.5644
38.2533
43.0729
37.7717
34.748
32.7497
36.4145
44.1566
34.1078
37.1588
33.0355
38.15
41.9647
49.6281
39.3893
41.4228
45.6717
37.7846
42.3756
53.2953
36.2625
35.8296
38.1148
44.1344
39.5656
32.3313
45.9465
38.1518
35.3277
31.7397
35.1603
39.498
35.3934
37.1371
36.2294
35.0902
38.1044
43.9798
51.3655
35.5697
36.0514
41.825
35.56
34.5776
41.1494
35.7095
37.8061
41.9879
41.8832
41.6151
37.2151
37.7339
39.3606
41.4603
39.2784
31.645
42.8789
39.2567
33.944
38.6268
35.982
52.67
38.6906
37.5723
33.7554
34.2014
42.0994
42.1185
35.9477
35.6633
39.0979
37.6036
40.4991
36.0717
40.6901
35.3462
41.2881
37.9127
38.8599
39.1137
46.4762
42.2328
34.9181
33.1918
36.7564
38.9674
34.3496
42.3373
34.676
37.3588
37.2934
36.0912
37.4826
38.8618
38.4599
39.4213
35.4027
37.735
39.2512
40.6531
43.1082
40.4485
34.7689
31.9334
37.0777
45.3195
48.0234
50.6234
34.1521
43.76
41.6993
45.2928
40.9674
38.9122
38.2612
45.7977
42.5083
35.6102
48.1046
42.6778
46.0584
38.4909
39.7238
42.5102
35.8205
34.7888
36.6884
38.19
38.9873
54.693
33.0896
34.9235
46.3586
36.6063
42.467
38.4554
38.5465
41.9979
41.0875
31.8559
38.1217
35.2938
29.9696
41.4987
42.3116
44.1556
43.2908
40.6249
44.2299
38.7522
47.2381
47.7819
38.1198
38.7982
36.6837
38.7823
45.2403
38.5984
38.4613
49.7272
38.8551
33.5698
36.8957
44.4157
35.7687
40.5806
34.525
44.4016
35.2749
36.1656
37.7353
38.5502
39.0215
39.5748
36.0084
35.0821
29.5896
45.78
37.4381
39.0215
37.7253
38.8886
37.7077
38.0055
45.2681
38.7809
44.1301
41.3925
38.5282
36.1047
34.9957
40.0112
36.9569
47.8422
41.9037
34.9459
42.7559
44.5143
35.2259
42.9178
38.0945
37.4465
46.0264
42.3765
40.5501
36.6082
39.2453
40.9973
44.6538
42.8041
34.7312
33.7575
41.6724
34.8589
35.8819
37.6712
39.3526
38.7171
43.4121
35.7024
37.8983
40.288
35.95
31.1579
35.7137
34.4486
62.2169
33.1293
35.8291
38.1311
56.4463
39.2858
34.3734
50.3974
43.8531
35.1354
33.1131
37.3521
36.6872
37.234
51.748
36.2162
50.4527
34.545
35.0821
39.2265
34.5063
38.4097
39.846
38.9824
35.9377
38.1509
42.6659
41.0887
42.4654
42.2617
35.7105
36.9267
38.0446
35.7103
39.8184
36.3754
38.8205
38.0602
34.2176
39.5032
36.126
35.9257
37.5212
39.7115
31.192
37.5798
32.4663
42.6402
35.8754
31.0138
38.2169
34.8818
36.9626
43.9102
35.7882
37.0131
37.6687
39.3658
33.3039
39.0012
39.1665
35.545
42.7487
44.2378
40.8211
38.317
36.1704
36.6781
45.8831
32.9729
39.9905
39.6058
47.0849
44.7763
34.9961
36.5617
39.9727
40.4191
38.9665
44.1462
43.568
43.6404
44.7658
44.7343
38.0453
31.8175
37.774
44.0262
44.2665
36.4179
49.8509
50.839
39.8065
43.8698
45.8581
37.846
41.956
40.4615
46.7796
36.468
40.2366
38.8626
36.9116
37.3033
35.5196
42.1773
34.0538
40.6037
40.4856
39.1747
40.2766
38.4333
37.2659
43.7857
35.902
39.5903
41.2465
38.6112
48.5208
39.4024
33.1978
35.3675
40.1028
44.7244
41.1944
35.4528
35.4736
35.2655
46.6468
37.2331
38.2558
33.1275
42.7458
37.7277
38.8609
35.9547
29.9734
32.189
33.7186
36.5934
42.6531
41.3507
35.336
40.8284
39.6563
29.8748
36.4728
39.9298
39.3681
33.5994
47.8801
42.3661
35.1486
33.9389
48.825
42.2693
33.7173
38.9822
40.368
43.0952
34.3386
45.8259
40.0733
37.3717
36.1095
32.2931
32.9551
33.9657
44.9676
42.4356
33.746
43.8802
43.8259
38.2305
36.7161
36.8532
38.6648
35.4512
41.8296
36.9594
37.2366
39.989
34.0482
37.526
39.3972
42.5189
37.3513
42.7022
39.4826
37.0352
32.5095
44.309
34.2566
54.0085
39.1222
33.7986
40.7447
39.3665
43.0105
41.3346
44.0659
38.7134
54.3262
39.8533
45.3947
35.2789
43.477
42.5811
34.9686
46.1866
34.1425
36.3142
37.7934
54.1669
34.9202
42.2947
39.7651
35.4942
38.2963
41.6133
45.1404
38.3519
33.2486
40.8496
34.1203
39.3999
34.798
39.9361
40.3167
37.3015
36.3143
41.6906
47.6633
34.7571
53.0758
37.3271
34.9972
37.2699
40.7062
37.5092
46.1314
33.806
33.4731
42.8485
35.1084
39.3352
38.1734
34.6668
36.9889
42.2723
40.7286
50.3658
42.7602
35.9094
34.883
36.8359
40.0367
34.7166
34.3927
34.2058
37.5179
39.6064
37.1968
36.1458
34.1968
34.645
42.7741
31.6679
40.5671
40.4169
31.7442
41.8254
35.8558
37.2558
41.1878
45.7536
35.2055
35.8864
35.5148
37.8821
39.0677
36.6594
41.6591
44.9801
44.2423
47.3118
38.9449
32.7113
39.6233
42.2913
40.2591
42.2302
37.3006
36.0213
35.7516
76.5012
46.8639
37.9432
46.0673
36.0305
39.2121
51.5647
37.725
32.6364
61.0641
37.8229
33.3053
38.45
36.5854
44.867
36.3505
40.3523
33.3133
36.936
38.5074
46.8714
42.4282
43.2246
46.8865
38.7947
46.2124
35.9836
32.8721
34.5175
34.3317
40.7875
51.9699
33.557
37.5413
32.5176
50.7262
43.7129
40.0177
31.8863
37.4276
42.2799
42.9683
43.0956
45.1762
36.5136
35.7528
41.9429
39.9247
37.5653
45.649
37.1232
38.1135
41.5131
39.4967
34.9666
39.8798
45.3933
34.1874
41.8779
32.1713
37.8248
41.806
32.6977
34.5191
37.6453
38.552
43.4051
38.3817
40.5481
36.7775
52.3842
46.6911
46.6704
34.8934
44.1926
39.9623
38.5127
43.3369
44.6477
36.3402
38.4916
35.9323
33.8715
43.95
38.157
40.1504
39.3045
39.3455
42.0683
38.7747
40.2533
40.8338
39.4178
35.1044
40.0158
41.7108
39.0778
36.2116
40.5898
40.5669
34.9786
36.1692
42.2955
34.3817
35.7063
46.1582
34.6468
38.1123
40.4966
37.4423
42.0675
37.2892
41.0245
40.3457
37.8469
41.0321
42.4763
39.3892
39.9466
40.2015
41.003
37.0716
39.0132
33.5685
38.8573
41.8011
42.7844
53.7139
40.3305
44.5569
49.5531
40.6026
35.5714
42.0075
40.6239
33.1835
37.2304
36.0924
46.5466
37.7956
36.1877
59.19
39.4853
34.76
36.0524
39.2537
41.2925
37.8056
32.6428
47.3207
36.8035
50.187
34.7482
50.0164
35.3364
34.1945
38.48
40.5737
47.8904
34.416
48.8161
40.7714
37.6058
42.362
57.3265
39.9746
41.2796
38.7077
34.0574
40.139
37.3239
32.9904
37.2811
45.7392
37.2069
44.7088
45.3963
34.0396
41.6318
38.687
49.5457
35.6186
43.726
38.354
37.2528
42.8105
36.1387
33.6152
33.5089
31.5536
34.516
47.1631
46.4249
34.0859
37.2714
49.7544
41.1636
38.769
45.9816
38.0124
38.7887
35.276
35.9411
34.9696
44.3634
34.9958
36.9574
39.944
34.5218
41.7694
37.7159
41.5307
43.8069
40.1078
38.6422
38.3321
39.8239
49.2202
37.7767
39.4745
36.0944
39.4841
36.1408
34.8891
35.8326
35.0881
40.488
35.7388
32.4832
43.7958
40.1709
33.7518
37.617
37.5852
35.4048
36.0995
41.6364
34
38.9106
36.8014
39.8319
34.7827
38.6018
37.5558
44.1473
38.7281
43.4682
34.028
44.8565
32.8479
37.0589
41.0819
37.7821
40.6456
37.5279
42.0668
37.6061
38.955
34.632
38.2666
35.4332
36.953
41.8844
42.4138
41.5424
41.2721
41.8282
40.2136
45.4605
42.949
38.3891
38.0131
36.6331
46.3853
37.91
44.9709
41.4236
36.4298
41.0397
37.2692
40.6253
37.8019
44.919
37.5835
32.3609
49.1732
34.0816
41.0749
38.175
36.4646
43.3973
39.213
38.0496
38.4139
39.6363
36.4286
35.9395
37.854
34.8908
36.1336
35.0751
39.3165
41.0418
43.6
47.3104
38.9572
34.5439
46.2682
54.0668
38.0411
45.2289
39.2896
41.629
47.4173
38.5863
53.7366
35.1249
33.5745
38.092
32.2593
42.9598
40.5332
40.026
50.1398
39.8711
42.2666
35.9824
33.0431
35.9116
35.3754
31.6936
36.2812
34.6321
44.7835
36.916
41.694
44.499
41.9014
39.3821
37.747
51.1814
40.0377
32.8321
39.0225
38.2978
45.5204
41.4442
38.6152
33.1769
36.9861
36.665
37.4069
48.4488
33.7224
43.7482
40.4883
44.3656
35.4403
37.0816
36.9251
36.0625
36.5417
45.1062
33.3495
39.5824
38.4273
38.5718
36.4345
39.4121
42.091
33.2744
35.4824
44.0156
42.9302
41.1486
36.7565
36.2589
36.6204
44.4573
37.7388
32.1879
38.6214
48.7474
38.5496
33.8575
36.8375
40.1219
40.5532
34.9946
38.6911
38.5683
38.5842
41.3417
42.9196
38.1544
40.514
45.2759
34.2737
36.479
40.0382
39.6595
40.123
38.3909
48.1713
38.8475
50.9675
43.3372
42.1258
44.7902
45.6357
38.3364
42.8346
56.0335
39.2671
33.0192
33.3326
49.3375
35.9951
32.7628
38.0214
42.3331
38.1698
35.2849
46.6354
35.0132
46.0562
44.1013
36.1596
42.857
39.4157
36.654
41.6734
34.7699
45.6909
44.8455
38.5772
37.455
43.6148
43.8693
41.064
34.9311
37.2263
39.1932
39.271
33.5919
35.3357
35.8603
37.2893
38.8637
35.6254
37.7268
37.7146
40.0153
33.3308
41.9856
33.216
42.1781
40.0185
39.3421
45.815
40.6421
37.5866
43.6901
39.3308
44.6002
43.6828
38.5208
44.3804
38.3345
41.8717
33.7958
41.067
37.7507
38.6022
31.7354
47.4465
38.1765
38.1112
47.8092
39.4112
42.048
37.9167
50.4381
49.3759
46.7081
41.6342
31.0629
43.7469
53.3842
44.9994
38.8188
38.0495
35.7334
40.6521
33.6773
38.5213
35.8283
34.8447
45.6964
41.9724
34.2016
37.6835
35.5826
33.5097
42.0998
35.3823
33.3348
32.2107
36.6694
36.6352
37.6863
32.9039
39.5813
41.7874
40.2866
41.1308
39.5691
33.4439
31.6478
42.4681
36.3454
36.5826
42.2832
33.8029
36.5564
44.1676
40.6364
38.583
43.8702
41.098
38.5733
33.4948
41.4282
38.9693
36.3946
39.1777
40.3117
40.2597
33.5869
43.2969
39.7664
37.109
37.7134
34.3204
41.2352
32.4229
36.2929
39.2771
41.977
37.1626
49.3423
42.9851
50.3279
37.7031
35.0747
41.7038
42.4674
42.4923
37.459
40.8876
37.2537
37.102
41.7441
37.7159
45.1953
41.1701
39.3915
39.4216
34.5929
37.351
33.6817
37.4383
54.1615
36.0875
34.1583
40.0744
33.6736
34.7832
36.439
36.1724
43.0438
44.6195
40.197
42.0099
39.5645
39.1784
36.4984
39.6039
40.0813
36.0215
44.7483
48.3478
33.2456
38.458
47.1659
40.8511
38.8117
37.2506
37.7138
38.0787
36.9309
44.8067
40.3432
45.7472
40.2922
35.895
37.4031
36.8864
40.1541
39.5937
34.7149
44.8248
41.9858
42.5933
43.0424
41.0919
38.5943
35.5067
37.339
40.9622
38.3154
47.1544
34.9186
43.1165
31.2403
41.0012
34.8202
44.8777
38.7254
37.4099
36.7012
33.7083
32.0138
45.2102
38.2961
39.3174
37.6655
39.8436
35.8151
47.6008
37.9873
32.0827
42.6073
42.3358
35.1531
36.8896
34.1261
39.9548
39.2315
33.6271
35.9037
44.2392
36.3741
38.743
36.4594
34.54
38.4763
45.2534
34.4852
33.3593
42.4261
36.361
33.6203
42.7901
40.6775
35.6694
32.4205
40.4677
36.5111
38.2993
43.1016
36.9004
45.6244
40.2365
43.8893
41.2165
45.8421
33.5604
44.3409
39.9445
42.4582
38.4588
40.1674
48.9069
41.4239
41.4288
36.0067
32.2356
36.1786
40.4833
34.8516
39.5397
47.5911
40.2128
38.1493
37.8808
41.184
42.3621
43.4959
38.4992
38.8047
41.7602
42.0415
40.8137
49.0837
32.7974
40.0835
40.081
34.1437
40.8317
34.8776
35.866
39.3401
35.9076
33.0905
39.8151
39.7476
40.4636
40.027
40.8864
45.9221
41.7181
36.6501
39.2974
44.4154
33.6987
37.2486
33.7722
33.918
35.808
40.6909
42.0489
38.9793
32.3929
42.7722
31.087
42.4681
36.9756
39.3706
41.6175
41.8121
42.4394
35.5386
41.994
41.3213
39.7306
38.5194
33.9297
46.1561
34.6025
31.6954
34.0926
36.2266
38.6025
40.5644
40.5586
40.1104
46.211
49.0962
38.4212
35.1726
39.7561
43.105
39.3914
40.9414
32.6651
47.9909
36.5241
36.2149
39.6622
33.5565
37.8475
39.1949
36.5013
42.287
40.8875
38.8506
39.0552
45.696
41.1222
44.1059
35.0478
43.8362
33.6098
32.9523
37.3517
37.7364
34.9796
41.7553
35.236
40.8474
39.2844
34.749
51.7427
41.6791
40.9011
43.0908
33.7665
33.2674
36.5447
38.4661
40.648
32.7499
37.6222
31.8223
42.6804
45.3699
32.5889
42.5326
41.3579
34.9494
35.7005
37.3395
35.315
45.0226
38.9743
45.3047
42.2098
40.28
44.5046
35.3302
39.7537
38.0497
48.2168
36.5116
37.9223
39.8031
45.0964
39.6209
39.0947
40.7185
39.2407
48.9492
32.9313
42.3876
42.5014
38.1199
39.9893
41.4194
38.6763
38.7368
49.4421
42.7246
36.5268
46.403
40.7493
34.783
36.1166
38.0842
37.0194
40.8753
42.3955
33.2269
44.5647
42.4958
40.6251
42.0238
42.1647
35.3777
41.5969
49.0154
33.9062
36.8993
42.4995
42.1883
38.3491
42.7437
34.725
38.4283
31.2778
46.5651
34.8001
47.8264
44.4822
35.9385
32.4489
38.0039
40.925
35.4639
44.9545
31.6179
44.2192
37.4378
36.0273
40.3899
37.9326
41.6464
38.0251
32.1601
43.7423
35.7026
39.2298
44.3098
33.7725
38.2131
35.7736
31.3468
43.7564
34.6241
35.4961
46.3865
44.6906
38.1092
50.1769
48.7291
44.8639
46.0621
36.6369
37.1772
33.5349
33.0661
35.548
33.7821
41.0937
38.8159
39.5255
34.8068
39.8868
33.0436
36.038
42.5535
45.5783
35.8726
41.2119
47.0919
42.6981
33.465
38.0604
41.4434
46.1883
54.5552
37.1336
38.6274
45.6997
35.8343
42.7813
41.3307
41.1432
42.0219
38.6266
45.8907
36.8687
44.3239
32.1165
40.2279
33.1954
34.9185
34.9877
37.2803
57.5021
39.6361
34.0428
35.0218
35.0633
37.0804
37.0098
45.1513
39.5011
31.3898
41.9682
36.0525
43.3652
38.6315
35.959
37.9378
36.4196
40.1824
39.4569
39.428
34.4679
43.3336
39.7991
41.5704
36.0376
31.9731
42.0863
33.7997
42.6491
36.0018
41.7751
38.6747
39.47
32.1904
47.7458
33.6979
39.1659
43.3723
34.9983
37.8713
37.753
45.4068
50.3203
38.0843
34.3709
41.5088
44.741
50.5259
43.8521
35.2632
41.0368
37.842
38.6383
35.5481
36.6747
36.4939
40.253
41.7631
36.3271
40.6589
42.737
37.2953
37.5656
35.8162
36.2835
39.4538
39.0978
37.1327
41.6066
38.7421
38.9728
45.4378
37.6887
45.674
35.782
40.3031
46.7249
34.8942
33.2899
42.6791
36.262
40.3191
35.12
36.9455
41.5843
37.0838
34.3773
37.5727
42.786
38.3682
49.9315
37.0075
37.1681
40.733
36.4837
39.692
41.4718
38.4523
46.6515
43.7477
37.8317
40.8742
37.3588
38.3896
36.1581
33.7813
46.1315
42.3661
40.5085
40.9139
31.0628
40.4917
40.2572
33.3876
34.2584
40.5263
39.6408
39.6441
37.5468
38.6431
40.1383
43.8098
35.7649
43.934
37.0551
41.3667
35.5783
33.042
45.37
38.6526
34.2037
35.305
40.7175
40.7355
38.2724
38.32
36.9663
41.7361
34.1713
43.8297
37.7531
39.3111
42.3262
39.157
31.6319
52.7632
46.0158
38.5249
34.5901
43.7321
40.3447
49.0325
42.1566
38.3417
41.6543
39.1279
43.2844
39.6755
43.8666
33.3761
38.7502
37.3192
36.9637
40.4813
35.232
39.02
33.9952
38.7538
38.6962
31.4254
34.4025
38.9478
41.2708
39.9267
44.1283
40.8617
45.4674
39.8216
36.9582
40.4361
40.9972
40.0535
35.9854
38.4136
40.2805
33.0305
39.8919
34.6247
39.4725
51.0661
34.725
34.3684
37.4138
35.885
52.2636
34.825
32.0367
35.2515
40.515
39.2562
37.5916
33.7929
38.4397
38.8406
43.3655
31.8681
45.5203
33.9379
43.5112
36.4444
41.5991
38.9086
40.7537
48.8509
34.4261
41.0162
43.505
36.8133
43.9211
38.3874
41.8808
36.3059
37.5804
36.8819
34.1568
42.0428
41.7957
40.0688
49.0948
38.3621
33.2744
37.6124
37.6978
43.2756
41.1343
41
38.0823
46.1596
38.8617
39.5605
33.3464
40.5105
33.6392
35.0654
42.4551
34.6042
36.9801
41.8405
41.2429
38.8807
35.7735
35.8567
35.8703
42.2901
43.9673
37.763
34.0921
35.4862
34.856
42.9754
33.8265
47.2578
45.4933
37.0355
58.2743
37.7409
39.6537
37.4007
43.1734
40.3194
35.9054
42.1127
34.6209
35.783
40.3477
37.7351
49.2575
34.955
44.4307
41.3675
52.3784
34.7945
32.927
34.4809
40.5017
44.5938
48.5715
40.258
40.7737
38.1709
42.7128
35.6251
37.6944
39.5529
40.5833
36.266
38.0291
37.0499
42.1915
42.0365
31.9019
43.8145
30.9483
41.2883
34.8014
38.2338
38.536
33.0081
37.0024
43.1856
48.5869
41.7078
41.822
33.4751
44.9039
45.6901
36.7724
45.0317
34.0108
38.0939
41.6421
34.0985
38.5921
33.604
39.0648
39.4901
35.8254
36.891
42.2298
35.8281
47.3603
44.3316
48.7796
42.1495
46.1614
40.9959
40.5499
36.8933
36.4665
34.999
41.8386
35.6163
42.6882
51.2252
40.5715
38.5277
33.6254
38.4556
37.433
39.0931
39.0937
34.2065
33.2642
35.6257
46.7793
33.6376
43.2512
35.9006
40.0509
37.614
42.0302
38.4184
34.6363
41.1885
40.4507
36.8766
35.1092
43.2673
37.6661
38.0207
35.6065
36.3653
47.5178
37.7895
31.0227
38.1581
41.0355
43.5852
43.5766
36.5813
39.825
33.0728
40.4834
41.4781
39.5533
44.5406
39.4846
40.7858
44.8905
38.9749
41.6915
42.2649
42.7364
36.9023
39.5379
39.5861
39.1083
35.8204
43.9068
37.6352
33.8938
34.0285
35.5149
35.219
42.0004
40.7821
37.5665
30.7208
34.6988
33.204
37.8175
37.2383
45.5049
39.7644
37.2024
42.0544
40.752
46.9049
40.4025
33.7249
48.9186
41.2232
43.3907
37.2201
51.5381
32.5317
41.2719
37.7031
43.994
38.9985
40.2041
39.6228
36.5527
38.1904
43.8311
40.6377
35.0565
43.3046
31.7073
37.9151
42.3194
45.289
32.4753
40.6956
41.8936
38.3163
38.784
43.5204
40.3885
33.0073
39.4392
34.3696
39.7883
54.0357
40.2815
42.4053
43.9503
39.7413
34.1005
33.9905
43.904
35.7312
42.6066
44.88
36.894
43.489
43.4773
33.386
40.3674
36.1763
33.6683
40.6766
36.5945
47.9843
35.5137
41.9358
41.082
36.8879
32.5395
32.6169
42.4044
45.6828
43.6625
45.2663
52.8519
41.0283
43.9596
40.5232
41.7954
32.0056
32.5201
40.4864
39.634
36.2717
35.938
33.6636
34.7458
37.0041
45.4476
43.5627
41.4992
50.9621
38.1765
41.8414
37.959
34.5679
39.7882
46.4105
36.8111
47.2654
38.7307
40.8407
33.0952
46.1631
45.8764
44.334
34.6153
39.9504
37.6588
44.438
42.8728
37.2062
36.4547
33.1395
38.0297
39.5887
33.9911
38.2447
33.5517
40.274
36.9521
40.2631
34.6327
43.7475
38.2714
44.0213
42.2392
35.0301
33.5947
41.5166
33.8075
43.1873
39.8332
32.2035
35.9978
52.0998
43.9854
39.093
41.656
30.457
36.2281
40.7904
40.8836
44.7962
39.4377
35.1421
35.3009
36.4695
33.9554
42.4996
42.2533
38.0054
41.7959
35.4244
39.2909
31.7658
32.8346
50.7711
39.7802
45.0709
37.5479
39.6727
40.1957
41.6872
34.616
54.4484
39.5718
39.6719
39.1305
53.8205
45.2099
39.0933
44.464
38.9331
37.1019
41.2761
38.7672
32.6917
30.9077
40.9722
39.7622
35.084
37.5574
42.0174
40.4078
36.5747
38.6565
41.639
30.7832
35.317
38.5197
41.475
39.4708
41.694
39.3361
36.1216
50.3663
47.1875
51.7095
39.3915
34.5249
42.1211
33.2263
38.6224
42.9713
40.3778
44.176
44.5106
44.6342
37.9323
37.4991
36.9232
35.76
40.7362
35.9395
44.9664
36.0823
41.3182
32.6445
34.7876
37.8991
36.5227
39.1878
40.8057
35.9239
40.726
44.9693
41.3238
38.4397
38.164
42.1201
44.6644
38.4681
40.5848
34.2461
39.6395
38.514
33.5456
37.7306
40.2637
32.7467
38.009
43.5049
40.1804
34.906
43.0661
40.199
41.9271
36.2305
37.6119
32.8056
52.0955
36.6749
34.997
33.5764
34.4203
38.8212
37.0494
42.438
47.2871
43.173
30.5058
37.1874
36.0529
45.2995
39.0049
43.1644
37.1768
39.4315
39.0234
38.6489
39.2129
34.1232
47.8484
40.8055
38.2498
40.447
41.6691
42.2417
37.3355
34.0249
43.3345
38.7987
33.203