31.2204
35.7655
45.6102
40.1975
33.4982
39.9261
32.8539
45.5223
35.7456
45.9873
39.1931
41.7654
39.8199
38.1757
37.6419
41.2067
32.5665
48.9709
38.6878
32.6506
55.8634
48.6888
30.0279
35.403
50.2111
28.7694
43.2806
34.5116
39.8489
37.8146
41.8247
36.6987
43.5839
43.2405
36.1646
45.3277
43.0035
42.0791
46.9616
39.14
36.6067
35.7301
42.0887
40.4984
38.4971
32.2675
38.0322
35.2423
50.2182
35.2447
35.1046
41.0446
43.7108
42.6357
37.0276
41.386
43.6108
37.8251
41.8997
34.7746
35.3126
40.3276
31.9104
32.0734
41.2832
40.4459
39.6228
35.0946
47.9811
37.4086
34.7555
40.4145
35.7377
41.6968
31.7762
41.2191
39.9667
47.4978
42.2731
39.1557
53.0897
37.6651
40.1075
45.847
40.5631
49.5485
43.8299
38.1249
41.6194
50.1973
32.3008
34.6405
46.0098
48.4085
52.0818
35.1044
37.5595
35.6362
38.9537
30.1073
40.657
33.5025
40.4216
36.7623
35.4396
41.3438
41.8823
33.4008
40.7745
40.8866
36.7951
46.9921
35.0379
42.3938
43.3071
35.3199
48.1113
43.002
32.4506
40.4624
46.4531
38.7609
36.7505
41.2086
46.1518
37.9489
34.7645
35.3778
40.8481
41.8544
38.7053
32.5142
47.6672
43.4103
39.2772
51.6586
40.2461
42.8458
33.4592
40.8584
46.2316
40.7819
44.093
37.132
37.8345
42.3886
41.3824
40.4613
36.6602
44.0498
45.6607
45.7694
38.5844
40.7603
40.7584
42.604
36.0603
41.5121
40.5474
36.3704
36.4032
47.4575
39.0674
43.2716
49.287
39.6993
44.4938
46.6434
34.9383
42.3122
41.8303
42.473
38.9269
44.3758
41.1252
33.8155
33.1124
42.2015
36.0827
52.9536
32.1849
46.5532
42.3593
42.0216
41.8497
44.4984
34.5631
60.494
38.3212
36.0904
47.5399
47.3484
37.4627
34.7199
33.8681
37.2814
42.4141
42.0375
34.1262
30.2599
42.7895
39.3836
45.0447
31.977
34.857
39.8851
33.1511
37.3175
44.1162
34.2587
35.8401
37.5638
44.9987
41.2789
35.8604
37.1089
46.3681
40.1003
47.6985
37.0405
38.2893
41.6058
41.6868
40.437
40.2364
36.4046
34.6743
47.243
33.0144
40.7196
48.9184
49.2577
41.2623
37.2357
31.5681
38.7221
38.9327
36.3338
37.0287
35.7566
39.7189
40.2131
38.6947
35.8667
42.1037
42.6504
37.3283
37.146
34.524
40.6503
44.9486
37.2919
35.8409
37.9782
38.9221
37.3266
31.812
43.3739
36.0434
36.1612
32.3502
49.1281
33.9809
42.8616
44.1225
38.0733
33.796
42.2299
34.9891
43.5847
35.0488
40.1073
41.8819
35.2431
39.9508
46.4365
41.8924
37.0632
39.1906
45.3558
36.73
44.967
42.0835
39.4092
37.8571
42.9509
32.8086
44.1325
45.3436
40.3885
40.0524
48.0064
45.4894
37.6789
44.2201
40.1571
42.5833
36.537
39.3164
38.2366
38.9465
42.3864
28.4049
37.3733
36.8945
33.4291
39.3124
40.5476
39.5594
36.7327
41.4484
36.1157
38.3802
38.2309
40.4663
38.7407
35.311
37.9089
35.9659
40.999
46.1517
38.0298
43.4201
37.4719
47.6486
35.6607
38.6241
39.2852
46.7916
40.1753
38.2473
41.367
39.4009
36.9394
39.0823
38.6486
42.4581
46.7617
41.0983
39.6447
34.8499
36.371
39.465
35.5117
37.531
43.0375
36.2286
34.9045
44.194
41.9343
41.2351
34.9622
39.5814
36.9103
40.2539
36.3258
33.2331
42.3995
36.1376
44.413
41.8132
30.2953
41.6933
36.2839
40.1738
38.4813
38.643
35.5551
45.1465
31.9757
37.1265
47.8658
43.4055
39.2277
44.8604
38.3347
37.2784
35.4188
35.8429
37.5354
36.122
34.228
34.8184
34.637
34.8943
46.3839
39.5858
37.8362
43.6541
42.1508
42.0332
35.6817
41.6417
36.7122
38.5796
37.1365
40.9399
35.0451
36.4402
34.3433
41.3716
39.8433
43.9559
46.303
33.2629
36.3125
35.8551
40.1981
41.5137
37.5337
43.1958
39.1251
38.4043
37.8854
35.0992
40.8073
43.5093
38.7464
52.1379
33.2975
45.3641
34.9205
44.5538
41.2525
43.0159
35.189
40.2287
36.2688
40.1352
36.3316
35.4878
47.4257
35.5964
48.4675
46.3742
33.5148
37.791
36.4987
39.689
32.5506
32.9853
43.8763
34.5563
35.6101
39.1985
33.9071
36.6022
40.2137
36.0055
39.2343
41.8582
32.7135
48.08
40.2067
28.9897
41.2197
42.4707
37.6835
34.9126
31.7988
41.6308
35.2472
38.4726
42.7637
42.8265
42.6786
45.9297
37.5759
38.9069
41.2415
39.4091
47.3156
43.9375
36.7116
44.2821
35.9722
37.0347
39.6077
44.3719
38.9699
37.0209
38.2211
39.6059
37.3004
38.1064
33.7315
35.4656
42.722
46.3584
34.5229
37.365
34.0646
36.067
40.0399
35.5235
37.8557
46.6832
39.1315
38.083
40.8272
32.6751
42.1141
37.5677
41.2661
53.105
44.5787
35.3205
40.4122
39.5821
46.9133
45.44
33.3562
39.8409
45.6473
35.3653
35.1703
40.3264
34.8425
38.3392
44.509
41.4569
41.2393
33.7295
32.0421
36.0567
39.543
35.7647
38.1575
36.9611
48.0632
36.6601
36.5923
44.8866
39.5959
33.4949
58.6365
40.4524
31.4634
39.068
39.8461
39.9072
47.1923
41.266
36.6923
39.5449
33.8383
43.3454
36.0577
36.0406
37.302
33.3363
49.5542
41.2243
34.833
39.2025
43.141
41.6636
42.5683
42.6596
34.7534
32.3955
34.6091
44.5617
36.3959
41.8263
39.5235
33.8917
38.4126
33.2006
45.6183
44.0073
39.1873
34.5373
37.219
37.2945
38.9779
33.7922
37.0732
36.7792
44.5218
39.1476
36.0926
35.7845
43.3412
36.9297
42.5477
40.2563
44.0331
32.5667
52.6048
40.9689
32.0344
44.0022
43.7462
36.2303
39.7451
38.5423
38.3666
41.2404
35.5043
38.7656
46.9483
45.6642
40.4142
35.841
45.3573
45.4008
38.4066
44.0206
32.7071
38.6522
41.3273
43.4042
34.8377
43.57
52.5554
49.0607
36.5067
34.8504
35.7844
33.0889
40.5777
35.1169
38.1013
37.464
36.4559
36.0033
43.011
34.1369
38.0721
43.8736
37.3658
39.6731
40.9788
38.5741
36.151
39.7258
42.1137
42.1652
33.4552
45.0379
44.2044
40.4186
36.5289
33.0043
36.8795
36.9677
43.5504
46.8503
42.5108
41.4646
40.2764
36.7898
33.8879
37.4795
37.846
39.9672
29.2388
35.3819
40.6876
35.9656
34.6541
32.1018
41.7933
37.7855
36.5157
37.4631
46.0645
40.7336
37.129
35.4939
44.5491
36.4882
29.2575
39.1834
30.3294
35.724
41.5666
44.229
41.2011
39.4898
45.2633
38.5853
38.5949
38.6046
40.2271
40.8233
36.4437
40.6614
34.9271
39.7218
35.0494
34.2721
40.0941
38.1314
32.9285
43.4966
43.6468
37.4641
45.5211
36.5958
39.5691
37.7784
37.6159
43.7695
35.4362
33.9215
50.1774
44.8074
36.4726
38.4121
43.1681
33.1416
36.7815
35.2111
43.5064
36.5141
35.3383
41.713
40.3253
36.9593
37.5772
47.2212
40.8272
34.9754
38.7691
40.9619
48.8973
48.0463
50.9292
31.9318
35.6529
46.3882
34.9232
46.738
35.4177
46.8606
39.0709
42.6018
40.0207
35.3458
39.4638
38.6425
40.1155
43.7592
42.6371
45.2002
41.6939
35.046
36.7643
34.1305
33.2509
37.8068
33.6455
35.9329
31.0091
33.3208
52.0131
37.799
43.1726
41.3507
36.3506
39.695
39.7565
36.186
39.1315
41.1451
38.8391
50.2308
47.274
47.2758
37.2901
36.107
32.7919
39.3653
32.2413
41.7606
52.4742
45.4188
42.8671
42.1389
44.7453
49.8408
39.8815
41.3166
39.9506
37.1536
35.1884
34.9431
35.8474
42.7425
41.8528
34.3871
31.4923
44.6263
31.9178
54.1066
41.8222
32.297
39.1911
41.9952
43.0977
34.8068
50.73
43.0905
38.786
44.2824
34.8404
36.9671
33.5221
42.7777
41.1417
43.2587
34.5501
33.7568
40.6494
41.7546
39.1116
43.003
37.8404
39.6377
39.7521
46.2053
39.5821
41.6344
35.6938
37.2364
41.021
45.6159
42.9316
37.1484
37.698
38.1639
36.7139
40.632
46.3005
41.0655
42.1007
50.2302
38.1997
34.4012
41.7391
38.1843
39.8031
36.0429
42.8507
33.4633
37.4079
36.681
38.8129
49.6865
33.7983
36.5752
43.8056
33.2547
39.9831
35.6158
43.0382
39.048
36.1507
37.1427
36.3445
41.1172
35.894
33.386
37.8183
49.9452
40.7075
46.4547
38.824
35.1314
40.8377
30.7823
42.9518
38.794
33.0443
41.747
41.7836
40.8534
37.1388
34.4328
33.5713
48.7284
43.315
40.2244
41.9261
38.2852
39.5147
37.634
40.1217
41.4257
35.4217
36.0067
36.9585
41.7963
38.8876
33.7284
58.0592
37.645
35.8851
35.3123
40.3193
36.0423
39.8809
32.9169
35.9881
35.7667
37.8673
40.832
40.6821
40.6011
44.9573
44.6441
36.1348
35.42
45.7946
42.0527
40.0164
39.4268
34.2214
51.2787
45.5088
45.2929
39.9729
50.195
38.8734
34.0713
44.559
39.7061
34.9956
41.8939
39.3336
39.7044
39.0884
44.5321
38.9934
40.0441
39.9512
37.6305
37.234
40.2323
38.0795
39.6323
38.7038
49.7603
36.81
34.4406
37.9406
40.2045
33.1205
37.1868
33.9739
43.267
38.0097
35.0547
39.6543
41.4525
36.7763
47.4515
48.3617
43.2915
44.4475
48.0891
39.1026
39.9974
36.0777
44.8158
42.852
36.7698
45.8786
38.4238
40.1565
38.4696
45.771
36.3484
39.1496
39.542
39.5128
36.5348
36.1804
41.1381
40.4034
34.9463
37.2123
46.0916
38.6013
36.9718
43.5857
41.022
46.3657
35.5501
37.0781
37.4783
36.5244
36.228
37.0993
43.6004
40.7045
40.0864
44.6385
44.9938
39.3747
43.0436
42.272
43.5255
39.5973
37.1919
35.7891
31.8186
38.5369
45.3387
42.5587
36.0982
35.0618
39.6975
32.1792
38.3413
42.0148
48.4727
37.3287
40.031
35.7016
40.0815
59.3911
39.1802
36.2455
33.9264
47.0757
36.9072
36.0697
32.6709
37.0664
33.0559
39.9741
44.5419
37.037
33.8067
43.3979
35.2666
41.1498
36.959
39.7409
37.6413
37.1897
37.5356
37.6223
38.9318
34.3876
38.2546
36.7492
43.9614
36.1041
37.93
44.3556
37.6618
39.841
38.9821
38.3946
35.2029
36.106
38.5642
40.9224
35.8026
39.2571
44.0321
39.9019
36.7405
37.3776
34.0584
42.3722
32.0799
43.6059
30.6285
48.6151
44.9136
39.0295
37.7113
39.7351
37.744
43.3134
46.9236
34.6523
39.5484
36.9162
34.9242
33.5942
40.0213
38.4873
35.104
37.8519
36.4409
37.411
34.4374
38.142
38.0196
34.6818
45.4371
43.608
37.6793
37.0298
33.2044
34.9844
40.5218
41.6799
37.0276
39.8507
48.279
40.3636
38.6578
38.6405
50.9177
35.605
37.973
39.646
39.1747
40.6524
43.4241
41.0746
49.3184
36.0594
37.9943
36.2399
34.7056
40.4495
39.7974
41.314
44.6071
34.0506
34.7674
47.5531
42.3087
44.7975
42.3912
31.7195
42.1087
36.5231
42.9123
40.3354
42.5023
36.0985
38.1312
45.5496
39.686
39.3034
39.6087
30.4695
45.0446
36.9133
32.977
33.4128
48.9938
44.2992
45.9295
37.4677
33.5787
42.6657
38.4406
36.2706
38.3131
40.9606
42.4259
42.2136
33.6236
36.9163
45.8258
36.3297
41.2187
37.836
43.1215
40.036
40.0949
44.4064
32.945
41.7805
40.1494
38.1431
41.1982
40.1713
40.9615
42.8245
33.2849
43.1477
37.8231
52.0583
34.4043
45.4842
45.7446
45.8537
49.6398
32.9017
40.721
38.8821
32.8588
37.8303
34.4176
45.3957
33.5748
36.2258
36.6115
43.6365
43.8772
36.9824
31.6658
30.9268
39.9761
38.1291
35.6243
32.3913
39.1239
37.5674
47.6964
42.0326
48.0364
35.9785
35.7035
36.7165
41.2096
40.3637
38.7436
37.3292
30.4233
32.3223
42.6632
42.8264
33.4157
36.3973
48.142
34.6617
36.8236
36.8131
45.0785
39.155
38.5744
39.3043
39.7775
40.4818
35.879
37.1667
36.1294
37.7025
44.8235
50.7566
40.4954
36.6339
33.6874
41.0625
41.473
34.781
42.169
38.4899
33.5924
36.1376
43.1491
31.4692
31.5216
38.9663
38.3251
38.8839
34.3673
54.381
38.6013
47.5263
35.588
40.0828
39.9784
37.0329
37.1408
45.7924
32.9948
33.4605
41.4211
37.737
44.4757
44.5038
45.1513
38.5774
36.7783
35.3797
35.0628
42.1835
51.3772
32.7806
35.0349
38.1387
29.2588
39.102
41.3225
59.4606
42.3648
40.0112
36.9708
53.3234
44.4075
41.3537
39.614
40.7455
41.058
40.4467
42.8792
34.2285
40.1947
45.8446
34.6017
39.8874
44.1088
47.0136
42.5319
42.1838
35.7104
38.4866
58.861
38.3078
41.2715
40.1372
41.5192
39.2513
44.916
40.3628
39.2493
42.6307
48.3073
32.1677
30.3015
37.243
40.4488
38.1872
41.5992
40.4861
39.3033
50.2297
42.4974
43.4948
40.3785
45.6505
41.5282
36.5441
33.886
43.1319
46.2564
41.5497
37.5619
38.0748
42.9672
43.1353
40.3228
33.804
40.2935
43.9831
45.2294
46.0296
40.9231
40.2004
32.2909
33.3401
47.2876
35.0114
36.3316
37.0177
49.0656
33.455
35.6972
35.3989
41.7096
33.9697
36.4529
47.4103
32.2982
40.9862
37.5262
41.6061
38.6771
39.5432
37.4443
48.3496
45.3771
39.2425
42.2767
39.2715
35.3177
34.4355
36.8829
37.2381
50.2493
36.8614
39.425
36.4989
35.1779
31.7825
35.754
53.503
39.7714
39.3578
40.9384
36.8111
35.2999
36.5695
38.5534
38.9057
37.4467
36.1957
38.9118
36.7066
45.108
41.5361
38.8758
49.5155
36.1452
33.4158
43.306
43.342
34.9759
43.8329
46.7631
35.3336
35.887
39.291
46.0169
38.3871
43.7235
32.8697
35.1009
46.0316
38.8914
42.0673
45.3877
40.7877
36.0286
34.0026
39.3434
40.5145
38.6624
39.5586
41.3404
46.5248
45.67
43.3709
37.9544
31.9217
40.1796
37.7185
32.8496
31.8797
37.4645
44.9413
36.1763
43.1084
36.2402
31.5112
35.6758
32.8697
40.7428
48.4849
33.2981
44.6679
44.3298
47.3679
42.7067
47.5988
39.2518
35.4314
35.8203
45.2396
38.0529
48.5438
39.6055
45.8036
39.5407
39.7214
33.5109
39.3215
43.6888
40.1142
34.4628
34.9884
40.2293
35.7755
37.6338
38.0794
35.7921
33.7118
40.7576
43.408
38.6291
39.9232
45.1751
38.1693
42.3419
33.7311
40.6988
44.4216
39.6462
40.0578
42.7125
30.5556
41.3906
37.5999
40.3384
39.8587
54.8289
37.395
47.9155
43.8998
40.2814
39.9097
36.7834
45.156
40.28
37.8808
39.2395
35.8615
37.9204
37.1105
32.3258
38.8234
52.0635
46.6219
37.488
38.1031
43.3679
36.4451
42.9377
34.0106
35.0131
40.1861
40.0249
42.0493
38.3233
40.5606
37.3846
34.3943
31.8288
52.3461
43.2929
33.6437
32.4811
32.2775
47.3166
47.0889
37.1422
41.8789
50.4041
41.5476
32.0288
56.2299
43.4486
38.7528
41.3111
36.2005
32.5985
47.5159
65.1191
37.1755
38.5345
40.1541
40.8984
48.263
46.2854
48.43
42.5764
33.3998
45.7709
40.0457
41.0825
39.281
43.4733
31.0045
33.0094
34.5244
34.3075
37.4874
39.166
48.7577
36.0842
34.2655
36.1029
29.2196
39.3097
44.6245
40.6543
32.4939
34.8072
33.4331
33.7814
37.0108
40.8082
33.8296
38.7693
38.7819
41.8784
38.3594
56.661
38.5255
40.513
32.0172
35.8009
41.7057
37.1545
40.9406
33.2517
36.3718
41.4302
41.0688
34.2803
37.1019
31.7333
34.7419
35.6373
33.0215
35.2604
36.445
43.2218
38.2178
39.2316
39.7085
38.7898
38.189
38.3647
35.2446
36.3879
39.1989
40.6156
35.5917
37.4957
40.053
42.3418
41.9533
36.6669
41.5252
33.7847
35.8432
39.8099
41.914
39.8988
32.74
37.1314
42.2435
40.7383
36.8999
32.6931
34.0177
38.5151
36.4918
39.5658
41.9904
41.5962
39.4381
35.6807
37.695
35.1352
45.2614
35.4883
40.5462
44.1734
48.9864
37.8827
39.8081
40.3826
40.7807
40.4634
38.6106
43.9692
34.2607
39.0996
34.6832
40.9526
38.3182
47.3852
37.7656
36.1753
33.7545
41.5163
43.1589
45.0767
58.6172
35.328
39.5313
44.6654
30.1232
48.7809
44.2134
44.3372
39.0703
37.3246
41.8783
44.3475
37.7514
43.4814
37.1242
43.2592
41.1466
35.894
44.9558
34.9377
39.6759
37.3162
40.5797
34.1919
36.2403
43.9113
34.2879
40.0303
36.4092
56.3371
34.7705
36.9328
42.5856
29.9326
41.2126
38.6505
36.2578
34.521
43.1633
43.9782
29.3982
30.525
42.111
34.4721
31.6769
35.3846
43.6832
35.3541
40.7593
37.8704
40.0091
32.3066
32.2433
29.2159
38.7102
40.9718
35.9308
36.6459
34.85
40.7949
40.7505
41.1505
38.4146
41.0588
56.3717
36.7301
51.946
39.8421
50.156
41.578
33.3039
39.0329
34.5686
41.6256
38.6329
33.908
43.7763
42.3389
39.6567
37.5405
40.3399
34.9058
35.8149
45.9365
35.5949
32.9027
54.5715
35.8044
38.0503
35.4508
30.4423
34.4503
52.6593
36.5159
33.4699
39.5024
34.1325
45.997
38.4218
35.685
42.6988
45.3792
41.0602
37.3793
40.3584
37.9015
37.6264
30.8704
42.525
40.1395
30.7714
35.2113
39.9222
43.5112
40.5435
37.343
38.6579
33.6113
50.1549
39.7384
45.3074
38.1881
41.1515
32.9594
36.8852
35.0237
37.2326
38.1769
34.282
41.1835
42.9511
29.2638
37.6713
38.2073
37.1992
43.9224
40.2144
33.9527
41.9093
39.3469
41.7756
32.2495
35.8892
41.0581
36.8513
33.291
51.197
35.6802
47.8565
41.2085
41.0795
36.1233
42.7327
40.584
43.6513
39.1295
42.7041
41.2073
37.4069
41.0948
38.3263
39.1696
43.2423
36.6597
43.2535
36.7898
46.1657
35.135
42.6063
38.3116
42.9166
35.3537
40.3669
35.1455
41.9012
44.4397
43.6676
36.087
34.2885
44.0927
39.2925
39.3433
45.8852
44.1267
36.291
35.0661
45.4557
39.5977
37.0229
38.4457
45.3655
36.2136
34.7488
35.4994
33.2448
40.6687
42.5995
35.8873
34.994
40.4192
37.969
40.4933
42.8395
40.6208
47.1857
46.3675
37.2079
36.2154
45.5788
38.5163
40.1595
38.0199
38.9199
39.8857
36.8164
36.4087
36.7109
37.9945
34.5115
46.9271
51.5152
36.8065
40.0479
39.1948
36.7221
39.1399
35.0585
34.611
41.1667
39.1098
38.834
47.08
45.1061
43.4259
32.4827
37.7918
33.633
39.8791
43.5808
39.765
42.0429
34.8624
45.318
51.1354
44.6174
36.1435
37.3647
44.4878
37.4808
41.2439
37.3217
36.9283
37.1677
38.243
41.8903
42.325
44.6169
44.7394
36.5913
45.3133
48.3509
39.131
34.9964
45.7003
40.7535
39.4737
42.8299
55.9673
36.1185
43.2049
34.9608
35.9564
35.11
43.2868
37.8975
33.9537
39.085
41.6437
40.4219
39.0676
43.8674
31.4395
37.9119
38.2844
46.026
33.0638
37.8122
38.0202
36.0853
35.0864
45.1119
43.9633
34.8524
33.6695
32.0388
36.4282
40.4361
37.4495
41.4289
42.7164
30.6673
40.9317
32.7228
41.2905
42.5115
33.8989
35.7665
35.9623
38.0024
37.8
33.472
46.2577
49.3538
40.2633
36.0783
38.3985
39.1437
39.4275
36.3487
40.2604
34.8659
35.5998
34.1233
39.938
38.9699
38.5401
35.5596
40.589
45.3458
41.5932
34.8023
32.5107
44.4918
36.713
35.5001
37.9253
39.6808
46.1568
39.8163
43.4019
40.2404
38.4956
36.9185
38.7303
42.13
37.2553
41.9048
37.128
37.8309
38.1759
40.7084
45.0304
40.2764
42.3343
33.8407
34.3148
37.6732
35.3557
35.5964
37.9215
37.3381
38.0507
44.0193
35.9015
35.5833
38.0136
36.1309
40.7188
36.6905
36.389
40.4957
34.7659
33.1927
37.4782
39.6014
32.629
38.1591
38.3674
36.8447
35.5894
35.1425
42.59
43.3492
34.237
37.5624
45.7694
53.5299
35.324
54.3606
38.3288
34.7501
36.5917
36.0872
39.0811
41.2793
35.691
39.3355
52.2291
41.6015
34.1872
46.3
36.2337
41.3849
36.2298
37.401
39.8299
37.8823
33.5812
36.6359
41.8961
34.526
41.1615
47.8806
35.3021
42.6469
47.0667
36.4219
42.2175
35.3552
35.5539
35.7327
46.9702
35.7099
41.2457
38.1383
34.7839
33.6242
51.3075
43.5463
36.8088
40.4706
40.9106
43.9159
39.942
41.1631
48.9684
38.2839
39.6347
35.1495
38.6127
37.4728
34.2209
42.5915
33.1678
36.1565
32.7793
41.9438
45.7486
35.6131
38.7698
41.6918
40.0489
38.0251
40.0655
35.649
46.3922
33.8981
42.1938
41.4157
46.5125
34.6721
51.8581
43.2326
44.9807
36.0898
41.3128
46.2885
44.9272
52.4989
39.1436
40.5305
42.766
41.2516
48.995
33.6786
44.8279
39.9003
36.554
37.7439
37.3269
37.7354
48.5983
39.3632
35.0102
36.0914
41.6946
37.2572
38.0396
36.5435
32.5041
35.764
38.1845
44.2759
43.5961
35.6193
40.863
40.9943
33.6727
35.1774
44.4023
36.4282
36.7499
36.4339
40.8786
38.0546
39.2295
36.0792
37.0179
36.7548
41.8966
34.7153
34.7516
40.2919
35.7124
39.0428
38.6985
39.6575
35.7921
46.3664
37.2043
45.8364
36.3214
45.805
43.6757
43.1308
41.4347
40.9143
44.8456
42.2944
37.5784
52.3379
34.7902
38.1548
33.2455
32.5841
36.4982
37.801
31.6729
38.2674
32.6128
39.5751
38.3925
48.7711
39.4274
50.4484
42.3124
44.9318
33.4289
41.4497
41.9681
38.53
32.8399
36.6224
36.9844
43.9113
47.1455
36.208
40.2851
35.5276
37.7359
35.1646
37.0588
37.9449
31.3831
29.656
40.8068
45.6742
37.3056
34.6335
34.4171
39.4341
31.2471
44.403
38.5674
37.7055
35.6258
39.9061
33.9674
36.4862
35.6216
35.5311
40.7219
44.0004
42.3407
41.6537
42.6323
32.2125
54.2742
42.8856
39.2406
42.6432
49.1623
34.3146
36.2581
37.4937
40.1001
51.6773
43.2153
37.0584
34.3556
37.8322
41.1134
38.5389
32.8389
43.7264
51.012
32.7062
36.345
31.8347
37.5812
41.6202
36.0083
37.702
38.721
39.5514
38.3058
41.5657
39.2974
35.9279
38.3823
42.6515
33.4039
43.1492
38.7263
38.1662
33.8544
37.9519
39.3841
38.9882
32.2366
38.2052
39.8735
42.2747
43.8577
37.4657
38.4667
35.0462
38.7861
41.6735
33.6961
35.4534
37.7393
43.3067
45.168
43.6059
30.5536
37.1759
39.4126
42.0835
37.5713
33.6202
34.2775
49.1616
39.8206
38.0095
40.1598
43.7946
44.1278
41.7629
37.9065
41.7072
38.1648
31.1011
40.6933
39.2923
35.5806
42.9605
37.3765
29.6093
37.9858
45.422
34.0192
32.5691
40.5606
40.9256
34.9929
47.3189
37.2766
36.9771
37.2228
55.0371
36.6529
34.6465
33.6551
35.1441
30.7919
52.266
39.817
33.1769
38.754
37.9853
40.3813
39.2727
34.6994
44.0145
36.3124
40.5583
42.9393
37.2736
33.4324
41.6653
34.0037
35.9661
43.7869
44.5751
54.2392
45.9692
46.8543
38.9108
33.5825
38.1648
34.1476
39.7615
33.7324
46.7546
39.2754
49.4945
40.3963
34.1774
48.7298
35.399
36.5924
36.6133
43.7648
40.4454
57.4805
38.9306
38.8137
42.3698
35.3772
32.9964
39.6269
36.7616
39.8977
40.4702
35.907
37.7007
38.6974
39.5744
38.4827
39.5324
39.4035
36.4022
38.3585
39.3549
46.3009
37.8857
44.0867
32.2164
38.0136
47.2469
35.8456
48.9959
38.3137
39.0382
35.028
37.967
34.5487
41.391
38.5555
35.5075
43.7341
34.3427
37.5444
40.9312
32.681
57.2461
36.6517
38.4842
44.7317
36.5496
38.2797
41.1941
42.5951
42.802
37.2205
45.0197
32.0533
45.3996
41.441
36.5151
35.3431
32.1873
44.6275
33.8739
39.1544
48.1915
35.4903
42.2831
35.9171
40.0761
53.2768
38.4061
38.2601
45.5539
44.6148
34.836
34.5792
33.6397
42.626
46.4641
39.6729
43.0064
38.6705
36.2664
36.2395
38.5114
39.98
33.1259
34.4632
33.9499
42.5753
38.3407
40.1601
44.481
41.4674
43.9879
32.4373
40.6691
39.6089
42.2087
38.4267
34.4768
45.5771
42.8987
37.0233
35.393
41.4219
38.7716
30.9281
41.9292
38.462
36.4184
38.8257
41.4998
41.579
45.6971
40.5705
31.8005
41.2
33.9136
36.3674
42.4081
44.0906
40.9206
41.6538
41.2331
37.425
48.4181
39.652
40.7959
33.523
47.2035
42.8062
41.2029
36.7257
39.6222
38.3454
42.7427
49.1601
46.6599
48.4054
37.3303
44.4924
40.1754
38.7329
37.4093
44.6
43.8588
33.8756
40.6477
32.9823
37.199
37.4387
38.9023
38.469
40.8634
36.5046
35.8184
47.0069
35.1086
39.3384
32.2905
33.2199
37.8749
35.4014
38.1679
45.9936
35.2925
37.88
38.9166
40.9959
45.3894
37.1359
37.3146
34.1569
40.9763
35.7966
39.2282
39.7402
48.4724
42.2794
35.5706
37.4774
41.5569
47.3178
39.8106
36.7608
38.9195
43.6233
37.2045
30.4852
39.594
34.2753
38.7535
34.0489
39.7865
37.3102
34.676
46.1149
44.1225
39.2294
39.4004
49.2325
34.1755
35.0015
36.8172
49.7423
42.613
40.3153
40.5984
33.3167
39.3644
43.1105
45.052
35.2305
43.5749
32.924
38.3149
37.5512
40.1079
41.4505
42.8451
41.6447
41.6476
35.1173
41.1901
41.3494
34.5819
36.3753
36.252
45.2231
45.2311
44.3631
37.9629
40.9168
36.7502
34.3846
46.6171
33.7151
35.8983
29.5977
32.5502
39.0314
32.1703
42.1683
39.7677
35.4633
37.6395
38.9037
37.3501
34.3656
31.0088
38.3525
37.1566
36.9162
41.7628
40.2669
39.2478
38.7534
34.8084
33.5927
34.8091
39.1317
42.3135
41.7216
44.29
33.4295
39.7767
35.922
35.9516
36.5424
33.357
43.4355
33.1084
42.7664
36.1904
32.2866
48.1174
39.391
42.2209
44.5037
39.8182
36.609
40.2039
32.8477
39.4453
37.9974
49.0448
33.6187
42.355
43.0923
44.1105
34.8968
40.7792
34.2395
37.9914
33.0764
47.3896
41.8302
39.5951
30.8722
37.401
41.0087
31.6532
35.1128
31.8054
47.5482
40.8189
45.2102
36.6658
36.8095
35.9439
33.8133
38.2514
35.1961
35.9447
40.3888
48.7464
33.0572
36.4933
34.6966
34.6286
37.0031
43.7176
44.3741
38.0162
35.149
35.0154
38.7131
42.5113
38.2065
41.4591
42.0726
37.5761
36.326
35.7261
43.5148
60.6709
38.4686
35.792
33.383
42.3174
35.5009
42.212
35.486
38.8488
39.0843
44.04
34.6038
36.9297
38.2543
37.4108
37.9986
40.6716
38.38
30.3779
43.1595
34.5514
32.2256
32.4487
41.1768
38.6973
33.4491
47.116
38.0387
39.524
44.7583
41.8194
34.4799
34.2308
40.8941
37.5608
41.1643
43.094
43.9445
41.0892
40.6755
45.8752
40.9354
39.0597
47.1821
38.5735
36.9539
43.7672
40.7758
39.2785
39.2715
35.7308
38.643
36.2247
44.445
39.5064
36.4815
31.2905
35.7771
34.2165
37.7826
38.3664
48.0614
45.4008
36.6892
36.624
38.7316
54.8518
36.7425
36.576
36.1045
37.998
36.6917
30.597
38.5767
40.7391
36.8922
35.9288
40.9047
40.6233
36.8682
35.3164
34.1512
42.3028
40.4091
35.1537
38.045
49.0423
35.0323
37.2853
45.4668
35.6646
35.712
33.6646
53.0248
37.4157
42.2211
35.2958
38.4103
36.5666
38.3434
39.787
50.843
43.2838
42.6223
38.6009
44.0794
47.3294
41.6892
41.5671
46.7106
36.5146
46.421
44.1627
34.42
49.0194
33.914
31.9556
38.0514
33.734
38.1242
39.03
39.3837
41.1617
38.9844
43.0071
40.1184
45.253
35.0794
37.7277
39.3578
36.4359
34.9811
36.5851
44.7817
44.3657
37.4771
36.0597
39.4306
42.0937
43.5646
45.5757
40.3926
57.9664
30.4964
40.8439
40.633
35.7066
38.8819
36.8709
42.5595
41.0536
48.6656
39.3508
44.2152
42.8735
41.6813
37.5932
37.8916
35.8614
36.8646
35.6777
48.9292
42.8294
43.4084
42.3395
36.5161
40.7207
37.8803
40.9123
34.4627
38.7101
36.2404
32.7416
46.9331
38.1171
37.971
36.0386
48.8486
35.8297
38.5615
39.0292
34.914
32.0131
34.6829
35.6256
37.2816
37.2218
34.376
43.9628
39.442
41.528
35.9345
36.9508
35.0318
33.9779
41.646
47.1642
46.3955
42.2397
52.3764
43.101
36.1509
34.3418
51.3372
44.787
44.6403
47.1673
35.0004
37.7347
36.9961
35.8842
33.2468
42.0587
56.6937
42.3985
31.7595
43.897
40.6962
36.9949
37.0118
41.6607
37.9005
32.1913
38.5578
38.4372
33.564
41.6458
46.6382
35.3979
34.5627
40.6187
46.4797
37.9281
40.4716
42.4046
35.593
42.23
45.0157
33.9675
41.2292
32.0198
38.5447
40.258
40.7302
41.3619
37.6997
51.0228
40.3092
42.8497
35.4668
34.5575
39.5954
39.9423
40.7407
41.8322
38.3618
35.8988
42.3033
38.1012
44.2461
38.6266
44.8496
30.8256
36.3666
37.557
36.9502
44.9583
37.009
40.0754
38.164
38.076
40.8942
34.8822
43.9272
41.4131
34.8682
44.2942
38.3623
35.9886
29.3921
40.1286
40.3199
35.9461
38.6244
59.8198
35.4769
41.9729
40.4698
37.6402
39.3445
38.4821
47.2247
35.9256
38.3476
34.9295
47.5179
33.4322
33.5211
35.0311
40.1617
36.2997
41.0651
38.1906
39.1765
37.1165
35.4729
40.4854
38.3349
43.8296
43.6019
36.3655
39.3982
42.8513
42.2308
46.0867
36.4372
39.5004
42.0247
42.503
38.7119
39.3381
48.8184
35.3725
36.6932
38.085
40.424
41.4609
37.0173
49.6987
38.1081
43.3342
32.2121
45.7955
38.3798
41.4255
36.0588
37.8753
37.7207
41.357
40.5103
45.5079
35.1337
38.4428
42.7532
43.6258
44.1884
41.0684
38.8439
34.7653
38.4343
40.8404
40.3923
37.4106
35.9054
35.5098
40.2248
36.961
41.1349
38.5786
37.8307
38.2063
35.9494
36.6006
40.0934
42.5408
37.6341
40.7821
35.3533
40.0038
48.8636
31.8993
32.6044
41.6481
35.1096
41.5695
40.5611
39.2842
48.6588
37.7026
45.431
33.0575
43.6774
36.6108
36.3125
51.5466
44.293
41.6302
37.0765
40.1021
36.3253
40.7331
38.0693
49.1553
36.8091
40.595
38.8627
35.1084
36.5636
33.8069
34.988
37.5029
34.7121
36.0574
43.8338
36.0902
45.2208
36.5385
46.627
36.2415
38.6543
38.0419
41.6028
44.0887
35.7827
37.6466
32.3939
43.357
47.834
35.0646
43.9122
40.2934
50.7279
41.1935
38.151
43.3881
33.8791
41.4976
35.1006
34.3228
42.9809
38.5497
36.9392
31.8246
38.7478
34.6226
34.8031
36.9929
39.5338
32.4801
40.7378
45.4898
31.8118
51.1842
38.2527
36.1081
32.3756
38.0116
40.4579
45.9242
51.4983
36.2721
33.165
40.1312
35.857
38.171
36.9465
38.3298
36.8286
40.3308
32.7341
42.6684
54.9577
43.27
43.9444
43.1955
39.5496
33.7559
38.7658
45.7602
42.5582
35.4232
34.7883
41.5415
37.7956
40.4076
34.6782
38.8998
38.7123
37.0425
35.397
42.0556
46.7479
37.188
44.3599
47.4946
39.1457
35.3159
43.9941
43.0612
36.35
38.2224
35.2378
39.755
36.1906
43.4613
35.9864
32.4115
40.9213
35.3066
40.4927
48.2936
35.4071
47.2353
33.2419
42.2984
39.7057
43.7041
44.6322
42.4787
37.8764
45.3446
35.2274
40.1041
40.0865
40.3416
45.5494
43.7008
39.8225
40.7661
54.9989
48.4605
41.1824
39.2635
38.3819
40.4348
37.1948
35.6908
36.6404
34.4682
45.463
36.7519
43.393
44.5991
45.813
36.3379
44.4389
40.4166
41.2295
37.1356
34.0595
41.1344
47.8023
42.0947
42.2539
36.7985
42.4183
41.6996
34.2276
31.1588
40.1247
35.2059
34.2514
32.6794
31.9794
37.6886
39.2363
36.56
33.952
46.3816
39.696
42.2663
35.6189
38.1469
33.6931
37.8074
37.918
35.5958
38.5199
37.3131
36.8908
36.8556
38.1303
36.8221
43.9126
35.4685
39.0013
41.2564
36.9387
35.3217
33.0788
45.1632
39.0224
36.9836
33.2473
36.4557
33.9907
36.9079
44.779
35.7022
39.9523
37.6867
54.5238
40.3918
48.2867
36.1135
35.4131
44.2116
38.563
34.2802
42.1629
36.4831
39.1889
41.5534
36.0121
37.0687
40.1527
39.4204
33.7516
41.9216
34.5147
38.9629
36.0227
43.8136
40.1769
35.0151
41.3407
37.1368
33.0461
40.611
53.1094
42.8115
37.6158
38.4532
41.6128
42.9312
46.3214
44.7251
44.0923
39.3273
44.4826
44.98
39.3823
36.3691
38.4894
41.9082
34.5867
39.4011
40.4589
31.1267
31.9909
45.0587
36.9435
34.783
36.9998
36.9853
44.9577
41.9584
38.1078
40.2543
46.0861
38.8317
40.834
33.756
40.4687
34.5083
31.4439
35.5429
37.1858
40.9628
39.8934
38.1454
32.1395
34.3052
35.9634
38.597
40.5018
41.4088
36.5515
37.4921
43.0737
32.9154
37.4369
54.2468
43.8243
41.4899
42.6464
39.1135
33.3934
32.005
40.0218
54.3166
43.9059
42.8991
39.9321
46.1951
53.6765
36.9423
33.9644
43.0413
38.2124
33.5348
43.8491
40.8272
38.4163
32.8829
40.3937
34.3931
35.0759
39.4266
37.8894
43.1113
42.0938
42.8197
46.4222
34.1488
33.3792
45.0494
39.2849
50.2228
37.4544
42.0344
36.2894
40.5623
43.0154
44.7133
41.9386
43.3032
33.7222
41.1284
41.8387
37.4532
42.7133
42.2564
42.9451
37.7068
44.1359
40.8474
35.5715
35.793
45.5024
41.6003
37.7238
38.2734
47.9831
51.0689
38.5116
33.1144
31.7493
40.4095
35.8874
49.9866
40.5089
40.2866
39.5063
47.7491
35.8791
36.846
40.323
33.1082
37.5109
38.8659
35.6911
36.9586
42.764
39.0407
32.4252
41.0111
36.6428
39.5985
47.9048
41.5602
37.0898
38.9273
41.3468
44.8672
38.6639
35.2454
39.7048
41.3382
42.9675
40.674
43.6878
41.5984
39.6548
37.6955
36.7753
33.7739
32.824
34.248
44.6908
41.8563
43.3094
38.6315
38.5165
35.1876
35.2579
45.7631
36.511
41.7817
38.6375
34.3003
44.621
40.8348
49.8253
35.3958
47.5137
37.3413
32.7716
39.4449
34.5364
33.6569
35.6082
41.2967
45.3487
37.5992
42.7971
47.9923
48.2879
40.9031
36.9841
43.6775
44.3629
37.561
38.3767
36.2537
35.2744
32.9447
37.4751
43.3037
35.2586
48.1043
40.708
39.6005
37.4292
39.9927
34.9751
41.5088
35.8126
37.0487
35.3111
36.1083
41.3189
43.4286
35.969
40.0187
33.9617
39.3817
36.9212
37.8291
41.9782
41.4121
41.1651
36.1621
35.6196
40.8866
37.3041
33.1106
39.285
42.7841
38.4503
46.461
40.1603
41.186
35.8305
43.9126
42.1262
39.0633
51.6049
35.5413
47.3097
42.0618
37.234
37.9893
38.5562
32.2767
41.2378
35.8571
42.3912
38.9989
42.0427
33.909
38.2104
36.178
34.6027
40.8891
31.1461
37.1649
37.7261
31.7011
35.4167
38.2724
33.323
47.3027
39.6777
46.3357
38.6438
46.0977
46.5421
43.6378
33.3782
35.8881
38.3268
36.0489
30.5171
37.533
46.4897
36.9069
43.6384
40.9081
44.1932
41.9492
36.4607
31.383
39.4142
31.7441
33.7769
38.3672
54.4147
39.693
34.0402
36.3175
43.4899
36.4659
36.4454
41.067
47.9608
42.7997
40.2599
48.1169
40.3255
41.3647
41.999
33.2797
46.2036
35.6769
44.143
46.5553
45.085
42.1257
43.7729
40.698
43.3146
42.7763
33.4121
42.6991
42.4453
35.7591
37.6492
45.4059
32.1955
35.6488
46.2628
43.5302
35.912
43.2165
42.808
39.832
41.8334
38.1972
48.6901
45.3638
43.9672
48.7657
39.5915
44.2131
35.4424
34.5554
48.5824
45.137
34.9176
36.3443
35.1036
35.6799
35.6389
35.7352
39.747
34.9291
45.3245
43.2304
39.0815
43.3303
40.0776
37.4744
40.4374
31.2696
41.664
37.9721
40.7835
36.58
40.8065
36.6101
34.6374
37.3155
50.5381
36.1774
37.5441
33.8164
45.2618
38.0917
31.2104
32.5556
40.019
38.7735
37.8352
37.7532
38.7272
49.5555
39.566
33.2434
44.9699
37.4967
40.4087
37.0562
33.6671
36.1679
33.8355
41.5666
43.267
39.8359
37.0925
33.1806
45.8329
40.4753
33.1913
36.7924
33.6245
38.7165
44.2767
34.3426
43.3915
38.1629
31.4811
46.3986
37.4981
43.5084
38.9157
33.8607
37.3507
34.2052
37.9507
39.3645
35.3049
45.1807
40.253
45.4211
47.1125
41.6124
33.9621
38.3818
36.7563
59.2219
39.277
34.9238
38.6787
41.5356
44.4782
36.4807
36.1881
40.1279
42.9486
34.5406
37.8225
41.1885
37.48
40.541
40.3317
44.2209
47.719
40.4498
45.8646
43.7996
45.3669
54.558
33.4717
35.1091
44.6306
37.6088
44.6664
39.3969
41.3751
40.1988
50.7776
35.8145
41.2186
33.1335
45.3522
45.4656
45.6218
42.5133
42.1277
34.4288
34.5779
38.6474
41.3165
32.7358
44.2629
36.3837
40.4922
38.2823
33.0751
42.3342
48.3761
42.1777
31.1778
40.8835
41.2307
40.789
38.539
36.9432
39.1032
44.9194
37.2731
47.3358
37.0996
43.9742
45.3437
39.8529
33.9414
36.4381
40.3932
45.1885
35.9408
34.4322
34.622
29.8184
32.0891
35.2671
36.8268
39.3748
44.6596
35.4804
46.2481
36.862
35.456
34.7111
39.2348
34.6257
42.2807
32.0163
43.9623
31.6576
37.4595
36.7997
32.5875
40.2295
31.7671
39.475
36.4235
40.6149
35.3262
45.3228
40.1404
32.7684
35.6772
43.6255
35.9419
32.8798
37.7238
41.5982
41.0747
34.3875
33.7657
50.2124
42.6505
45.2665
38.2387
40.725
38.0622
40.1187
33.9977
36.193
37.1082
34.9825
42.0014
45.3408
38.2993
38.6718
29.9332
38.3863
35.2322
40.3644
37.5749
36.2062
37.6684
31.6387
37.2333
34.9405
36.1682
30.7941
47.2414
36.0697
36.7502
35.2724
36.6042
39.6356
40.1526
43.5021
48.9109
51.3281
37.3419
39.9336
39.9754
35.9355
39.9838
36.8958
33.4663
40.4574
39.6688
34.8539
36.732
37.5539
37.8174
39.4109
41.842
32.9473
38.9167
38.5831
44.4901
29.9701
36.3572
36.025
37.6918
36.7949
38.9218
30.3717
33.684
34.4503
40.7461
41.6596
31.889
33.2694
40.1031
46.9578
37.8793
43.5861
37.0009
33.1628
38.8928
35.821
37.0874
38.779
40.9694
38.0326
41.6005
40.8779
46.2123
35.0464
41.5481
37.6408
34.749
32.7312
35.6182
39.7318
47.679
33.9873
35.1132
45.6818
36.6591
39.9382
33.9036
40.022
40.498
41.1703
38.0893
31.307
33.1829
42.0425
40.0646
37.4707
46.4434
45.2278
36.6767
43.5829
41.4289
38.6197
37.4912
40.656
38.8258
47.6255
41.5665
36.968
38.3966
54.6516
37.8322
40.9191
41.6961
36.7338
35.6668
38.1571
32.0522
40.6271
36.5434
37.1014
36.0386
38.8358
39.8553
38.2712
39.1892
43.0943
37.8426
34.3144
37.1145
34.1947
44.2463
43.1974
39.1086
37.1172
38.9308
44.9573
35.208
35.9801
45.2385
40.6671
43.8073
34.8884
34.9777
41.8787
40.9995
42.3653
37.1456
47.9709
37.8663
40.979
37.9725
40.8323
38.6526
36.1107
37.5695
37.6537
39.8901
31.6289
34.1871
38.2142
39.1682
38.0166
40.2122
36.449
45.7979
39.883
31.1797
39.239
33.9572
35.5591
32.9794
32.5586
36.3018
33.9823
34.0204
31.1496
36.1034
44.002
35.1084
43.4103
32.2917
45.8666
42.321
31.5296
44.7608
37.0698
39.1141
55.7447
34.7552
40.835
34.5598
38.5434
39.5186
36.4086
37.3842
37.5041
40.4504
42.9249
39.8717
40.5302
35.493
41.163
43.0516
38.5308
45.5434
38.4986
38.0871
38.5722
42.6435
41.0528
39.4005
53.6018
45.4395
37.4454
42.6909
40.1838
39.5909
37.7411
42.5022
41.9982
55.9205
38.845
50.2902
40.6042
38.7739
43.7014
35.7029
39.1329
40.6562
44.4759
38.2314
39.6888
31.6019
41.0479
37.0775
35.538
33.9832
33.6282
39.4039
36.9457
38.389
42.4557
37.3931
31.4737
37.4604
36.1275
44.8449
40.9861
41.004
35.1761
40.5924
34.1328
33.2192
43.1066
37.7956
36.8819
38.9602
36.0936
40.4204
35.764
51.0092
38.5604
49.6837
38.2725
40.1648
43.1236
40.4771
53.1992
39.3231
49.1937
40.2769
45.0309
37.1851
49.9774
39.7538
39.8472
33.0883
36.879
33.6375
36.8467
45.8063
45.1123
38.8743
36.5782
36.3359
35.5414
48.4217
41.8892
43.2468
38.9537
36.9095
39.9268
46.9314
44.459
36.2619
45.8792
44.9293
40.2465
31.3348
36.7057
42.2488
35.0048
36.2325
32.5244
41.8909
42.183
39.1916
45.936
41.6477
45.1264
37.3671
45.1789
35.0563
34.9813
44.7756
40.1742
39.2796
38.9614
41.2309
34.1774
48.9012
41.8308
37.8136
41.3322
37.8775
47.066
39.3519
44.9824
41.7758
51.6616
34.5215
36.5477
34.0054
37.0245
36.3943
41.5511
32.8027
38.9053
44.4979
38.4708
27.9265
44.344
41.8873
41.9779
38.8421
37.7538
35.9509
37.5361
40.6308
38.5367
38.8708
36.0339
41.8458
36.1519
33.5661
36.6294
41.782
36.7281
31.1302
42.493
39.0994
39.34
52.5913
38.9736
38.4444
45.4941
43.6028
32.0039
37.8696
34.8847
42.9968
39.9259
35.3163
39.2951
32.9302
50.6862
48.9309
39.4449
34.5372
38.2833
39.6592
41.4902
38.5921
39.9571
46.4341
49.068
35.9735
53.1927
35.6145
37.7125
44.2354
38.0989
40.5203
35.2192
37.135
55.3383
35.4336
38.6977
39.3751
49.7371
37.6489
44.5727
36.0312
39.1634
43.4916
37.7462
38.3335
40.3781
39.4971
44.8193
55.2381
34.2407
34.8497
44.9382
38.9681
34.3565
35.2242
33.5221
36.3392
35.6084
41.0546
35.6194
35.1295
40.0194
34.3799
39.7529
44.2442
37.2936
37.9754
34.6253
43.8119
40.3529
39.7174
36.0771
32.8829
39.3941
38.6081
42.4707
40.6157
48.5911
39.8719
35.405
35.2177
35.7391
37.5002
45.992
45.5759
35.7602
42.5432
48.3835
31.6423
50.2563
33.948
38.0974
42.6056
42.5919
36.3501
44.1292
39.1662
41.6768
41.5249
43.0105
32.7716
38.1238
36.7708
40.8327
34.0993
47.9883
39.5404
38.138
33.2899
40.1291
42.7821
41.4309
38.7783
45.4494
33.3973
55.159
32.831
43.1409
35.6937
42.8513
35.461
50.3914
37.4587
33.0105
38.6261
36.3619
45.708
39.1286
39.4299
38.634
41.6004
41.4395
42.1734
32.9447
49.0097
36.3546
40.5901
51.4484
35.7166
40.9605
39.1246
45.162
40.0355
45.8213
41.741
36.519
41.1256
41.4776
37.3026
41.7927
39.5846
37.9842
35.5205
35.6091
37.229
36.8313
42.682
39.9502
44.5856
43.227
39.4581
36.5275
32.4648
37.3121
45.4344
43.5227
35.7123
39.1893
36.7339
46.6765
38.8422
32.9189
36.3428
37.8114
37.3427
38.0485
47.3671
40.8794
39.0459
38.3278
31.8082
42.6128
38.7095
39.7114
38.7878
39.5242
41.5285
40.334
35.552
38.3022
38.2617
36.2504
37.4555
32.7408
37.7315
34.7714
41.5979
41.867
32.283
35.1328
45.2465
32.0285
35.4391
40.3589
44.7476
41.0362
41.6379
36.4659
38.7361
36.0239
35.5534
42.4327
37.9336
35.7635
40.7392
37.9993
37.1436
39.3789
37.7458
33.4921
37.7331
32.905
34.2041
36.2935
42.7174
38.4529
34.5713
37.4848
43.9705
35.5253
45.652
39.3701
40.5936
44.7831
33.8399
39.1707
42.3594
45.0573
41.5034
37.8937
41.6379
40.9331
35.3452
34.8937
39.5181
32.7281
46.0957
36.8641
43.1723
34.5024
39.7119
32.5817
43.5418
34.5805
41.4736
41.7268
41.3389
46.1088
42.3942
49.4611
38.1227
37.4786
32.4243
39.81
41.8514
34.1865
30.1961
38.9758
39.2075
42.1018
32.9098
40.5975
35.2796
46.3731
47.1234
37.2572
41.6328
41.4266
40.9029
36.6285
40.1385
48.3752
41.4373
35.6682
39.196
33.6208
36.4637
44.9476
52.4109
34.8498
40.8091
44.9625
36.6671
40.3453
36.2751
35.7662
40.6902
49.1385
43.4824
35.9683
39.1283
31.1209
37.3123
38.6041
36.0763
34.6753
35.8297
40.3087
40.8089
45.6055
38.6687
32.8262
40.8086
43.0704
43.9102
34.6603
35.9761
37.54
33.8872
42.2674
42.6029
42.397
42.0918
38.7345
44.2048
36.0862
37.8844
36.0413
36.4657
32.3579
41.229
35.2984
37.0415
43.3753
35.2613
32.3837
42.9935
38.7282
34.9037
34.0648
37.4245
39.463
39.6726
35.7791
33.0255
38.9568
34.8226
40.8421
37.0195
36.3502
36.3122
38.4381
36.6591
42.4257
52.4246
31.0413
39.3355
38.798
42.4259
45.4209
39.7068
43.2436
39.7852
36.3246
38.0876
32.2687
42.8616
38.884
30.7412
43.8288
35.7594
35.8605
38.8573
34.9779
48.8727
42.6007
34.0078
37.5766
45.3063
46.938
41.1062
36.9824
41.0695
35.5734
44.9746
42.7371
48.5915
41.046
35.7101
35.1896
40.3992
44.9991
34.8853
40.5739
48.9299
38.735
38.6794
34.8615
37.038
49.7902
37.9743
38.0784
49.4101
38.7777
42.4481
39.5604
35.2624
32.7933
40.1282
37.5198
50.0046
37.0243
32.5521
33.9777
36.5279
38.3386
34.357
59.0633
36.8948
41.551
36.6395
37.6262
41.4225
37.6852
39.4843
42.7158
47.1678
39.9964
38.2756
43.8033
42.0915
46.4887
42.7468
34.9225
38.1229
38.854
38.9747
38.2718
43.2745
42.8731
44.4011
53.4401
46.1761
28.8322
43.336
37.4294
37.3641
38.7333
34.8239
43.8695
42.9609
38.5321
34.7219
39.8054
38.1784
43.5832
38.5661
36.9781
44.5581
38.0321
44.6661
38.5297
44.6273
36.1332
37.6445
39.1952
40.8411
42.9601
38.6533
37.3974
38.2008
43.5043
41.8023
42.1191
38.0501
39.1315
43.5823
41.2909
42.3833
36.4423
48.2195
38.5251
39.4977
38.6887
31.0424
40.5894
34.494
35.1761
35.4265
39.9221
38.5052
38.653
39.9649
40.8818
35.5468
36.4679
35.7446
35.3105
40.4857
37.8186
47.8403
42.3009
39.382
35.3738
39.0493
45.4343
37.9383
34.1068
36.1431
41.3072
35.7453
37.0763
36.324
49.3032
32.6087
39.0429
37.2305
38.2564
36.4216
37.249
38.075
38.4355
48.0604
42.5443
41.7579
40.5255
41.3252
42.5281
38.383
39.5788
37.0688
39.8738
34.9245
38.3991
41.9661
45.9521
41.9852
33.8849
37.9058
40.1576
51.1914
42.8392
37.6174
43.7899
35.5549
39.5376
35.9473
45.2165
38.0655
34.6237
34.5476
48.4066
36.1001
37.5697
37.542
36.3696
30.8733
45.9993
33.2809
38.3695
36.2039
32.9699
39.5142
37.0302
37.5555
37.2641
37.7725
38.604
43.2588
35.9526
40.3077
36.9507
41.8896
44.5337
36.2402
38.9778
52.4807
29.5371
34.5899
32.8477
40.0511
36.7478
43.7212
35.8594
39.6756
42.1256
36.5377
45.8764
36.8648
33.9457
41.6009
39.0473
42.6631
42.1136
38.8881
43.9668
45.0867
38.4515
39.7789
33.5343
34.8106
38.4762
34.6629
40.002
34.6174
41.4869
39.0364
38.2858
34.0171
42.5075
36.2568
39.045
42.9533
33.7891
38.1349
35.4361
37.0016
40.5187
38.1539
44.117
37.7921
45.9827
39.6233
43.2734
42.423
43.38
44.0071
50.8688
36.1581
41.865
46.0654
38.7767
51.3645
38.6537
32.8359
35.6701
32.1444
45.8393
43.4617
45.5415
36.4899
39.392
43.4498
42.7482
33.7847
43.3616
47.4462
35.1899
33.4947
40.3143
40.0822
39.8913
44.0724
33.6774
44.921
47.5532
36.6726
35.3311
33.9429
33.2963
38.501
33.5498
40.027
38.4083
36.9947
36.7553
46.7471
40.1188
51.7084
40.561
39.6287
42.9253
32.4451
33.6328
38.4943
43.2212
39.2455
40.2308
41.4952
41.5231
33.39
40.2951
34.2048
39.4935
40.6338
41.5488
36.9767
38.504
38.4813
39.2466
40.2216
43.3582
42.1798
36.4443
38.6894
34.5553
41.4139
40.7158
35.709
42.1344
36.203
37.1369
38.8366
37.6466
31.7585
34.4738
35.3691
40.2997
37.0267
40.1335
41.5439
41.0812
34.0692
41.5552
33.5109
30.8242
46.8453
40.0159
46.9424
41.01
34.0872
36.1507
44.5227
33.8311
33.9682
33.2357
33.9925
36.0158
37.3561
45.3006
40.237
36.0527
38.2002
37.8807
34.5371
37.1341
33.2619
42.2381
33.4371
43.4136
39.4068
40.8469
39.3563
38.28
53.401
39.241
44.8792
39.0553
43.5995
33.4924
39.7781
38.8228
43.6583
41.7262
41.2078
35.9458
44.6988
48.0434
40.0342
36.4171
33.0326
33.7551
46.1318
45.0937
34.4072
35.5515
38.8638
33.0738
45.263
35.6662
35.3801
35.9052
33.9515
41.9745
39.4125
49.3738
39.3642
35.8854
49.7371
44.9765
39.3765
40.4623
35.4619
34.4792
37.0443
42.012
34.731
34.0976
35.0077
43.8187
37.4314
38.193
38.6089
40.5872
32.1244
47.9702
35.5433
37.0287
34.9786
42.1798
46.5188
35.0362
39.7979
46.3381
41.676
47.1085
35.9612
44.248
30.5036
56.0207
46.365
32.7684
45.9341
39.7115
40.4937
31.3741
38.7159
39.697
41.5344
38.5363
36.1509
42.4324
36.8765
41.1962
40.8073
34.2099
40.6604
41.1886
38.617
57.6879
38.9799
45.7533
41.7963
40.4708
43.1326
40.2021
37.9622
41.491
36.316
36.6941
40.711
37.5836
44.5359
36.6043
39.7613
35.0661
38.4556
43.9435
42.6853
38.9849
32.7911
34.5388
44.9492
33.2444
49.1838
36.9446
46.4341
38.7684
34.3547
47.926
35.8291
34.0725
40.254
32.9817
41.8508
36.6052
38.0745
42.1588
35.0032
35.9923
45.375
39.8734
37.7408
53.1651
39.8068
37.322
39.696
43.6119
32.5005
43.1539
43.8417
38.182
42.8424
35.2861
34.064
37.6867
40.2017
35.8705
37.5927
38.0137
40.7974
43.5329
44.1197
41.699
36.9034
48.1398
33.4009
38.1766
36.5222
45.9817
41.9816
43.1233
35.6149
45.6318
41.9728
42.3687
34.8276
35.9292
41.5883
41.0424
34.1584
34.64
43.6894
37.3599
34.6572
42.1577
36.7543
38.2781
39.7252
39.0642
38.3503
37.2879
35.8923
38.9847
35.6791
39.7113
45.9691
38.5179
37.9868
32.0939
43.3011
38.1203
35.6479
42.385
32.5072
42.3064
37.6714
33.6206
37.227
46.7072
38.149
38.9751
44.4397
33.0313
34.5052
33.3909
37.4939
34.3306
32.2333
37.0292
38.2417
43.7199
36.52
35.4315
42.328
43.2405
35.1962
37.2391
44.2707
35.4699
36.8968
33.8279
37.6658
45.3301
45.3684
32.3243
48.9481
40.0534
39.84
40.8826
32.7082
41.4726
37.687
43.0482
37.8405
40.3786
35.7557
41.8178
37.2251
37.5756
36.1779
32.2355
37.0245
41.8693
36.2568
34.3773
37.7152
38.6069
37.008
43.1823
37.7301
40.5571
37.2712
33.1402
33.3992
42.5903
37.1155
41.8082
40.3166
34.8105
37.4377
30.6294
42.1942
38.7212
42.0952
41.3039
37.0416
40.4044
40.1689
33.3069
41.2375
38.4871
42.7712
37.6007
36.8144
43.4458
41.9461
39.5071
44.5382
38.9651
46.3348
37.1894
40.4224
44.1558
33.626
36.4085
38.0935
39.6346
45.1277
37.8211
37.4002
38.922
34.9115
42.1373
37.2742
52.4767
55.3325
39.0179
35.5153
46.4524
36.5538
37.3399
40.88
35.9052
37.5103
37.638
33.6702
39.5209
38.9109
39.2035
34.3751
39.357
42.1671
42.9775
34.035
39.0848
36.4774
41.9175
45.4609
33.5742
41.4418
39.4656
36.9244
37.0664
39.919
35.368
48.5163
38.9054
36.1641
35.0992
38.1649
37.5727
40.4329
39.6415
42.4953
41.8095
38.5067
43.502
37.8086
33.053
41.2539
33.1931
34.6648
36.8226
41.4798
42.8889
30.777
36.3584
41.7195
36.8589
46.2537
40.1959
36.2289
46.9208
42.7243
35.6633
35.4134
37.9449
38.5551
34.8671
41.1843
43.9245
50.5502
38.8991
39.3846
43.8872
43.1779
40.2358
36.2472
39.7717
35.4683
40.4732
37.4272
35.5259
39.536
40.5487
50.5021
38.3634
45.6294
37.8031
31.0255
37.7494
45.8964
34.0001
37.3806
36.8251
32.6615
39.8607
43.8495
41.9488
37.0595
39.0715
51.6426
44.9808
37.9162
41.5276
41.6755
42.3945
41.4177
38.9166
45.7867
36.5185
46.5202
37.1235
43.7742
43.6973
45.579
37.2286
43.6202
40.0892
34.2225
39.5301
43.5335
50.0788
39.6033
43.1863
36.4814
39.4982
36.4781
37.7707
39.5636
37.0786
38.3205
48.7
37.3418
38.1189
62.6277
44.4943
38.6412
37.5252
38.2388
36.3306
39.5004
36.7268
48.8385
38.1585
40.5008
40.3035
38.9081
36.3583
39.8844
37.9588
39.1062
43.0052
51.5278
38.7594
33.3809
42.83
37.6676
41.9373
42.2722
41.0373
37.579
41.2798
37.3887
40.4207
35.5459
42.8273
36.0152
41.5237
46.8906
40.7409
42.1869
43.4065
34.9036
36.1584
42.0859
45.405
38.5233
36.4903
40.5318
41.1098
38.2497
34.349
38.5166
34.8539
47.2335
35.3844
46.0555
41.5425
36.5682
44.2559
35.3583
34.129
39.0329
37.2048
33.7402
47.6481
42.9332
40.2497
41.3346
39.4104
37.6231
45.5855
32.8843
36.8366
37.5755
39.1192
40.2168
37.7275
34.707
39.5255
41.6483
37.0224
37.1375
32.5686
42.1357
42.0554
36.7261
34.3277
39.8582
36.7376
55.799
35.4369
36.8453
36.8181
30.578
31.1928
38.8083
32.9807
37.9514
36.7225
39.8046
45.9081
38.9232
44.2386
37.7938
34.4143
45.9366
43.5371
32.9162
34.2174
45.5947
41.4653
37.1174
37.1512
47.2946
44.3161
47.7071
41.5971
38.283
38.3912
39.8299
40.1425
44.7579
37.1412
35.5063
39.9378
47.487
40.5016
34.2901
30.4202
32.1215
37.2357
38.4159
38.1923
40.0415
40.8737
36.253
40.8972
38.8616
31.4969
37.2832
40.0195
40.4578
35.2596
41.777
40.9471
38.7035
37.2061
43.6839
40.3204
38.9288
35.4096
39.9229
34.0421
36.93
39.037
42.2206
34.8399
40.8304
35.4632
33.81
36.2979
36.5452
38.9915
29.1327
35.1798
44.2995
42.2339
48.0615
48.8828
38.8815
41.7987
39.6113
41.972
38.7281
44.2895
33.6748
43.666
36.2215
40.3113
31.8942
37.7778
41.9917
40.6722
48.0414
36.1139
43.0322
37.3135
34.2826
43.4578
44.1977
37.1361
46.7117
48.6032
45.6326
36.6144
37.877
35.8229
34.7743
41.8476
35.8001
41.243
35.1432
37.0885
38.5094
43.399
52.3331
38.9713
42.9714
32.8929
34.1316
34.7764
33.9757
49.7297
34.3639
50.0171
47.4446
38.7458
34.783
43.6872
38.7272
34.3933
38.9895
36.6659
39.7706
40.8952
38.294
40.6599
39.1383
47.1171
55.6858
35.8079
37.8292
36.5263
48.6777
45.9182
42.457
31.2628
42.7577
37.5354
35.1447
38.583
30.4797
37.8211
35.1874
39.6942
38.961
37.8142
38.3405
35.8323
46.8834
39.1288
40.9596
38.5709
36.2935
33.2842
34.2909
41.8016
43.4945
42.1673
32.956
41.2314
35.782
42.1162
36.9968
38.7243
40.611
34.5443
37.6358
33.7064
34.1756
38.4974
31.7238
39.5492
39.2475
40.8265
43.4078
43.4129
37.9753
35.7502
50.044
41.5325
35.4833
39.7101
36.1635
42.5976
47.8898
45.7663
33.1186
37.3829
33.8053
42.5281
33.5986
39.9223
35.241
39.0298
37.8349
40.3702
36.5092
41.3903
36.3393
40.2762
39.282
44.666
32.2409
36.9167
41.481
41.0992
38.5257
39.5618
36.8278
41.7505
57.9085
40.7777
44.2486
41.3401
39.3125
42.111
34.5998
35.2663
36.3146
31.4912
40.3046
40.9222
41.6479
39.2789
49.5918
45.2324
45.6953
42.6921
34.8009
44.7527
45.0035
41.3249
35.2192
43.1505
34.5669
44.2496
41.7372
40.324
37.4104
44.0665
37.7918
36.9215
44.1086
45.2214
36.1576
38.8349
39.7365
43.6792
40.5361
40.9841
36.9175
37.9638
37.7382
39.2642
41.3272
43.5421
40.4371
34.7258
44.9576
43.9973
36.5833
39.4367
42.923
42.0854
41.3452
45.0227
40.9942
34.7735
42.4292
48.1091
36.4177
41.0631
44.2981
40.0204
36.2719
37.0388
41.7455
39.593
36.9204
39.7681
36.1344
39.612
34.8773
37.5109
36.3355
35.4901
40.3184
43.3038
43.2413
41.9696
35.2616
39.0423
49.5
36.6853
35.2279
47.8537
41.7178
39.7953
47.4602
37.7674
38.2604
44.929
40.9534
36.8047
41.1092
36.1743
34.3271
48.3497
36.2886
44.8894
36.8712
40.2717
41.6561
35.3854
39.6525
35.4961
36.1486
35.3114
38.9607
33.7958
38.3994
35.3168
37.3505
37.5643
37.2349
39.8988
36.7545
35.8088
38.9445
38.2247
29.2825
37.4255
37.9656
36.5481
41.3398
34.2489
52.4276
45.1981
37.9391
41.4588
37.3338
39.595
42.1974
48.5397
35.2155
44.1139
33.5761
40.0813
40.0868
38.4002
35.1074
44.1812
38.1165
41.8932
36.2074
48.0947
36.4712
39.3795
34.951
36.1227
35.9402
38.2515
37.9609
41.3696
49.2127
43.0317
36.8544
46.9523
39.5927
35.8518
38.9931
38.8423
36.8444
39.455
34.7446
32.6522
43.9517
33.3299
35.8418
41.1441
35.6942
38.2578
36.361
46.2986
39.0576
35.5499
35.2595
35.2265
32.5195
42.7086
43.7704
35.2515
46.0913
40.3715
37.0184
58.6063
42.4464
42.6601
38.7332
40.5174
39.7766
43.7653
41.6371
43.0418
44.2049
38.8918
40.3389
43.0479
38.2069
39.2768
36.6641
40.1744
39.3505
35.6192
36.952
38.5385
44.0009
33.2184
35.0534
40.6694
32.8072
49.2336
48.1288
41.3885
38.6439
40.0846
32.1412
46.9995
34.6279
39.8136
46.0435
39.0891
37.404
38.1489
40.7859
36.7409
34.6987
38.9841
39.9685
35.97
48.159
39.8077
45.2235
40.1582
34.8752
35.1633
41.8964
36.5168
36.1182
39.729
34.6759
33.7954
34.8273
42.437
38.8391
44.0202
35.8568
36.1086
43.0492
40.9472
43.7675
38.5967
49.1598
35.3542
41.5906
34.2418
34.3059
43.535
44.4638
32.0054
38.4562
34.5649
41.7367
43.623
41.439
38.2003
34.786
39.6069
35.5488
37.4039
37.2093
40.5525
35.5909
40.9622
37.4588
33.6189
41.0399
36.4186
43.5948
41.5169
49.4429
38.4422
41.9408
41.3572
48.6482
44.9276
39.4924
39.1986
35.3717
39.4602
42.9194
42.802
43.176
39.9503
39.2749
45.2974
37.3713
43.1753
32.7553
38.5081
40.1601
42.7345
32.0097
43.0494
46.1842
42.8461
52.6857
40.2243
41.8915
48.7753
35.4509
37.8413
41.1185
42.4443
46.2428
33.7196
35.4057
32.7977
37.3114
39.3299
37.2168
33.5865
37.222
34.8443
38.5536
34.4037
52.0073
46.9424
33.776
42.1006
33.6461
34.0182
37.6732
38.2378
43.4921
36.3405
48.3891
42.0186
36.9679
43.9786
45.208
38.9502
45.4031
41.3345
32.9352
41.3716
48.1326
40.4489
35.6341
35.2673
41.5233
34.337
45.8648
36.1925
36.5398
36.3466
39.7128
36.0044
43.4965
44.7244
35.6168
38.6455
42.1564
31.4637
39.5444
38.8989
40.4809
38.0109
45.6243
37.7
40.101
40.0748
41.0203
35.2704
45.7769
45.8094
36.9737
36.9386
40.8362
38.3605
48.968
37.8274
35.068
36.4087
33.9351
35.6009
38.9759
41.8547
41.1421
35.504
42.5269
30.0788
42.8114
33.7701
51.6533
38.3935
37.611
48.9154
41.1062
34.1794
33.2799
34.7933
43.0355
35.2265
48.4795
43.029
37.0972
39.2734
36.2042
44.1787
40.5876
34.8917
43.8114
45.9212
41.2558
48.6724
40.1163
39.8809
36.3264
37.5973
43.7007
38.0613
42.3263
40.806
33.8451
38.6026
40.9631
38.137
29.477
39.1596
44.0378
41.453
41.6503
38.1487
38.5127
36.7952
45.9716
42.0523
39.8989
41.7551
33.5803
36.7056
41.678
30.2316
40.7382
39.865
42.1345
33.7426
43.9787
40.8666
46.4559
33.8574
37.3225
33.2135
34.5611
38.7569
35.4385
40.4902
39.4981
38.4611
38.3004
47.3167
41.6664
29.5851
42.3608
36.8351
36.3395
35.2003
41.9589
45.3926
38.1699
42.9264
36.3376
52.8292
40.2076
45.5774
43.8596
31.9289
35.692
42.5451
40.5348
42.5651
33.841
43.3578
35.696
33.4231
46.8738
43.2191
32.612
35.3003
36.5584
39.7354
35.6635
38.1646
36.6463
42.478
41.1007
42.3237
35.9052
36.6899
37.4771
37.2848
37.6178