40.2719
38.7465
33.448
45.4781
44.861
37.9271
37.7557
39.2737
45.2057
38.114
39.3204
35.1527
46.4675
41.0847
36.5091
37.0235
35.2762
34.1289
34.4328
35.8661
40.4127
41.3322
36.3379
44.0553
36.4926
43.4724
37.0311
35.0544
38.3481
41.9192
37.5627
42.7893
44.8849
33.1658
39.9526
41.5816
37.8522
43.9846
37.1464
39.8003
38.9554
38.2488
40.7858
39.4911
45.3141
32.8515
36.4362
38.9032
48.5268
38.3396
36.6517
40.9924
33.7578
43.3761
45.6781
35.4257
38.9834
39.4836
36.6157
52.1069
38.0853
32.8559
49.0398
45.8511
43.5536
39.008
44.1967
35.4853
41.0326
37.6891
36.5338
34.8277
37.1439
38.1171
38.9974
39.2008
39.4262
40.2515
43.1972
48.7349
40.8603
35.2902
40.8152
42.6393
44.7736
42.2831
36.8929
46.6771
40.6242
36.5553
38.4045
44.8038
33.0454
44.0514
39.6256
42.9339
38.0174
40.0586
32.9001
44.8118
38.1089
35.0682
33.2228
33.032
39.7125
39.3894
36.5813
33.3342
37.5462
40.354
39.7956
45.0992
41.7875
37.4904
41.2381
33.8879
40.8665
39.1232
47.974
35.8657
37.802
33.0092
41.8935
38.4142
30.1404
38.6094
37.9223
34.3117
31.8112
36.933
40.4095
40.5119
35.3533
37.107
37.0087
37.7658
38.3176
38.8533
33.8724
37.0063
33.7723
33.0926
34.5284
45.1573
43.1193
44.1969
53.9475
47.9359
35.1061
36.1255
36.7946
38.6686
42.7347
37.0827
40.3251
38.8467
32.6275
36.1906
42.7996
35.3932
46.4585
40.1746
45.4169
37.5487
40.5253
33.5587
39.1978
34.2108
36.2918
39.2977
38.8937
43.8711
34.2081
39.118
31.5013
38.1572
37.4596
39.1657
49.5259
40.6184
40.5324
39.4225
31.9503
32.7388
38.663
39.1728
45.8802
31.8929
39.1933
44.6831
50.8659
43.1405
42.8958
35.5388
43.8279
42.0005
41.203
39.523
30.3123
36.4751
39.5356
32.8931
42.2416
36.1362
36.6708
35.5013
43.6139
39.5641
46.5354
38.4713
36.8443
36.9555
38.6334
32.3209
33.6501
47.7878
34.788
34.0146
36.6865
32.7425
35.4068
37.783
40.2895
37.9351
33.7405
42.4971
36.2595
41.3043
36.1844
35.6935
45.1373
35.0817
41.0905
42.3553
31.6618
41.2871
41.9829
36.5043
33.797
33.4398
41.2947
37.1551
45.7567
38.6182
32.7124
52.0547
33.9873
44.7074
43.3309
33.404
36.8535
48.3275
39.7487
40.6368
41.7453
36.8852
42.2373
37.7252
37.1854
42.2472
37.2104
40.3364
42.2117
33.9072
29.6829
43.8799
52.8029
39.7207
36.0403
36.1155
35.5772
38.3337
43.0854
39.0545
33.9168
35.4218
33.7943
34.8239
34.6778
37.0142
35.9241
38.3272
37.9483
39.3938
37.5399
33.9209
36.2881
36.5185
35.4639
39.7449
34.973
53.7523
38.5163
39.017
35.5286
37.7407
36.2582
35.5207
35.6454
33.5104
41.3188
36.1852
35.8612
36.3996
48.21
36.7786
40.0527
36.8518
36.9451
36.7168
43.1757
40.0245
38.5615
38.5785
48.4234
46.4808
41.1907
38.7029
29.85
42.1299
38.364
38.8716
40.8653
32.2222
43.0239
34.4786
40.4273
45.9776
35.8071
37.5472
41.8953
34.4613
33.0374
33.2068
40.4312
37.8349
33.1612
38.5805
36.2351
46.7283
38.0405
56.8602
38.6492
40.5244
45.0229
34.7365
44.2098
47.8278
37.2998
41.1572
50.336
44.1607
37.1341
34.5163
39.689
39.7465
40.8325
37.5537
35.7868
40.6938
35.5753
35.1492
36.0832
48.4736
35.0287
37.6089
41.7408
40.0808
46.8847
46.0473
34.7576
36.7292
53.1849
39.7531
34.3419
44.7174
37.9946
41.6296
48.2213
43.3287
40.8681
38.2886
34.4077
49.2224
53.22
44.2206
35.7721
45.4489
38.0785
40.8792
34.2305
43.0068
36.1964
41.9008
37.5974
44.07
44.7232
46.8532
41.4412
41.9238
39.9533
44.4606
36.6492
33.4614
37.3136
38.3226
42.0455
31.7454
41.0388
32.6002
43.5814
40.7559
36.3321
39.0806
44.9192
38.5949
54.6198
39.8615
36.8318
40.8215
33.3336
43.9751
38.9104
44.3977
34.4917
35.6903
40.7441
33.3775
44.8578
47.8935
41.2456
39.5478
41.221
40.2183
38.1781
42.0237
36.0447
37.0512
37.0079
30.9213
39.3431
40.1164
38.9827
34.9737
42.0532
42.8617
34.4553
40.7296
36.3643
35.2322
44.9558
38.2686
41.4008
33.4225
41.964
34.8494
42.252
37.5201
41.1145
38.3706
36.3461
37.2187
48.0494
43.6502
38.4944
46.6454
30.7871
34.9618
42.5416
34.7814
45.828
35.9561
36.153
40.2757
33.7242
36.0522
39.0956
49.7593
35.2391
35.8382
41.0541
39.7582
39.1253
36.2825
38.9949
34.3069
34.7412
47.0862
34.1158
40.2157
35.5511
41.8203
41.358
37.2345
43.482
39.2904
38.0522
45.9298
34.9655
37.822
34.3888
38.049
41.9668
38.1124
35.5278
42.8644
42.6864
38.686
43.7426
42.8161
37.0155
34.0165
48.4765
37.4708
41.7688
36.0305
36.2656
34.9732
38.9231
38.5801
39.7466
45.6405
36.7183
35.7047
39.2276
37.9276
35.7062
42.218
37.7866
39.9789
36.5384
45.2663
35.5875
35.999
40.3557
39.3287
35.0444
38.9336
46.5809
42.9062
41.1305
34.0209
42.7005
36.4408
38.0194
39.0974
33.9866
35.5512
40.6477
39.9918
37.0647
33.8428
35.0395
39.2419
49.607
37.8717
37.2004
44.2357
41.7449
41.7127
37.1425
42.1531
41.7036
41.825
41.9201
37.2379
40.7929
34.0308
35.2839
43.8214
43.5707
36.5193
34.4643
47.3352
46.9495
46.7259
50.1241
43.6093
50.1263
45.7597
37.4149
38.3533
40.9772
35.5268
38.1068
36.1366
36.5793
35.2358
38.5758
37.2
41.6631
34.8607
42.0222
43.2842
35.6356
33.9156
33.8323
37.5227
36.053
35.8142
37.4925
37.3553
36.3569
34.8352
39.109
40.7369
31.3424
40.6723
41.1801
38.8901
35.8531
33.5522
36.3223
33.0157
37.778
46.2125
37.3772
37.5802
33.8816
38.318
44.185
38.4428
35.9693
42.4424
48.2652
35.7808
36.7309
42.8405
38.8048
35.4487
42.8605
34.4035
34.8771
46.0364
38.3801
36.1346
49.3048
44.9715
42.3142
37.3146
41.1427
41.9234
40.1992
40.5399
50.0876
35.3198
45.7038
40.367
37.4117
44.7875
35.5686
33.2647
44.3607
36.0789
39.2572
37.9491
38.0684
32.5542
38.3192
36.0613
35.1656
38.8214
37.9194
39.2039
39.1241
32.1738
41.2888
38.7732
40.6657
33.6158
30.8851
37.161
41.4528
33.7167
42.9341
37.4299
37.3424
35.8859
42.7216
42.7002
31.482
42.3536
33.5727
41.1494
41.6431
40.2871
36.6049
36.2942
43.9073
41.1361
40.417
45.5824
40.145
36.9244
35.8348
34.124
40.6373
32.7621
38.951
30.5204
41.7605
47.58
30.2738
46.3981
33.273
43.1063
45.4668
38.1661
38.9421
40.777
51.641
42.0791
36.444
40.2587
44.013
38.3531
39.7509
43.5089
34.9364
38.1501
49.4187
47.9625
39.8672
37.9629
36.7104
37.9432
38.4156
39.3089
41.5733
39.1608
43.3895
37.2097
34.5463
43.5244
34.3705
39.5616
46.3771
35.5557
38.859
32.3986
38.5936
41.8365
47.0518
43.6798
45.8662
43.4104
40.772
37.2162
33.7898
36.2522
34.3113
34.3041
41.369
41.7439
43.0099
38.5579
41.5639
32.2683
43.9189
42.8962
40.0164
46.5466
40.4882
31.5587
37.3895
46.5204
33.1417
37.6024
39.1746
34.4463
38.2391
43.8964
48.0142
43.0501
33.9591
35.3149
41.7809
25.8468
36.9649
38.6618
50.6246
37.25
39.6172
37.8966
45.2253
43.2866
37.6599
33.795
37.73
37.0712
37.9189
42.6527
44.4296
34.0871
39.6826
36.1698
34.6836
35.6847
33.0433
32.1773
53.7235
35.363
39.3373
36.6174
36.3702
48.6025
39.7458
43.8693
40.277
43.4081
41.0288
39.9087
42.0362
36.3643
50.5211
35.7879
37.331
37.0228
50.6999
44.2132
51.4306
36.3543
32.562
40.3732
39.4728
41.5152
44.0623
41.9502
35.7579
35.3459
33.3673
48.4447
41.2912
35.8884
42.8565
33.144
34.3195
37.0844
35.6207
37.945
53.2112
36.4151
32.2967
39.8734
36.4427
41.6887
43.8663
35.5594
42.8275
33.8197
39.5991
46.3648
38.1625
38.7335
39.5752
36.9514
35.3961
39.7378
43.2069
38.5361
38.1994
48.8091
36.606
32.573
41.2217
37.9989
38.2607
39.1674
37.3927
37.8434
40.5461
50.3441
39.2399
47.6406
31.0262
38.3931
44.9733
37.9808
42.7283
50.6802
35.8786
35.1551
37.5142
32.0149
33.8419
34.4677
39.7441
38.6488
41.1249
36.5167
36.7679
40.6037
32.134
39.1557
34.9904
42.4662
34.1916
40.5323
37.3484
43.6655
32.1721
36.2507
35.1962
33.8176
35.7167
49.4978
48.3083
37.8266
36.25
41.3037
37.3625
37.2629
39.1257
34.8997
33.1183
44.1055
40.1026
44.704
38.5229
37.3039
40.2997
36.6428
35.1414
40.8287
38.9955
38.3125
48.8124
42.5282
31.8443
37.8394
45.99
38.9759
41.86
34.8518
39.0937
37.2354
49.366
50.0551
35.9204
33.8934
34.0889
37.2959
33.7117
38.2336
41.7304
39.5839
34.7144
38.4617
39.3871
38.7635
37.1561
37.5717
34.8827
35.3248
44.8011
43.2195
38.2821
36.8394
36.5052
47.7526
37.3536
46.5427
37.0294
36.3356
37.1638
39.0527
37.474
40.2278
37.2588
38.1071
46.751
36.1728
39.939
32.7231
39.8651
44.0816
37.4456
37.7866
42.2597
35.8903
43.9495
50.8605
34.593
35.0745
38.6524
44.0417
36.8948
41.3437
36.0657
42.0976
37.0366
35.8075
37.0065
32.8785
35.702
41.2962
34.0253
42.6322
38.2246
43.0114
37.7284
29.481
35.859
36.1355
36.4733
35.6743
38.4828
34.9
37.5291
39.8775
40.7059
44.3299
38.2765
49.1352
34.0251
35.3626
42.2933
33.8272
37.6334
31.2852
39.7426
35.801
39.1052
42.6859
36.4621
51.4437
39.3973
37.77
36.9534
37.7997
42.2718
37.5276
31.5859
34.8553
42.8074
30.6175
37.529
31.2371
36.7818
40.1925
37.6602
49.5565
34.3442
31.6949
41.6824
36.4727
36.3332
36.1507
39.181
37.2788
39.5275
42.3817
32.2791
37.0605
45.4688
43.4714
35.4711
50.2459
35.365
39.5405
38.277
36.871
38.1382
31.9242
46.6183
34.2335
47.3217
43.5131
40.2824
43.3625
36.8117
36.1539
38.3446
43.3225
34.1915
35.2448
40.5329
44.7865
30.7568
43.6159
36.3382
35.7004
34.1996
33.4667
41.8766
42.6458
42.5795
37.2586
36.2964
47.536
41.85
35.6033
43.0214
41.9502
40.0663
34.3331
34.385
41.391
39.9748
46.8498
41.4224
38.1981
38.1257
40.0649
31.928
37.1838
42.2336
37.4702
35.1255
39.1011
36.9425
35.3359
34.0343
39.1661
41.8919
42.5194
36.9663
37.3927
29.4917
43.9327
40.0969
38.1522
40.0835
40.7277
43.7366
33.0495
43.9261
37.6782
44.4465
41.4105
43.4715
34.905
40.4505
46.1328
32.601
39.6821
35.2247
39.9102
40.3702
37.4313
40.2291
34.0563
39.5321
38.1175
43.683
38.8799
41.1711
33.9256
41.9024
39.9901
41.3456
37.7767
38.5474
47.3413
42.3516
45.1082
36.986
36.8237
35.132
37.895
38.8081
36.088
34.4638
38.8349
40.063
30.8032
36.3685
45.8837
47.4194
38.4852
35.4783
39.4375
35.1673
35.2667
36.3832
43.1521
43.0391
36.2226
38.918
36.4814
37.8473
33.8829
38.0549
37.4291
45.3346
34.252
33.9572
32.2698
40.7647
64.3212
41.2529
28.7114
47.466
40.2651
34.9445
39.3438
46.6644
37.8531
28.4218
39.5995
39.4424
48.6819
35.6215
44.1164
33.4833
35.0111
44.0662
39.8089
37.1298
38.2998
40.7633
48.5658
37.8916
43.4558
37.3581
37.835
41.2102
35.7195
40.7497
46.6158
40.1613
36.2689
54.5578
44.3572
44.9544
35.5919
38.2427
37.4003
38.048
46.5245
38.6448
42.1782
36.2233
37.862
46.0622
44.8756
45.2595
43.3922
41.3239
41.2432
35.6791
34.8581
34.9168
52.0394
35.5522
46.7689
37.7712
45.0734
35.3297
45.6499
40.6822
45.647
40.1117
36.7672
39.5676
36.2061
39.6286
40.3061
51.5014
34.8847
46.7934
36.4541
31.1176
34.1219
37.3724
38.664
46.0064
45.6203
36.1926
38.518
37.3838
39.9688
37.4374
41.361
58.8809
45.3521
52.2013
43.7372
37.0232
36.4679
42.0786
40.5103
43.3111
37.7828
38.5604
35.8275
37.7342
40.8509
48.1199
36.0833
41.957
42.3163
50.0243
36.4908
36.1033
41.3373
41.0308
35.6484
45.1028
30.9889
55.7806
39.0786
33.9207
38.8317
35.81
43.3031
45.32
38.8072
38.1513
39.6113
43.3253
37.9765
35.5626
31.9631
41.171
33.3149
32.538
39.4865
39.3699
38.9143
39.6158
33.4295
35.7238
37.3145
38.0004
37.5417
36.3429
37.9278
35.66
43.9421
40.3343
48.2321
42.1781
34.098
35.0429
35.313
35.2919
38.3933
35.4234
37.4724
33.1221
32.6679
41.2983
34.6265
50.5539
42.5554
42.0629
42.081
33.7104
41.3409
36.3891
41.9643
33.8765
35.3294
32.1967
40.615
44.9149
42.7207
37.7657
34.5265
35.5716
37.1746
43.1552
33.4491
34.0202
36.1345
39.7281
43.9512
46.0241
40.6641
39.8692
32.2686
37.7482
38.6487
42.1736
44.3865
40.7298
39.9426
35.2712
45.2623
34.9545
35.0652
39.3991
40.7118
37.6663
36.3403
33.1311
42.3461
38.1943
37.072
37.9921
38.2721
35.8985
42.5246
39.2301
43.2987
46.576
34.219
35.3184
33.2856
40.4474
35.0022
37.1328
41.8353
36.9901
37.2901
40.2521
45.3379
37.4948
38.9952
46.1751
38.0029
38.8423
43.6415
32.5853
44.4688
44.597
39.743
38.2563
34.5824
39.3427
37.0817
38.1537
43.2914
42.4951
34.6905
34.1415
33.4399
41.8184
41.2698
45.0066
38.0173
34.4605
39.7427
33.127
41.6405
38.1903
33.5366
40.9142
40.1042
31.8525
41.2412
44.7249
38.2501
38.9949
36.695
37.1053
36.8302
49.7192
39.3233
38.8516
44.8553
35.7666
30.6465
44.9962
45.3357
35.826
38.248
40.7755
40.1427
51.8441
33.778
38.4516
37.0562
40.2435
37.9404
38.0143
48.3774
32.7495
33.3208
42.9305
38.0818
42.588
41.5932
37.782
42.8266
36.3058
37.3328
38.4492
41.7082
37.3027
34.0056
38.2306
38.3399
37.9494
37.157
37.9508
39.5418
36.8166
32.1292
37.0913
44.7354
33.8045
38.7504
38.1421
48.3402
33.4417
42.2844
40.4852
37.5975
49.0367
44.9843
42.0065
36.3057
45.9941
38.1976
40.1501
35.293
41.7976
38.6684
34.5572
38.3647
34.4744
38.0439
38.7517
36.6517
33.4501
42.7134
44.7498
39.6567
38.3807
32.2713
34.8951
34.821
42.6365
40.0279
40.5284
39.6297
38.0003
42.183
33.3744
36.8212
50.5141
31.9776
35.7434
37.9052
41.7473
34.7726
40.6612
42.4012
38.7744
39.5873
44.9358
35.5834
39.2722
44.0884
40.8675
34.4883
37.9885
38.6126
37.6969
36.523
38.8036
38.4436
38.0619
38.5375
36.9302
39.7242
36.2114
38.5327
40.9835
38.96
36.3502
33.0319
40.2828
46.8526
36.1661
38.0468
34.722
40.1994
44.7113
36.1423
37.3463
34.3071
37.8867
34.8838
37.8858
34.3989
43.6759
38.0474
34.076
39.5909
35.8026
41.2252
43.9827
34.2962
42.7997
52.371
43.2054
33.8106
40.0414
39.0335
43.7453
42.0221
31.4536
40.6286
52.8365
36.933
44.6818
37.8785
32.9499
40.3489
38.4257
32.8571
35.0541
33.1649
34.2148
35.6615
40.564
40.9129
43.0952
37.4959
45.4577
34.312
39.8707
38.0747
49.6318
38.9809
39.2486
34.1753
40.0549
43.7295
40.9567
42.2375
40.0121
36.833
39.2743
43.6266
38.0109
36.7735
42.15
40.8027
43.1671
39.2401
35.4028
36.2189
36.1143
37.7641
42.1189
42.8015
39.7715
37.1714
41.417
45.7252
42.6561
31.697
33.8029
48.6818
40.1611
36.1146
34.8284
33.5245
39.0378
43.2686
38.4956
37.6113
40.132
37.3823
41.3539
34.4801
35.4426
43.7817
50.2845
41.3733
48.0052
33.6948
35.9808
34.4833
38.4976
42.3071
38.2016
37.209
36.3932
42.0104
34.0256
41.543
32.6265
38.9384
32.1132
41.186
40.655
37.6015
38.4591
49.9358
43.7913
37.7188
49.3689
42.6057
38.4256
32.4513
33.5778
34.7072
35.3719
40.3866
40.8995
46.525
38.7663
39.2481
41.4248
31.736
39.1351
41.0672
41.7463
40.5379
40.1741
34.9047
41.0082
41.0191
40.716
39.5415
42.9475
47.7695
40.6439
46.3667
37.6274
40.2621
40.6165
32.215
41.7751
39.8929
41.3384
36.8299
36.366
36.6225
40.9126
35.5854
39.6403
39.0047
38.6648
37.6075
35.5508
35.3708
42.0902
33.7232
34.7128
32.7768
35.9043
37.5113
45.3765
42.1438
34.8187
38.3979
34.8999
43.8608
31.805
41.1107
33.7553
39.106
39.1383
47.307
33.6985
47.1184
33.5059
34.8203
45.7075
50.6245
49.0366
42.695
43.7427
29.82
33.9766
41.739
41.51
33.6835
36.1891
52.3213
63.5218
48.8623
36.9458
42.7252
47.0554
37.238
34.7869
40.7425
37.2393
37.818
46.0114
42.8029
35.6758
34.965
37.9862
38.2573
39.0915
40.1957
38.5573
36.5487
35.0701
44.852
40.8457
42.9702
41.7593
36.398
38.8564
32.2838
43.6161
38.8089
41.441
32.4002
32.9966
38.2293
44.3705
42.267
38.0565
48.2468
47.9943
44.1399
48.3636
42.6323
42.6381
35.6453
41.0366
42.2917
42.3362
37.681
44.8377
33.124
40.1776
44.4516
44.2533
42.3019
44.3769
31.6174
35.1946
37.5591
33.127
36.6743
37.3743
43.6776
36.2664
48.5718
38.2624
40.9099
37.2571
31.9398
39.4218
42.3101
38.5347
35.2017
36.6431
40.5668
39.0042
37.6189
43.7103
42.1222
40.567
44.9549
38.9042
38.6029
37.6246
40.8831
32.1204
36.8553
39.1847
36.2337
39.0801
41.7817
32.9394
40.0097
39.0833
46.258
41.6468
44.229
38.0835
37.3821
39.2119
46.8834
35.7656
37.6797
37.7198
36.7719
38.2964
42.8717
36.5104
38.3619
38.6609
35.3013
34.3626
36.3578
31.8088
34.174
37.5566
38.5255
45.9478
35.8801
42.0365
33.9856
42.971
50.2796
42.762
31.5872
54.3111
32.5971
34.2711
32.2471
31.124
48.1449
39.6933
44.2807
42.3085
44.153
33.0597
34.6938
37.5412
34.9825
33.7938
41.2689
36.7569
41.8621
41.3121
39.1676
45.1284
40.2954
36.0782
41.2236
44.3446
45.5492
46.3297
38.1078
34.6934
37.4642
40.8484
39.2407
39.6292
53.6133
34.5064
38.4803
38.9663
37.4504
41.5529
37.0937
37.7328
36.0728
34.4266
41.9065
38.9122
40.9128
39.0063
36.6048
38.237
42.4494
40.201
40.0459
37.3558
35.1693
40.8858
34.3057
34.1029
37.0982
37.227
40.0234
41.9118
41.8789
38.9172
39.3006
47.0935
32.337
36.2079
35.6239
45.5138
41.4728
36.354
46.6962
38.3014
39.9004
34.9449
35.021
39.745
34.976
43.9936
46.2749
47.4751
30.4463
33.3491
42.0555
36.2211
47.3447
36.8655
34.0289
40.4004
40.6783
39.4656
42.9843
42.8921
36.3383
33.5531
35.4237
39.8396
36.2257
34.2342
38.666
40.4666
33.0629
43.9033
33.9794
43.8286
37.0314
48.3188
40.8885
42.2146
44.4872
33.8006
42.2287
41.0596
41.7027
36.467
38.3138
35.0746
38.301
41.6596
31.5901
37.2054
36.1185
30.6414
47.8045
34.4311
42.0255
38.8436
35.6442
36.8477
36.6653
33.8934
41.3576
30.7772
37.1609
33.4371
45.2819
43.06
33.682
45.2457
37.2027
43.3214
35.853
38.1001
45.3483
41.5471
45.369
46.2874
32.4769
38.1476
32.325
35.2457
38.8673
44.7511
44.3619
40.3462
38.5853
36.1086
32.7981
39.7452
33.029
33.3671
35.1945
36.6925
36.7565
39.5602
43.0568
50.6665
37.9965
40.7082
37.0824
48.6501
45.5732
34.1484
34.6571
42.3366
37.1106
39.5987
37.4005
41.3861
40.2718
37.4551
33.4315
32.8894
41.293
37.5491
41.3968
44.9916
43.4261
36.9253
41.5934
40.145
43.414
37.1926
33.3223
36.093
40.2699
43.3161
36.3641
45.5484
34.6719
46.0565
44.2102
39.8567
31.422
39.2688
42.2614
40.6675
36.7093
40.4877
41.1513
45.081
36.4072
34.0308
35.0404
43.7644
44.5985
38.0762
36.6287
35.7776
39.818
35.0101
40.7312
40.315
34.538
39.014
39.1864
33.8612
35.9246
43.0409
44.719
40.6339
38.3599
38.9611
40.4556
46.7441
37.7336
38.5047
38.2242
53.3277
35.5083
36.9017
39.8788
34.9485
42.3467
37.7382
32.8004
40.1594
43.0016
39.7996
36.1624
39.1983
46.6186
55.8055
32.8688
40.7098
34.4522
41.5109
36.1974
44.992
37.8263
36.9234
43.0247
40.9215
33.6791
40.3405
37.701
42.4606
35.3269
45.6903
36.6731
31.9169
33.3034
41.8392
40.6021
40.9484
46.5677
34.4031
34.4924
35.0789
41.137
36.321
35.5304
37.9034
31.6111
44.8676
33.0268
36.9784
40.1144
42.6287
38.0111
38.6514
43.6324
34.9227
45.2969
40.6583
42.8073
34.5535
39.4031
42.7863
44.5254
33.6522
35.986
40.0191
41.5195
47.3375
32.258
38.5451
47.0072
39.0373
39.8057
42.7609
38.893
35.454
31.6552
47.559
32.2593
43.6067
37.172
38.8363
38.3649
42.27
38.1938
34.8638
54.5328
43.7714
38.2423
40.2368
56.6525
44.8285
39.3592
33.2471
32.7473
49.665
40.8618
40.8864
39.6209
41.34
50.6871
38.4357
31.6072
37.3361
50.2579
49.4669
39.2053
33.6914
37.0389
36.2886
35.7222
36.1286
41.1914
32.6047
37.9784
42.248
45.3006
36.6802
37.0523
29.8226
35.8961
38.3238
35.2898
33.7195
29.5335
31.2883
40.1628
37.8022
39.6626
37.9572
40.0514
38.5725
43.2891
39.2954
35.0736
42.5773
37.749
34.6824
50.4997
45.9137
39.7144
32.7722
38.8954
42.2128
42.0046
34.7509
45.5681
37.5301
36.9845
35.8299
36.8819
33.6382
40.4926
36.9751
46.5851
34.2012
39.3837
40.8112
40.6945
50.1767
34.9061
33.8017
37.8759
37.3171
50.2211
34.3154
35.0157
41.994
40.4434
41.0748
44.2719
41.9886
39.5509
37.4123
37.1144
42.5233
38.5779
39.9918
34.5561
52.5714
41.6911
35.3436
34.1531
35.6333
38.392
44.4658
44.8075
46.2602
40.1491
44.8322
40.7178
36.1913
40.7764
43.6137
36.2753
37.6325
36.6913
47.6718
37.8476
35.0597
46.7476
46.99
40.174
34.8881
38.0537
39.9304
37.7744
45.2697
41.1996
40.6299
36.0387
32.1297
34.5917
38.906
36.8533
42.7065
44.4666
34.5074
46.3023
41.2216
41.4491
47.9889
45.4825
49.1947
45.5447
39.4209
37.431
30.8548
45.9711
36.0479
36.6105
32.972
35.6646
41.0801
42.1237
39.895
36.3017
37.5228
40.5509
39.8269
33.9753
33.9306
36.4848
42.7229
34.4676
40.0904
39.9551
38.6352
42.4053
38.9241
39.2809
35.6489
39.3557
35.6475
32.3176
46.4309
40.1875
38.2127
44.1036
42.1994
45.6524
39.8774
41.8712
44.401
32.8127
40.849
39.124
34.2901
45.8352
38.1038
41.9537
33.508
50.7496
40.7883
50.2257
42.0448
40.2886
38.5606
42.9586
33.7832
45.1313
39.5233
33.9527
40.7926
43.7435
38.0234
36.7418
40.8498
37.1289
35.5044
36.7348
38.1973
37.0626
40.4464
38.3944
36.5704
38.0212
33.7279
54.9568
41.0816
37.2716
35.0981
38.357
38.2942
46.6392
39.5965
36.3405
36.2375
36.848
43.1781
37.091
40.9767
44.972
54.037
51.8147
38.3209
39.6791
45.3044
41.4343
37.246
47.6904
36.2456
34.6065
41.5561
42.9462
37.8087
36.1088
41.0596
37.38
48.6959
35.3643
37.0137
33.8645
43.8228
43.3267
37.3737
40.1863
39.6564
38.1147
39.9189
42.9408
45.1105
35.5566
37.7033
41.7647
40.0587
39.2903
35.7118
46.8854
40.5667
35.4687
48.3156
38.1585
35.8751
34.721
43.3626
41.3675
43.7938
40.1979
45.4156
37.6371
32.9621
33.4016
39.149
42.9144
42.1833
36.8255
40.9156
33.5325
48.7903
34.3343
35.0427
35.7086
35.707
36.0253
35.116
40.5726
39.4663
34.8382
35.7436
34.9372
34.7365
39.3383
40.6188
36.844
40.5975
33.9114
37.0907
32.88
37.6099
42.4482
39.5201
34.449
34.9707
41.6708
37.8646
45.0098
38.6452
36.0096
38.9534
41.4681
35.6181
38.3291
37.0958
38.3046
39.2124
36.7794
38.7586
35.5672
36.4087
41.7199
46.2178
41.698
33.908
48.0313
39.888
39.0301
36.623
40.6066
42.5393
46.3527
35.5402
36.3698
38.9029
31.3829
33.579
46.087
34.8107
44.24
38.5055
41.2913
38.8792
37.5915
46.8078
42.6476
38.3881
30.3146
42.5038
37.015
41.5656
36.7718
42.8438
36.8306
36.1706
37.0357
40.1068
39.158
46.8985
36.3524
38.8206
36.431
33.0288
40.3889
38.6272
36.7533
42.4456
42.5461
30.6904
37.4218
43.2144
39.0845
42.5745
38.3441
55.3828
37.1812
36.2229
37.3057
35.6462
42.6619
47.1987
34.5051
36.2443
35.5153
34.7055
40.9654
42.1414
35.0806
42.1453
39.8497
33.6112
39.0637
40.5745
37.4128
35.1564
38.1638
36.5104
39.5852
36.7662
36.5533
33.553
38.665
38.6523
34.0768
41.1454
33.8296
41.2779
42.8686
36.958
38.6514
48.0336
46.995
37.84
34.6965
44.2816
48.138
33.5714
34.764
40.5254
36.007
33.0103
41.2556
42.4395
38.3765
49.1444
42.0859
33.884
40.5392
39.1839
38.594
40.3339
37.8729
39.9791
43.7433
37.9367
42.3331
42.4424
39.6206
51.5695
42.2309
37.2206
36.5596
35.12
40.4307
35.1242
34.5715
44.5469
37.6582
42.3432
38.0268
43.3756
37.4466
36.9274
42.7131
45.511
38.4061
37.5071
40.2072
37.0907
43.643
47.2134
39.9757
40.8933
38.7627
34.3905
38.3838
38.3552
41.2869
38.3944
37.471
35.744
36.5844
34.4023
35.8175
35.67
39.2933
38.1491
33.6695
34.9895
34.7706
33.7836
43.4177
30.9011
35.6787
37.6216
40.9901
40.565
33.7663
39.0586
37.4395
39.4988
42.3104
33.3427
36.5212
37.374
37.1503
35.2566
38.3593
31.9614
34.5812
41.4572
36.203
41.9626
41.1264
47.9858
40.6313
36.9659
49.3039
46.5502
38.218
37.5782
37.2711
40.3763
39.6381
43.1258
37.1928
40.4967
40.3648
40.0285
38.3518
47.0344
35.0398
38.9971
40.5297
52.0396
35.7446
36.6903
40.4114
41.7255
39.9165
42.1487
42.9041
39.2693
46.0808
38.4625
45.1067
46.2436
48.736
41.6054
50.0939
42.527
32.4711
33.6185
41.4976
37.3703
40.0329
43.3668
37.9645
40.639
33.3646
46.0476
42.0064
37.8992
46.3118
34.675
47.3172
37.9524
51.3139
44.7348
37.2271
43.0883
48.0535
43.8596
36.5482
46.1586
37.4899
45.4676
40.2104
39.8134
37.5737
29.3575
41.8489
37.2821
42.1188
34.1723
42.3743
44.9366
40.1045
42.9099
38.9615
35.7735
44.0269
36.5483
35.7994
38.9231
42.1
39.8036
34.5534
34.6563
38.4256
44.0278
37.5998
39.1425
33.6542
38.9737
40.021
38.1676
37.6559
37.634
35.7692
41.7066
51.2536
37.3811
39.6309
34.9727
35.7678
48.9174
38.7893
44.09
40.507
39.6016
39.5949
37.8969
33.2453
42.4733
44.4171
39.3852
38.3214
32.8132
38.4883
37.4421
35.0974
39.6386
48.046
31.1869
37.8345
33.142
42.7165
41.927
36.4246
44.5625
34.0057
31.0782
35.0529
45.4783
40.6024
36.6393
43.515
37.2904
41.2196
46.6951
49.6303
36.3188
38.1948
40.9821
43.3316
41.417
33.0616
37.0316
49.5644
35.0071
37.2992
38.7734
33.0969
35.2613
41.2429
47.9315
35.0272
37.5311
40.8013
43.6459
41.5569
33.8511
39.2376
50.3857
43.2976
39.5036
41.5195
35.3523
45.4709
43.1159
34.5249
39.8598
50.5417
52.5616
39.3833
39.9439
36.8154
38.9857
36.1902
41.8606
36.0815
39.5076
41.4513
38.5167
34.8235
34.105
37.351
52.3927
36.7408
38.9891
43.8091
36.8135
31.9017
34.3139
46.8863
35.6579
36.2855
47.5074
36.1405
41.0108
40.782
31.6703
37.617
41.3976
34.1576
49.7785
38.996
50.0424
37.037
39.5393
46.9609
39.0349
35.6213
33.6454
44.2745
38.484
36.296
39.614
42.2355
41.9254
37.7302
34.9345
46.4941
49.4083
46.0144
41.9258
33.3634
31.0524
37.8876
34.3836
37.0374
39.3891
36.7789
38.1136
34.9831
36.8415
33.0948
42.3582
37.8185
35.5896
41.5424
40.4506
41.4537
33.9102
39.177
41.1726
44.228
34.7687
31.9254
38.0333
38.6507
43.9028
38.659
32.8166
34.5381
37.7884
35.9039
32.3598
40.8171
34.0595
35.5626
38.6331
43.9712
31.7746
43.7514
41.3518
36.2301
34.4658
48.7263
37.1169
34.454
32.7465
31.9007
40.8945
38.7729
42.1548
40.1633
41.7503
43.7099
50.2925
33.3026
33.4793
36.6972
37.4294
35.7038
39.0954
40.289
38.1997
36.6793
36.379
36.8732
39.6044
43.435
37.2624
38.3619
40.0362
40.3763
34.5423
38.3754
42.1337
41.8726
32.5131
39.5384
43.3416
41.4053
34.9966
33.0199
34.6792
41.8099
43.2703
44.8277
42.3551
36.3435
33.9759
43.1676
44.4601
35.4701
32.8544
35.656
44.8149
38.2544
37.8231
42.8968
41.3772
40.9859
39.9102
33.5536
47.6595
37.8559
43.2299
33.7609
43.7559
30.9864
39.7145
39.6162
36.143
36.4842
43.3345
45.5924
46.8403
44.2529
40.7008
42.045
39.5122
36.2822
42.0246
35.2485
35.454
40.5598
32.7822
38.3413
41.8278
47.6269
36.5869
35.9628
35.0092
41.4048
40.8461
39.1954
38.9054
35.6792
47.1045
41.3208
38.1973
36.3832
37.6781
38.5303
34.3214
37.8265
41.8155
33.3404
37.8664
50.5132
33.4615
33.744
36.3029
41.455
34.356
35.5795
55.3604
42.492
34.653
35.519
41.104
45.7724
38.4787
36.7356
41.7681
40.0843
31.6959
44.4127
37.799
34.5613
42.3543
32.322
42.4909
43.6769
34.6341
50.9451
39.7116
38.3408
39.689
42.2557
39.3947
47.6362
31.7898
43.3971
42.213
34.8689
38.7099
35.2122
35.4058
41.6299
42.6556
34.9808
43.3317
43.7499
33.688
36.0871
36.7958
37.6642
35.6831
34.387
42.0417
33.8001
39.5196
41.41
39.8304
33.6452
46.36
39.607
38.5678
37.9201
37.7415
37.6501
42.3446
44.9189
53.3841
44.0226
60.7324
35.7343
40.2809
44.7547
37.8537
39.0845
39.3586
35.2744
34.7373
38.3279
39.0668
39.9954
40.6866
32.6496
41.7396
42.5165
36.3546
40.9757
45.512
30.929
41.7669
57.544
36.0975
36.4111
39.6028
36.0741
36.2844
51.1767
40.7652
44.5191
40.0711
43.322
37.784
40.1648
41.8984
44.3963
48.4046
44.9076
35.2886
45.8749
35.6439
37.5072
46.4337
32.6121
35.2315
36.7212
35.9836
38.099
37.5266
39.0188
52.1009
37.7861
41.9094
39.6649
46.1218
40.6732
48.5453
35.1642
34.7291
40.5366
37.9548
41.9191
39.0391
38.2693
40.0817
39.0207
41.2948
49.4133
38.8578
36.6941
42.4374
40.8764
39.7319
39.3884
36.1798
43.2707
47.1196
36.442
34.5538
38.8866
57.3279
40.381
35.2484
41.9789
44.3692
43.0885
38.8145
35.3489
41.2962
39.8669
42.5251
39.2874
37.3824
47.7241
37.8388
44.553
41.7709
44.7748
33.2502
42.6631
43.2434
36.4188
36.2805
38.7428
41.9557
37.8617
36.3656
38.3281
35.027
43.2742
38.2492
36.5577
40.8346
40.9596
36.4776
39.3475
40.6642
40.4754
44.1834
39.0243
44.8207
35.538
38.1059
35.7231
38.1034
41.7824
36.4668
41.2946
36.5753
37.1074
37.0815
42.6171
40.4899
41.3807
40.7977
38.9082
42.6392
33.8919
38.0639
43.3471
35.293
38.976
36.9907
42.1891
49.0151
41.0239
46.0789
42.2098
36.562
39.2263
35.1393
43.7758
38.8959
36.8528
34.2492
37.1857
35.9625
36.6824
37.2857
41.1014
43.8797
49.0601
38.8981
37.4661
42.898
32.798
43.3606
36.1603
38.5158
38.0867
52.125
42.9836
44.9586
52.12
36.3312
44.6463
46.1008
40.0728
39.4552
35.912
42.2176
45.859
39.79
38.6367
42.1779
35.4973
30.8437
44.6601
38.8654
37.1448
38.3595
44.9996
43.9119
36.5098
40.8406
37.9952
34.3728
37.2458
33.6303
38.4222
40.8796
37.6059
41.33
42.3784
35.9277
44.4441
44.1021
35.9573
46.8301
41.7925
35.5757
43.2993
38.7264
41.5677
38.6572
40.9008
41.3643
40.476
42.3126
39.4414
35.9392
38.7462
41.5943
51.8514
38.1042
39.3339
38.1457
36.0142
38.309
47.6144
48.2081
43.5373
46.6325
33.3557
37.8406
36.5613
40.8745
34.2792
36.8424
35.8767
39.5571
45.3429
40.6099
39.9444
40.3868
33.9427
38.7768
39.1817
39.3241
37.2245
45.0702
33.7478
41.6586
39.4205
36.5527
42.1737
37.8258
32.7105
39.9176
37.3985
37.1705
37.9373
36.2852
42.9042
44.3327
40.2677
36.8453
37.8515
45.5928
46.358
44.2715
38.0287
34.9034
38.4713
28.7531
40.6995
35.2671
43.9686
32.208
36.2748
42.6913
38.106
41.0027
34.7377
46.9487
39.0995
42.7773
37.2504
36.6216
39.2719
35.017
45.0582
35.9942
33.4557
38.3667
53.8997
29.9057
44.6245
38.4144
35.1471
53.8333
41.2303
41.6161
39.2695
34.4618
33.6587
42.753
39.2824
45.2566
37.1087
33.1607
34.8887
34.8707
40.6658
34.3538
42.1007
41.0938
36.9465
44.3432
41.8228
42.2527
35.5906
44.3321
46.5886
35.6796
42.8274
33.1602
32.098
40.8227
35.7015
35.9677
34.0965
41.4455
46.973
37.6262
50.1123
40.6508
38.6685
43.2035
37.8759
45.6121
33.1617
37.1926
46.5879
37.9567
61.3226
43.3869
40.4697
37.2743
42.7521
32.7303
35.8373
44.5487
35.9191
37.1578
43.2988
37.9699
35.4951
37.7259
39.805
51.0246
37.1264
41.3606
43.1435
43.3156
38.9163
35.9159
43.7147
34.2447
46.6204
36.4386
38.1644
35.427
52.0619
41.3739
35.1873
33.4261
41.2454
41.2549
33.5771
38.9326
39.9864
39.2258
43.6632
38.4505
34.3066
40.1937
36.7541
39.6779
53.4695
42.1191
38.1793
39.808
36.097
49.8466
35.5836
42.2356
43.8037
44.2861
43.4996
39.8355
35.2689
32.3976
39.6872
42.0969
34.4005
42.9333
38.5635
36.8598
41.7484
44.8799
36.2261
33.9863
35.0416
41.692
34.1623
41.2722
32.8343
39.9753
42.2406
37.2083
37.4365
37.8008
41.4393
41.8019
35.8278
35.2589
36.4189
37.025
38.7199
42.8334
39.397
39.2491
30.8908
41.4094
35.7375
53.9297
51.2056
38.9512
32.1087
37.2399
49.3095
33.3206
40.5198
45.2444
36.5499
34.5222
47.3705
49.0075
34.9573
40.0932
36.7716
49.4688
38.85
35.3381
39.6427
44.418
42.4247
46.1108
39.4241
34.599
47.621
40.0166
35.0842
37.2391
39.837
42.9616
52.0042
40.3781
36.2508
35.5808
33.9209
35.7704
39.885
33.7836
48.6126
37.137
34.0294
36.2738
33.0514
39.1552
35.9789
38.0705
36.6614
39.5845
39.82
44.9781
43.6401
43.0557
36.2013
41.1476
39.7928
44.0823
58.6566
46.025
43.9069
33.8844
37.9758
43.6957
39.9816
51.6991
39.5135
36.7053
40.1761
38.9213
37.8126
48.3215
38.0593
37.6168
34.2907
35.2171
48.6952
34.8148
48.2623
41.001
38.1972
42.3204
40.6234
38.7167
40.7701
36.1442
42.7957
49.0388
34.3112
35.1664
43.9337
32.5426
36.5328
43.0177
33.9435
58.0662
35.6225
37.6195
39.7794
32.9642
39.6829
36.0982
37.0575
42.6092
44.6682
37.6845
38.6876
31.0602
46.0209
37.3436
41.6047
42.4204
52.9874
35.5357
35.0408
34.9339
37.7682
39.3913
33.8401
43.932
44.4588
40.2525
39.4669
41.511
35.4308
37.9692
40.6396
47.2936
38.7276
36.6551
34.5639
31.2013
44.6369
41.1308
36.577
40.9427
42.1755
35.6993
42.0323
36.066
39.8473
47.5508
40.8096
38.9689
45.58
52.7348
36.4361
36.389
41.8306
35.8911
46.1126
42.8416
42.2385
45.3588
36.1467
40.4687
43.556
39.0766
41.7329
39.8984
39.6633
37.937
34.9204
34.293
44.5161
38.1828
39.812
38.3077
39.4465
40.4162
40.787
33.5555
39.6573
29.3803
42.9806
50.3798
41.0234
39.4642
45.36
41.0049
34.2997
36.0765
40.0196
46.5209
45.3266
42.7681
47.9176
38.4699
36.9864
35.3636
35.4427
47.4072
35.4538
44.7899
39.2805
38.4038
50.188
37.6584
38.5772
37.1726
41.1893
49.276
36.9467
35.0146
36.5558
39.6896
37.3175
34.218
35.8321
45.3506
36.8871
33.3944
39.1065
32.7852
37.3939
38.3468
40.4221
35.9819
33.5511
35.5133
37.9337
34.5353
41.66
33.7308
33.2499
32.49
39.7924
44.273
45.9626
37.4481
41.3242
41.9917
35.8602
38.8718
36.3714
35.2718
39.2547
35.1337
34.4808
43.168
40.1494
40.9975
52.5352
44.0913
36.0073
38.5967
33.01
39.1318
41.4892
44.3195
34.1274
37.4609
46.0969
38.4746
32.9658
42.0431
45.6288
36.7086
45.3688
35.672
38.8711
48.1989
39.8327
43.4835
47.2005
38.3476
39.2879
32.3034
33.0301
44.2068
39.2026
36.8715
36.6006
35.0393
44.2947
31.3316
33.5886
30.0608
42.8034
42.6548
32.5363
35.0611
44.2241
46.7611
37.4849
43.0208
42.0195
35.4966
36.7718
41.5417
33.6218
36.1836
37.0259
47.571
34.5795
46.387
41.8281
33.955
45.4199
38.2517
38.0129
35.5134
35.6362
33.7588
35.8721
42.3099
40.3327
42.0022
38.9506
39.3392
35.1394
33.2796
45.4419
41.6364
40.1628
42.7319
35.7832
36.5453
40.1263
47.3628
36.1806
46.1765
51.5306
34.641
42.398
41.5336
36.1828
34.2517
32.4776
37.7508
36.8432
36.4091
42.7031
40.485
35.4984
40.0974
42.1669
32.7584
36.6378
47.2988
35.676
49.7709
51.9242
46.4855
39.2164
34.3081
35.1362
36.0305
35.2698
41.159
33.0808
44.2242
48.8399
42.3752
42.6524
43.8564
47.1909
35.6037
36.8589
43.5964
35.9326
49.9689
46.6045
32.572
41.2253
35.7345
35.7243
32.4754
37.507
40.9759
41.8243
35.9433
36.2726
44.1284
38.3163
38.7141
39.9508
36.1234
41.9349
40.3297
36.3813
40.5288
35.462
51.0881
44.6976
33.2138
46.6523
39.6169
35.307
40.4078
36.6629
35.3149
41.4085
38.5663
36.7516
51.7727
34.5263
38.1523
38.2794
39.2902
34.2736
36.8994
38.6223
37.2348
38.3366
44.7437
37.3335
38.7572
35.6908
34.8353
46.199
38.5226
36.2283
34.2867
42.149
43.249
40.7866
35.2059
45.9041
36.8017
43.5003
39.4104
46.6759
36.5439
38.1295
36.2537
36.3518
34.5059
34.8889
41.9923
37.9403
39.2513
38.4805
39.9044
36.2277
38.4418
43.2252
47.7783
50.7237
40.7884
40.6542
39.7846
32.1349
36.8978
34.7006
35.8113
38.9195
46.3192
39.0329
41.5924
44.066
41.8017
35.9928
33.1008
33.4464
44.486
36.4188
37.332
39.466
43.8992
33.2813
36.5583
42.6689
39.1864
39.5872
38.1753
34.1806
33.4262
35.6755
42.075
39.954
37.8057
41.6698
36.7355
39.8364
32.3619
45.8664
47.2403
44.2765
42.368
39.2465
45.3831
43.3503
41.343
39.4607
47.5724
42.0012
33.0621
33.0699
39.2047
34.1592
34.2291
44.5814
47.8656
32.5888
45.0452
35.8455
32.931
34.4394
34.9695
35.8435
37.9646
39.2678
42.5245
35.5477
38.0438
43.6098
41.5556
34.3323
40.1966
41.2621
39.397
34.7842
39.3293
42.7232
36.8369
40.6723
42.3398
37.9619
34.3976
32.7654
47.0209
35.7404
36.931
41.6411
38.3069
33.9255
42.8362
41.1765
37.8483
34.2221
37.9608
36.7336
38.5404
39.7058
39.2965
35.8365
37.9589
37.0995
38.3368
54.5969
35.0946
36.8194
37.6963
41.371
38.1978
38.7099
44.673
37.6501
38.2129
38.6752
35.3787
42.9237
37.8052
39.2209
34.7384
39.5179
47.7666
35.7056
46.7294
45.1077
37.3173
35.0745
43.3612
42.8457
34.5803
39.175
45.3489
45.7071
34.2357
44.053
37.5631
36.1578
32.8743
37.048
37.6484
33.5754
35.6133
42.2047
37.9649
45.7132
34.9634
34.0539
40.4867
41.3712
36.5988
37.423
35.7126
39.2329
34.0662
48.9325
45.867
39.3449
36.5816
36.629
37.8511
40.0721
36.5135
42.4417
41.2075
39.705
42.651
42.5688
35.486
39.2365
44.8335
37.2333
37.859
39.454
34.0526
42.9083
36.3908
43.7986
39.3975
42.637
40.6232
37.0641
43.9761
38.4554
35.2615
43.8232
47.023
35.8966
35.0399
38.9538
47.7447
38.8458
40.7606
36.1754
43.5941
40.1631
37.2391
38.6285
42.5129
33.4314
37.063
47.2895
42.6725
41.7524
38.2956
37.9992
31.0741
38.5731
37.8046
37.9121
40.6374
35.6566
35.568
33.8137
42.9591
46.018
35.9466
42.4892
35.0315
33.6688
36.0696
46.418
41.9478
33.2438
41.3222
46.5001
36.8081
37.5428
40.7041
36.152
33.8813
33.2344
49.6282
43.3608
44.5038
37.3348
38.1364
31.9946
40.1433
36.954
41.0309
38.7113
37.4981
40.7053
42.2965
44.6059
38.0203
43.3238
34.6943
41.2872
35.6455
41.2933
39.1936
36.0505
47.2559
31.5962
30.8189
36.6874
33.4643
35.0437
37.9901
36.1051
35.3506
31.6866
39.914
40.7999
38.0641
36.3007
37.8242
44.4936
35.3485
40.1623
37.4553
42.604
39.1544
43.8066
40.7065
32.0189
41.5337
37.7958
44.3482
46.8226
37.2032
35.4801
38.7869
35.5178
35.4508
37.3205
39.7843
37.3908
31.5811
32.9181
32.9051
44.4027
30.6976
46.9756
37.2077
33.9274
44.629
41.2424
45.4574
40.3614
45.1252
33.2758
34.3783
38.5827
38.3502
40.2447
37.2766
35.9339
33.6398
44.2629
31.241
34.294
42.0523
44.7029
35.9565
39.5458
40.3635
36.1821
42.747
36.3819
37.2996
49.7667
37.3413
52.396
46.6371
35.5607
37.2262
51.4682
41.987
36.2646
41.5883
41.6975
41.8884
36.8881
42.3435
41.8544
32.9444
42.2762
38.7303
37.7228
47.0588
31.9718
46.9881
36.3351
37.5672
36.9778
38.7969
40.7402
42.1294
38.5822
40.0044
40.8001
37.5482
43.5656
39.4816
46.94
33.0709
61.9744
39.5383
36.7844
36.1239
39.5547
40.7737
48.1129
34.5316
40.7777
41.2646
35.488
35.4945
40.8216
31.3578
38.7579
39.5763
36.6561
35.3078
45.8638
40.2589
48.3979
37.0324
39.3311
39.9367
39.1293
39.3774
36.8569
35.1715
51.047
37.3641
31.162
42.5505
33.585
37.6028
40.2081
39.7529
41.7239
28.8665
43.5476
41.9264
41.7517
38.4103
37.4372
38.3789
39.9887
50.7774
44.0863
36.1036
34.8911
43.3374
44.8607
40.4861
43.1867
41.0252
38.7849
40.2855
38.5966
43.8935
51.7916
36.6538
35.8747
37.9219
41.0265
46.3599
33.0999
34.992
38.073
33.3776
38.3565
47.0431
39.2263
36.4464
34.7138
40.7875
38.0749
36.741
44.4544
38.5721
40.3851
48.474
40.6128
41.862
43.0903
44.4056
41.7215
36.8107
35.3765
42.9725
35.6856
34.9701
33.321
45.9685
36.4062
36.3051
39.7948
37.4428
36.9001
46.5683
49.0891
34.9604
43.4563
40.0909
33.6918
36.983
41.0865
38.3181
40.955
40.5059
36.0413
40.0751
49.8576
40.1006
39.1572
46.7515
37.7516
39.3696
38.6915
40.7464
38.2842
54.8331
35.0494
33.2206
34.8374
37.8877
36.8887
40.1832
37.6244
34.4716
39.2011
45.6097
42.1821
47.2403
38.8205
35.3839
43.515
45.0443
37.8649
37.3063
34.7572
32.6501
38.1898
35.7096
44.7044
32.9527
38.554
43.3788
35.1486
50.2473
37.7835
49.6798
44.8979
44.887
38.8364
40.1204
39.305
37.0906
41.697
39.652
37.5791
43.0444
42.7659
39.7661
44.1115
42.6608
38.4648
39.9535
41.6468
38.7238
35.6198
38.6698
40.5563
50.4848
38.7504
34.8042
45.6144
49.0498
39.7082
45.062
38.015
44.2464
40.6508
38.0563
33.7592
40.9321
34.1026
36.9383
40.8342
39.5783
43.3352
45.4149
35.4164
39.896
41.6259
34.9707
38.0469
36.9228
42.9116
43.9579
40.1025
37.9332
35.0295
37.5293
39.8579
34.7155
44.3477
36.1104
45.153
37.7821
38.5528
29.8372
37.3552
38.1073
33.8245
47.3997
42.2973
33.3389
35.9941
31.7512
37.5323
39.4388
35.4309
48.2501
43.5025
40.199
37.7692
40.2666
35.2608
40.3216
38.2174
37.0518
33.2468
42.9618
34.9978
43.231
40.2483
32.0614
38.2528
35.4068
37.4277
41.7071
40.8382
44.3708
41.1983
45.4831
38.5203
40.2711
48.103
36.1499
34.7488
45.4823
35.2916
32.5907
37.9783
43.3099
36.7034
36.6364
40.0617
47.1117
34.8039
36.8582
36.3295
42.6187
40.5248
44.0637
34.4621
42.0817
34.065
36.9298
38.8802
42.9324
34.0608
52.9448
48.8166
39.2438
39.4167
68.042
45.4505
38.4588
43.4938
38.7719
34.8066
40.2942
50.2611
42.2438
33.6042
38.2701
43.51
36.7423
36.8652
37.1021
38.9546
42.9443
49.654
39.0238
45.7008
38.2166
40.4795
35.7647
38.6537
43.1753
36.9583
41.4716
41.477
35.772
38.1265
37.9381
37.3493
38.8221
40.6432
35.0873
43.4359
37.7394
40.2063
38.3091
42.5287
44.8807
38.573
34.3295
38.0076
34.6809
43.0254
44.7191
48.7189
33.8408
43.4152
36.1857
35.2343
34.7472
41.0317
36.3545
35.2278
38.9064
41.18
46.0572
37.5747
37.8173
36.2269
38.5608
45.0152
34.4886
41.1386
45.2318
36.4819
41.3533
37.8881
34.0543
39.2107
36.4775
46.5508
40.4524
44.6156
39.3467
46.1564
30.9179
46.9616
34.699
46.6469
32.9699
38.1859
45.7098
33.947
36.7604
32.2718
42.6363
40.8834
36.4113
38.4497
33.4519
39.9695
40.5107
50.0655
43.4283
51.4188
42.8607
35.9569
34.404
35.1901
33.9409
40.4444
38.1163
37.9967
42.6957
47.1931
38.6373
38.2954
43.5756
47.102
33.4489
38.5938
41.008
44.3885
46.1566
41.662
41.1306
34.8217
50.3102
36.4968
36.8155
37.5077
45.7935
39.7915
38.874
32.2505
37.3715
32.9837
35.8002
40.6429
40.2274
45.4765
37.4142
40.7687
39.8051
36.7157
38.6505
44.2496
43.8171
44.0251
35.8572
35.4936
44.8734
36.9655
39.4334
37.9035
40.47
37.2628
36.567
41.1328
34.9835
50.6487
48.7753
41.0402
43.283
45.347
43.0986
31.8057
33.4136
35.6799
50.365
35.5387
38.9579
42.9194
33.5958
49.6719
40.3174
35.8912
50.9234
32.597
37.5165
35.6569
37.2499
43.4155
35.58
40.3804
39.378
35.7058
42.7885
44.2424
37.6591
39.8027
41.7665
39.7619
38.1146
39.6115
33.1991
31.5641
43.4153
38.4354
39.3586
40.0873
36.5155
36.7522
36.6469
38.4813
40.2683
43.6314
37.7966
44.1558
33.63
39.7995
38.819
40.2946
33.1909
39.3046
46.6421
42.5966
38.8296
41.0057
37.2782
35.3091
36.6184
32.7575
33.2026
42.2054
36.5606
40.0574
34.4968
38.2615
34.7279
34.4642
47.3925
45.4576
38.9612
34.2947
33.9845
36.2276
43.4435
41.8282
34.4129
34.9859
36.991
43.5492
39.4375
43.8218
32.9709
39.6579
44.3308
51.2405
46.2748
37.8638
36.6382
39.6056
32.3935
47.9339
37.5949
43.1563
34.3633
36.5535
37.4163
40.5729
46.0041
38.0195
40.1538
54.1854
36.6869
37.1094
33.5597
43.5167
33.2302
34.0878
39.4277
41.151
41.9955
31.2189
37.2535
31.1911
36.0352
33.0611
41.056
38.8139
37.1134
47.3588
37.1095
48.1835
36.8563
44.0565
49.1292
40.0688
37.1757
39.8217
34.9434
35.5689
38.2282
37.4075
36.9265
38.4681
29.7937
33.4738
37.7092
38.2953
42.277
43.644
39.6295
40.9931
35.3133
32.7044
39.3676
38.6064
40.2014
38.3404
41.1642
42.3552
38.9604
30.4388
40.1447
34.4183
47.5483
43.681
43.1229
44.9869
42.6441
36.34
41.9524
47.0335
37.8885
38.9297
27.4011
33.0671
32.3873
42.4002
40.0181
41.4432
39.1986
50.2112
37.5892
37.1724
33.5874
40.8604
37.6727
34.1813
37.2654
36.7009
46.6695
36.2736
33.8759
34.6667
35.1547
41.1215
39.4848
32.2094
43.0745
38.2598
36.6043
41.9975
35.3919
43.3745
36.9246
40.6087
38.5077
43.9677
39.567
39.3892
46.1551
47.633
37.9302
46.1801
41.101
36.2738
40.2679
35.1754
35.7343
38.1275
36.9972
44.6139
40.4971
38.4599
43.8246
43.5591
36.0795
38.7001
39.6269
41.0192
43.4875
43.8473
38.3957
39.5701
39.6999
33.2252
46.5302
42.147
43.5445
35.4042
35.0356
38.7781
43.2204
39.4445
35.2121
35.4173
41.8488
42.4012
32.7906
35.8187
49.3007
35.0657
42.5311
42.7007
38.6116
41.1648
43.9676
45.1592
34.5917
36.2794
48.8083
33.0104
37.9296
39.474
42.3414
37.545
41.4707
34.666
40.7873
33.0607
48.7634
45.4558
38.5423
39.1692
38.5411
50.8141
40.0626
46.271
37.2885
46.0569
38.4394
36.4112
42.5702
54.9418
45.8057
33.5281
39.1148
38.962
33.9075
42.1628
38.8409
45.8242
39.515
39.918
33.5419
39.0258
39.1916
34.6348
40.8958
45.1213
36.7627
35.1619
41.0496
40.3384
42.9831
38.3362
37.5705
42.0229
41.1735
38.6757
39.3157
34.1699
37.7066
36.7925
37.0843
37.6947
34.2742
41.0441
39.4088
44.3895
34.6643
38.3847
39.8778
40.2832
38.0825
42.6403
42.2135
37.6128
39.3162
35.0891
37.7157
44.5758
34.9823
38.3374
46.1486
32.4675
39.5598
42.2656
42.0886
36.9906
35.5338
38.2615
49.2091
39.6263
40.8082
40.141
41.5665
38.5711
38.6305
36.1843
36.8731
36.3693
37.5474
42.1952
39.7704
31.6306
39.3938
39.1554
36.2007
37.1771
35.3081
43.7051
35.3952
44.2834
36.598
34.7142
36.5126
37.4619
45.6768
42.9881
34.088
35.9805
37.4691
35.6305
40.4308
37.6686
42.6215
43.2387
35.8093
47.4259
38.526
36.128
43.6788
45.0347
35.5023
41.1152
39.8249
46.7442
35.785
39.6967
48.4728
36.0904
38.6446
42.0732
36.3787
41.4694
37.8001
57.2638
39.3068
40.0071
36.2271
41.772
39.0198
38.578
35.1811
39.1246
41.9587
40.9321
39.0877
34.1897
37.024
44.3475
37.9848
33.0123
39.594
40.5798
48.2157
40.8131
35.3512
52.2384
49.0068
43.1854
39.5249
37.1939
48.8651
36.9386
37.9186
36.4933
40.7992
39.7881
45.836
37.0654
36.0576
48.862
43.0691
37.4422
37.1685
41.1864
50.7308
31.839
38.4552
40.4121
32.3241
36.1759
35.1287
45.5221
39.8367
46.5016
44.8786
44.0957
43.3367
36.5004
41.2723
52.2094
34.8378
39.4679
40.2827
43.331
31.0539
43.7026
42.2873
46.9281
42.9115
33.1242
38.0541
34.696
36.5031
35.0108
38.6621
36.7638
30.1428
36.6835
37.3288
30.8967
40.5178
33.7181
41.2487
37.9261
37.8503
43.4106
41.3585
40.9729
38.8833
40.363
38.7143
42.5599
37.2424
36.3034
39.2635
36.2204
37.4346
40.8156
33.6652
48.6407
39.3099
41.6866
53.2333
40.5918
32.4339
33.6755
36.6482
38.9483
45.3218
38.6161
34.6629
43.0566
39.564
38.2569
42.6313
38.6322
42.0292
34.6921
34.9606
41.7047
38.4955
41.5466
43.3467
41.5159
39.9762
37.2005
39.8092
33.8771
41.1623
39.8257
39.4835
35.4532
40.2767
37.7941
38.5784
30.105
46.4779
33.9252
34.9005
41.7898
33.2621
41.5022
33.1488
40.1601
37.8421
33.7631
41.8408
35.4302
38.0224
38.4454
38.4397
39.1074
42.1233
42.8744
32.6144
35.778
33.8984
36.2608
38.2746
35.4657
42.7953
38.2512
56.6497
39.7953
41.2729
43.4979
46.5536
40.6256
34.2492
34.4266
41.6638
36.0403
34.3233
36.2066
40.1662
37.5039
34.0765
35.5284
34.0647
37.427
42.7466
35.5747
34.7185
38.0224
31.6041
39.5163
38.7963
50.9727
33.1981
42.3008
38.0285
32.7696
34.2959
37.5261
43.4428
42.3809
42.2212
35.8927
42.772
43.3927
38.9758
58.5077
43.1375
42.7389
41.9455
34.9091
43.5377
38.5312
36.1112
38.9812
40.2799
35.5449
33.6193
39.9369
45.3666
42.5656
46.2769
42.1713
38.4604
36.9923
40.7024
39.007
39.4565
42.4408
42.0014
34.3735
35.0599
30.9824
37.4369
33.6601
32.1389
40.1638
40.6541
47.4736
41.943
36.9149
42.2794
43.4521
42.7118
36.8079
35.2431
46.8911
37.8803
43.5864
38.1676
43.8956
43.3674
40.1117
36.0557
36.8063
34.4
53.9195
39.0528
46.3976
37.7774
34.5621
43.3225
33.8526
46.4661
41.7854
34.3566
33.3076
38.5236
41.8036
39.1986
40.1
49.8479
44.0785
36.1983
40.7872
40.0751
41.2023
37.4181
37.9978
44.7985
36.2672
37.9839
45.5174
42.4822
47.2797
49.3211
32.633
36.7766
38.3216
36.9048
42.5956
37.4878
39.0605
49.8754
43.9922
41.1521
41.6511
37.3782
46.5564
42.6238
34.4894
36.682
39.1563
39.7182
34.8565
33.6396
44.1654
34.0523
39.5162
44.0069
34.1354
33.577
42.4749
39.6914
42.1987
45.0207
50.0754
37.0159
34.1861
42.6428
38.4023
36.571
40.3578
36.1842
40.875
34.2227
42.4795
40.8771
36.8923
45.1215
43.2392
38.7966
46.1721
38.2467
36.6406
37.3715
38.1435
48.312
45.8956
42.2393
45.3215
33.7811
32.378
38.0021
39.5079
36.1565
47.3373
38.2432
35.1644
39.3438
39.5286
36.2115
40.2377
34.892
35.8795
55.2245
40.641
35.0471
35.1187
36.3974
38.1941
35.8493
42.1075
40.4614
45.8231
41.458
35.3617
40.3908
34.816
42.336
41.0081
46.2495
34.464
30.7785
33.8606
40.4704
43.0296
41.4967
40.9502
38.2853
41.6657
43.9761
48.7985
43.6823
37.3863
48.0513
37.3349
35.3723
36.0696
31.7311
37.0463
48.3907
41.8894
41.5495
45.1039
38.042
35.6117
35.6583
37.5189
43.2181
37.6158
44.4425
36.6078
42.8982
43.0162
42.93
32.7071
41.0558
38.9418
38.727
37.65
42.1291
42.3895
34.1738
31.749
38.6708
42.3238
36.835
43.1466
43.7927
41.5909
40.5952
41.922
43.8128
43.8743
39.5174
36.9301
35.7141
38.2215
41.3371
35.8784
50.4067
40.0718
42.0937
34.1079
38.8224
38.3932
41.7074
42.5856
34.3692
30.4307
33.588
41.9297
36.2007
37.0977
44.864
37.6606
39.1787
44.7278
35.1706
34.2275
34.4569
42.195
33.9987
35.1718
40.2855
49.7757
45.7479
51.4167
40.6719
38.1904
37.5832
34.3433
48.1873
35.8208
40.7776
33.0912
39.006
43.8708
41.3374
42.74
39.6205
36.2218
35.5368
42.4108
33.9153
44.4897
35.6921
40.7816
40.8416
32.0658
45.7897
32.8265
36.6914
39.5882
41.0065
39.5851
32.6259
39.7362
30.361
41.3753
37.9606
39.8238
38.1746
41.6652
42.7496
36.0214
51.3631
38.5253
33.0346
39.3893
43.8879
42.4189
37.8932
39.2576
42.8974
43.6363
37.3672
43.1598
32.8963
30.0969
35.5947
36.0915
35.1068
46.9065
33.8755
43.344
47.0474
36.202
33.7265
33.5272
35.946
35.7836
46.4787
38.1931
39.7207
41.3214
38.787
44.6677
45.5932
36.6584
54.7404
42.5543
35.6703
42.5785
40.2616
39.8599
35.944
41.1198
36.4981
43.4028
35.646
39.83
31.6164
33.0479
34.6631
37.4999
32.5858
32.4232
38.0896
40.4681
45.3074
41.297
49.1619
37.203
40.9255
34.0298
40.2102
44.6017
41.383
44.9061
39.985
33.6419
43.8929
35.3042
40.8033
40.4367
46.5661
46.1608
36.5572
32.2367
35.237
41.268
35.6836
41.8223
32.5831
44.0804
42.2586
39.451
38.5588
37.8501
36.9601
43.0074
29.8014
40.2806
41.6749
38.5487
34.5391
38.1867
46.653
38.9098
40.713
45.58
40.52
34.6305
36.0167
45.2156
38.6432
35.9064
38.0874
40.1595
38.4796
48.877
39.999
31.2717
38.3076
42.3674
37.3123
37.3237
41.2285
36.8517
41.4788
42.1951
39.9345
39.9392
35.2475
46.1178
31.8986
38.75
31.0081
35.7807
39.1017
37.7127
37.5676
40.6957
37.4619
37.8658
40.383
43.9593
42.4265
36.3361
37.3077
40.4676
37.8685
39.7477
38.1735
42.1453
39.6423
34.6137
42.3425
42.2969
41.8263
41.4479
33.0323
32.5502
36.6352
47.2343
36.2415
40.1435
40.7915
37.0037
35.7897
39.4847
38.7304
34.7389
45.6423
45.5627
29.4946
36.5095
43.1998
55.0158
45.0162
39.9636
52.3051
44.8645
45.063
38.0996
34.3368
41.7168
49.9784
44.0246
35.6408
38.0811
38.9843
39.5339
43.4192
34.0417
34.7129
38.8607
34.19
37.8852
36.0747
34.1369
43.5603
50.4694
44.6006
40.9923
46.6571
36.2364
34.3752
45.0868
38.9684
36.6059
30.3992
53.7002
39.7575
33.3585
35.9015
42.863
45.7422
35.8954
37.168
44.9197
42.3263
36.6497
42.2268
39.6112
38.0389
33.9507
42.9259
37.5708
34.1121
41.8031
38.274
39.8254
42.5557
37.7474
42.9247
43.124
35.3398
34.6678
44.193
47.6054
38.9985
39.9965
43.4885
35.7214
46.7225
44.1934
39.2616
40.2771
38.4976
37.5929
31.7707
48.4702
44.2676
39.8378
40.2408
48.4527
42.962
43.4254
36.1765
35.3602
33.8133
35.861
39.795
41.0905
32.845
34.9427
39.7742
35.2446
39.1674
47.4214
41.3152
39.0717
39.7056
45.7966
30.1051
46.7161
31.6349
34.7499
37.6738
43.583
39.1456
37.5081
40.8494
36.9622
45.0737
31.9182
41.5417
35.2159
37.2592
36.5901
31.9082
41.5348
38.6698
38.0859
32.4748
43.0668
32.9172
40.4959
42.3043
37.4008
35.5245
35.6263
32.7557
45.7895
35.1733
35.3304
32.7917
41.6437
49.8342
47.8891
39.5524
30.0478
38.0612
40.229
37.2277
40.8519
36.0269
41.2661
46.6357
45.3883
46.2826
39.752
32.7102
49.2227
38.6674
45.5972
39.3569
38.1378
39.1874
31.4983
40.7105
46.3493
37.3626
46.1507
47.1807
37.7239
30.9054
42.5145
46.6737
36.0384
36.6064
37.9096
38.9699
42.5863
41.4765
38.37
33.5227
39.9525
41.6506
36.1346
43.3514
42.4071
40.1206
37.2489
47.9052
56.3871
30.3662
39.1621
37.1902
41.0831
41.8542
46.0651
49.9902
38.8344
34.6414
44.4039
36.1337
34.0794
33.6447
33.9741
46.5048
36.2872
43.3754
35.1044
40.5138
40.4088
55.1434
42.2609
50.6823
35.6959
34.8362
38.2835
39.3564
35.2774
38.6869
35.3255
39.5694
35.6638
43.471
40.3417
38.1198
42.0879
50.6534
35.9047
39.5685
40.4533
37.5769
36.9808
37.5288
36.0517
41.984
38.8121
35.9442
35.3385
38.5095
35.3976
41.4271
44.7339
33.9652
47.9259
41.6155
36.2347
37.4415
33.4145
46.7558
36.7269
41.3903
40.1077
35.9172
35.4166
33.7526
39.9553
43.0945
39.9876
38.0541
37.1646
35.0716
35.3451
37.1546
41.144
46.4002
36.909
39.1591
47.6409
41.1901
40.4643
52.8805
32.5231
38.2103
48.1631
41.972
36.7774
39.527
37.4947
33.5796
32.2872
39.9579
40.7304
41.4245
41.5344
34.2609
38.5989
41.504
34.96
39.278
35.8188
37.5423
41.4243
32.2551
45.5829
37.3647
37.322
36.9788
45.3772
36.8857
38.268
40.0996
36.6344
43.3643
31.3378
33.5054
38.299
35.6157
35.8302
39.1346
31.8911
35.1419
37.1117
51.9047
38.9256
32.8569
34.7224
41.7403
41.0009
35.4014
53.6037
35.6846
33.8103
33.6235
35.8839
34.733
41.8247
46.1114
46.1675
37.4194
41.1633
34.5104
35.5352
34.1888
47.0168
36.2672
35.532
35.7075
39.4533
45.1274
36.437
36.2192
38.4794
33.716
36.6585
35.9206
38.2005
34.947
35.3739
33.4073
46.0944
47.3365
40.7043
42.8854
43.2258
49.0487
39.9993
47.374
35.8695
41.5722
50.8697
42.8881
31.2636
35.2097
35.5375
39.5681
36.8838
42.0557
40.0894
46.1273
34.6983
41.4044
44.6818
41.7888
51.9273
42.4986
42.9742
43.6781
36.7262
38.4942
36.047
33.0797
35.8058
40.4044
36.7706
39.0358
39.1353
34.2591
41.6179
38.9725
48.97
36.7771
40.0569
44.6488
40.4284
41.3229
50.427
42.9627
46.7413
43.9236
34.8289
36.1757
47.8892
49.4301
29.9954
30.0597
50.0828
38.3005
32.846
36.5881
39.3913
47.7163
38.1098
45.5761
37.9546
40.2417
33.5287
37.8265
40.1093
38.3128
40.1459
39.6199
40.5196
41.101
38.7818
32.7574
40.681
34.2935
38.3789
40.956
34.0665
35.2691
41.2745
38.2784
44.3883
39.0526
36.0461
34.9774
39.1489
36.8429
37.4122
40.2873
43.5797
37.5662
44.9577
43.1342
33.4765
48.5275
35.8058
38.9828
41.2385
43.5827
41.0724
38.934
36.5669
42.4766
40.4733
32.7442
38.6159
35.76
39.3377
35.0221
41.251
41.0538
32.21
41.6797
34.9948
44.9354
35.5308
42.4366
35.0085
35.2967
38.7721
36.3868
37.2164
40.2229
40.146
40.0523
40.064
36.1658
35.855
36.9193
39.1661
32.6085
38.3849
41.4677
36.6216
37.5966
47.334
32.3774
38.5241
43.6056
39.1006
35.6208
38.4506
40.024
35.0949
43.9991
35.6104
41.5606
41.8343
38.4439
37.2741
38.2483
41.2085
37.6854
34.7666
37.047
38.3325
33.3815
33.8157
36.4692
35.8495
38.0649
40.7534
36.2687
38.2952
32.3381
39.0831
36.743
30.899
37.4027
37.7416
43.9389
40.6915
39.354
43.9089
36.1067
38.7882
41.8406
41.7267
36.7941
37.2361
36.2612
39.1658
41.0932
37.7435
42.49
34.8814
39.5423
43.2952
32.6778
33.0368
38.6235
36.4524
37.2589
49.5493
37.9379
34.127
37.6604
40.4224
40.9599
39.3579
38.7811
38.9511
48.3136
41.2105
40.0025
38.8756
39.0659
54.1184
41.8732
33.6134
43.0294
41.5622
38.9769
35.753
41.8283
43.4087
38.4782
38.7013
37.8048
40.1038
40.6611
38.8449
34.7898
32.6729
38.8398
38.9915
46.9723
33.4581
40.2786
35.2815
36.2735
51.0004
40.2215
41.3098
41.4962
39.8773
46.2462
49.2156
42.6774
34.196
44.97
38.3975
45.7853
41.0482
38.0894
37.8388
32.413
44.2845
37.4305
46.5825
42.9258
32.3078
35.0434
42.4934
33.7648
34.39
37.2127
35.6743
34.2556
36.4515
39.3129
33.7271
35.7982
37.6219
35.5333
45.1586
40.2403
45.4891
42.416
34.6938
50.0626
39.467
40.5827
32.3489
39.5158
49.954
39.5987
41.3242
48.2289
43.2905
34.1971
41.3149
45.5708
39.5597
41.1083
43.8174
35.5992
34.3169
38.3937
48.4434
38.5625
41.3824
42.8952
34.1585
38.1694
38.0217
38.0757
37.0787
40.2212
32.13
36.3599
32.2703
30.6103
37.6045
42.0926
42.9826
34.334
36.1531
35.1883
34.3248
36.3542
32.8694
40.0277
30.6526
31.853
33.6917
42.7923
41.5143
39.3127
31.4991
46.6293
34.9153
48.6677
34.8658
38.6743
35.8027
34.3622
44.3747
41.6245
34.9853
36.9216
33.2406
34.792
32.4298
38.4575
32.8568
36.7733
43.5689
44.6561
33.9481
35.255
38.5
42.0579
34.8634
37.7045
40.9261
41.1505
44.9777
34.2191
38.2174
35.9377
37.2401
32.9861
36.3489
48.564
35.9329
40.0043
34.282
36.658
39.1484
37.9547
42.4029
33.4263
47.9185
41.7494
49.6583
42.7467
38.0529
38.234
37.5526
41.5689
35.5288
41.6282
38.0495
36.566
37.2767
38.3174
39.8972
47.3968
42.4158
45.2741
41.8297
34.0299
37.3395
48.3852
37.1126
40.1036
36.1781
33.9985
38.4822
41.9414
38.487
34.5141
42.7257
41.5784
37.6204
39.9241
59.7016
36.0064
42.4976
41.1447
43.4757
40.4727
48.4292
40.9557
39.3181
41.8059
47.1739
37.3767
37.7741
42.6503
45.7032
41.3316
42.0411
35.438
34.2096
44.6592
40.0872
39.9074
41.748
41.6717
40.9453
35.9025
48.5345
35.498
44.5545
49.9499
36.3848
38.1242
40.3351
39.9886
34.0246
34.6412
40.6139
44.9791
34.2841
35.1083
43.6105
36.1577
35.1526
36.4137
38.9508
41.007
35.5218
29.9941
43.6267
35.1994
43.9027
36.6977
42.0722
31.6524
35.1552
37.675
41.7072
35.8016
42.534
43.5026
39.6231
38.326
34.3097
41.448
39.0364
36.5602
37.3079
43.4269
41.6038
40.749
33.9801
42.4174
39.3266
33.262
42.1774
36.9986
40.8626
36.4768
40.989
36.9853
40.8291
53.3073
43.4775
40.0817
39.7291
46.5541
47.6233
38.6638
29.8344
44.0294
43.1476
38.9762
38.1663
42.5968
40.0854
31.9941
37.6526
50.2948
38.341
42.758
41.4773
42.7009
41.3404
40.8334
44.4499
42.1037
44.5776
43.4957
38.2564
34.0582
38.3164
38.5269
43.1321
35.01
46.8802
34.338
34.458
40.0091
34.6405
35.0946
41.4898
32.3595
36.7076
39.96
45.4005
37.2164
45.298
38.423
49.5411
36.3475
40.6497
38.7565
41.5169
46.2309
37.0905
32.604
37.9192
37.7907
48.2563
39.5936
40.2468
42.8673
40.7958
38.217
41.6054
39.1889
42.7548
38.9261
38.8219
42.7718
44.8041
43.4098
33.8669
39.5879
35.0637
34.9689
31.7945
46.6881
45.0079
37.8486
41.4275
44.6095
39.0739
48.2746
39.7393
41.8143
40.4277
38.1168
39.2395
36.504
44.4261
38.4875
34.4831
41.385
34.8961
36.7284
37.0143
46.0106
35.5376
39.4886
37.8545
36.4539
50.6391
42.8234
45.7419
46.1545
38.673
36.2697
41.5363
40.8509
42.3988
42.2901
31.92
38.1466
36.9753
37.0712
41.7317
35.2043
44.0753
42.3806
42.181
36.8599
42.7755
33.7794
32.2438
43.872
34.3315
38.8623
41.8138
40.5786
44.2498
34.3455
36.8344
34.2455
37.4343
36.5351
37.9591
46.2086
39.8075
34.2911
41.5573
37.3355
35.5755
36.8098
35.0845
42.3345
37.2437
40.4362
32.747
47.6344
33.5203
36.8263
40.582
30.9259
54.7202
44.4953
34.5748
38.2398
36.5357
36.0221
38.419
33.494
45.4265
43.9299
36.5753
34.3143
36.0364
35.994
34.4477
37.8966
40.8935
38.9403
36.0919
33.0062
45.6117
43.0142
42.9985
39.7696
39.7775
37.6267
39.3458
38.3073
43.4311
36.1137
33.4017
34.3626
37.2815
33.02
31.9608
34.7834
42.4443
37.5151
36.1215
42.8568
37.393
34.6588
35.3495
37.9506
44.2662
38.3681
36.5243
38.0791
34.4742
34.5859
39.5091
39.2693
38.992
36.2752
34.1582
40.2966
52.2833
32.2548
41.8614
40.7898
50.1307
38.365
36.414
43.7404
43.5961
31.83
34.8115
39.5505
45.7502
37.3073
32.86
38.3771
45.2301
40.5193
38.8281
45.4721
32.0281
34.168
34.0804
35.2052
39.8941
38.2139
48.1849
34.8409
42.1495
37.5034
46.2713
45.0742
48.9509
39.1867
42.7124
39.4451
40.1954
41.4346
43.2127
40.0949
45.6611
37.2033
31.3145
36.2255
33.987
35.3282
34.9557
37.6676
35.7826
36.6522
33.7098
33.4474
44.8393
41.8365
37.0662
44.7312
43.6875
41.1381
39.1521
44.2954
35.862
39.3377
41.5045
39.6539
40.412
35.9926
36.3139
36.629
44.5666
35.9039
36.0324
42.5537
33.362
51.9842
36.1585
41.6942
35.1944
38.0432
37.3519
36.9104
35.7557
44.4829
36.1884
39.1107
35.7256
46.0458
35.1785
35.2324
38.6227
34.0322
41.2411
38.7488
46.9284
35.5859
46.3951
39.896
37.2431
39.7195
33.926
43.4066
41.8244
45.4789
38.7047
38.0319
40.4763
53.1921
44.5357
34.7891
38.1446
37.9677
42.4754
40.7719
39.6113
39.3648
33.9747
37.9795
42.631
37.6965
40.9522
35.999
37.8027
36.1624
42.8994
49.389
35.9533
38.098
37.8791
43.4989
42.1145
39.0183
43.2347
33.7375
41.9477
38.7307
35.8924
36.5154
34.7201
55.4014
36.517
40.067
37.0152
46.9086
40.9613
35.9553
36.0515
37.1291
39.3986
42.9811
41.5446
33.0048
39.2287
34.8935
34.9662
39.6766
36.3662
34.1885
41.077
39.2824
34.5495
35.3089
37.0074
37.9805
36.0155
36.5803
39.995
33.2981
39.5067
39.1848
39.3606
37.748
35.3136
37.9214
45.9049
35.0558
43.5338
36.8733
41.1786
41.5085
42.585
39.4286
35.6274
40.9013
42.6245
41.698
39.7526
47.2598
34.6707
37.5444
38.156
35.0858
43.382
47.1202
37.3873
41.646
29.2477
41.1954
44.3152
39.2039
42.7931
39.8233
33.4558
34.5375
45.6833
32.6957
39.5153
43.7149
40.4499
52.4483
40.405
39.9728
38.1686
44.9958
36.6813
42.0398
37.7526
41.3224
33.3384
40.8049
43.0282
42.6593
38.1226
41.7449
47.8841
46.0282
36.9092
38.0472
31.2024
39.8832
35.0106
32.4305
39.4573
46.4262
38.9648
32.8604
37.573
49.0702
41.5032
44.5031
45.3505
34.2365
40.9201
39.3155
42.7169
41.0605
31.861
43.6492
41.404
33.9927
38.3447
33.8313
32.7836
38.2568
37.1426
37.2804
40.2629
38.1666
45.5652
41.5292
33.8634
39.6429
42.3758
30.7262
36.7758
38.431
34.1721
35.1014
42.4642
34.683
39.6093
37.2004
33.9357
39.7711
43.4288
37.312
42.1295
46.1516
34.9679
63.8975
50.668
39.6422
33.295
36.0796
42.7732
40.0844
36.729
38.9835
36.8525
38.7107
39.364
35.9674
35.0629
40.3031
42.797
42.1621
34.2556
54.8963
38.6991
46.4529
41.183
35.235
39.7616
31.9589
31.0226
38.5893
45.2475
47.3001
35.548
34.3512
36.5246
41.5648
43.7461
41.2912
44.3418
41.7332
36.3594
33.3107
43.2071
38.0489
37.7257
37.7492
37.4807
38.9468
39.8056
46.4005
33.0684
37.4053
42.006
34.6565
35.7336
36.6047
35.7192
39.0059
41.3868
34.3923
33.8673
36.479
36.0269
40.8345
39.3796
41.4317
40.2658
37.3101
35.3021
34.7318
49.198
43.0508
32.0845
42.8707
34.8374
42.0541
40.107
40.4906
45.7688
40.2626
40.4293
36.3618
46.2735
37.4705
45.2627
33.0651
41.7146
40.1323
38.0043
42.0117
40.479
47.9418
38.1555
41.1395
41.5711
48.0577
33.949
37.7766
39.1992
37.6359
39.8318
36.7852
39.3716
42.2613
32.8532
38.5472
48.9903
31.7769
38.7781
34.7456
35.7738
36.437
42.8893
38.9398
37.5429
39.2113
36.2789
32.4975
40.8752
36.152
37.4672
36.7671
43.8124
42.0455
35.6337
35.1776
37.4972
43.0265
41.5348
38.1308
33.929
41.4084
38.9012
37.6179
46.0555
45.751
43.5951
37.6544
37.2991
35.1887
42.9398
35.8934
37.7727
40.158
36.8601
39.3552
35.9258
44.8647
36.789
42.9727
34.3983
46.9535
43.4144
38.5579
35.0271
36.1161
33.6922
56.0615
34.1318
42.2321
37.1069
40.786
35.9444
47.3245
36.7542
34.4927
38.6507
31.4897
40.7372
34.9735
37.7353
40.0063
50.1159
40.1267
37.4919
40.5684
43.1616
37.0736
39.1263
43.7834
48.2455
43.1224
31.9183
38.8365
36.726
43.3524
39.369
39.1542
36.7381
42.3238
40.2063
35.977
44.3349
43.1723
34.5912
35.1425
33.9532
39.2414
36.876
36.6759
39.2393
38.4828
36.9792
37.8179
39.61
31.2659
40.5859
40.432
37.8738
38.9318
43.116
35.8968
34.5293
42.6248
35.0557
39.1998
43.0878
54.4947
37.8704
35.9266
38.4287
42.1546
41.927
36.2685
41.7998
39.0946
33.7712
37.8054
39.716
40.4122
42.329
34.9146
28.7697
39.9465
37.0588
36.4789
39.9565
33.6384
32.615
43.9511
37.0435
45.411
38.9883
40.0824
33.9644
40.9108
36.2491
40.0144
38.5895
40.4435
38.0405
38.1523
47.5949
33.6931
34.4846
45.8065
40.1793
46.3699
36.0869
42.7035
57.1078
37.1474
40.5043
35.5882
39.8387
35.9751
37.5334
39.4855
42.6312
32.7
42.9089
37.3423
40.5121
42.5676
41.9887
35.0891
42.5056
49.4574
34.9716
40.9759
31.591
43.3548
53.6155
37.6835
34.2443
36.6964
36.2655
34.2999
39.778
41.7267
37.1295
41.2777
43.71
38.754
36.922
45.6141
35.2371
43.6281
43.2854
40.2024
41.3143
46.2944
34.8448
35.8375
37.2686
37.1935
34.1491
37.2747
42.0682
42.7793
34.4744
35.1314
34.1605
43.5137
38.5577
50.1643
43.4223
37.0219
35.9271
38.6575
34.8969
41.9088
44.9202
37.1144
44.1299
37.5509
34.944
47.4939
39.5782
36.5229
54.531
36.9955
36.3318
35.8456
52.5741
34.9063
36.2299
35.5629
34.8681
40.1643
36.6666
36.3213
39.3542
41.0655
36.3121
34.5564
35.78
43.4258
37.4695
41.0115
41.7211
43.7751
37.1597
40.9998
41.3401
37.5053
37.8123
44.6268
42.8534
34.9288
45.4058
41.9504
48.6498
35.7549
41.5462
34.0587
34.2919
36.5339
42.3072
36.0314
36.8426
34.6221
34.3037
37.0772
35.7701
38.183
41.5111
39.7778
35.2563
45.0255
33.2118
38.8639
40.1494
39.528
37.857
39.8411
31.9047
40.0223
37.4801
38.5577
39.3678
41.0708
36.9166
39.8686
35.1045
37.7917
36.1524
39.6745
35.4672
39.6162
46.3059
30.0544
43.3041
41.999
38.1937
37.3987
36.372
35.5551
38.1881
39.4912
40.1203
43.4622
40.2007
37.4924
36.4043
36.0178
42.3471
37.7363
39.9887
38.6414
39.5725
45.8237
35.0198
41.6421
36.186
44.8759
41.5639
36.4672
41.3856
33.5749
36.1822
37.2228
33.099
33.375
40.7345
33.0099
37.9523
40.3492
51.8259
38.6614
36.9031
41.5397
40.0571
35.4617
38.826
36.0616
34.9248
41.5937
36.6977
40.8032
39.9524
46.1475
34.7956
36.6696
35.8534
34.2467
36.9464
36.1377
38.0196
40.6289
33.2953
42.1097
47.0525
33.8547
39.6302
43.7133
39.5182
40.1142
34.0263
58.4905
37.1934
41.395
38.406
37.4886
32.4636
39.4923
39.6371
34.8739
46.7036
38.7749
39.5371
42.3406
42.943
45.4396
50.1149
36.408
39.2262
41.2241
36.0197
43.6921
31.7127
32.6615
38.1187
34.9933
38.9913
39.1648
37.0981
34.9362
42.2506
41.11
35.593
35.8517
39.5164
40.1247
34.1944
34.9544
46.9715
33.5985
37.2285
38.6843
42.2894
37.4119
40.9146
42.0523
43.606
29.3875
36.9498
38.6568
40.3971
35.6347
36.5673
34.4818
36.6176
32.9529
37.212
35.608
38.3158
48.4253
33.2507
35.501
35.9866
43.0557
37.7166
33.6781
33.4268
40.8439
38.4543
44.7485
34.6502
35.1001
44.711
39.9366
41.9161
44.6571
42.746
35.3192
43.6003
32.3791
48.383
36.933
41.4394
39.3603
36.6722
42.3911
31.9194
40.628
38.8715
41.9818
37.1034
39.6876
39.9247
49.6412
36.3104
42.6195
46.9642
44.2959
32.6931
39.8676
47.1347
43.0141
39.3289
36.4098
37.6287
43.6905
49.148
36.0143
37.6295
38.0149
35.2401
44.9671
36.7431
40.6222
36.7061
43.8042
34.7812
38.4184
37.2973
38.9164
35.5663
44.2867
38.5871
36.2036
38.9691
40.1138
45.9563
54.8397
42.7523
38.8052
37.5067
36.3118
43.3778
40.2282
39.8276
38.9119
38.5267
35.2169
38.1995
37.2975
49.849
36.8919
39.1404
43.4568
43.9532
40.1481
40.0855
44.1416
39.9927
36.8951
36.1928
37.45
39.0411
40.7774
39.3965
34.3963
39.1794
44.5438
39.0789
38.1865
44.8699
40.6328
28.5214
39.6249
40.0156
45.128
38.1015
47.3186
32.439
47.7191
38.7076
41.0308
30.7094
35.7286
38.5258
40.4608
35.2445
49.9757
34.245
34.0226
47.3547
37.5607
42.9718
38.7372
42.3593
38.4824
39.623
34.7773
39.2509
41.5168
36.175
37.8473
41.711
40.6954
46.4469
40.1906
40.2052
36.9191
39.155
37.0852
38.5663
38.4478
37.1676
44.3857
43.0985
45.6514
39.8772
43.3613
40.1596
40.1991
39.7001
36.0364
36.1602
36.5738
45.0235
41.701
34.0275
36.4473
40.9128
40.6623
34.4988
37.3899
33.3874
34.869
37.057
46.8592
41.1304
39.2884
41.3847
32.1283
36.0898
39.9879
34.6622
35.9868
45.464
40.5975
41.2827
35.3935
33.1663
38.7233
38.942
46.6758
36.29
41.8253
39.2664
36.0975
43.2311
33.7064
38.472
37.0467
33.3489
40.0351
35.8804
33.8016
43.326
35.8284
43.8506
44.9684
41.7005
36.629
35.5579
29.3717
40.381
35.0632
41.3828
37.7142
40.4706
40.7994
36.9593
35.2189
42.4257
44.8446
39.3418
40.1414
36.1294
32.684
35.9864
38.6811
36.2821
41.4614
45.4633
38.9768
33.9488
40.6208
33.4728
37.7268
41.0351
37.2093
39.5287
41.7517
39.2065
45.5308
48.6457
33.7178
43.65
43.3894
61.8825
42.1112
34.9641
38.9287
43.4604
39.1052
35.7466
41.8525
40.2013
58.6152
37.7752
30.0546
41.6804
35.6251
31.7772
38.8177
35.6867
39.2062
32.264
37.1601
43.1048
33.75
39.0829
33.7466
40.5979
33.022
37.1755
39.2156
45.9754
37.3599
48.3604
37.124
36.0639
39.955
50.2186
36.6737
38.7635
38.3532
35.2589
38.0131
36.732
37.8966
41.9191
38.1524
39.9587
41.6818
37.1791
35.0585
30.412
42.7736
38.1339
37.683
37.7163
41.9126
37.1047
40.1102
34.3881
34.4611
43.3584
36.689
35.1278
40.4908
52.6755
44.7577
42.7947
35.8768
35.7569
34.3881
34.4183
37.7072
49.7451
41.4209
35.0855
40.9159
32.8946
40.9947
37.0428
37.1895
34.7067
43.9945
38.1291
34.7235
37.4467
43.5408
35.2682
36.1865
39.3467
40.6717
34.5945
38.2716
33.1387
40.0405
38.6677
53.5029
37.3901
33.9738
38.2776
36.9286
38.066
30.2377
46.3712
48.3903
29.3444
52.8718
33.9715
43.1185
43.8096
39.925
33.9849
45.4016
36.7416
39.5592
38.3658
36.6867
37.3922
46.1378
37.8672
32.5453
37.4802
46.9523
36.9321
32.3515
37.3739
35.2444
38.0492
36.7071
35.9271
37.3001
32.9046
34.3019
41.5807
39.848
48.2337
48.1605
37.3193
34.8484
34.7416
46.1108
42.2823
32.613
49.4675
39.4912
40.9099
36.9392
35.9973
45.0845
43.6443
34.9152
33.0837
37.3026
37.5574
43.814
43.4017
40.6731
42.9938
33.0933
41.361
45.837
39.1993
37.0045
38.8161
42.5795
46.6432
38.0105
46.6805
47.7013
37.9344
35.2058
39.2677
39.8491
41.2509
35.452
34.652
40.0817
39.0725
36.103
44.9452
36.7754
38.0478
38.0511
34.9072
35.0564
41.138
50.173
44.2994
37.6186
48.1508
45.7274
33.6142
40.8057
38.3692
36.1759
34.2254
46.0866
47.9061
38.2919
39.9626
38.1409
47.3545
36.007
44.7544
50.1562
33.6636
46.319
38.7092
36.9773
37.4424
42.0601
37.9876
34.8519
42.6404
44.7603
44.6403
36.7345
46.7714
37.4723
36.0336
37.5881
40.7937
41.5725
44.0877
46.9986
39.668
46.4141
41.6527
43.5993
41.709
39.6964
40.7068
30.5752
38.3205
41.4841
41.25
36.0386
41.2192
33.7291
39.2157
38.529
46.1451
40.8193
38.8745
35.4768
41.1882
39.3418
42.4951
41.2914
37.2658
37.5865
36.8059
41.1824
47.1888
46.4531
40.1334
41.4087
41.9679
43.4398
35.0383
34.4576
36.5903
41.674
38.0473
40.2304
37.2941
38.6751
39.5628
34.652
42.8133
40.5251
41.9811
43.3589
43.4431
42.1736
37.1057
34.718
47.604
37.5494
35.3999
37.5114
34.822
42.1453
56.2051
40.0073
38.3138
34.5792
46.6738
45.9521
40.8264
39.6129
42.0575
40.6906
42.1939
38.9737
34.6787
40.7098
49.8392
38.1702
38.9058
39.4261
48.8687
50.6745
34.0814
52.303
37.8381
36.3212
33.1904
32.5952
41.4174
42.4983
37.7638
33.2157
40.3713
39.3425
36.8546
43.2532
38.618
39.6517
38.5429
38.7919
36.7637
33.2302
37.3946
41.473
46.0096
43.95
45.8776
38.6255
37.147
34.3976
43.1042
34.1943
38.278
37.5357
32.7659
37.6381
49.2711
36.693
32.0637
33.5432
41.1741
34.3703
37.5788
37.0977
35.0073
39.9441
42.1268
39.2355
36.3513
38.4281
38.003
32.7688
38.8367
39.5842
34.0344
40.6718
42.1974
33.3094
37.7304
40.7783
39.7625
32.8112
34.7104
43.181
37.9739
41.8118
36.675
32.6981
48.133
40.2312
45.4391
47.7094
39.976
44.2244
41.9809
31.8318
41.1465
37.7144
41.8338
36.9967
36.8317
34.9252
45.5869
43.8637
33.0107
43.5261
29.7245
38.8783
38.3691
33.5099
37.5475
42.194
38.3876
38.4627
41.4144
35.8633
34.2231
38.9853
37.0787
37.9897
36.7947
39.7155
41.6362
47.0105
37.576
38.1118
38.6794
35.9655
44.4313
41.2093
37.0741
36.0594
41.6798
38.5964
47.191
36.6465
41.6151
40.4421
35.3972
40.9437
36.6336
43.4256
33.8605
39.1633
37.5079
37.5918
40.626
47.7923
33.8273
43.718
45.0398
36.9204
36.043
40.7533
41.5207
37.5254
42.2998
37.9056
36.0085
40.4338
51.2771
49.5903
39.2235
40.7298
37.5427
37.4197
36.1553
39.2383
41.9623
42.2893
39.1533
33.3673
42.1238
37.014
42.5267
37.4463
34.8703
37.3059
33.1357
38.5869
40.8545
41.787
44.5117
51.2031
38.8882
37.7506
44.2525
40.7833
39.5136
38.4327
36.329
40.2245
36.2564
41.2897
50.3616
44.3553
39.6375
38.1373
34.3857
34.7006
38.6604
37.8093
33.9818
34.452
32.2777
46.1363
35.2224
31.9107
35.8984
40.0082
39.1884
37.0099
37.34
40.0699
31.8581
45.9893
37.9106
38.8883
39.7871
36.7
36.0619
43.2921
35.9398
44.4836
41.6639
34.3
41.0837
37.5356
38.3627
34.6862
35.6009
45.1774
44.2038
36.9181
47.3597
34.2496
49.9415
34.6057
38.8254
38.5137
39.5607
38.7818
38.6921
46.0577
37.4205
40.3099
44.0549
45.0162
37.5019
37.5624
33.3387
38.9332
33.7993
48.5609
41.9183
38.7139
41.4364
38.9186
36.7956
40.8417
42.4884
50.4362
38.9977
44.8013
33.1777
37.8441
39.6257
40.2914
38.3685
36.8999
45.2502
41.6269
36.8681
42.0131
37.7149
42.9013
38.3918
48.2898
55.0099
41.5124
42.6256
36.7894
37.5902
39.3345
36.4052
41.964
38.2276
44.2811
33.8481
41.4885
39.888
38.7138
42.1043
35.0768
37.5064
33.2795
34.7991
40.2362
44.4789
33.5869
39.6868
45.0724
35.7728
31.5853
41.3099
44.3926
39.2851
48.2569
39.7391
38.7732
42.6259
53.0795
42.6793
44.5656
37.2961
41.0711
35.0428
35.6694
34.842
39.7709
44.4283
31.5582
33.9352
33.2131
37.9508
38.2583
35.8741
42.6379
39.716
34.5964
38.9803
36.3712
40.7556
34.0111
45.7385
42.2201
43.6198
42.6816
37.6938
43.7366
39.2413
34.5697
41.7523
44.0317
48.7569
45.1875
36.4228
36.2166
38.3996
38.8418
42.2284
39.0001
36.6917
37.0285
41.2576
32.799
30.9041
47.0105
36.2212
39.6711
37.8041
36.253
39.6368
35.7313
38.1927
37.0284
38.997
34.2344
49.3845
43.4782
35.7935
43.3266
33.0119
42.3757
38.6345
47.7485
45.7222
36.3548
36.4555
44.1971
38.1622
36.215
42.0945
38.908
41.86
39.262
35.8149
42.65
39.6723
38.6083
37.2622
40.0805
38.0543
34.8659
42.5746
37.1126
41.3177
37.7006
37.2724
37.6555
34.9536
39.9329
36.6328
45.2757
38.4336
38.0069
41.265
33.5812
42.6214
37.4098
33.4824
41.5338
34.7755
47.6705
34.9701
52.997
41.6213
42.7203
41.3474
42.0477
36.9004
39.7459
37.0178
37.2652
43.0779
40.8882
35.3288
37.8131
34.7764
44.1574
38.6337
32.2259
37.955
47.0641
39.8315
39.2237
43.4156
41.9739
38.9626
39.8739
36.8548
30.8954
31.764
46.2292
39.189
48.6576
35.5553
40.9932
40.0735
39.8314
40.1532
40.5758
38.0095
43.0373
52.2841
47.2343
43.6577
40.3127
35.4656
46.7913
39.2426
33.1421
33.2
39.4428
34.953
35.4584
52.2165
49.1725
49.7719
33.101
37.7808
41.1313
38.5623
35.8407
45.5741
40.3958
36.8556
36.8168
44.0991
33.4882
48.1878
37.1086
38.121
42.6083
41.8577
41.7804
35.23
38.3281
37.4546
34.5648
41.7846
47.0974
39.6384
38.4012
35.7558
35.7578
36.7785
31.6554
48.7208
32.1799
37.8379
42.5555
44.2097
36.4655
32.6816
42.4981
37.5465
36.0659
44.9373
40.1162
40.101
45.8861
46.7301
40.7309
42.2663
34.6962
42.1712
41.6992
37.936
39.6802
35.8434
32.0884
38.964
34.2291
50.2077
44.436
40.1189
33.2055
38.1608
44.3621
33.1104
32.9085
46.718
37.8366
43.6496
34.8239
42.6642
34.4373
42.6803
42.9628
38.5458
36.473
38.838
41.3935
38.0501
43.3589
41.4439
37.0081
32.0885
32.9748
37.601
39.0878
38.5848
40.3296
40.6338
33.5982
41.5287
35.8425
31.1476
50.7488
41.4578
43.0937
38.8761
39.0294
38.6517
54.4822
35.8142
35.698
34.7999
56.0052
38.1151
44.9456
33.4723
34.5379
36.2838
32.7688
44.1086
37.5821
35.5244
32.886
46.5322
48.6658
42.2621
39.1788
43.5141
37.5057
39.93
43.173
34.1653
40.8322
38.2414
35.7552
32.543
37.9738
44.3575
45.8636
38.2095
31.6272
41.8916
34.6365
37.4214
51.9561
42.7595
33.4995
47.0126
43.2974
37.0923
35.6316
44.4262
36.8447
37.3485
47.5396
38.4536
34.1465
40.9199
39.2099
43.3299
42.6182
40.9093
34.9085
34.0812
43.1518
41.4006
35.8922
37.5146
37.16
33.4377
43.771
33.6232
37.0734
42.2582
41.7928
37.2342
40.0619
38.4643
46.1352
32.0444
39.4482
34.8614
35.6618
44.3565
36.1297
36.8459
33.7878
38.9854
36.9046
50.3528
38.191
43.5791
36.9849
40.2493
42.7663
37.8741
37.9979
35.972
39.3315
34.9507
32.1091
47.1228
43.8351
41.9597
35.4564
46.1508
37.2765
37.665
42.8002
44.224
48.0703
43.6581
43.0939
37.5864
37.8403
44.4396
36.1499
41.3321
39.2242
36.4615
38.1077
39.2564
41.0144
34.558
39.521
42.1213
46.5634
46.3965
39.1253
33.2956
36.5563
36.6672
38.929
39.1657
42.7142
38.9427
38.0444
45.8932
53.4162
36.711
34.4846
40.6588
35.3655
39.1213
45.1992
36.484
32.353
44.4857
38.9106
34.6628
37.6148
36.3356
33.0306
37.0169
48.9896
39.0404
35.5063
38.5242
36.1103
34.194
36.1066
36.5267
39.2693
48.8795
35.8255
46.8156
44.7269
36.9625
60.3907
34.1923
33.9801
37.9337
41.0157
40.4453
36.3471
38.1524
36.7687
40.3991
41.4912
38.4378
40.5011
37.733
35.2444
42.339
36.5093
40.2975
39.4308
34.3024
39.568
38.4445
38.6299
45.664
36.244
37.4687
36.4557
38.9518
35.2448
35.096
32.1666
43.1316
32.0463
42.839
38.7444
45.4616
36.5331
35.6799
41.1691
33.462
38.302
39.2308
39.5062
39.3386
36.3602
46.5773
36.0915
38.7127
35.8086
41.036
38.8694
46.1516
46.6412
43.3071
37.839
45.7405
34.4465
42.9542
33.3817
39.9637
45.1267
47.2635
40.3762
37.1808
32.9536
37.0144
43.6788
35.4841
42.6718
39.6198
32.2341
40.6472
42.2336
35.8783
34.6212
40.0295
49.4697
42.3958
40.8567
35.545
35.4707
39.7888
46.9867
34.6473
37.2952
38.1872
42.4121
36.5163
38.8851
35.8961
35.4728
41.5954
45.343
40.3947
50.1675
36.3515
38.6181
45.6341
33.0846
40.236
47.2638
36.8364
39.4589
34.8115
33.6392
38.2592
41.5902
44.3975
39.3781
40.5211
43.5067
33.7389
35.1011
37.5843
37.2017
44.7163
34.9614
42.5817
40.2999
46.1083
44.6426
39.0779
39.7176
43.1971
47.201
41.0363
42.1176
37.6467
40.6564
38.2506
38.5973
55.7377
31.9112
39.9558
37.9449
34.0358
37.2124
31.2497
36.1454
37.1326
29.1466
34.9648
38.7734
37.1194
37.2701
40.2901
35.6308
39.8176
41.1869
46.9785
38.2976
34.0765
45.4237
35.8195
34.722
41.4665
43.2476
44.2959
43.3734
42.249
37.1775
38.7143
43.7787
47.203
43.4186
43.3681
33.891
40.0975
37.9179
50.8286
42.8949
37.5865
39.1627
36.4079
43.3629
34.4779
43.8729
36.6656
49.2018
42.0306
41.7676
32.7359
45.5794
38.6624
38.1098
37.1118
43.2329
39.4841
38.6868
41.6661
39.6834
32.9557
40.3751
37.631
37.7727
38.8647
36.2623
38.1504
43.7264
40.0701
42.6123
37.3886
37.7004
34.4469
35.4426
37.0443
37.9904
41.6205
53.3972
36.5943
37.7295
34.4891
34.1218
42.1038
36.5574
37.8317
39.4272
38.7503
38.5571
32.3429
39.5176
29.6697
41.0184
43.0421
38.2154
31.6612
34.4197
39.0799
38.7675
40.3688
44.8837
41.8897
37.9253
36.8132
36.8314
37.3091
36.1939
39.521
44.3829
43.6903
35.9373
45.2549
44.9665
35.2261
34.8693
48.2732
44.976
36.2127
44.6734
35.5681
34.6993
42.2315
47.0335
36.6099
40.4445
38.6952
48.1265
41.499
39.5826
42.8853
43.5957
40.0698
50.1406
34.8473
39.9302
46.9761
51.9342
45.8329
42.0711
47.1518
34.4288
44.3136
39.9164
39.6207
36.4939
45.7059
40.8935
36.3674
48.9371
33.1036
35.9477
34.1605
40.2798
43.8831
42.6092
45.5335
39.557
36.1534
38.1722
46.0708
35.4343
36.1124
32.0066
35.0821
43.7501
48.486
44.5794
46.2477
38.4656
36.0493
36.6414
40.095
33.3408
42
39.3741
34.0806
44.9851
39.2894
38.7734
43.2448
40.7975
40.6122
37.4608
47.6676
31.5695
48.6166
43.089
50.2819
36.406
40.5928
38.0416
34.5409
36.2781
42.4347
41.5256
41.4494
39.0964
38.5564
34.3498
38.1419
36.5644
38.0536
35.3849
42.7362
38.2508
40.6738
36.2572
36.667
37.6338
47.6953
39.4131
38.3416
37.2884
39.5425
48.5536
37.9104
41.5916
55.1701
42.2991
37.951
41.9467
33.8542
42.1067
41.0412
40.3446
49.433
36.4331
36.8919
42.0145
36.4908
40.8762
35.8791
34.2289
35.6535
44.0319
35.209
37.9002
41.122
37.8418
34.2751
40.5392
50.5977
44.4031
47.6733
40.8413
36.5662
43.5441
37.1813
41.5314
37.2713
36.2442
38.0246
35.9652
35.5614
36.4822
31.999
36.2105
39.9768
39.79
38.0053
41.1775
37.6701
40.9844
53.3871
39.1366
41.2063
34.6412
42.4366
42.0661
28.4599
43.198
34.4386
41.3831
41.5523
40.3641
40.8001
37.1269
40.0557
35.3771
36.8169
38.5464
43.1226
43.7099
39.1685
43.0397
39.8408
42.3925
53.3662
38.5605
41.9889
42.9582
36.7809
40.122
38.5502
36.6089
39.8144
38.0714
37.2557
42.3631
41.1328
36.2035
39.2377
30.0803
32.6556
44.7746
43.9823
33.2647
34.7467
46.063
42.1845
35.1959
50.8384
38.5684
33.7652
38.1479
38.8249
42.8013
38.7416
36.6859
51.9323
36.325
38.6405
39.0623
39.4931
42.8239
45.5636
37.1691
35.2051
39.56
33.2176
36.7339
41.8506
39.7847
36.6624
36.2959
37.6906
46.5972
35.2745
39.6967
36.1864
46.7681
45.4327
37.2204
45.9306
43.4708
43.5009
42.6238
35.3578
42.8218
33.0646
35.5347
34.4083
44.6216
39.2382
44.9191
32.4058
35.7985
40.9455
42.2759
38.0374
35.9623
40.3571
38.7508
44.5971
36.4262
42.3367
43.5589
37.3983
36.7509
46.4485
40.7337
41.3311
39.8452
37.8927
33.8126
37.9964
42.4973
38.7736
36.2408
35.2084
41.3613
38.5918
40.7852
32.9268
41.8533
43.1091
44.8801
44.2875
40.3589
40.322
37.7195
37.7804
40.1437
38.4431
33.6922
37.4206
45.4962
39.3732
32.9818
35.3664
36.7977
36.194
44.387
34.737
39.2475
34.2082
37.784
39.4713
37.7139
40.2535
41.2907
35.6212
41.2977
34.6635
32.641
39.1096
46.1798
31.759
35.668
32.0966
32.4529
37.6036
44.9061
36.938
42.9159
33.3684
36.4769
38.0149
33.3122
42.8159
32.3697
42.96
37.9653
31.8536
32.7498
35.1969
38.3914
38.7065
52.4858
40.7087
46.7297
31.712
35.7064
36.8582
32.9482
32.9236
42.0686
31.6419
33.6906
37.3785
48.3698
41.3247
44.713
37.038
36.4914
37.6811
37.2597
38.0504
34.8279
39.4202
38.14
36.76
33.758
35.1541
34.6464
35.0976
34.3439
41.568
36.4085
41.3444
39.9441
41.9418
41.4573
38.7902
40.2351
40.382
34.1445
37.3741
31.9602
39.5765
35.4641
37.0747
46.1206
47.1623
42.731
36.1621
39.7715
33.9664
41.2978
41.9737
38.5464
34.4161
36.1946
38.118
41.0734
35.3662
38.8999
37.829
33.0829
39.8467
37.6504
42.2956
38.0431
38.1148
45.56
36.7096
39.315
41.4515
48.0255
33.6073
34.5096
38.0572
40.5813
34.8457
38.2949
40.907
46.7884
40.0432
35.9177
43.3407
37.116
38.0762
41.6485
37.9406
33.0448
34.0748
38.7498
37.4828
39.7748
38.2219
44.1958
36.4694
33.5149
40.5736
44.0909
39.4264
41.4131
39.3941
37.0124
41.9324
35.3627
38.5139
34.7733
37.067
32.9376
44.5186
36.0793
35.0792
36.5336
50.0332
40.6902
50.4722
42.8671
36.904
38.7367
37.2391
38.6425
39.9862
35.6599
35.9588
40.3621
38.5666
49.0071
45.4736
40.735
37.1136
39.4541
34.1398
36.9286
48.2795
55.9969
37.13
38.1274
43.1153
42.9136
58.4015
40.1784
34.019
38.3765
40.2275
36.6403
38.0224
37.4599
42.689
38.9834
38.6687
61.5245
38.3228
41.711
38.5901
36.5328
38.0611
39.4553
36.0684
36.2753
47.4136
40.3055
34.6914
35.675
36.8256
44.6102
41.0661
40.808
39.7459
43.9213
36.6344
37.2015
41.3518
43.5486
44.7372
34.2559
38.5531
35.8449
34.2011
49.411
35.4646
44.5754
42.0287
36.8789
39.3273
41.8813
35.2404
49.1016
37.7786
36.3385
33.7654
31.6977
38.682
38.3597
36.7957
51.5056
41.1853
42.5177
42.3394
33.4127
39.7395
34.8006
36.2914
34.8748
42.7105
37.5074
51.6564
37.4609
40.9308
37.5344
36.9627
43.7619
35.7798
39.6313
44.6841
34.462
36.6121
41.2082
40.0864
37.3909
35.9557
40.1473
43.8906
41.237
35.4654
40.1521
43.4855
38.8111
39.927
45.993
36.5182
39.7841
49.3389
38.3298
40.2698
34.9029
37.328
43.8871
40.4518
34.9993
38.4541
41.7465
41.862
37.5679
36.9327
38.649
47.4611
39.7254
35.8808
45.4162
40.9578
36.5266
38.8765
36.7155
43.7235
43.664
34.7132
34.332
36.5164
35.1707
37.4542
41.7554
35.0568
32.5059
56.0141
43.7688
36.3653
34.5671
38.8292
46.953
45.7518
41.5386
49.484
41.9128
39.0709
35.8396
38.3547
41.9808
42.7746
36.2146
43.5557
44.364
39.3847
38.8179
38.3103
35.9111
38.4118
45.0994
41.9616
48.1961
44.3009
35.1171
30.4242
37.4268
37.3221
38.0492
38.053
39.6816
43.6758
39.0793
45.6934
37.191
43.7816
47.958
40.5084
34.2392
38.6699
42.5296
40.9594
39.1565
33.7422
42.6514
36.2544
45.1766
33.6148
39.2085
39.0291
38.1176
33.1837
33.0455
34.4395
41.1438
44.1702
48.5738
42.7829
43.4461
36.9996
38.0394
40.8312
38.6597
38.8924
38.1112
33.9327
36.1444
40.6508
40.2949
34.4299
39.2961
32.4143
40.2005
37.1757
42.9824
40.2942
42.9721
40.2006
39.2424
42.3008
36.7348
40.6519
34.8176
40.4595
37.6509
37.7938
38.5038
36.8365
44.6461
41.6752
38.3307
39.682
40.2126
38.4195
42.7321
34.5439
40.0654
35.534
36.769
37.8317
42.3194
39.6753
42.9737
37.489
42.3524
39.2282
44.2302
43.6462
40.6878
39.1167
40.694
46.4936
48.2192
34.8588
45.742
41.2732
35.1072
34.3492
40.2851
38.6573
40.6898
47.0092
42.0385
38.7847
44.7163
44.3933
32.6044
47.1982
35.5092
46.1416
37.9572
46.7811
37.7308
41.6318
34.3867
32.0594
36.7689
39.5452
39.073
35.529
35.9871
41.9729
41.3304
30.1155
37.9578
39.3164
44.0521
50.1507
41.6567
33.1425
33.6316
38.1954
41.9601
42.0113
43.474
34.2658
49.2715
35.0148
43.5974
45.9395
39.6154
40.0945
36.7581
41.141
38.0498
35.2276
34.2001
37.9082
40.4889
32.3454
40.2777
40.1117
44.3672
34.0371
41.1226
38.1666
40.5703
34.9562
39.4953
36.3683
49.8784
41.5708
36.7888
42.0967
31.4013
43.6288
38.4329
35.4949
42.9004
33.8336
37.634
33.6647
36.5257
44.3973
34.9693
40.7553
37.7317
44.4724
45.2616
40.4523
40.206
34.8946
33.82
54.5666
33.5843
48.1572
37.9597
36.3922
32.6211
38.5733
38.0384
36.645
31.4113
44.7524
41.7929
30.474
36.8272
38.0155
35.3401
32.3615
36.5684
35.5941
44.3482
39.5411
45.3557
41.2661
33.2583
35.1092
34.549
39.8076
39.5287
36.2301
37.302
36.646
37.9018
38.2691
42.8074
39.1687
40.9365
35.5732
39.7076
34.957
33.5391
34.909
40.8386
47.3058
41.3095
34.877
36.6627
35.5887
47.3147
42.5885
35.4368
43.7127
44.9019
54.8409
35.6853
39.5153
40.0312
35.5767
33.2163
39.939
35.5941
38.8737
40.5625
39.9069
46.688
36.5779
36.8793
44.6831
44.9484
44.9375
44.6221
33.2837
39.9147
44.9115
43.1687
41.9402
36.7054
34.3537
42.4994
47.6419
39.8043
39.3568
32.6443
38.2837
32.0725
45.6312
43.2821
41.0366
44.1068
33.1569
36.2176
32.6031
33.7636
30.9906
37.4795
38.1143
38.522
40.3739
47.4677
37.2362
42.9264
36.8437
39.6225
32.6697
46.1559
36.9278
32.7632
36.3355
45.5347
38.2429
38.4617
38.7939
39.0746
37.3344
42.521
31.3037
37.6949
37.4725
43.2985
41.6267
43.1886
34.503
39.8168
40.9397
36.4999
41.2192
38.7059
36.1994
49.9548
40.8088
30.6802
40.2222
33.3598
44.2908
40.1642
34.9031
35.8093
39.8328
44.9257
52.3485
41.5971
37.3358
40.7676
33.8683
32.1986
41.0913
55.185
38.9411
38.1702
45.3493
38.4176
34.0501
36.7741
36.1019
38.5865
41.3745
40.6757
36.1813
39.1708
39.6461
35.5977
40.4756
47.3714
37.5166
33.7
38.8043
36.7714
41.6557
50.1905
34.8973
36.6242
33.85
34.9701
51.8468
33.0418
37.9768
42.8656
37.3889
37.5997
38.1148
41.2444
39.1321
44.3781
37.0242
35.8254
38.1215
44.3989
43.5459
41.8949
36.9199
38.8096
35.0814
36.0409
42.496
40.8212
40.6319
37.3831
35.76
40.3064
42.3248
35.8857
34.6108
35.4434
37.0128
38.9153
44.8423
46.8499
36.6896
36.9913
38.1368
41.9978
42.8354
44.4216
36.264
38.5215
36.2246
41.793
39.5379
39.9875
51.2198
45.7436
38.1819
50.142
39.1385
33.8425
41.2738
42.3289
38.8461
43.5066
40.7856
43.3307
47.8896
35.5535
49.8592
40.8034
40.125
38.1009
42.0921
36.6421
39.3969
35.763
34.2884
43.8939
44.7169
32.9453
44.0833
50.336
46.3298
37.381
39.0006
52.3016
37.4356
38.8728
40.3462
44.9059
45.908
37.3509
38.9334
40.4962
39.978
38.9379
43.015
35.6256
35.8588
44.5026
38.6037
36.1351
39.4266
39.8961
33.7777
38.2029
36.3133
35.8484
44.5555
33.9074
40.407
54.9423
38.8178
36.2787
40.1556
47.3764
44.5256
30.7372
35.5782
39.2234
40.9712
37.5108
35.5028
45.2933
38.2982
40.9152
34.1706
46.4543
46.7516
39.3322
33.4114
44.1944
43.8245
38.1909
38.0003
34.1266
47.0479
40.2712
36.3788
51.3884
42.2771
40.9639
37.8476
39.8466
40.8941
47.2881
42.9663
38.4092
37.3096
41.822
33.6405
51.0816
37.5052
37.3997
42.693
43.2026
32.4283
38.664
40.578
39.7532
37.7971
33.4352
37.6529
35.8122
40.3507
40.4148
41.1354
36.4225
31.2232
38.3665
38.1793
35.4088
35.5452
34.4162
36.5828
43.8163
42.6483
38.258
43.8144
39.8772
32.6357
32.3006
39.6166
43.0415
44.2766
32.2741
34.5599
38.8151
39.7555
36.6432
39.8577
36.9193
31.9588
35.7735
36.8101
35.9097
38.5502
46.5723
33.7516
39.7474
46.2923
37.2358
47.2927
39.3215
37.0435
39.887
35.8599
39.7484
36.9709
39.7953
36.7637
43.7801
36.3365
33.2348
32.6445
43.3449
47.7427
43.6929
46.5996
38.3326
34.3319
35.1059
45.6445
34.1854
35.0321
44.0153
31.1122
32.7201
32.6633
47.4916
32.9287
41.1547
40.8374
39.2834
46.8677
38.9565
37.2805
37.1601
34.6423
37.8669
42.4303
35.5711
38.1257
35.2164
38.487
43.2304
35.8301
37.2207
40.7607
43.9478
37.6577
46.3614
32.7
33.6112
38.4514
43.2851
35.8594
35.4692
34.3879
43.3278
35.8464
36.2007
36.4783
40.5049
36.2937
44.4969
37.391
48.3707
53.3619
37.6179
41.027