44.3107
41.1074
41.8393
39.2745
48.5076
39.3621
33.4608
42.5969
37.2948
45.811
46.8617
34.7185
34.4705
43.103
50.2428
39.2906
39.6934
37.9505
41.8379
37.1714
42.9145
30.7685
44.0723
31.7304
38.7198
47.9447
37.2838
34.0123
37.6906
41.1965
35.3769
42.8916
35.5695
47.8944
34.0765
38.4369
33.526
45.1516
45.4067
33.3335
39.0794
38.846
36.4345
39.494
36.3656
37.2898
38.459
48.2946
38.3373
38.956
37.9924
38.5013
38.5075
37.3548
42.0587
39.3954
40.816
37.5888
40.3116
36.3365
35.6039
32.367
34.1055
45.0264
36.4445
39.2589
39.8105
40.7636
42.9909
35.6081
42.1691
36.5077
36.7491
35.3035
50.5509
44.0679
33.9531
37.1842
35.6894
38.1074
35.2001
37.5502
39.086
33.5902
37.6008
38.7799
40.0472
44.7884
35.4202
40.4773
30.8277
36.974
42.2541
34.349
38.401
41.4904
45.5688
37.8932
43.6021
39.3515
39.1198
40.6668
37.0538
34.247
42.885
42.2025
38.5898
39.2797
32.5965
33.5858
45.2816
50.1149
35.7848
41.736
47.4419
38.928
40.1811
43.5261
32.9261
43.5313
38.7063
37.9971
35.5579
40.0212
45.2083
34.8778
37.6212
34.6427
39.3621
39.9227
37.2352
42.2319
35.363
38.7769
37.2212
36.8435
38.5974
47.8838
35.2925
36.9593
32.7558
44.2295
41.6511
40.1798
45.4055
42.3985
37.9608
41.4555
38.2267
39.1623
38.7406
34.4122
38.441
38.9124
36.5189
32.6989
37.9992
35.4413
38.4249
42.5339
36.1023
43.4308
35.7663
40.9652
39.8903
35.5777
41.3065
36.2109
49.3005
34.6403
41.8245
36.4007
34.0216
41.1958
34.7877
39.4015
36.4586
38.755
34.6101
41.8123
35.9647
38.5174
51.1143
41.3854
39.8398
39.7484
39.096
33.9717
43.1421
43.5173
41.3716
38.6351
44.7247
43.3417
39.2652
34.4437
37.3891
38.8422
41.8204
37.6198
53.1385
36.4245
35.5941
41.9825
44.8427
40.9331
39.517
42.6842
39.45
35.8793
41.5392
35.993
36.5548
40.3121
37.0809
36.9807
38.1831
40.6402
36.5577
40.5519
39.822
39.06
40.8029
34.6943
44.1036
43.6197
40.4247
35.9332
35.185
35.2256
33.3529
39.8819
37.8516
42.3408
42.4538
46.2063
38.0574
34.2415
38.1155
35.0135
42.9365
38.5371
40.2082
42.1809
39.2648
48.011
37.3205
40.4815
34.4864
42.7481
35.7882
42.4057
38.2116
35.7309
34.7666
33.8527
39.3238
45.2234
44.1391
40.0954
37.4503
40.1735
38.4418
33.5154
36.052
50.1631
32.2372
34.7607
41.4711
43.9085
40.9326
39.5012
48.8105
40.6825
40.1941
35.6295
38.9283
35.1645
38.0154
37.618
37.3657
49.3247
43.0513
46.9229
39.5772
34.5148
42.4503
40.1009
43.3996
37.5803
32.7202
47.4806
45.4674
34.7553
40.2135
48.1474
44.0468
35.9917
39.8083
34.1603
44.5972
47.0538
40.3062
37.4463
35.9189
43.9434
40.9101
41.6024
42.3122
39.2459
42.6767
40.2531
42.8773
37.2223
36.5328
37.788
38.5647
36.4516
39.2728
37.6359
41.1499
38.3821
39.695
42.4125
38.2116
38.4151
44.2457
39.3903
32.6707
46.1304
43.8935
33.9301
33.876
42.7014
52.0509
38.0421
38.713
41.8552
38.5507
39.0342
32.2262
39.695
41.7454
37.2248
36.1627
46.2268
32.529
41.3153
36.9573
41.7257
47.8166
34.9857
51.4712
39.2445
43.8578
39.0669
49.5717
47.9244
46.5144
35.9892
39.5436
42.1841
36.3089
41.8562
36.4855
49.9187
44.8687
34.0892
40.6866
34.4061
41.89
41.1422
46.8798
41.6695
37.2808
44.2892
40.1904
40.7198
32.9425
39.5215
40.6261
38.1471
40.1376
34.0652
36.9467
35.3381
33.1434
46.2117
36.2144
44.43
34.1212
46.1141
44.351
33.6862
39.211
35.6268
42.1994
38.5913
33.2973
39.3897
43.8767
36.9861
38.313
42.8264
46.9874
42.2897
36.5918
39.4519
32.8784
40.2629
37.6125
33.0963
35.5838
38.8826
39.9161
40.819
34.0698
47.2998
35.8482
36.4399
33.0901
40.6794
56.3696
41.9084
38.8463
33.713
46.7294
44.4837
39.4262
46.1884
35.8175
40.0412
39.0142
39.6746
42.8115
37.2247
39.9716
45.6994
38.1665
40.2457
33.3379
47.655
31.7777
38.9567
40.8966
38.4019
31.9574
33.8326
44.2572
45.7533
37.0705
41.5573
34.1962
45.8074
36.0447
42.763
40.9613
35.4788
36.9004
40.3528
34.3051
37.3594
46.7495
42.2485
43.9349
47.2682
38.6283
38.2342
44.3678
39.4096
38.6888
34.7206
43.5137
41.1676
35.9777
43.3273
45.2805
39.9051
50.9715
44.4582
35.0884
41.4184
45.2044
34.5986
32.1088
39.2645
39.494
40.9005
37.0859
43.2418
33.5149
41.4538
49.8539
40.9109
39.8395
42.2079
40.211
35.6281
37.279
34.5835
37.8
36.7418
41.3392
35.2287
39.9395
38.9516
37.4532
36.0567
35.4481
35.8603
38.4285
39.9175
33.4402
51.4518
39.1261
33.1556
40.1967
36.479
41.1003
47.1485
36.8841
42.5716
43.7369
40.3727
37.1065
41.5096
45.824
32.9173
42.1789
52.3329
40.8177
35.3304
43.911
35.8164
38.4467
46.5622
38.8904
38.8212
43.921
36.4201
37.9704
45.2291
45.9858
35.7437
36.3098
35.6363
42.1675
43.6143
35.6311
36.4329
43.8475
41.3887
38.496
39.6148
50.421
37.1539
39.2889
38.5585
38.1877
32.539
39.2752
39.5839
44.3026
46.6906
36.5161
34.6018
33.0395
38.5972
33.2786
41.3694
33.91
33.6244
34.431
35.6629
40.1453
38.7367
42.8203
44.4568
47.9919
46.189
40.3633
39.6543
47.442
34.2617
34.3271
44.5677
36.8835
40.9557
40.2593
45.9397
34.3222
38.1226
38.0744
43.1259
33.6122
40.2465
41.7096
38.6568
42.4182
41.1607
33.7837
42.8612
33.3352
37.9531
34.4969
37.394
45.6964
49.0764
34.2153
43.3321
49.935
39.6243
45.7647
40.8211
36.5172
38.5906
38.7429
38.3122
33.6475
37.1335
43.3606
40.1932
37.2724
33.8249
40.313
41.0166
32.7173
37.8083
39.4427
32.4562
41.7685
38.3562
33.6728
40.1823
33.2286
46.3799
33.7369
33.1233
43.4979
45.9572
37.7301
39.8143
38.9302
36.9165
36.9815
41.6855
42.5934
39.6418
48.5037
33.9167
33.9889
33.6531
39.3203
36.7449
36.2706
35.626
32.7331
37.601
34.5036
37.5456
32.534
43.9111
51.1277
34.6011
44.7232
30.3821
36.5414
33.064
37.6681
45.211
33.9219
50.0973
30.58
56.0051
36.3628
39.6407
35.9885
37.5579
55.236
39.9528
40.7454
42.3447
40.9883
36.8649
49.0265
43.0433
35.9163
35.9374
39.8426
35.4991
34.6818
35.7937
45.4975
37.6091
35.5452
37.5731
41.9646
37.7923
41.5791
40.5385
34.6542
41.8468
40.9487
40.0864
48.4678
35.6888
35.8696
39.3926
42.4154
41.6234
45.5112
51.5569
35.6243
38.3382
47.3457
41.2407
40.1214
31.7585
34.7114
35.5915
50.5723
39.8551
42.9508
35.1252
43.3959
40.541
44.2744
36.5211
36.1273
39.2093
47.2463
39.986
40.8794
38.8692
42.2615
42.3631
48.9588
35.5428
37.2763
55.1383
44.2926
34.5107
36.5517
45.2883
50.4872
46.7234
49.6209
36.9035
34.4521
36.0344
34.586
42.4514
33.7004
34.5325
42.3053
42.5334
44.1825
38.8747
35.3981
34.3916
36.0275
38.7259
40.5823
45.9592
33.1419
37.0964
43.8282
35.7338
33.4944
39.5325
31.7259
35.699
42.9401
35.7299
44.2337
36.218
40.6255
39.1657
36.4169
39.9988
37.3022
37.3391
35.0095
35.9948
39.074
36.6428
35.604
38.9445
36.9312
35.2845
38.6234
37.9367
39.8153
37.6872
40.605
35.5414
38.1843
38.875
50.5866
38.9159
38.3605
36.9391
42.8924
46.1251
41.2271
34.0053
35.9591
38.7153
37.5095
42.2123
45.4679
40.2303
38.9417
39.1513
35.6117
38.7998
39.0636
43.2432
47.0726
37.1068
38.3461
44.1873
34.032
34.2653
34.4256
39.7835
35.4703
32.8778
44.8427
40.3585
35.9721
31.434
42.8677
53.5297
46.8495
35.7266
41.2009
36.9818
33.173
34.1802
35.2399
37.078
44.0743
42.998
34.2568
49.7361
43.9203
41.3016
41.3335
34.3052
52.4753
39.3204
36.9279
38.9936
36.4477
45.9773
35.3338
39.6449
41.3798
38.9295
33.3636
47.3527
46.64
36.1565
32.2171
41.6186
43.5998
35.776
42.45
46.1678
40.6331
43.6308
37.1196
37.1443
34.8152
49.4775
39.3706
35.2993
41.562
47.7314
37.4992
44.1613
38.8395
35.0421
38.5865
37.2944
37.4182
44.6544
46.9681
42.7454
37.7878
39.5787
43.6043
44.0137
44.8914
40.7173
31.2969
37.2002
33.0109
38.5179
31.3504
36.748
42.4526
35.1281
36.9643
36.3946
40.3101
39.7883
35.0222
37.7884
44.4711
38.4823
40.7006
38.8831
46.619
29.5308
37.3132
41.4688
31.3394
47.7363
41.4433
40.9785
41.8307
41.1971
40.4564
37.8298
48.8489
39.8351
33.4081
41.3379
43.3418
39.9383
38.0844
32.6904
45.748
38.2202
52.3512
35.0011
39.4814
33.9144
46.63
36.1142
43.9283
38.4144
37.847
39.3098
41.2901
44.1752
36.2562
31.547
38.119
41.9459
41.8893
38.9956
33.998
40.3664
45.9647
36.825
33.8289
34.0127
53.8972
56.0976
44.8655
41.1411
38.9509
36.0365
44.3428
32.7698
43.1751
39.8372
40.4338
34.2672
40.1265
52.1569
41.4081
44.9941
34.6099
34.4177
35.3567
36.2698
34.4114
42.7424
44.2181
39.0804
43.9737
35.9245
35.6359
47.7818
43.7089
47.9716
41.8476
44.5046
35.8078
39.9304
36.4865
36.2144
41.0771
40.4423
45.4554
42.4667
35.1056
38.2232
33.9485
41.5695
39.6885
37.381
40.7145
33.7972
40.0462
29.2194
42.569
35.5199
50.1112
31.01
31.8256
36.4122
37.4743
35.2213
50.9456
45.4867
36.5069
38.9436
47.5684
51.7014
42.5148
33.9277
39.8674
40.8997
43.6686
35.6528
39.4749
37.9229
35.2394
37.9876
37.8601
39.7532
37.9071
45.137
34.3459
35.6241
37.2752
37.6577
41.11
40.6472
36.3388
42.3201
39.4306
36.6483
35.6603
43.2268
41.698
35.1265
48.3209
45.5146
35.4842
35.1607
35.4804
38.8426
38.8039
37.8184
43.7497
46.4556
48.5218
49.4635
36.641
36.9922
37.4523
42.4432
36.6475
34.1719
33.237
43.2788
37.9695
36.6319
38.3056
45.5314
46.6596
44.0359
48.7722
44.5032
41.7248
44.4259
44.0217
32.9614
35.0969
43.8605
38.7369
34.7716
42.2458
36.5604
36.5493
35.4514
43.7762
43.7831
48.7254
52.4527
43.2698
40.4348
35.3427
34.82
34.8393
31.9212
48.7897
43.7094
38.0591
36.4849
37.6894
30.4856
35.1626
38.8047
48.8094
41.6219
39.2848
45.9719
42.252
34.7872
37.5265
41.1286
38.2937
45.467
36.1541
36.169
38.6119
44.1464
41.498
37.8858
39.8015
34.7944
43.7981
40.0215
49.7133
37.1216
34.5358
40.9963
38.0842
40.1999
38.7909
42.679
36.6989
32.0415
39.8418
41.6579
36.8263
34.803
46.2211
37.1093
48.9665
35.829
30.5465
34.6233
43.593
33.0673
39.4507
36.696
39.2071
33.7585
36.0346
33.621
39.793
45.3136
44.2742
49.0497
38.5297
34.1904
38.7577
42.7159
39.274
45.4486
43.8974
43.881
39.0909
30.8494
40.0737
35.2915
37.6214
35.6244
40.0968
39.9578
33.7618
36.6718
39.6312
41.5316
32.1025
33.8681
38.7895
44.8567
29.5931
39.2651
35.794
41.2504
38.0286
46.2261
45.5443
48.3748
61.8524
51.9567
38.6424
40.7289
34.347
41.6791
35.6903
33.0904
37.1815
36.6043
41.2865
39.6763
40.8231
37.7582
64.5395
37.5655
46.8554
38.7365
41.2841
32.1886
33.862
43.9428
44.5933
42.1589
32.0181
42.4995
40.1476
38.5155
40.0972
39.4379
37.1626
43.3457
32.802
39.0193
33.3311
33.8731
39.8288
38.1546
39.5448
34.7881
35.2593
35.8594
33.0877
34.3636
35.9614
34.9122
34.5882
44.5813
35.4573
34.8684
34.6409
41.6848
35.7875
40.7876
32.5157
39.0553
35.39
34.4637
39.0733
40.2684
32.9862
51.3736
42.3012
35.0172
38.3368
39.5284
37.83
51.0446
36.4789
40.4755
45.3178
36.939
44.1719
44.6184
34.5024
36.0478
47.3809
38.9447
37.7344
38.9656
31.9489
40.0414
50.24
42.0891
36.3934
39.7166
41.5557
45.2493
45.3294
39.6619
38.9889
32.5857
46.0514
51.0851
40.5046
32.1819
33.8684
38.5076
50.7176
33.6442
41.9426
31.1191
38.9132
36.6481
34.1131
37.3385
43.0954
32.5229
46.174
38.3358
34.4436
42.7026
31.2515
38.112
30.5191
35.0823
38.4794
35.5886
33.7665
36.8626
37.2897
38.8677
40.1981
37.2377
40.9664
32.6167
39.0491
38.8535
37.4952
35.7798
36.4061
36.2619
32.7335
40.3047
43.7443
55.5346
43.9726
36.3674
35.9006
45.1523
35.661
32.0046
47.9371
37.7408
29.4771
39.7072
42.843
34.2655
43.0136
39.8753
44.4103
38.3738
43.8645
36.0542
44.4276
47.5058
37.2753
35.0713
43.0238
41.1179
34.6613
41.6428
41.6276
40.6603
35.5452
42.9797
36.5876
39.4985
39.2437
43.6963
41.163
32.7104
41.0054
45.2942
42.0816
45.2922
42.5309
37.3626
37.3573
43.2295
46.1353
41.4116
38.7753
34.8189
38.3379
35.1023
44.8491
42.1442
34.1932
37.9678
37.2499
35.6685
33.403
30.7103
39.4194
33.6853
36.6118
34.8467
32.7676
43.1264
42.0753
45.3734
37.6273
33.6945
37.4342
35.4012
37.3069
37.9144
39.8461
40.5388
37.2074
30.329
48.3737
38.1755
34.9672
38.3639
31.8102
44.5832
46.8907
37.1004
42.3201
40.5629
43.6558
37.5783
33.6287
38.5837
41.8751
51.379
37.0995
36.5653
44.5869
36.7254
32.7028
41.0229
40.7243
44.5328
38.8807
41.661
37.8321
39.5495
39.3426
40.9206
43.2665
45.8393
34.6282
36.7856
44.5093
42.9467
31.9989
38.5449
34.5876
34.9618
36.2817
43.4699
41.2758
37.233
33.9229
34.8885
38.8929
35.9455
35.4978
44.0383
40.0343
47.5539
39.5669
35.9537
40.6376
44.1154
42.1804
41.1697
36.8356
40.0806
44.115
39.0673
36.9757
45.4858
43.613
41.8752
34.8463
39.8638
43.4299
34.8774
37.2993
40.9378
36.3049
31.9972
45.3798
42.5328
51.3743
39.9327
50.2966
39.6981
41.5624
38.6551
41.1606
38.1429
38.7603
39.7076
43.6447
34.2125
46.4458
33.4874
37.5302
35.2461
35.9139
38.8287
41.6996
40.3162
33.168
40.072
41.5746
33.6139
35.8003
39.4798
43.9044
37.8418
36.9683
37.3869
44.2897
47.1883
39.4317
36.8015
40.5657
38.3929
36.5646
41.0473
35.5344
30.7671
51.9318
36.3863
40.138
36.9147
41.5204
35.7372
43.6428
33.1128
30.2506
39.8683
42.8287
40.2383
37.7497
40.1408
36.3906
41.9354
44.397
42.3725
40.0506
38.432
40.7216
38.1126
36.1568
35.9503
41.6723
42.7634
47.8161
37.319
44.3223
41.4305
38.987
39.145
42.6011
42.0536
35.5721
35.8732
37.1185
34.3746
43.9292
32.8641
41.6548
42.8401
46.4607
36.5805
36.809
46.9129
39.4304
51.5523
38.5615
35.8187
37.8936
37.8561
38.0833
46.9197
43.9994
39.0847
35.4147
33.9336
42.0652
33.9462
35.6417
34.4182
35.3337
44.5574
44.1751
40.4145
37.536
43.4726
33.4602
54.0427
39.4873
44.7323
34.8664
43.7152
35.8508
45.1614
37.2113
39.8053
57.7949
44.6172
36.622
38.6496
42.3127
36.8337
44.3424
40.7486
43.2905
42.6315
43.7918
49.2272
41.8667
43.1745
45.4063
34.4419
36.977
36.0653
42.6326
35.2351
36.7613
35.4745
40.511
42.8219
41.0427
37.8007
35.248
31.8197
41.3642
41.8319
50.2607
35.2952
38.9036
46.54
37.8039
35.5043
33.9165
42.6494
33.2421
39.3932
42.7963
39.693
44.3578
41.8216
48.3139
52.5858
31.6644
34.0845
40.4978
32.4425
38.7305
44.9956
37.2105
31.5437
38.6019
42.4801
46.2078
47.5938
41.3731
37.3605
39.093
40.3449
31.2305
31.2635
47.5194
35.9783
28.9097
37.5285
36.9711
39.0519
38.4232
36.7948
42.8703
44.0417
39.9177
45.6099
42.3898
49.8983
33.6002
34.9067
42.7464
35.4503
34.3805
35.2683
40.5021
38.2311
42.8539
42.5254
42.1501
45.0073
39.6527
42.3115
37.104
32.0881
32.2698
37.9156
40.7966
38.6277
51.0737
50.399
38.9417
36.9184
39.1424
41.2677
46.3497
34.7158
40.381
32.8535
33.8946
43.6283
38.8528
32.7762
38.4896
37.7452
39.1589
33.4265
38.4622
43.9097
38.4561
37.5757
45.0729
42.0747
45.468
35.1474
31.0942
45.9214
41.0997
45.3837
38.8373
43.9968
38.1859
36.2453
42.0116
34.5306
39.0642
37.7421
39.3861
37.4681
37.9908
38.2727
40.3726
37.8491
42.0622
38.5838
36.7368
38.0254
36.9038
38.7989
34.5575
44.222
43.4022
40.8688
37.565
45.486
37.3035
39.998
45.8932
33.694
36.5283
33.5642
41.201
31.5029
46.231
39.2195
41.5827
34.6683
40.7343
35.3044
40.256
46.1055
40.5335
42.5333
39.481
38.9006
40.3998
35.8474
39.5496
36.1888
35.0016
34.9239
43.0501
40.4735
34.9512
40.3867
35.8094
45.0624
41.2625
38.5231
43.7754
41.3251
37.2427
44.129
39.1544
38.4238
43.4191
40.4763
37.696
40.2746
34.1573
36.1621
46.6927
39.2781
39.2382
35.9752
39.7886
42.468
37.1126
33.7115
34.0265
33.1547
37.7919
46.2227
49.1607
37.3197
34.6114
45.9943
39.6439
35.8064
35.5909
39.6569
36.9188
50.487
34.2559
36.8276
32.2283
64.8724
32.3103
35.5875
36.4052
45.4062
37.7051
49.2208
40.2799
34.2382
42.8351
44.5013
40.4851
43.623
33.1842
53.6821
41.4629
36.873
31.5166
44.7194
41.8518
40.1263
49.7488
40.741
35.5217
32.8492
35.2981
43.1091
40.4761
40.7299
34.7772
37.7689
32.7541
45.1887
44.2688
39.6221
43.1222
36.9363
39.0547
37.4445
36.6387
52.9483
37.9326
54.8517
43.6216
36.7709
34.8754
56.3165
31.2518
46.6543
34.1722
39.1384
39.7373
41.406
36.4743
40.4871
55.7322
39.6288
36.1441
36.9562
40.895
42.4303
39.393
30.3306
35.7533
37.7807
39.3627
38.7686
38.3755
47.0949
37.2923
39.5645
33.6206
35.6863
42.1054
38.1742
34.1696
38.9942
37.8624
37.0204
36.0516
34.7835
42.1424
39.3481
43.8549
33.4895
42.3943
39.1446
41.6321
37.6236
35.1416
37.194
41.8429
32.9618
44.3077
39.612
37.0035
44.5043
39.2931
40.3532
40.1387
44.5911
36.9311
34.0977
41.4786
37.04
32.1808
37.9844
37.3776
36.408
34.4562
35.4997
39.3325
38.9919
36.8206
39.9924
42.3025
43.2476
35.6405
39.4472
40.2623
37.192
37.1569
37.2575
45.4956
40.8737
35.6799
39.4908
37.3052
41.1213
44.7502
41.1443
41.5987
39.281
49.9392
38.4641
35.049
45.0639
44.3221
41.4316
35.4658
39.3826
36.2001
46.4517
33.3138
40.4828
36.3298
35.6249
42.645
43.7216
40.9054
38.3761
35.467
47.441
40.6252
39.3738
37.7899
39.13
39.2962
40.8989
45.8417
37.0817
43.9924
38.2929
39.5318
36.918
40.0171
41.5594
33.1417
47.2418
40.245
38.9183
39.3681
41.6796
39.7894
43.1026
38.9728
46.9699
37.0031
45.3941
42.4712
37.125
36.9762
35.9162
35.6256
48.0688
36.9155
42.4196
36.5625
49.4336
35.4786
44.3181
46.2252
46.1778
39.6467
43.4117
41.3847
37.9294
34.7597
41.6561
38.2552
31.3963
32.5779
43.8199
38.8027
43.0802
35.5152
44.4864
41.0329
34.7
40.056
39.4906
37.8202
37.372
32.8331
35.6998
44.375
40.5142
42.048
47.0754
40.6412
37.3239
31.9814
35.3419
42.5671
34.5648
33.293
33.5863
45.1973
39.151
44.4179
45.9883
46.791
40.7137
49.0399
41.347
39.9219
39.8702
43.4648
44.1899
34.6722
37.806
39.3676
42.2063
41.9664
51.8828
36.9515
39.0668
40.988
36.7731
40.7161
36.8639
38.8731
42.1927
45.9168
34.9645
43.0526
44.1335
35.6781
33.1068
41.6994
42.2362
42.2228
41.6598
35.2078
38.0596
33.2904
37.9772
33.3871
36.1825
45.6
42.4575
43.9969
35.9911
40.0095
37.0893
44.2963
36.3324
36.9357
41.3193
34.5323
42.8481
34.1691
33.3451
47.4548
38.3888
41.1205
36.5259
45.9422
43.8265
38.7612
43.4168
36.3713
46.3715
34.2762
39.0225
37.7236
34.1577
38.1334
32.6981
33.6624
42.7359
42.009
38.6237
35.8589
35.1963
37.6356
38.1641
44.9378
35.0606
45.4819
37.1777
41.9297
35.9412
41.9461
37.2102
42.5594
34.3106
38.5009
46.0037
36.5199
31.9813
37.4737
37.31
36.0254
35.7417
36.8503
38.4593
43.0971
41.7318
43.0452
36.1868
35.777
38.6948
42.1046
40.0003
32.4374
38.9253
55.4714
41.2095
37.2036
37.0401
36.9391
39.1305
39.5944
39.6728
33.5396
45.7023
43.0424
33.9045
43.9471
36.9278
39.1042
38.7384
40.0017
49.2825
35.1957
45.874
33.06
34.6289
47.8132
38.7624
44.639
46.0505
38.4614
44.303
36.3914
40.7284
41.4993
35.4988
38.3491
38.3317
37.3323
37.9234
33.6922
43.2741
44.2139
33.7047
52.5752
40.5559
30.7338
33.944
38.1971
38.8512
39.5824
42.9027
38.3698
39.3803
35.9094
38.4255
35.9822
42.5114
33.0433
36.9353
40.8424
36.1842
32.9379
40.4849
47.5669
43.5404
40.147
43.4453
43.65
43.7187
39.3759
52.4258
40.5078
38.5927
33.4793
34.6695
34.882
36.6853
35.3335
39.1212
39.772
41.6986
42.2625
39.9132
35.0995
38.1618
31.9092
44.3925
58.2979
41.3028
37.6303
34.4459
43.5145
40.1899
42.4956
44.0591
40.2092
36.9958
37.0823
35.2979
36.1221
46.58
47.27
38.6554
40.3416
44.0033
35.9551
40.3755
40.761
41.5681
38.9625
39.96
41.0927
41.5417
33.8976
41.6901
38.272
33.0778
40.842
42.1665
31.9981
39.7681
41.8657
40.759
43.0379
31.6414
39.3937
35.2044
32.525
38.6464
34.7117
43.212
39.1197
40.6424
39.5714
34.9089
46.6831
33.0221
33.9974
40.0191
36.9579
45.3434
39.7672
39.6473
39.4158
35.4985
39.3985
46.9326
33.9879
40.3701
39.149
34.9725
40.2351
40.5867
38.0451
41.891
41.3526
45.1045
37.8491
41.8035
36.3725
40.7615
40.3917
32.4205
39.1436
48.4369
36.1574
36.9827
36.3067
35.4272
38.7543
43.9174
43.7255
49.2287
35.9848
33.7507
38.3949
38.2786
41.0318
30.9612
37.0883
40.8394
38.07
39.3869
39.7008
37.9503
38.4319
35.4595
43.3662
38.9604
44.2591
36.3898
37.8621
41.435
41.8498
39.1122
42.278
35.7594
41.9501
41.9307
36.0967
41.2403
37.3034
36.3955
33.0112
35.7801
41.1521
39.1198
32.018
40.7411
45.0095
47.9254
32.05
44.7635
36.4113
37.6544
41.1792
38.2302
41.1541
38.4481
43.6634
38.2267
36.2593
34.1377
48.3109
43.9213
40.2413
32.9743
37.8275
33.4125
36.5519
39.0047
41.0302
38.7009
39.6677
41.9346
36.5172
37.3587
37.6246
38.9312
34.074
36.1412
36.3687
46.4941
38.4498
39.7279
38.4364
35.8767
35.0621
40.321
40.9846
50.0206
39.3591
37.569
46.8523
33.8796
37.8227
39.1221
36.0302
39.7952
35.074
33.401
39.3442
38.8053
37.0399
34.3919
41.6011
37.7858
31.8207
38.4151
41.1292
35.5702
35.067
38.2723
41.3897
56.3803
36.4816
38.6544
32.8742
38.5636
36.6016
36.997
34.0041
36.9789
41.2955
42.8085
41.1684
36.6
38.6215
38.1223
37.505
39.3706
40.0191
42.999
35.8771
39.6556
36.7269
34.982
36.878
33.2879
38.9498
36.836
34.6187
34.6207
43.3401
38.6253
38.6031
43.512
40.1975
33.8742
43.7738
46.9442
29.9645
38.523
34.5076
45.1144
33.283
35.3871
34.8314
40.4231
38.1926
38.6511
37.9099
36.7372
38.7523
39.0487
39.2379
31.5949
46.6079
34.1062
39.2449
36.1429
44.8918
35.7626
31.4679
45.1471
37.7003
39.8857
36.8282
40.5595
42.4379
41.4454
46.5453
37.9958
35.1122
40.1786
45.8088
34.6054
39.799
36.0528
38.7297
44.5386
39.892
39.5807
34.8087
38.8408
31.8848
36.9886
36.5356
44.6961
36.735
41.443
42.7539
38.1327
35.4642
31.0539
34.0921
35.1662
42.8727
49.9854
35.721
38.3248
40.5478
35.6321
49.0417
34.7136
34.735
34.4638
34.53
40.5591
42.6116
37.3848
38.3963
37.7568
33.0378
47.0758
37.5961
40.7884
41.2569
40.8936
43.7613
47.8303
47.9026
36.1764
41.2195
47.1468
37.2562
45.9777
33.1712
31.7082
41.5813
39.9492
34.5175
34.2009
60.7163
35.831
42.6514
39.7178
34.2242
41.6657
40.2894
39.8688
42.5228
40.9748
33.7438
36.1524
36.5328
41.7607
33.0647
35.9
34.4165
39.8373
36.8207
39.9449
40.5392
34.1362
36.3208
41.5027
38.9863
37.0621
42.0299
42.2344
40.2925
38.4598
39.9397
36.8645
36.5472
35.8559
41.584
34.6176
38.8925
45.7582
36.3091
48.0947
33.725
32.8871
40.3065
40.5
37.8019
45.8304
41.2916
38.188
42.4266
40.2566
35.6045
35.2497
40.8066
41.6838
36.2841
44.0311
34.7655
36.0499
43.6916
35.9951
31.5992
37.6149
37.5501
36.4067
41.5248
37.0182
37.3784
38.9601
35.8685
39.3465
40.7623
40.6005
40.7963
42.1459
42.7746
30.9126
46.7022
38.5744
32.646
50.9622
45.7016
34.9909
44.5331
39.5757
36.9243
36.2598
35.2224
41.3264
38.585
36.5817
36.1252
36.6381
34.5435
34.413
33.795
37.9048
41.8108
41.7587
32.6172
38.7021
44.0492
37.0025
36.471
40.3995
39.8024
43.9347
37.4337
44.8553
42.3376
39.7063
39.4368
40.8124
41.634
51.3263
44.3543
34.9647
44.9278
53.4979
35.0884
38.7748
46.1841
36.3165
41.2455
40.12
44.1253
30.5213
38.9831
34.0459
38.5168
36.081
42.8739
39.2763
39.7455
42.3409
34.9926
37.9819
38.9075
37.4772
40.6605
37.2376
39.5999
36.9039
36.2764
38.4583
37.4286
35.2482
40.7126
44.1298
42.3517
48.071
36.3428
41.3131
39.0168
35.3778
40.045
48.2313
37.6672
37.8799
37.8375
45.1342
45.3757
40.3379
41.9502
34.0501
30.8053
46.2694
33.2854
36.1793
32.9132
43.2867
39.6873
34.2702
38.4185
41.2211
36.4629
43.1011
37.9989
45.1882
43.5222
42.2278
35.7396
31.0287
36.4446
48.742
37.7576
48.2276
47.2165
41.1254
35.9008
45.7664
42.4364
35.9535
38.6776
37.7155
34.6886
40.0466
35.2502
34.4051
45.2864
34.2378
43.9365
38.5316
44.6792
31.7575
38.1769
38.3276
32.8496
34.5385
56.3895
33.4131
46.4091
34.4887
46.1791
41.6973
38.3463
42.3567
46.2217
37.8197
36.9579
45.046
42.542
44.0638
37.9412
39.6557
39.2973
37.5149
40.8663
32.39
38.2129
35.7582
39.1337
42.7014
35.8305
34.9467
33.1439
39.393
44.79
33.2371
37.3876
44.1959
37.9911
36.5826
43.99
35.6059
44.3145
33.733
36.2037
35.4397
38.5819
40.5893
34.7646
37.6695
34.6526
45.8422
40.1021
40.3858
34.5548
37.0365
35.8636
33.8324
37.5512
31.8887
31.5332
39.0714
44.134
37.768
36.7992
37.0197
35.3193
40.5091
40.0038
42.4238
37.4384
45.5682
33.6397
42.4847
42.0504
40.7054
33.0696
36.0001
41.3926
44.0109
36.0465
36.2556
33.6852
37.7262
42.1235
37.3331
41.2214
39.5206
46.2128
42.5654
39.744
38.944
37.7308
46.9448
36.7328
52.9
35.8282
34.827
35.628
40.614
40.5091
35.3493
33.0629
35.947
36.029
42.7539
38.3191
38.2847
34.0181
46.71
42.0518
36.5824
34.2983
37.6828
42.4526
42.1501
36.8043
43.6112
37.2291
38.3218
44.4484
35.1702
44.6609
40.3751
36.9604
37.7046
45.2061
36.3656
37.1912
45.8618
43.5928
35.5038
42.382
39.3256
33.9441
36.4306
42.9858
37.3514
36.6748
39.0546
40.4315
39.7897
39.1255
42.4495
42.8987
48.2985
39.6582
36.2751
43.5992
40.1901
33.7759
39.8126
35.6542
36.7651
39.4285
39.839
37.1887
35.079
37.8031
35.9131
46.4441
54.9781
38.3399
45.5313
38.2393
40.8578
35.8993
39.8693
41.1025
42.1762
40.83
44.076
43.1465
42.1493
47.3905
40.2385
37.9365
37.3903
43.7578
39.8204
38.5069
39.7186
37.6896
42.0886
37.39
42.0348
31.4544
33.4068
44.5979
38.8954
42.9025
38.2255
37.5296
34.1851
43.0881
36.6234
37.9687
38.2381
44.8778
44.0922
45.6654
33.3625
41.4724
37.1808
40.3125
41.4099
35.4793
34.2161
55.9605
37.2783
36.2121
37.173
35.6827
33.9343
37.273
41.9068
37.4611
43.2286
38.4597
54.938
38.0212
47.8696
40.2826
47.5914
43.4609
33.6394
46.4689
37.9368
39.4548
39.7152
37.4872
39.2037
41.2543
30.6108
44.9912
36.6207
34.8191
37.7396
36.2591
38.8448
35.3692
43.432
36.2025
35.8964
42.5179
43.0555
38.7255
33.7086
45.9286
36.107
40.7777
35.9543
35.541
40.2742
42.7018
42.4685
34.9354
35.3677
38.4731
39.8071
43.6736
42.2821
33.685
40.9449
34.7881
32.134
39.3881
46.0211
33.4028
41.1164
36.8623
39.9665
43.0608
40.4253
36.0373
37.5185
35.4006
33.619
43.9314
36.1362
33.3615
40.1692
43.2885
41.6053
40.6899
39.0913
41.6844
39.0391
42.0142
37.054
35.3714
37.5467
38.5643
34.8024
33.5149
40.4916
37.7123
38.5333
41.4508
39.9115
35.1828
36.7999
44.0444
47.3776
40.9338
38.3206
37.571
43.4364
53.4599
48.3766
36.969
37.0057
42.8288
41.6546
40.5365
33.0378
44.5824
37.6944
41.8614
54.4681
38.3412
39.1176
38.2719
39.7339
35.2876
44.6152
32.9918
33.9324
35.8906
37.6541
43.0793
34.2075
33.2641
35.189
50.4627
35.0413
40.6748
39.0524
37.7273
41.8616
40.3145
44.789
48.513
41.8191
41.4457
32.7682
39.2381
39.5342
37.7694
35.6615
42.2885
39.3459
35.407
36.0362
38.8054
45.937
41.1684
37.9551
44.5586
39.4079
40.1828
37.8938
36.8287
40.9578
42.9703
32.869
33.8976
35.3327
44.2713
42.841
34.3957
51.2823
33.5044
46.6972
36.5449
38.8836
43.2969
35.644
41.9066
36.3192
33.2104
44.1702
42.9838
43.4081
36.8198
41.4145
42.3486
51.5985
40.0608
38.0562
39.5808
32.8407
36.1368
36.3926
41.4052
42.1713
39.1547
40.513
41.6755
40.0655
38.4697
34.2651
43.4949
38.003
36.4962
37.4864
39.4798
45.0844
33.6996
40.0333
33.4731
35.2519
38.2436
38.3094
51.1889
49.1754
40.0456
41.0811
37.2964
45.3237
39.5637
31.888
33.6557
36.6969
38.9543
39.8731
38.9463
40.5742
43.1628
33.3908
38.0612
36.6215
35.5179
39.9079
42.3596
41.8468
42.3405
47.2774
46.2063
35.3621
39.238
55.9891
37.8905
29.9385
48.2831
33.168
35.9746
35.0054
39.1393
57.4131
40.6412
48.7876
41.5678
49.3906
36.5895
37.9986
39.6629
35.7072
32.6795
38.6652
35.0241
39.627
38.5754
33.759
41.7924
42.2454
36.6371
35.4788
48.7114
38.4185
47.4453
38.2338
33.4574
40.597
46.8629
35.6573
44.2946
37.3363
31.4849
38.5572
39.4093
46.0208
38.9609
39.3768
38.7381
36.7885
35.7763
35.9302
43.9759
48.1933
38.5912
40.4009
41.7295
48.8788
39.6039
39.3357
42.9166
36.3385
39.8633
39.1235
54.845
41.6544
35.3159
36.5327
37.0967
44.9315
40.7456
39.1751
41.804
34.4629
41.6212
33.5461
40.8606
38.5823
42.9084
36.7999
44.4206
40.5817
37.9611
40.4754
37.4585
40.6995
38.2621
30.8228
41.8901
49.448
34.3908
34.6866
43.9593
42.9755
42.5578
34.2503
37.0788
38.2679
34.0671
36.5667
34.3354
37.907
32.1617
37.2496
44.8462
38.8739
35.4863
35.4018
35.6623
40.4617
43.0176
34.6751
34.8828
37.3149
41.3113
32.8585
41.7862
33.2575
37.957
36.2846
39.2021
38.4566
47.4543
41.2345
35.5416
40.3574
38.8121
34.3056
40.284
37.4193
38.1062
39.4844
49.7788
42.3761
46.6852
45.585
29.9596
46.4546
40.3704
44.8454
35.8752
35.8713
39.2349
40.9931
35.6021
40.1625
39.3432
43.9804
36.9833
44.3204
37.2468
41.0865
40.545
47.8815
40.2318
40.9663
44.0252
36.9595
41.8436
34.8091
41.8836
43.9808
34.4801
40.915
31.5694
34.3048
40.4258
37.3989
35.5512
35.6692
46.4979
34.7109
38.4712
42.8491
43.2156
47.7241
36.0019
39.1343
39.8023
37.232
34.5007
46.2552
36.6588
41.1012
42.397
48.7851
33.1977
41.5688
33.9956
32.452
33.4392
35.9926
43.4302
52.7169
43.6367
35.3564
35.9457
38.3664
37.8124
33.0437
43.6822
36.8282
40.8145
37.6764
37.4125
39.2789
46.1549
41.5311
46.2905
38.3096
44.7328
35.1933
34.7539
38.4868
41.5479
42.8779
39.2648
40.2014
34.6743
33.0427
45.8502
35.6781
47.2371
41.0357
40.3327
31.9781
44.2577
34.9592
34.0489
41.7923
38.5056
41.2006
39.2173
42.1065
44.1401
41.8209
37.7401
37.5268
34.9328
40.3049
35.6572
50.6397
41.1733
36.0635
33.2101
32.7199
40.8684
47.1475
48.2396
31.2923
34.8036
36.739
36.4612
39.281
44.6175
36.438
39.8908
37.3993
38.5062
37.8547
37.9936
38.9208
40.8592
41.1377
39.0459
42.469
38.0539
32.7193
33.811
37.346
49.8999
35.7486
36.7751
34.5076
35.1619
37.6015
40.2511
39.5409
37.0172
36.4031
34.3964
34.6211
42.8809
36.8415
38.0016
33.6032
34.855
45.6345
36.6648
41.7528
38.8963
36.7855
42.0135
34.2044
38.8812
52.7142
35.9102
35.3742
36.7902
43.7437
39.854
47.1468
41.0902
36.5776
40.3865
36.9033
41.21
37.6631
34.0237
36.7923
32.3512
37.6907
35.2473
47.0213
49.3526
37.965
35.6504
38.9689
40.0912
40.2879
35.9998
33.7805
37.2618
36.2324
42.492
39.7209
39.4728
40.0499
39.535
39.2815
39.47
43.9433
33.8251
49.7534
35.4789
47.3191
33.24
36.5101
30.1499
40.9617
34.6577
39.032
49.279
33.3877
38.1039
45.6131
41.0363
40.7711
36.4304
41.4442
34.8732
39.2287
46.0582
41.6676
44.3137
39.2002
37.0951
41.0082
37.5805
39.6407
36.548
49.4059
35.8583
40.5937
60.5028
31.3367
38.0624
43.0052
41.966
34.8006
36.1227
43.4937
40.4516
45.3474
47.6375
33.0281
39.0255
37.026
36.5773
41.6811
43.6299
43.5219
36.2812
39.1625
38.2097
35.1695
34.7144
41.4181
37.9257
37.1788
40.1637
37.3429
32.8937
38.3136
34.0193
40.5157
46.8596
28.7336
31.2656
44.8298
42.3498
33.7445
37.5699
38.3549
42.7801
36.3578
40.6533
34.6566
40.8325
37.4508
33.7899
39.1373
40.1679
37.9344
45.9166
32.9603
54.6639
43.081
42.4864
42.7296
40.4718
37.4895
39.4872
39.8936
33.4525
35.5154
35.3737
37.6882
40.8026
36.7175
35.8333
36.0577
37.6352
38.9178
42.6651
36.2248
39.1478
38.9834
38.5734
47.4701
36.735
40.7194
44.4754
38.5616
35.2064
36.4002
40.0501
41.445
43.2391
35.2313
36.1942
38.1408
34.7781
36.4851
39.0898
40.9723
38.1011
35.7238
35.6193
39.1176
34.6644
38.1793
33.8002
30.78
34.0619
38.3047
46.8569
38.272
42.292
42.1906
40.5646
37.2729
37.7965
40.708
43.0371
37.9114
42.0215
37.2274
39.456
35.6183
38.5119
35.6045
43.7501
45.1125
41.9621
41.2827
37.8956
37.6794
36.0796
36.8951
42.2132
37.164
47.9106
40.8235
38.3631
37.3904
36.0746
40.2163
36.6946
34.8655
34.4815
37.422
36.2731
37.0487
40.6717
32.5044
33.7331
33.6305
40.3268
39.6798
34.5863
36.8244
30.6039
39.2628
36.9723
35.8544
36.797
43.6868
42.2234
37.9094
39.0493
51.0027
39.7434
36.0792
36.1721
43.8103
35.597
40.2115
38.3539
38.524
36.0817
41.7454
44.8352
42.5643
34.2799
35.7294
44.1851
36.5257
40.4767
38.1366
37.2663
37.5822
39.5287
35.742
34.9846
32.0398
39.0004
45.7325
45.4318
43.1235
29.4118
50.7712
41.5122
38.5839
35.1481
36.0418
43.4175
38.5893
32.6552
43.9238
43.4692
37.6898
41.9174
42.6363
48.124
38.494
38.5651
35.8859
38.9316
46.8472
43.1854
33.6943
36.3851
34.9208
42.5204
34.6424
38.5266
41.9329
40.9168
62.6894
42.0148
43.8554
48.3805
42.1723
38.4959
38.6348
33.6281
41.5682
42.7464
38.3179
35.8546
38.8537
39.344
38.4395
41.7934
36.5826
35.225
33.6372
35.7569
55.9926
34.8178
42.4613
36.9773
36.4562
40.4479
34.5565
40.863
45.5495
35.2141
39.8203
36.9189
42.3403
42.7291
40.2966
37.8776
38.7837
33.0305
35.313
32.1268
36.6382
35.3623
43.3486
36.0934
48.6665
34.7239
35.8251
38.9283
39.5254
39.2861
34.1259
34.0682
40.6056
38.1125
39.8141
41.0272
45.2096
47.4956
43.2273
42.8604
37.6753
35.1084
43.9873
48.9872
43.9904
46.7623
42.0756
39.4561
37.6216
37.0561
35.0537
37.8791
45.8779
40.7555
38.4145
44.3753
38.6559
42.7736
35.7624
32.2183
37.4142
47.7774
41.0302
40.8437
33.4864
32.7468
34.1379
39.275
40.4591
38.5048
41.4915
33.8761
41.8729
37.5069
34.9989
39.2098
43.2588
54.9808
29.8405
32.6433
33.3047
48.2877
52.25
36.4333
39.8588
39.9089
37.1669
37.7602
44.1713
40.7158
41.1976
35.7945
38.9098
44.1514
44.1948
31.8789
36.9273
31.2585
45.1309
37.9344
37.0625
49.8208
38.2531
40.1805
36.0398
31.861
38.0322
38.0733
46.4145
48.5303
40.6453
50.3185
42.5202
35.9196
37.2136
42.7522
36.1955
39.8689
41.1968
36.4944
41.0573
42.0042
37.3797
38.2098
36.7801
42.7221
31.3206
42.1155
41.5097
32.5748
47.5326
44.3704
35.5657
42.8156
41.436
48.6212
39.4076
44.0997
31.5018
35.7195
42.7221
38.4138
33.997
45.2747
36.866
40.8193
40.7545
39.2861
42.6922
36.4515
33.9506
34.009
40.1929
39.9692
33.3381
35.3311
35.535
35.0814
41.3017
36.9915
40.6747
45.6418
40.4283
38.92
45.4388
39.1245
37.8197
37.716
43.0253
34.7927
42.7065
36.4578
42.1322
35.6997
33.471
41.2429
39.6773
33.2378
34.3235
43.1131
45.3322
39.2128
38.4678
34.4335
33.3131
38.6197
30.9214
39.3312
36.5536
42.7231
42.8482
36.7908
44.4836
34.6729
38.5278
34.6891
40.1759
40.4988
35.5731
38.9765
35.8226
36.3853
45.2081
39.8356
41.5477
46.2575
40.6096
45.7099
43.9863
40.301
39.1378
42.9113
39.769
35.7857
33.2313
34.7885
32.4418
36.1963
36.5946
41.4393
35.4745
37.9134
39.4979
48.5845
36.0629
46.2239
35.0972
39.1902
41.641
39.8626
37.146
36.1859
38.5315
33.3041
37.2431
33.515
35.4157
36.8927
40.6717
32.1997
32.2972
47.8566
42.9698
43.6107
36.743
40.4321
39.1153
34.8717
33.1684
37.3926
42.1893
32.4875
33.003
38.9636
39.5874
42.6923
40.9018
32.4785
37.4048
35.6124
38.1359
40.6656
42.4217
37.2144
54.074
36.6659
48.1113
32.4032
43.7122
46.8377
36.9445
37.0403
44.4666
46.9078
38.3221
42.4981
37.8304
36.199
43.0971
45.1812
40.5615
49.1341
34.9773
44.5928
34.0003
39.293
47.207
39.9084
31.8322
36.7182
37.142
35.5385
34.1047
43.2538
40.8297
34.1064
44.4829
35.591
39.649
38.6756
43.984
39.2784
42.605
37.6503
38.5737
34.9971
46.6108
36.6114
40.0061
39.8127
40.3576
34.8989
33.9925
35.6527
37.5903
34.76
37.301
38.0739
34.9957
40.5907
51.6602
28.7909
38.9177
36.6059
35.2643
41.147
33.1918
40.2181
50.5701
41.6137
47.707
40.9055
37.6327
36.5878
43.2472
42.7132
35.5335
37.9337
42.6309
50.6586
43.2095
34.036
41.3069
38.7124
42.0266
44.7426
38.1647
34.3961
39.8796
41.0668
42.4248
37.2289
42.0188
48.4293
40.3519
38.8949
34.9698
46.1501
40.3318
38.6311
35.3996
47.2993
36.7086
47.6095
44.4533
38.8153
42.9677
39.6925
37.8112
41.3413
35.0251
37.6384
38.106
37.5698
36.6174
37.724
42.0724
43.5236
36.0185
46.4062
41.1596
44.2987
39.456
37.1806
40.5587
48.4825
40.2489
39.3124
37.3476
43.6723
37.075
37.1683
47.9494
41.9315
41.1436
53.0562
38.3205
37.9558
38.4808
44.6029
37.0828
38.4688
34.4523
40.1581
42.5481
44.076
39.8062
41.0445
36.5536
35.4042
38.2181
29.1753
42.711
38.2947
36.8167
43.0349
36.2261
37.64
35.2817
36.5139
34.6264
40.0751
45.0959
32.5482
42.0465
37.6244
34.4814
43.6818
45.176
38.2848
37.5868
35.781
38.0554
42.7368
43.0107
36.9692
35.961
35.7602
37.3135
31.7154
33.0385
41.3919
33.5109
47.1606
36.9402
37.3072
36.2541
35.0912
55.8846
35.9993
42.0434
34.8274
34.7363
39.6772
41.6102
40.6106
36.1737
34.1428
34.3019
37.5977
35.1859
37.4903
33.648
39.2294
37.8181
38.0322
38.0383
35.0753
39.4667
28.6819
45.0285
46.7031
43.2962
39.771
37.5974
38.2541
40.5458
36.5698
32.2247
40.4352
35.0911
37.7551
33.0152
35.1454
35.4661
50.5778
36.665
34.0591
31.6903
53.515
38.9134
37.3307
34.8828
38.5639
31.9748
47.012
30.9939
34.8308
46.3823
32.6041
42.0967
35.668
37.9529
36.2212
37.8956
39.6988
33.515
38.9906
33.0264
43.2909
40.1006
41.4433
42.6585
48.9494
40.9061
36.6803
45.8455
39.0207
37.5368
40.8766
37.7538
47.366
36.0035
32.7775
36.1931
40.023
33.1047
36.8068
47.8027
29.647
44.7871
36.7537
35.0795
32.7021
44.6766
34.5132
36.9268
41.3905
46.4533
33.3804
37.1435
34.1708
40.38
43.2513
28.1372
37.8057
49.0093
35.5602
42.8273
37.1814
37.0914
42.8463
37.0945
42.3926
42.0359
37.013
35.3498
40.2547
41.0812
42.8846
43.0586
38.4637
44.2353
40.1034
37.4726
40.0205
37.7451
39.3109
34.692
41.487
36.0289
42.769
42.7341
39.8908
37.6958
36.9044
44.657
43.4736
34.7749
43.7619
36.5419
38.2808
43.8552
36.3237
41.2827
42.0674
45.2596
34.1656
45.2168
39.8448
41.3868
41.6761
43.8424
38.5732
35.677
34.9849
39.0937
34.3509
33.9279
33.776
44.6674
45.7163
35.1225
55.7056
41.7149
43.048
49.2833
39.6517
39.2344
37.7174
37.5567
39.0089
44.0096
39.7209
47.6522
36.7461
39.7676
32.6025
39.1064
38.9214
37.7428
38.6564
37.1781
52.987
33.6448
34.1683
34.0496
39.7732
32.624
35.7039
35.257
36.1924
43.364
39.6126
48.9108
49.1368
35.9747
39.0983
35.6501
45.31
35.794
45.2457
51.7529
42.9532
41.8901
34.7728
41.0333
36.061
35.0409
43.8879
36.6646
41.0975
36.525
37.7192
35.5685
41.5108
52.4318
36.1647
33.3161
41.8881
43.7172
44.6589
37.5587
38.7555
44.68
36.6164
37.7198
42.7717
33.9318
40.006
30.7179
47.4895
37.0814
37.7505
38.558
41.5701
34.1465
44.7965
42.218
38.0836
33.8956
35.6746
36.028
35.4978
41.9961
36.3423
37.9539
40.2756
46.8828
36.9954
37.6218
35.765
41.1258
43.4616
37.9959
46.1443
36.1016
40.2352
38.9344
37.5748
35.9326
38.5477
37.4911
34.8276
37.1068
46.343
42.9192
45.8639
43.6829
36.4096
37.5785
40.2296
35.3341
41.6196
48.2843
37.0976
32.9436
38.0274
40.9459
45.3346
36.2457
43.1041
35.1789
34.2638
56.3497
41.5905
36.1819
42.2173
46.5255
36.7068
40.2285
37.8695
41.2016
33.4658
36.0197
38.9807
35.2988
41.5409
37.4026
42.7746
43.7755
35.2217
43.9341
39.4215
34.5987
41.4982
39.0675
36.2926
36.9169
39.2695
35.9459
37.6099
30.9846
35.951
38.1174
37.7791
38.4584
33.3942
43.2222
36.1335
48.4681
37.7824
54.3233
33.1496
35.9137
41.9812
33.5637
36.7623
37.8371
38.331
40.0435
32.1326
47.796
48.6649
40.2506
39.6336
40.0037
34.0764
39.7784
36.2029
36.7213
45.6383
38.0104
43.6862
36.0983
40.9477
34.4185
41.9899
47.8177
36.8446
37.7463
37.5785
36.768
35.8282
38.9902
35.5156
35.5363
35.477
37.7688
36.9537
33.9874
41.3129
40.6974
40.0268
36.2517
34.618
30.4045
35.2659
35.1041
41.4585
41.8988
47.1501
37.2042
33.9442
36.1002
37.0348
39.109
42.6476
40.8501
34.553
46.9314
39.8556
38.0293
37.2082
35.3843
45.7184
48.559
38.4884
38.2983
40.4235
30.6268
37.1939
37.5692
35.5964
37.2888
46.5763
40.1946
37.3063
43.9623
48.6346
35.3214
39.3918
32.1319
42.4835
32.573
40.6346
41.0495
42.8571
38.1471
33.7322
47.0885
35.8403
39.3323
35.3832
36.1406
41.4576
40.5442
36.615
51.0799
35.6495
40.0222
32.258
40.6456
37.3184
36.3434
32.3796
38.7485
44.5722
40.1958
37.0971
36.3195
52.1142
39.3831
40.1828
45.4111
39.9795
37.1084
32.3031
41.9472
38.1917
40.2028
39.0568
38.3972
31.119
34.9084
33.8031
34.8465
48.106
36.6632
40.4798
40.1008
37.194
33.8583
45.5574
38.9547
36.4062
42.8178
53.2032
36.0165
44.1691
35.8372
35.3179
42.1306
58.0171
39.0491
38.3073
54.6184
41.1994
48.3199
37.0455
43.679
40.2571
39.5954
42.5533
41.1612
37.8103
46.1577
42.4998
36.3621
40.3856
41.6635
39.5343
42.5922
38.69
45.7624
46.983
37.3584
36.6992
36.609
38.1255
33.6355
39.8927
43.0693
42.0874
45.1172
37.9259
48.1719
36.9602
32.0582
35.036
32.6483
37.9588
42.1833
51.1861
33.9835
36.1055
39.5228
40.6606
39.5146
45.0016
36.9096
40.9757
38.3534
53.2794
40.7099
37.4595
37.1333
39.0933
40.4103
39.4975
33.4097
36.7387
33.8532
40.8613
34.3877
49.5488
39.4765
38.4186
31.8454
38.9539
39.16
44.4986
53.2685
37.6265
39.8509
31.7012
41.4697
40.2342
40.4084
39.9428
36.799
44.0257
38.7261
38.1608
40.1439
33.8255
35.895
37.932
41.7873
37.7698
36.2667
36.5698
43.4811
37.4343
57.592
32.0022
39.8409
38.7251
38.8275
38.7752
45.341
51.2117
47.3127
37.9012
39.4976
37.8698
40.0424
35.5465
39.2486
47.8112
41.9007
38.2605
40.7865
38.0694
41.4434
44.3817
42.8315
43.1171
38.7952
46.3727
37.9614
45.0799
34.31
37.5861
33.5598
35.8682
42.0977
42.1949
39.6155
44.3636
42.1548
40.5315
40.9101
37.9411
43.5193
43.0161
44.1351
40.6977
34.2847
34.0683
39.7541
40.2204
37.7982
39.266
39.7433
46.2823
41.9393
36.3039
39.4676
32.7361
43.5964
34.0763
35.5219
36.2095
35.5954
35.7831
47.3044
43.0346
52.3854
33.9689
44.2718
39.5717
35.9668
35.3723
39.0011
40.3477
47.4408
41.2893
45.4248
39.5725
46.8296
48.3581
45.3512
36.109
33.1614
33.0212
32.2863
40.0768
31.9708
38.2487
37.7364
32
44.4285
48.806
39.6016
34.7065
38.6098
36.9255
36.5331
42.8767
40.9072
33.0542
36.3003
48.6911
37.8101
39.6636
48.0367
45.0446
34.3234
39.0456
41.9263
41.1145
40.5084
44.7676
34.7068
38.2703
45.2393
44.8255
41.8286
42.5493
42.7094
40.1561
41.1259
38.5334
40.9353
37.8231
32.4074
40.888
35.4941
40.9846
39.3034
32.9645
51.2814
38.8182
36.4768
34.621
38.4853
48.4711
53.9567
35.7536
42.1202
47.1916
37.3565
37.9832
39.7118
33.9991
42.8527
50.6852
39.7113
39.1035
39.7365
39.3502
40.6401
35.0265
43.958
36.3932
36.0543
37.1606
38.5483
38.779
45.0511
42.8921
35.4801
35.9774
40.8367
34.4265
39.6021
33.3266
42.2055
36.5477
39.4783
39.7856
34.5599
49.0193
37.0279
34.5436
37.4139
41.8409
39.8919
38.1932
36.6907
46.2452
39.4331
33.7865
37.4303
38.4197
37.7542
36.5547
45.6536
41.0273
39.3688
38.5936
31.8857
35.0011
41.6635
40.1889
37.3173
37.0811
44.5772
40.1366
38.5954
34.1484
37.9054
45.8394
37.2965
41.8859
43.0607
43.2716
39.7633
43.8212
37.6361
44.4376
37.6441
36.4439
36.5357
45.7347
37.4791
44.5818
39.4357
41.0999
46.9443
33.8627
42.7145
41.0573
33.6588
36.077
45.751
34.0614
36.6134
38.4035
33.2576
38.5737
44.1169
35.242
45.1431
41.5527
35.3394
38.0749
43.6086
36.3274
44.8324
45.0031
51.7755
35.5009
41.9444
43.7204
37.2604
41.9285
47.9828
41.906
34.1631
38.7784
32.254
37.4525
41.0627
35.2748
34.7695
44.0019
34.203
42.3659
46.9449
35.1459
45.627
44.2928
39.3837
33.5264
36.9332
40.9228
41.6104
38.4069
35.4534
45.2741
34.6163
36.048
46.1581
42.6294
40.9056
39.963
40.2003
34.8497
38.624
40.666
49.0328
39.4555
35.5186
40.0386
50.7287
33.9189
40.1231
35.3187
42.0784
33.7387
42.8998
41.7872
38.6459
37.9337
46.0967
37.3873
49.6281
41.0424
35.7517
33.4364
36.1686
34.3638
37.1063
33.6433
42.1461
50.4839
34.4519
39.6783
42.4541
34.4172
44.4429
37.5302
35.217
44.453
35.5779
47.0383
38.0578
38.0075
40.638
36.8303
36.7191
40.4865
36.0188
38.0138
44.2571
41.309
33.4299
35.3716
46.8704
32.8497
37.4017
34.5613
39.9812
35.0388
38.3392
35.8466
44.2713
32.9556
38.3206
43.4749
42.2137
42.8152
39.6887
40.1197
36.3827
34.3331
43.2102
35.131
35.6872
37.16
36.0804
43.1048
34.4874
34.4851
38.5352
38.9002
40.2328
41.4538
39.4736
34.9347
41.0119
50.7654
45.4344
40.1367
45.8366
38.2567
34.3672
39.5739
52.2106
35.3361
43.9248
40.2057
51.6415
34.8576
42.8707
35.3924
31.4704
34.2217
41.074
36.4217
41.9336
31.579
30.415
40.6704
45.0775
35.0178
35.9637
44.886
34.1138
37.9837
39.0146
40.1381
44.6217
43.0953
34.6422
40.8645
37.871
38.3977
37.0271
46.239
32.8973
40.0812
40.7662
47.8987
36.9393
38.6733
42.1112
42.0494
41.1227
38.3898
41.7546
37.0303
34.3619
40.5103
44.7993
36.8194
39.3894
42.3326
32.7347
32.2808
40.4009
43.3137
41.8944
41.024
45.5384
37.6687
37.6655
38.1881
34.2729
42.6908
37.1231
37.1191
33.6572
34.5966
34.1135
36.5193
36.6816
53.9409
37.8823
34.8599
38.2333
39.205
36.8074
32.8921
42.485
36.49
35.3661
37.7148
47.5727
37.5596
32.6166
40.4562
32.1334
42.4801
40.302
33.873
49.3995
35.5951
43.0769
38.6832
51.3359
39.0345
34.2365
38.1
39.2283
47.2187
38.575
35.2571
33.954
34.2071
34.0855
43.3313
37.9557
44.0521
39.9577
40.7702
44.3644
33.8611
33.8024
33.0744
44.8522
40.5921
45.4341
35.4076
35.6863
38.6086
38.5407
43.072
45.5033
36.0609
31.9075
39.7325
35.8606
42.4191
39.8364
45.639
41.6689
48.2678
35.726
48.6605
37.5553
37.7193
40.2034
39.5474
33.9474
32.1638
43.3933
33.9988
36.9986
42.6183
39.2021
47.8575
35.8082
35.436
40.8469
33.6083
47.6221
42.3584
41.3393
42.6023
39.6155
39.9018
44.0063
41.0709
40.4831
38.697
46.4334
34.4808
42.0312
36.7673
37.946
50.8216
35.8571
39.2486
32.4702
38.3548
33.0396
35.0384
41.6606
41.0195
33.2654
49.3181
38.2166
33.6384
37.1811
39.1108
37.8355
35.1461
42.8222
38.6014
38.5457
42.7728
37.0947
34.4943
42.3735
38.7749
40.3337
34.1942
45.3644
47.4899
34.4606
37.4192
42.9621
46.3305
42.6178
40.8525
37.6115
39.2016
38.6219
37.4753
42.2534
36.3759
37.1262
42.7877
38.5836
31.7147
40.5403
37.1134
40.2281
49.9968
32.4708
31.437
39.1292
36.2016
39.4556
40.9572
39.0457
38.8592
36.3471
43.9292
44.8598
32.1989
38.7518
42.4935
35.9565
39.2744
40.8679
37.0225
41.3495
45.432
41.5639
50.1707
34.2439
39.2394
39.5616
37.0654
35.8935
37.9151
41.8781
38.7978
36.1777
35.8236
39.3927
41.727
38.1721
46.7632
38.7217
46.2373
36.8702
51.1304
37.0179
33.7847
37.6935
36.4325
46.41
35.0182
36.8805
42.9486
35.6229
45.8248
35.6491
40.1716
40.0722
41.3146
35.8514
37.1321
36.5191
48.2491
37.3762
41.204
40.4245
40.0931
38.4226
34.5756
34.817
38.7819
36.3837
33.7232
40.3406
39.5552
34.6639
40.6095
37.3131
39.3037
54.8114
34.8728
40.7724
36.0698
39.2617
40.9019
44.0038
37.2534
35.2535
44.3633
39.3384
38.8005
35.5585
36.6376
35.9835
42.7622
42.3602
48.1291
43.8344
54.0461
38.4702
43.4567
35.1782
39.8919
46.9083
32.5885
41.9682
39.3946
45.1481
41.0259
40.0608
33.8017
36.3519
40.5664
37.6132
44.5174
41.6032
37.6647
45.1257
36.9973
46.3376
43.6341
37.6436
38.9708
29.952
37.6836
46.6067
47.1074
42.9543
39.273
45.0851
43.4147
38.58
37.8656
34.5576
41.3977
34.3166
39.8362
36.1322
39.5057
40.978
43.4823
40.3809
34.1602
36.9236
37.8652
44.217
32.1112
39.5268
39.794
37.6157
32.8109
36.0667
35.9693
45.1875
51.4531
38.784
43.1782
45.5587
32.7427
48.1986
36.0172
40.2779
42.9109
32.8387
35.2808
42.6565
41.2374
41.6651
39.7085
42.777
28.9953
41.7235
35.2168
42.9216
44.6563
35.2151
37.745
38.4363
40.9843
40.3671
40.5201
35.8624
42.6647
39.2242
38.475
40.1262
35.4558
41.3239
39.3507
39.9263
38.8756
43.0086
37.9428
40.6385
35.9009
39.598
38.428
43.1627
32.4583
41.6167
34.3828
35.6713
40.1114
35.4233
34.627
41.6493
35.5831
36.4024
42.8373
42.0633
36.4791
40.6766
40.3157
37.6032
39.5669
45.0819
39.6869
34.048
40.0142
42.2852
36.1211
43.3086
39.781
37.0936
36.34
37.9844
37.7328
30.5965
39.4788
39.7641
51.8095
37.9594
31.4505
38.9099
34.8549
41.4623
35.1297
43.5041
35.8643
41.3297
33.9867
52.5701
38.2925
39.2247
37.4526
47.7024
44.6299
35.3693
37.067
42.1823
36.7295
38.3997
39.7811
36.8758
41.4725
62.8637
41.6426
44.0834
41.478
45.6114
40.5255
36.894
41.2098
38.2275
34.0091
37.2766
34.4401
40.3733
48.9467
43.8624
53.6188
36.8145
37.0548
36.3089
40.7984
40.1199
45.8835
41.305
39.6786
37.6564
39.7925
37.767
46.6059
43.399
37.4565
35.8193
37.751
40.993
41.8828
37.1601
42.5835
45.3173
39.0525
44.4295
43.4073
34.8335
39.1447
44.0728
34.545
38.8293
41.628
33.8916
39.3134
40.0886
37.8295
31.9985
36.2994
37.0588
32.4294
39.1657
39.8015
41.7842
40.8722
45.382
40.4831
40.3437
30.0532
39.0202
42.8734
41.1865
31.9322
37.1329
38.3471
40.9501
35.7462
61.0267
34.786
47.3968
42.8407
36.3497
41.8657
44.1575
38.8422
34.2301
41.146
43.1785
47.7982
37.4003
40.1289
40.048
44.754
46.0776
38.4406
32.3168
37.3412
39.6073
46.4288
35.3417
40.8416
34.2983
34.7912
34.5875
44.3353
37.2002
35.6142
40.4688
31.4723
41.6537
36.217
37.2791
32.6495
44.3905
38.124
41.1018
37.172
40.2726
39.1936
40.0248
44.4199
42.5671
33.7101
38.8843
37.6313
36.8869
37.7811
30.4582
37.1413
40.1032
34.8461
49.0662
38.6631
39.9671
39.3086
43.8708
41.1061
34.3172
38.7785
45.6322
45.9753
37.8409
34.5071
36.6423
43.0701
42.3482
47.8754
41.2914
36.1887
44.3844
45.1141
38.8232
34.033
34.4652
41.8954
41.4919
43.0942
43.9501
43.5089
43.4871
43.858
41.7826
45.1075
39.2133
39.8971
42.886
31.9636
33.2307
40.7547
41.9467
38.6658
43.1627
39.1348
38.7573
40.9134
37.5714
38.8584
35.2839
39.0128
42.5839
34.7093
33.4086
35.2755
34.2361
41.7982
40.867
49.6374
38.6676
35.6373
33.3912
36.6963
33.8409
44.9572
38.9049
38.7188
35.3575
34.2872
36.5423
37.5366
40.2027
37.076
41.6668
37.998
31.9098
40.3866
38.1911
42.9182
36.7802
33.2935
43.3584
41.4361
42.8905
45.3211
33.9405
41.6704
38.5211
37.7873
36.2492
37.1047
37.3391
41.7735
33.4728
36.7269
42.2853
45.045
42.0992
50.9849
38.4688
35.8542
40.8412
55.2573
41.8088
29.515
46.5648
41.8887
39.9441
43.1502
41.7145
41.2135
42.3611
36.6551
34.3621
37.5636
38.2182
38.3003
39.181
37.0874
43.4175
37.8719
36.6209
36.4992
41.5897
36.5329
39.9686
39.4316
35.9638
33.9155
38.3964
39.6037
44.3586
38.1044
38.6482
43.9715
37.3522
33.2323
43.571
38.0869
36.6719
40.4727
39.8023
36.6645
46.9711
33.6754
34.2098
41.4978
41.3202
36.0635
37.7228
44.1658
45.4851
40.3802
36.5265
42.8075
43.7187
32.8042
34.9764
42.7079
38.0588
41.4491
42.5134
34.9449
44.7274
44.6988
44.0305
34.7908
37.7104
41.3852
39.015
40.3768
39.7987
33.3974
36.1035
30.4971
40.0683
35.1407
33.9889
39.1202
35.7165
43.442
35.1249
41.9276
35.7092
40.5113
42.2842
35.4579
36.0087
36.5477
40.3327
34.7059
37.8744
46.5296
34.7919
31.6788
36.2822
34.1651
39.5051
38.0754
37.4558
36.3615
45.9126
40.5356
34.0992
43.7022
47.8732
32.801
35.1701
40.056
51.6522
38.8333
39.2377
36.4501
44.5909
37.2106
34.5173
38.8708
37.8656
41.0072
37.6042
42.4516
43.765
43.0504
44.5095
42.8754
38.8918
33.3001
38.6437
37.1292
39.2393
34.8203
42.1896
34.5493
36.1251
37.8873
35.9342
40.3596
41.8767
38.9668
35.3973
42.4511
43.2441
41.7903
38.5804
37.0804
33.7796
37.2458
45.9522
42.7452
38.1449
40.8005
38.1077
36.9184
42.3002
48.0051
36.8533
38.5409
37.6078
41.1127
38.1295
35.3278
34.3278
40.1215
40.7108
35.2616
43.727
41.9098
35.2182
41.6338
36.3252
39.4917
33.7314
30.1103
34.1752
37.7977
42.0263
44.9017
40.5785
36.8025
34.7731
41.3798
38.1046
39.57
48.0814
37.7465
35.6947
43.9278
40.6562
36.7231
38.322
38.0551
42.1341
39.4069
43.822
37.4998
39.0195
45.3482
34.8572
34.7244
40.4225
40.5366
43.132
39.7472
34.4477
40.2548
36.9228
43.0949
33.9396
40.7739
36.4259
31.0042
42.555
35.3624
47.7255
45.6003
40.8473
39.0034
41.0697
35.6024
35.5536
33.4495
38.1563
36.8633
42.8766
43.5783
45.623
40.9956
31.4534
46.9029
35.8103
39.5604
43.1221
36.8703
34.9971
32.2656
37.1944
39.7362
34.8638
32.0895
44.369
36.1178
45.2872
36.8781
43.0929
33.7074
39.0671
44.6902
42.4318
44.8567
32.7383
41.7475
43.9807
37.9234
40.0889
44.2959
41.7833
38.6202
42.0675
45.1323
42.8347
41.8959
51.7184
38.9776
36.8402
37.5596
45.4933
47.4194
37.3902
43.1722
42.5812
37.4655
43.8255
38.7677
38.3523
42.9404
36.9896
36.4274
33.7905
52.3728
33.9698
42.7843
32.6567
38.2365
41.0216
41.527
38.2809
37.7247
35.7118
40.3962
42.6901
39.7672
44.0701
46.8243
55.6613
36.6106
37.8201
35.9754
34.8784
40.0007
40.2198
42.9996
36.8359
40.7655
49.8104
39.6223
48.4785
39.4451
45.3503
33.5622
45.9089
38.8241
39.3563
38.4543
37.288
46.4392
35.5334
39.6713
34.3835
37.2121
40.5417
40.7535
36.4243
40.4738
35.244
35.1764
38.3387
41.8804
45.0118
35.359
35.8776
39.7711
37.2506
42.875
39.7838
43.2875
32.969
39.1419
35.178
38.0595
38.3886
45.8722
35.0371
36.4681
39.7955
44.6952
45.0658
41.4497
38.7451
35.362
34.7528
50.2991
39.7651
34.2446
40.1965
37.2937
53.5783
44.8968
35.8446
40.5622
41.1228
36.959
38.4285
43.4616
46.5479
39.2896
38.178
41.137
38.7725
37.2762
45.5591
42.8771
43.981
35.7098
36.8962
40.7113
38.8899
43.6523
35.7681
43.5449
46.1505
42.9998
37.0961
37.1742
37.5076
34.5385
45.6515
36.8508
42.9476
42.2185
41.2822
40.3175
36.6678
46.6102
38.0427
39.3541
38.9141
39.6679
39.0753
37.5736
42.0088
40.5607
48.9537
34.0802
46.3042
36.1352
40.8563
40.461
42.5634
45.9734
44.0146
38.6326
37.8885
36.485
39.0066
41.8147
42.1099
44.1584
40.2175
39.0305
53.9495
40.9635
38.8547
35.9358
40.4655
38.0314
32.2898
35.7884
41.0374
38.0129
36.0295
48.4556
39.7313
36.9761
40.0889
34.9113
34.8563
43.459
40.9969
38.5849
38.6024
42.1618
34.2333
45.3356
30.7089
46.2544
40.1717
33.2878
41.9946
38.7979
38.8462
38.5436
36.9067
35.7415
35.7975
41.3046
40.1893
31.6715
46.4777
41.8104
34.5412
37.0494
43.3344
37.1266
35.2513
51.8598
36.1159
44.7478
49.5
34.9809
33.3322
41.3413
44.2176
36.7612
32.3976
42.5178
34.6794
36.6762
42.1831
36.6954
34.7694
39.8977
49.1411
38.3665
38.1011
41.1847
37.1492
33.6876
35.2644
46.3269
44.4276
35.3725
37.1244
41.4009
35.5487
37.9266
42.0169
44.9166
37.194
42.2205
40.5638
38.8758
47.3491
37.3636
38.8631
35.9688
32.7296
44.2596
39.7164
43.0618
44.0341
43.2735
38.8309
34.0299
43.539
36.9972
39.6575
35.8771
43.2452
43.913
37.6897
40.454
41.6228
39.8519
42.891
33.3868
38.8283
38.3066
33.8104
42.3941
37.8761
41.4761
40.8426
36.6434
55.7858
39.6953
40.8689
40.651
38.7948
41.6386
42.339
33.2128
39.1983
39.8264
36.9474
33.3324
39.4696
35.0261
37.1444
38.5805
33.2147
41.9571
45.1448
31.6097
39.3788
30.889
44.86
37.1079
49.5249
35.0743
41.2473
39.939
37.2898
39.2907
53.7822
40.3957
35.2422
36.4171
33.8635
41.873
35.1459
41.607
37.9582
37.9676
32.1398
31.9362
33.8472
36.3897
40.1198
40.8463
37.1227
39.4597
39.7252
36.766
49.6849
37.0506
35.1979
42.8713
39.7108
40.2084
42.4126
44.6389
41.9045
39.4717
32.5954
36.4049
38.3445
37.9326
47.5141
34.6661
34.8736
36.9513
37.2275
35.6792
35.0113
44.0695
37.2894
31.977
36.8566
33.5309
40.0425
38.649
51.2321
35.384
31.5867
39.8848
41.9644
41.5453
34.17
35.4702
48.0272
39.522
38.1728
38.0443
40.0876
44.7989
40.1372
39.3403
44.2218
47.1974
42.4114
42.431
37.8949
36.2495
37.7399
33.9362
36.7707
39.0579
44.4998
41.2824
38.338
41.4531
36.0121
44.7057
37.41
34.461
39.2212
34.1459
45.7095
35.975
44.1061
37.1865
34.686
36.7913
39.5938
36.6335
40.5449
37.0108
34.9048
43.0141
43.6592
42.0696
36.9699
35.0804
34.1623
57.4849
34.0236
45.3887
35.3353
32.7583
36.3755
41.8022
39.8264
44.5014
45.2817
40.4995
49.4766
33.5691
39.4382
31.6636
33.8429
46.0418
48.6466
47.5578
42.7453
38.1941
37.7842
42.061
35.2286
38.8457
32.3764
41.4603
35.4287
40.0694
48.2999
35.0777
47.5471
37.341
37.8305
33.2189
41.8829
36.4611
32.592
39.5408
39.2949
36.4868
39.6728
36.9131
39.4243
37.1657
31.8757
45.4591
43.772
37.9138
39.6417
40.1328
34.827
38.7299
35.0754
33.6694
61.6384
39.2433
39.3863
43.5907
36.0074
37.0912
37.2912
37.4001
38.3496
42.4576
34.9948
36.2042
41.05
44.7868
40.7469
35.4981
41.0981
43.3302
46.0452
40.7722
43.2627
41.8871
30.2263
36.4498
48.2459
47.3205
31.8176
48.4018
35.9927
43.1605
35.1702
35.06
33.2193
37.2871
40.105
35.4875
38.5504
31.3243
43.3976
34.013
36.7552
37.3479
39.5934
35.0796
41.6396
40.0172
40.8943
38.9166
47.1013
36.9427
38.9241
38.0331
39.6548
36.9525
36.5406
39.004
49.977
45.4478
50.3799
46.5312
38.3014
35.2233
44.3705
43.5276
33.4993
37.8831
52.6467
39.3961
41.2773
38.1857
36.5991
38.8408
38.8923
39.5768
47.6224
35.8025
38.4138
37.1227
45.6261
43.5542
40.2791
37.915
35.8533
47.2269
50.3739
33.1571
44.1048
29.8582
52.1931
41.5496
44.1214
46.077
37.524
34.45
35.99
43.2745
44.9606
38.2035
36.1278
37.2011
41.3463
36.8203
45.5631
42.7141
39.9715
39.3099
36.5895
43.3431
39.5395
38.1662
35.1018
36.2722
38.6966
35.7925
47.3204
40.1637
43.2557
42.7556
38.8321
36.5358
34.6275
38.8204
39.2273
37.8293
40.4313
40.9699
47.2642
39.6064
46.3267
33.2928
36.7028
41.218
45.9168
33.7105
51.0077
37.498
30.1438
34.8642
39.7084
38.8462
40.6531
36.6596
34.553
41.1192
42.3797
46.9649
36.2467
40.2629
47.4001
41.0847
37.4807
34.8115
37.9798
36.5204
42.5174
35.3243
37.2145
48.3553
41.9909
42.311
48.2966
41.0639
43.7559
36.8314
47.8404
51.1259
43.3052
36.389
41.0614
39.8476
39.2446
39.449
44.4846
39.0267
39.6237
40.7
37.6302
59.1591
42.1435
44.0078
38.163
37.8895
37.8051
37.6818
40.0077
40.7136
41.7832
44.0102
41.9658
39.8503
52.6108
47.369
31.8242
39.0169
36.4587
42.3783
40.109
45.2603
49.0424
39.8155
35.934
37.052
43.42
47.7255
35.7931
34.6241
48.1448
34.7492
35.291
37.519
42.0182
33.9446
42.4254
45.1739
41.2471
36.9712
39.7379
33.7792
36.8654
42.7575
32.6398
36.8123
47.7849
41.8739
35.4957
41.3403
38.6011
41.5493
33.3014
43.1383
36.1484
34.8079
35.7639
32.0508
39.1236
41.1618
37.8621
37.3199
38.6717
33.2222
43.4479
33.4978
31.1007
34.0601
44.8441
45.4042
40.254
44.679
33.4535
41.6068
37.8622
41.8221
39.1213
41.7962
40.3953
36.1224
30.3396
35.6888
38.6523
33.7908
45.0986
56.6715
31.5453
38.8933
34.1787
31.3483
42.5084
36.831
36.7414
35.35
40.6477
42.8686
42.3155
72.4392
37.2214
33.8993
46.4844
46.9821
37.701
39.5965
35.4568
39.5318
33.5094
46.9035
39.9749
45.1057
34.5483
42.9079
41.9327
37.4515
38.9803
39.7084
34.2989
32.6109
41.0607
39.866
40.502
38.8347
43.7555
36.1429
43.1907
33.4527
35.353
34.3769
40.2396
39.4052
38.4488
42.6521
41.1076
40.6316
37.0055
35.4898
37.1105
35.3525
33.9738
40.1109
40.7488
45.485
33.4732
38.5317
33.1637
37.2939
37.4601
42.1366
34.5563
40.2953
35.2217
37.2926
48.8257
38.3063
36.0393
45.9153
39.2715
37.2302
39.3922
45.2656
39.6123
38.5254
34.5003
33.7019
39.4593
34.8899
30.5776
34.3617
40.3968
38.7048
39.9049
33.1972
35.2924
36.8607
40.3401
42.6899
41.8399
36.392
34.8254
38.3422
37.5963
45.0709
38.9538
34.2883
43.0304
45.3547
35.4823
40.7801
38.9934
33.9285
33.9833
36.0849
36.364
44.6475
32.0557
41.6427
35.2599
40.4148
38.3827
35.3217
41.5592
42.2044
35.7242
37.2573
42.3125
37.5292
51.1669
32.7673
44.6825
37.6281
33.377
45.8237
39.7482
46.8702
37.2781
37.5228
39.7998
35.5331
43.9122
32.6668
39.8502
38.8122
49.8005
36.9801
41.6313
38.4379
40.1554
36.5827
34.0837
38.022
34.1918
31.3273
47.2161
38.6154
36.4813
47.1078
39.8688
34.8267
36.5193
34.4879
34.6477
42.2934
53.6841
40.3351
34.7335
40.0303
47.1847
50.2095
36.8865
43.8612
37.7138
33.4188
35.8743
38.6253
39.3414
36.295
35.5758
34.8343
43.3458
51.2336
37.0015
34.4479
41.6263
34.0247
41.862
43.3737
38.1765
47.2854
37.6902
35.4634
40.449
34.3031
37.0298
33.9079
49.3157
37.2425
40.3605
51.3058
31.5592
37.6851
37.843
41.8385
44.4331
39.114
39.5959
37.7898
46.5498
40.2872
37.6843
41.2142
39.533
41.2058
33.9391
41.1718
42.0512
35.7235
41.2483
41.0862
35.8264
35.7477
33.6508
46.4491
34.2428
36.437
32.6577
38.5424
32.3006
42.2058
33.4032
41.5182
39.5652
44.2451
43.1452
40.2707
32.3595
40.8214
34.8817
37.5012
41.0409
35.6239
40.696
42.4948
38.5629
33.5055
38.7689
35.2763
35.3124
40.255
38.6481
40.0721
35.2075
43.2359
33.9846
40.0154
42.2421
34.4636
36.7086
42.9305
34.0919
36.2834
36.3399
40.0304
38.7392
36.7507
39.0115
37.7428
42.27
37.1875
41.8697
38.8579
32.8398
43.0565
44.5484
39.8149
38.2657
33.133
41.0945
36.5513
34.1839
35.9549
36.61
37.3574
38.2997
33.45
37.7069
55.8779
40.8406
39.2552
37.6449
34.3443
42.184
45.5308
33.1569
39.3047
51.0277
37.0671
48.2012
35.4124
36.9232
36.4735
42.3042
32.0239
42.819
38.6302
41.4072
52.3146
35.2865
35.9972
35.1597
33.9471
36.8945
42.1691
52.9933
35.2638
43.3824
47.3351
45.3674
34.5072
46.4072
36.5535
42.2656
45.3022
45.8821
41.7455
47.3055
47.4088
37.9442
37.0018
52.3709
43.9909
32.4933
36.0114
44.8453
37.9712
35.3262
35.1435
37.8175
39.3633
38.8008
37.0899
40.679
38.9394
31.7342
37.4505
33.3916
39.7781
40.2284
39.6177
37.239
37.3636
37.2398
36.1854
41.1438
38.8425
34.1385
44.6362
39.6479
41.4727
42.3123
42.1835
39.375
37.4369
38.8335
32.4612
36.3632
39.464
34.6446
39.2879
39.4908
45.391
38.6205
31.0391
38.8672
36.2006
39.6456
43.0191
41.8028
34.6666
37.2154
39.8482
32.4618
39.0645
41.0253
45.0807
50.1577
38.8145
39.9992
50.8443
35.2893
38.996
36.7779
33.2617
53.21
35.6957
36.0635
37.8448
38.9684
34.4624
45.7901
37.8065
38.5503
35.4135
36.67
32.4669
41.6242
47.5499
40.2467
47.5862
33.8678
33.9105
34.3542
44.1108
33.1091
37.0363
51.0465
35.5441
37.9163
40.0384
34.5751
35.3661
35.6952
44.9985
45.6827
40.1802
41.51
47.0344
42.9456
33.8535
36.3645
38.8
39.8089
39.4266
43.7338
40.5471
41.5118
39.3765
46.2584
34.108
34.817
44.5192
40.7634
42.7806
40.0616
35.4758
34.6514
44.1231
35.2202
35.1808
41.067
36.8964
