45.8166
37.0636
37.3426
39.0862
34.7986
45.2668
41.6446
47.3316
43.3862
39.3155
33.0197
40.939
33.203
41.914
51.3835
46.407
38.734
35.0641
41.3895
34.9692
40.3684
37.2625
40.4615
37.1237
40.3433
45.5245
44.8839
36.9053
53.3531
39.8852
32.9299
36.4462
36.841
37.9741
36.768
32.7656
40.5886
38.7515
36.4343
39.7887
44.7595
43.7464
47.4892
34.8952
38.4323
37.0801
38.7063
37.6352
37.8136
34.9855
37.1409
39.2313
38.3239
53.5842
33.5245
41.2735
38.9841
38.9901
37.1685
36.2264
38.3117
32.129
40.7112
42.3617
34.7096
38.2471
39.708
44.5512
40.822
31.5831
44.9583
51.4431
44.571
36.3109
37.6823
36.4308
50.0513
46.0237
35.3982
33.5055
42.7834
37.5673
41.5259
38.2484
38.0343
35.9643
48.4425
42.268
43.9753
35.7449
36.5489
42.7298
47.183
38.5891
43.9034
39.5613
32.3147
47.1251
46.0759
37.298
46.4704
43.1415
33.0266
37.2243
37.5929
40.4885
40.0597
38.0704
36.1055
36.0077
36.816
43.5124
37.2168
38.8243
36.329
41.6197
37.6435
38.9824
39.358
40.3236
32.8193
40.827
33.686
39.9464
42.9794
38.1008
34.8455
41.4858
38.0447
38.9813
41.8737
37.0599
42.7161
38.4399
34.0512
36.8704
41.432
45.5251
40.6259
42.1874
36.7742
43.192
29.5812
39.9531
45.0656
45.2977
44.1208
40.9653
34.1591
36.3896
48.1712
31.08
43.1159
42.5892
32.8884
38.8915
33.91
33.2685
34.6666
36.7166
43.2161
32.6974
36.8949
45.9307
39.906
38.3622
35.149
55.7048
41.0163
36.1201
36.976
43.8942
41.0701
42.5102
36.0642
37.9092
43.0013
52.012
39.7154
36.5968
41.4895
36.9617
32.1733
45.5185
36.5166
35.443
43.6369
35.5174
47.7401
37.4286
43.6137
36.3727
36.4223
42.1172
44.5279
40.9227
36.4174
34.0072
35.8425
36.6524
40.3861
39.9932
42.0087
40.4048
34.5944
36.2581
35.5487
42.651
41.4714
38.946
41.9125
44.3603
36.2042
42.7785
36.0443
29.4361
45.9396
32.2431
47.2635
31.2227
35.3288
35.9789
36.3399
39.6985
32.7289
38.6679
44.1966
46.0418
38.1908
35.9086
43.3642
38.1204
34.4858
34.7871
33.2764
36.0545
37.9785
45.8887
38.4648
44.3406
37.0097
32.4965
43.0603
40.7016
38.8293
36.7527
39.3488
42.6951
41.9793
43.2497
39.3879
50.1541
43.8004
33.714
41.5291
32.135
43.0311
38.7268
38.1935
39.8291
38.2711
36.9046
42.604
37.5659
33.695
44.052
33.1016
45.7701
45.701
41.83
37.9064
37.482
36.3089
36.1587
41.5044
38.9615
37.297
32.2174
40.8494
36.4335
37.2573
43.2265
34.1862
40.5199
36.413
42.128
35.4011
36.8419
35.6613
34.9446
44.0102
42.9658
38.9526
34.0315
43.2866
36.8996
42.1439
36.756
37.9308
40.1949
35.1229
42.1186
35.6245
50.2084
39.0543
33.5711
37.9532
34.1981
40.0514
42.6127
45.4694
44.3884
41.8807
33.4444
38.8022
51.3836
41.6343
41.4045
35.7657
38.3015
44.301
34.9404
39.2984
40.536
40.8744
41.4301
38.222
35.5472
45.126
32.9429
34.5036
39.5746
36.6324
35.5874
40.8453
38.4294
44.3452
39.2881
35.9016
34.014
40.2855
40.2859
40.5316
41.4768
38.1215
33.7898
37.7153
44.7245
33.4708
39.2332
31.4927
36.1814
38.3046
35.1549
46.3356
43.2066
39.2533
43.4534
41.3813
40.4335
40.5499
42.4913
43.4208
43.8352
40.4285
34.5101
37.8883
41.8059
37.9698
36.4153
39.5526
32.8983
36.9766
33.8646
34.1779
44.0198
37.8218
38.0159
37.9272
37.2204
34.3129
38.3736
35.9789
44.2526
39.4784
41.3207
44.8686
44.4083
38.8545
31.5892
37.7273
44.8241
40.9947
42.3582
39.7089
38.9264
41.1104
38.7857
39.9291
37.6368
42.0223
36.374
46.6118
35.8846
44.5189
34.0365
39.8326
40.8917
38.3209
34.1721
42.5437
34.7359
41.8627
47.7697
35.2557
45.3184
36.8758
43.1289
34.1912
39.3053
33.5984
35.8118
34.6984
37.9815
38.2644
37.9816
42.4879
36.1327
40.6596
40.6288
45.073
33.7027
39.2433
39.2414
33.5021
35.5001
40.5794
40.0046
36.0417
32.5453
36.2984
37.8415
36.0083
45.8054
37.4482
42.527
42.8646
29.9943
39.6907
38.6856
34.5488
43.5964
43.3355
38.3554
35.6251
37.9072
38.7339
37.5441
42.1014
32.0833
37.5868
37.0793
45.469
37.0293
33.231
40.5911
39.2611
39.0486
37.0027
34.8587
38.3669
38.4998
34.3916
41.5174
35.7537
41.3415
45.333
33.2499
48.7887
34.0191
41.4053
35.7163
44.2234
37.4595
43.4117
39.6966
35.296
38.0004
38.997
35.3605
33.2573
44.0604
40.4772
38.2666
32.3404
47.3801
45.0174
35.2365
33.1833
40.4953
39.076
36.3625
41.8313
45.1674
36.3274
43.8265
46.176
34.3221
42.1319
41.158
49.0298
38.6412
35.28
42.0183
36.2931
36.757
53.2011
40.4511
39.7246
33.4632
35.5054
36.6938
31.9843
42.5435
39.8487
37.4484
32.8208
42.4341
44.5804
42.3091
35.6568
40.2209
39.5697
42.9093
36.91
37.4211
40.813
41.4938
40.7937
37.7754
43.1885
33.8837
36.0747
41.988
44.9315
38.3263
35.8173
44.3858
42.7208
37.4879
39.0268
35.1328
38.0278
41.7377
40.5023
38.0105
44.4717
45.8485
35.6574
31.4361
37.5932
33.2638
40.7347
37.9144
33.8098
44.5891
42.9097
37.3168
38.9102
43.0009
36.9246
41.0609
40.9123
47.7231
36.2726
40.6605
41.0463
39.4199
45.0901
46.5427
37.9471
35.4631
37.3279
44.5505
43.7
38.3428
35.0209
36.8115
41.2648
45.0722
38.3876
39.0236
34.9339
39.5489
45.2901
37.704
40.2065
40.7645
36.3357
37.164
34.4334
43.8737
37.0721
35.4579
37.1357
46.5485
38.0407
40.6629
39.2415
36.4699
35.1469
37.7583
38.2324
32.6169
39.9889
43.9827
49.5962
40.7473
41.8901
38.273
39.5349
36.4752
44.7626
48.1731
41.8305
40.4412
42.6125
34.9896
44.1166
33.9316
35.9036
40.694
49.2821
46.0993
49.4482
37.1019
36.4256
33.2316
43.2341
35.7411
32.6825
31.8936
35.7177
33.8074
38.9557
32.377
37.9312
35.7012
40.6149
41.1279
36.3995
41.3367
38.4312
35.1529
45.8753
33.7539
38.2822
40.0596
35.346
29.0957
45.8351
32.2143
35.7254
45.2984
32.2263
38.3356
45.4088
36.165
39.9376
40.7324
44.8029
42.6159
33.5144
42.0412
38.212
31.2242
40.8747
52.8396
39.1782
41.6176
40.3523
37.0229
45.7688
36.8874
38.846
30.4492
33.3557
37.3035
33.0144
43.8601
30.5055
33.3174
39.3209
37.8745
38.8861
38.7011
42.8549
37.6891
34.1899
34.8968
46.5457
32.6296
43.1786
38.0376
35.4808
43.4947
31.8332
30.4515
41.595
32.8268
38.6002
40.4407
37.6571
39.647
41.8494
48.1041
45.0746
36.9101
38.5505
36.569
35.4311
33.7654
39.1951
45.9754
36.9881
35.8774
40.9924
41.5144
31.7899
35.8105
45.5604
45.8247
41.1128
36.1433
42.6628
43.1841
42.4173
31.286
40.7119
29.4635
36.103
39.6256
37.2791
37.9901
37.6445
39.1512
44.066
50.7592
47.2528
49.5648
37.8873
46.6653
38.3112
31.0844
31.4601
38.0614
35.3619
33.8793
42.7201
39.7684
36.611
45.7457
41.078
47.9912
40.6827
39.1196
45.6739
39.727
34.4773
40.2468
33.3395
46.7639
35.0994
32.7901
37.0684
37.365
42.2485
48.8303
35.9807
47.5191
37.1733
35.9906
34.4246
49.5589
37.8715
35.3116
39.8394
30.5465
38.3911
36.178
42.3908
43.652
41.6343
38.746
39.9442
40.4069
42.5832
52.3051
52.2367
34.3446
38.6656
44.3075
49.1264
42.4814
43.3517
36.4517
35.515
42.7748
44.6395
39.9199
36.5735
37.1291
36.2194
36.4922
34.0365
36.8499
41.1483
37.5409
40.794
41.5526
34.5364
41.2767
47.8765
33.4758
40.4454
36.1901
39.7477
41.8654
47.7226
37.5139
35.4128
40.1041
38.5591
38.4112
37.005
44.3671
38.536
38.6979
61.8585
43.0559
42.387
44.5832
38.696
60.418
49.5689
47.9912
41.5806
37.7116
38.8241
40.1267
43.3509
46.4617
36.5239
44.5614
42.7507
47.4932
37.0469
36.6941
36.7598
44.606
33.8897
40.9744
35.7837
41.3439
40.6765
43.9827
34.4604
37.5334
36.202
50.8358
33.7699
34.3002
38.4698
35.3981
31.0637
36.6478
33.3219
38.2934
36.1887
41.1687
41.0145
35.7208
43.2459
37.763
42.3774
35.9383
32.6817
40.6465
40.4295
37.6834
40.7646
37.9021
43.7084
51.5915
42.6912
42.1345
38.1787
37.4423
35.3257
41.0191
43.7637
57.3435
43.4104
44.4039
43.9106
33.9189
41.8932
39.2458
32.7467
41.8975
33.9945
37.4647
42.9037
37.032
33.5896
41.7305
34.6344
42.5842
35.1307
43.415
34.1261
37.3876
32.3529
31.0024
40.8879
39.1991
39.8417
32.5988
49.2967
46.903
36.0324
55.2145
40.7941
42.5001
40.2427
34.3555
39.5533
47.3926
40.753
34.2287
36.2155
40.2988
35.4426
36.6785
48.2415
34.9092
40.0684
40.7988
41.1844
43.8039
48.8657
37.4908
36.4237
32.42
35.8875
38.5991
39.0019
50.4726
34.2594
37.0979
37.0359
38.3157
42.1179
38.0556
48.527
35.1547
37.9981
35.6678
41.2433
39.8121
31.5894
34.7703
41.6582
42.184
34.0324
40.8815
36.3797
40.3602
44.279
33.8039
46.0817
40.0995
41.2824
49.4302
36.7909
58.6805
42.6305
45.2613
45.0674
36.5823
37.5112
39.7312
37.7729
34.6198
34.8609
61.7943
32.4613
42.4598
39.1851
47.3088
39.3634
44.6957
41.9744
40.5373
37.3137
35.9504
36.5073
31.3618
41.5203
32.6287
37.5361
36.0093
36.3283
31.7648
36.4539
34.4087
37.4291
38.2319
39.8078
45.2789
41.7104
37.7284
37.7169
39.978
35.8199
43.124
42.7069
39.8
41.8936
37.1828
39.5013
39.4692
43.3975
35.3677
43.092
35.3296
41.8405
40.3451
35.043
36.2045
45.1027
38.3333
36.5577
45.6511
36.2615
40.6886
32.424
38.8226
42.211
44.9844
36.1792
37.7064
37.8957
49.7745
43.9263
40.8225
38.076
45.7201
40.6201
39.4057
48.7297
37.3075
36.4332
35.858
34.9506
31.0968
37.0186
34.8437
46.7456
41.5349
41.3162
47.1571
42.7538
56.4608
43.7764
43.4223
34.9383
39.1204
32.2588
36.6113
38.6768
34.0093
36.4417
43.5866
36.5215
46.1107
39.0651
39.132
47.6742
47.7167
42.6575
45.3626
49.8303
42.8462
37.3788
34.9718
43.5222
37.2747
47.8962
36.0081
48.1122
37.1011
41.1337
41.0985
41.6238
33.9708
54.672
41.7046
37.6559
34.6178
36.4774
40.1274
37.6893
38.8963
38.3594
44.9808
35.825
44.4341
45.1223
32.1117
34.4267
36.6135
36.4745
33.5344
36.7738
35.0641
41.2266
42.4508
37.6117
36.6446
39.7134
40.3739
38.0595
41.2328
34.5258
32.1731
37.3794
37.8124
35.7109
34.6752
37.5645
46.4753
43.6975
37.3303
40.8049
38.4902
35.5886
38.3525
47.3302
36.343
40.5185
45.8662
39.9168
39.3889
36.4548
34.1011
46.3176
37.4494
39.0978
39.0275
44.636
44.6269
40.3144
43.1825
44.3692
37.1715
51.0261
38.2621
37.5921
37.6596
33.2552
38.7482
36.6998
44.3884
34.1326
36.1839
36.0061
40.7097
40.765
37.2155
39.2922
39.9718
44.5661
42.3053
39.0502
40.9705
34.9119
36.0314
49.3611
42.9116
31.5208
52.3174
40.7331
38.6542
32.4188
37.0596
37.3142
35.6264
37.9854
45.1478
38.9123
32.9394
35.5197
35.4372
39.631
34.0764
37.7214
33.2682
35.1664
43.6873
33.6377
33.3096
33.5147
36.1283
44.3035
43.1868
33.2707
42.9709
38.5516
38.4371
37.5037
35.0209
40.2889
39.1179
34.1016
36.0274
41.5688
38.0145
39.2553
50.0642
41.0623
36.9446
40.5085
37.7595
43.3462
34.9365
37.2318
34.9563
33.8887
36.6248
41.3164
35.5133
41.8161
37.4762
35.1924
32.5433
33.9574
40.9245
40.4755
34.3406
41.83
48.3832
40.4495
40.829
37.578
36.9687
39.8096
42.3994
36.0963
39.1927
35.8618
43.3802
36.1552
39.9046
34.2131
38.8872
38.2852
31.8176
38.1269
38.0076
31.6051
38.3981
39.0014
44.444
37.3976
35.4275
39.5373
35.7671
41.9315
43.6182
41.1393
34.5088
44.1924
36.1134
38.9212
38.7173
35.856
40.2992
38.1341
39.1634
35.5291
37.2957
41.7299
32.6883
40.2158
35.3825
46.7648
39.9089
43.9073
43.6145
32.6486
39.2314
37.1591
35.7703
37.4676
43.5255
40.3574
48.1398
37.7035
41.157
38.1522
39.8401
36.7689
51.3322
38.0988
39.9401
36.2332
39.5529
40.6103
34.1912
38.9182
47.2311
40.8139
37.8533
38.8329
33.9093
39.3051
39.7163
39.2787
38.8827
40.8458
36.9684
42.8005
33.8442
32.9845
37.6972
35.8107
40.0847
41.0342
39.1738
34.4142
32.5166
41.6523
47.1259
42.2085
34.5205
42.5736
54.0619
39.555
35.5466
41.9775
45.6677
38.7254
34.6935
39.2179
42.8669
37.9268
39.4746
39.8599
38.3468
35.7096
32.2582
38.601
42.1753
41.9325
34.6777
42.5081
35.6475
44.3258
34.2446
41.267
35.1707
34.6964
39.1076
42.8684
38.834
37.1858
51.188
35.7612
41.717
45.2605
30.3832
39.7042
35.03
47.0101
43.7443
40.1725
44.4175
46.5794
33.0935
33.5408
39.8385
32.5269
32.9695
36.2067
55.46
44.7139
36.5167
41.5038
35.4989
35.1719
34.8862
33.352
32.7255
34.7047
39.1251
35.5693
33.331
38.7454
34.9409
48.267
40.6578
41.9963
34.3482
41.4106
42.1562
38.8206
36.9674
43.2711
38.3051
39.2631
37.458
34.3522
34.161
37.3377
30.8085
37.1686
40.7597
36.3152
39.4001
34.3278
40.6224
40.3298
33.5419
35.464
41.2288
35.1946
43.7953
36.7093
40.8205
38.994
35.6686
46.3299
41.3623
32.7271
45.5651
47.5754
41.6211
41.0954
40.7651
33.9606
38.1787
33.5038
39.6119
45.0382
39.4321
36.0377
39.0683
41.2488
43.5162
45.9392
39.8426
32.6997
31.5629
35.325
41.4372
44.4489
46.5345
43.8883
40.476
37.2067
33.7439
33.1289
37.3523
38.8475
35.6629
41.2332
35.4639
39.982
40.6984
43.5295
33.9638
41.0942
38.4578
38.7479
40.3524
40.7442
36.9315
50.4691
42.8049
32.5821
55.8524
38.1183
51.0351
38.6485
30.3095
40.6953
41.9659
40.4356
34.7264
42.2914
36.7058
45.4898
34.6129
39.9856
40.1996
37.6246
45.3255
43.7544
37.5217
44.5329
40.0894
38.4721
43.8825
36.7889
37.2673
42.5976
41.1921
42.6948
39.8712
39.2685
37.8394
34.4208
34.1365
47.5365
41.2049
40.836
37.7223
45.0259
31.3692
36.3322
39.2693
55.399
38.2684
48.5707
41.9871
42.2349
36.1505
37.3697
48.0579
47.9955
36.5126
51.0434
39.8756
32.9394
37.8589
37.7416
41.482
32.4526
36.9823
41.3828
34.6648
38.7118
35.5408
33.537
43.6703
47.153
33.5565
39.5732
37.8163
37.5064
37.0954
40.137
40.8718
37.1147
34.4427
38.6558
42.3277
39.577
37.8524
41.1054
40.0394
44.6389
32.9912
38.6736
34.7744
36.7853
39.1736
34.1948
39.8918
34.104
41.3639
31.5392
44.1868
35.5619
40.8912
41.1203
42.1582
36.5236
40.296
40.4939
31.4542
45.9191
38.3804
36.138
37.1657
43.0247
41.6198
48.5779
40.6215
57.648
37.5301
38.2268
43.0084
38.9359
37.6139
37.2745
34.4782
38.5268
37.3918
43.3704
33.8913
34.2661
43.03
43.4411
43.8818
33.6966
40.2378
33.7023
36.4607
41.2513
38.7157
37.2682
36.0229
47.3049
42.496
38.0683
39.86
38.6168
52.3178
48.599
34.6318
35.2543
38.7685
41.512
48.4787
55.3779
49.7481
46.4953
41.2552
39.3075
41.1582
35.9925
47.8339
47.1209
36.7066
38.1724
38.3351
34.6106
35.036
37.3051
41.289
34.5441
40.4514
40.9189
35.6414
38.2653
40.4039
38.7999
40.3877
36.795
42.7686
35.2975
36.1945
40.4284
39.3312
38.7403
35.8844
34.9409
44.4009
38.6793
33.5254
39.2331
39.7631
37.2385
42.3972
37.8725
39.7953
37.5601
41.9192
39.6655
33.9921
42.6122
37.6719
42.7712
37.4334
35.9807
35.5209
39.8452
37.2755
36.3916
39.767
43.0523
39.3028
38.4224
40.3374
31.8129
42.2302
37.2293
38.966
42.2478
38.4547
30.9396
35.2594
39.37
48.4963
39.3638
39.3342
36.2483
44.4149
35.6816
31.4036
37.8377
37.8208
36.2765
39.3629
44.3931
37.6901
32.67
41.0803
33.7196
36.2947
37.8775
41.1966
37.6314
33.4164
37.9773
36.5301
40.3384
34.4164
37.4749
37.3062
35.8363
41.8136
40.2915
35.0275
34.8861
38.3879
34.0559
43.3819
45.3097
42.3412
39.0251
36.9958
34.6638
36.6471
37.0543
31.916
36.8953
40.2237
40.5298
38.061
40.3882
41.8128
41.9402
51.0089
37.652
38.6608
38.1807
29.2516
38.1034
35.4746
43.6733
37.9994
38.1165
43.0138
44.7261
37.5783
40.7492
33.7685
43.3024
33.5627
31.6487
33.1234
34.3273
45.4032
35.8776
44.4953
37.4979
34.3479
37.8614
52.2854
38.3534
43.1622
36.5582
35.6705
44.0831
36.366
38.2244
37.5041
34.5823
40.5475
35.2353
41.5379
41.4886
42.357
37.251
42.9107
39.8115
37.5873
46.7071
37.7918
44.6068
49.218
34.5394
36.3141
42.088
38.5177
40.9575
36.0104
36.1525
36.0138
37.7293
35.0758
33.7729
39.6298
33.2358
34.8743
33.7605
38.1946
41.9763
38.1229
40.9986
38.2427
37.3836
42.2177
34.9738
32.5599
46.9839
53.4059
40.7637
39.6804
37.0451
39.9056
39.9402
46.8193
42.0308
36.2189
33.3762
34.8633
32.1318
35.6586
44.9425
36.6777
36.3768
53.6513
35.3823
47.165
36.0735
35.1606
44.7072
41.1506
44.844
45.4394
39.6243
39.7597
42.6272
34.583
40.1996
42.1898
36.0492
40.3759
37.8235
41.8077
43.0371
33.7684
37.1205
41
35.1424
32.408
45.1335
39.9973
38.0287
33.9272
42.4613
42.4079
39.97
40.4332
36.6473
38.8056
37.086
44.1692
32.9258
36.407
38.7418
40.6085
44.2228
41.3252
34.2141
33.9952
41.2934
37.2783
34.8406
40.2185
38.9557
37.7405
36.9239
36.4771
37.224
33.5815
35.3543
34.1885
37.4418
36.2946
36.2433
37.3259
42.0378
38.1771
30.4322
38.2683
42.3497
47.6572
41.6478
34.1808
39.7181
40.0449
39.0054
36.8545
39.8997
46.9229
38.4384
37.462
39.8911
39.16
40.9835
40.479
33.8946
42.8624
43.1324
35.675
35.1971
37.2823
43.3982
38.667
32.8612
36.5912
46.3233
35.1279
39.0585
44.583
34.1795
32.7317
33.7021
42.4636
40.6619
37.8884
39.6748
40.9085
44.5666
37.1936
44.135
34.727
35.7408
36.1777
37.8697
33.9074
45.8788
42.3442
40.6305
33.6381
37.2393
35.9154
42.2513
37.5536
39.477
35.6467
38.6905
47.0204
39.8019
38.4119
43.7717
45.0883
39.8346
40.9386
37.253
35.9549
35.3265
37.5055
44.0925
32.1244
36.4211
40.1195
37.6554
41.242
41.6239
37.5299
35.405
36.8397
39.8236
40.4102
36.0915
35.6582
33.1008
48.4179
33.4217
32.8551
45.1074
33.5629
38.7735
36.7393
37.201
36.7815
36.0616
34.1479
41.5021
34.866
32.6951
39.9763
38.5069
46.7722
32.0678
42.5063
36.4528
35.1634
54.4782
36.5223
38.7042
41.0473
42.9148
35.0192
41.6755
41.4765
37.2714
50.7791
41.1051
38.8009
39.8721
42.2816
33.9665
40.0392
33.4461
42.4858
41.9132
38.186
41.627
41.9447
45.8174
40.7985
45.5784
42.2182
39.2934
48.9343
41.1317
38.2687
39.5178
37.7623
34.5062
49.4983
42.2505
40.7661
39.8037
33.9041
33.8387
43.6871
41.5939
40.5709
41.3245
35.0258
41.7971
37.603
41.2068
44.1254
45.672
41.3625
37.9073
43.5479
46.5266
39.6748
40.5493
44.1879
39.3584
37.2669
36.6802
39.9261
32.4823
38.5611
34.5685
42.2686
34.3127
47.6804
41.1209
44.1124
38.4116
37.0001
42.1467
45.1226
44.5919
37.6558
44.2293
35.243
38.6591
35.5093
32.0272
37.3072
36.8963
46.4543
39.017
39.2989
37.4186
37.478
40.6825
47.6229
39.5545
38.9079
39.598
38.5372
38.6987
38.8398
33.4735
38.9607
37.3433
37.6216
34.5979
39.0065
37.4981
38.2524
37.2675
37.1385
43.7721
33.2027
39.0753
39.028
37.1618
44.1889
37.1375
51.7517
41.3051
37.3624
39.3079
40.6295
34.6053
39.3917
30.3962
44.1515
59.0939
49.7364
37.5772
47.6659
36.5705
45.4275
43.9663
47.0964
52.0504
42.7252
44.8291
43.0447
39.5202
48.3971
31.42
45.2882
40.2394
43.3374
40.4051
36.4951
42.1878
37.7408
34.4512
38.0398
38.0897
34.1145
45.4377
54.4943
42.6996
40.3742
34.6801
40.1081
36.9477
35.9155
36.5367
33.4437
42.7506
42.8801
38.5526
42.2268
32.7165
35.2308
32.8105
38.5553
36.7986
43.9581
37.3386
45.0746
40.299
44.3569
39.6124
39.9188
40.1031
41.0447
35.2759
39.5323
38.8659
42.6899
34.4861
38.8664
41.2871
31.0047
36.1323
40.1584
32.1985
41.4561
34.512
41.8021
41.9559
33.207
40.3607
37.9586
37.2583
31.0803
35.6332
38.0418
40.9543
42.0902
38.5832
41.6279
34.6016
38.4067
39.6895
37.0262
35.9996
46.3785
37.143
39.9619
47.9809
43.7491
36.2025
38.09
34.0849
46.5522
29.6256
36.2431
55.0669
33.7269
42.1673
38.2503
35.6857
37.4701
36.42
44.394
34.7617
41.8203
36.2654
36.0897
37.9644
48.3999
36.1664
45.6492
38.5214
39.9744
43.0206
42.4162
54.0987
40.199
39.0495
37.2563
38.6555
48.4376
40.1635
32.235
43.1288
36.7849
35.5194
45.776
32.0007
36.9063
34.5931
43.5823
39.9665
43.1073
37.1378
43.2469
44.6849
36.5994
37.8621
38.705
50.6542
47.3362
48.2028
35.1679
38.9756
42.7779
39.757
40.5288
42.2928
32.0347
46.7716
46.5567
37.9329
31.3827
43.7222
33.1812
30.9627
38.6677
36.3664
39.7003
37.3912
39.3673
37.2008
37.7739
34.0465
35.3772
36.9218
41.5811
42.4739
37.5978
38.6755
39.8521
40.33
43.2523
45.161
39.4947
37.229
40.9001
40.3555
40.0435
31.4729
36.5203
42.5608
34.1369
35.0344
37.8116
46.2831
41.7354
36.4434
40.3675
41.0265
44.7334
44.8538
41.7498
40.6353
35.0198
44.743
39.3537
37.8076
34.1642
37.2101
38.9616
38.7471
34.9478
32.5706
33.068
37.5646
58.703
48.4297
29.9685
34.5433
37.2054
31.6899
43.5823
40.9177
36.9935
41.0236
34.67
35.4216
31.5408
39.0327
40.7589
45.6517
40.2037
38.5222
34.33
48.4131
37.9624
33.1148
42.1518
49.318
41.2752
34.8142
40.3738
39.8934
35.3703
41.3736
34.912
40.4636
39.5884
35.4301
38.115
36.7981
39.9575
35.936
39.0817
32.6068
35.507
35.2434
41.5454
32.4758
51.2496
38.5124
37.959
48.366
39.8469
40.5908
35.96
41.3475
38.6559
48.7925
45.6171
40.5396
35.3921
40.2727
39.3387
38.8683
36.9112
36.327
51.0607
39.1033
37.474
39.9897
41.074
32.4747
40.2075
32.439
39.0887
42.8843
39.5958
31.525
38.1326
42.2018
38.6961
38.0286
41.3083
42.3706
49.195
35.9022
36.8892
38.0429
38.9525
40.0196
37.3928
41.8028
36.6582
45.6052
35.9543
40.892
38.1812
41.6472
43.2433
37.3295
52.3984
36.8818
33.4059
38.522
44.0694
40.5961
36.2482
39.0556
33.4174
34.1204
33.7437
32.6467
38.3854
31.5796
42.6836
31.9145
38.298
38.1801
42.5263
45.9929
46.8271
48.5333
40.4993
30.7513
36.8426
38.1189
39.5771
38.1881
40.4868
39.6337
38.3157
38.4288
39.2611
32.0641
41.0276
42.2812
43.1693
31.6529
36.2642
45.3643
43.096
42.532
46.2762
40.4364
47.7258
40.6397
39.8575
35.521
36.6379
41.861
38.968
37.7097
39.5073
39.3806
41.9852
37.6689
38.4253
36.487
44.9863
41.8977
36.5667
36.4113
39.1811
46.0091
35.0181
37.1343
32.6712
38.9402
42.3413
33.2858
41.7744
46.0141
40.1511
35.8873
34.41
34.0943
34.4743
38.1118
37.7917
33.2649
40.8524
34.2873
39.7179
38.8549
41.7369
41.0421
31.3718
41.0867
34.3794
34.6246
38.3804
33.7536
34.4914
44.7202
36.3424
46.0384
43.7783
39.4879
36.9807
37.4547
41.6503
38.6782
40.4644
36.4275
38.2132
39.3552
33.5512
46.6861
33.3815
37.4049
39.1383
40.7878
42.7492
40.9053
40.0192
34.5304
63.0279
36.8522
42.0705
31.1987
36.4573
38.2799
50.359
38.2219
47.1372
38.4704
36.9979
44.4292
44.139
43.2172
34.2729
38.8628
42.1641
56.2665
38.2788
43.3184
37.1888
43.1537
33.8026
35.4555
39.8881
41.2372
36.6541
45.9628
38.6389
46.6563
40.0202
39.7212
38.3879
44.3667
42.7809
37.3589
39.4054
35.9465
45.0706
35.5926
36.342
48.3391
36.8402
44.7946
39.8446
33.4905
43.4768
48.9106
38.8925
34.3588
42.3124
40.7796
34.8757
42.4061
44.0056
37.3374
39.8058
38.9461
37.9898
34.5234
49.1358
38.0105
32.7022
33.2521
40.5098
43.9141
34.7353
47.9017
42.8959
42.5595
37.8347
44.2487
33.6124
34.7615
34.3954
35.4196
43.0648
34.7386
33.9101
36.3261
43.71
32.1095
40.1767
38.5955
35.7513
47.5163
34.6161
36.9378
42.6097
42.4863
39.9133
33.1455
41.5423
45.1736
32.6899
53.5901
36.0888
37.8126
40.6255
39.1109
42.0949
39.849
41.1193
33.5168
38.8776
47.0438
36.7376
35.5424
43.7287
36.0616
39.5207
42.6964
41.4225
35.8129
42.9148
40.0563
36.1441
42.7395
38.5187
38.6585
46.2131
34.3316
40.7785
36.5031
39.0993
45.5782
36.3875
35.9516
33.328
37.0249
36.6763
31.8856
34.2024
40.8428
34.852
46.4347
33.9815
37.0552
36.988
37.4073
41.4234
37.1191
36.8806
37.9063
50.9727
35.1105
41.9566
38.8659
40.3243
43.1396
37.4112
35.4204
45.4134
35.6588
33.6344
34.3763
31.1099
36.5222
35.0629
45.5729
34.8476
36.7372
35.4309
39.6827
41.5333
48.6098
33.2312
37.2837
35.1393
37.219
40.0036
44.0113
34.0531
41.4037
41.7643
43.5444
37.354
34.7138
34.8633
45.0311
35.4163
33.426
39.0578
37.6489
45.3342
48.5657
40.7535
46.6554
35.5056
38.5045
38.1523
31.9706
47.6549
44.7191
41.8225
37.4463
36.1084
41.5329
40.4355
43.189
38.1005
38.9661
38.8431
47.8587
39.8043
29.0302
43.9248
42.9822
40.6567
35.0122
40.7686
35.2718
41.1808
41.3306
40.1902
34.5165
33.4759
34.4629
45.1782
35.3949
46.7458
32.3565
33.2957
36.4052
32.1225
40.4486
39.3148
36.9166
33.7841
35.6546
39.5538
39.5284
39.7597
45.8196
40.7459
39.1589
40.4005
33.4901
39.4696
36.2505
47.3559
43.3909
44.6829
47.3523
45.5695
37.6248
37.23
36.0203
38.7922
39.8782
35.5083
37.5171
35.0527
44.4006
34.1615
39.7874
33.7084
35.7903
35.7988
35.3976
46.051
33.0942
35.1316
52.9797
41.7528
46.7438
38.8797
41.8556
38.5664
44.0724
40.9674
38.3673
35.7498
38.2683
38.9417
35.6356
39.5736
39.5985
39.9243
39.9439
36.431
42.4542
33.1523
46.468
37.5051
33.4456
30.8917
38.8491
39.2321
35.2589
44.4801
38.5425
44.4624
42.325
42.9944
41.962
39.5846
38.5105
43.2924
43.3411
41.1847
33.419
46.2826
32.8492
41.5633
36.2823
33.8258
39.2007
41.1851
42.8448
37.3317
41.4764
36.6711
34.2302
46.4537
31.0828
35.1262
36.0818
39.0383
31.9538
46.8726
43.2764
35.5768
37.2798
37.9007
39.3681
42.5828
41.145
43.3639
41.3404
35.17
45.8858
41.4044
44.0464
37.2531
37.1253
39.5873
39.2097
38.1533
34.5833
33.9609
35.444
41.4316
44.7247
35.3447
38.4699
38.5365
34.3902
45.6294
37.0384
40.1549
41.5836
39.1676
37.6318
41.5025
42.767
41.454
41.2279
40.987
45.8198
39.6885
41.3328
46.5132
41.7854
38.0043
43.1727
32.6336
41.8889
37.7359
43.1657
38.5547
52.9762
40.9461
36.3357
42.5076
31.9246
35.7877
40.4917
36.7071
36.5857
35.5622
44.7795
43.6639
41.3819
37.3612
34.7865
33.8093
36.9346
33.8559
65.3442
41.7027
46.0511
45.4292
34.7793
43.9005
43.3263
37.5017
46.0781
45.025
48.2234
34.083
35.4877
32.538
34.545
40.8905
38.2606
34.9052
30.0226
42.2292
46.47
37.9277
39.2792
39.4099
32.0339
34.0338
49.1319
45.4614
35.6072
44.0853
44.2325
43.6354
37.6859
35.6648
30.7645
45.0843
43.5568
34.2266
41.0878
30.5886
33.2505
43.3036
31.9462
41.0431
37.4857
38.887
39.1773
30.6893
44.8303
39.2223
40.9487
46.9715
40.269
40.8997
31.7626
37.7862
43.0561
48.5416
37.2208
47.5818
43.1587
35.5085
46.112
34.3948
46.1372
36.3195
41.0731
45.4764
37.3864
43.2776
41.7054
37.3034
35.2663
36.6667
36.472
32.8723
35.0878
40.2061
37.7898
40.3281
38.0335
38.2513
44.7564
38.4785
40.5939
41.4271
39.6317
36.4206
55.4629
34.5954
44.8896
40.3635
42.1398
42.0949
30.259
37.1452
39.3333
51.849
37.617
36.8667
48.4144
38.2045
42.4445
39.958
44.156
39.8509
44.7819
40.113
42.7777
38.1152
42.2076
41.5532
42.7336
41.2293
35.7683
47.1375
39.435
41.6245
32.083
41.8335
35.1152
37.1933
39.7888
38.4655
33.3154
41.5321
45.3079
35.0071
36.3257
43.0343
37.4692
38.7415
39.7103
34.6431
39.9933
33.5662
39.6142
40.4891
51.1341
36.1089
41.271
51.7432
34.9615
39.4302
38.8995
35.6581
52.8291
40.1385
35.7763
37.1191
37.7756
39.0328
43.809
35.8135
36.5372
38.916
33.7199
40.0932
36.5612
38.5791
37.9347
40.4825
39.0019
40.1942
35.3363
37.9502
42.2004
31.3488
35.4876
41.1158
40.2913
45.6635
41.7989
37.0943
34.7396
38.9081
32.0876
37.2572
38.2923
38.0354
39.0744
32.2856
33.1367
34.5551
38.9837
40.1051
43.2898
39.6446
34.6566
43.9538
47.5183
50.1465
38.983
43.7653
34.1933
40.8259
45.9463
40.8848
57.6108
37.9004
32.5668
46.0349
40.8633
32.2335
41.492
31.4362
32.7419
41.6047
32.5452
38.7203
42.8069
40.3744
63.565
34.8738
44.3151
40.844
46.9696
35.3169
37.9414
37.9028
45.6632
34.7779
37.9619
34.7446
32.6513
34.3011
37.5447
36.1147
36.3433
36.5818
35.5754
36.3346
38.9218
37.7376
34.7442
34.2269
45.5499
42.3024
37.0507
46.6203
29.8653
44.3898
43.0794
36.0421
40.4984
44.8114
46.207
43.7233
37.9382
40.8879
36.5861
38.951
43.968
39.9582
44.7913
37.2358
40.2558
40.7257
36.8641
43.5987
34.8253
48.2336
36.7801
43.6677
44.5998
31.4207
33.5151
45.0048
39.8108
36.4344
47.5976
34.4667
40.3088
37.0347
39.8086
32.8286
39.4279
52.0655
39.172
40.2587
35.0235
38.3351
42.0951
40.6529
38.0029
44.6559
37.7888
36.3467
43.2834
35.9854
37.8501
33.9381
35.3387
39.2856
33.1065
38.0594
42.5752
34.4691
43.2592
36.3378
35.4662
36.8563
36.2431
32.2933
36.3887
33.2479
41.3039
38.519
35.1673
37.1954
38.8814
37.6634
32.5128
40.3456
37.3234
40.4113
48.6081
39.1497
34.3503
43.0761
39.261
40.2047
44.6565
46.8475
44.6344
40.1056
37.7854
38.8823
36.8061
39.2436
38.4307
32.0931
37.8759
45.3346
43.4681
35.8733
39.0758
42.9918
37.789
37.8009
36.5725
35.2896
35.2455
38.1055
35.8477
40.4319
41.3423
42.0264
42.3418
39.8944
39.1092
39.5817
40.3841
52.8121
34.8953
41.2963
33.1988
41.4519
38.0236
34.6727
41.5393
37.8463
35.8863
35.7559
36.6495
40.3756
45.3414
38.9543
37.4926
41.1819
36.6156
45.0925
41.4003
47.3879
34.7968
36.4284
34.3929
39.2637
44.8956
39.2332
45.4823
35.8565
38.8227
35.594
44.6699
44.508
53.0178
36.3386
39.431
42.2094
47.1118
38.2719
37.5062
37.4924
33.3315
39.8214
49.592
37.8797
35.4092
37.0975
39.9011
33.8279
40.8464
40.9335
46.1678
41.6724
37.3959
38.7486
42.1165
38.9437
38.8944
41.895
42.3904
41.7505
42.9309
34.599
45.7393
39.9727
33.7058
44.0243
37.5918
39.1439
33.8884
37.4932
37.5781
47.0941
39.8466
40.8064
36.6579
35.5385
38.149
36.6372
38.6047
32.2972
39.1428
39.7522
41.1139
36.0128
38.6046
39.0518
38.0207
37.8686
31.3797
37.6038
44.9034
40.0713
45.7329
40.4321
40.4938
36.2716
36.2756
40.8376
32.6353
37.2209
42.6243
50.6349
36.1328
42.0818
37.9514
37.0132
40.9714
32.9774
37.159
50.5201
36.7269
36.9629
43.1621
33.0606
38.062
40.963
30.551
39.281
35.9608
46.1963
43.4236
48.6856
38.8556
38.2406
40.853
38.8882
35.8125
33.4439
36.7407
43.2945
36.4286
39.5405
41.4285
37.9204
35.683
40.2551
37.6167
36.3165
44.6657
32.6931
41.9574
37.784
39.7337
36.696
36.3676
44.0081
36.1918
39.9792
39.9581
41.0585
45.4248
35.7578
41.5756
43.9496
43.4761
47.683
41.6625
39.882
39.5576
36.6952
36.7814
41.6661
47.9873
42.6562
31.6305
35.7634
35.3011
39.3539
38.2353
37.4022
47.8999
36.5934
40.3729
36.7882
35.4772
44.9688
40.9286
44.1753
39.7362
37.0046
39.146
41.4524
32.8151
41.9496
39.5642
33.1276
39.7533
39.4197
49.5974
43.1007
39.5216
43.6963
37.8512
39.0487
35.7538
44.8533
36.0104
41.1015
32.7263
37.3597
43.0077
34.7907
54.8967
37.7004
44.2783
36.8369
38.3959
32.1744
40.3773
35.7092
32.3913
45.3673
41.0787
37.0956
47.8897
39.5137
36.1943
41.9422
45.8022
44.6053
42.6024
38.1402
40.2859
37.5187
47.718
33.5015
37.7595
37.4366
37.2033
37.9145
36.3985
42.1007
38.1987
33.3794
31.9446
47.3121
43.623
42.1823
50.6776
37.039
36.0444
42.2835
50.97
37.4089
38.9745
40.6347
33.2072
35.3138
48.1753
36.1004
37.2743
37.4888
33.0203
50.96
41.5872
36.3399
36.3136
38.9543
42.3116
44.2323
31.7026
39.8896
43.6573
39.0193
37.2135
52.5572
50.3558
36.4337
42.0792
47.1363
46.8579
37.4357
42.1595
34.6907
40.476
37.7788
36.8103
48.2816
39.8905
39.5361
44.8515
36.5659
33.5697
37.8168
41.6268
42.766
30.8699
37.6556
34.7063
46.0342
39.0654
42.4815
36.2948
36.7539
47.8634
38.6634
43.1994
34.0039
43.808
43.0308
45.7836
35.9691
32.9486
45.3925
33.0391
41.1555
55.341
39.3236
44.6639
42.5998
39.2038
39.2831
37.4164
34.7581
34.8295
36.2766
31.4007
34.1206
41.4557
40.7227
38.1699
38.6025
49.3136
51.5681
36.9632
37.524
32.1092
44.1066
32.0235
35.7587
46.0288
39.0775
42.5823
37.2506
44.8052
38.2157
36.0383
39.646
36.3457
40.6886
47.4138
33.1363
38.3547
36.1966
39.815
29.9516
40.9471
40.1151
34.9275
45.3516
29.1374
38.244
37.6822
44.6374
37.0567
39.5277
41.0134
38.3611
36.7698
37.8846
41.7495
41.9327
40.4456
36.3571
41.0431
41.3997
39.5176
42.0496
36.5904
33.8456
33.1249
41.5099
39.9807
37.2915
43.3006
37.5835
41.6137
43.73
45.8065
39.0675
42.0546
36.5659
36.0373
39.7865
35.4435
41.3429
34.6233
46.8022
38.9972
40.2628
41.0627
33.9688
37.6364
38.7196
33.3957
34.9545
35.7129
46.5997
45.5422
40.8906
35.6088
42.2184
42.758
40.9671
40.4771
37.7309
43.5472
42.3391
41.8403
34.218
33.8207
39.0402
43.3178
38.9725
39.4817
37.9618
39.8777
43.8208
47.194
43.9311
39.7215
38.8835
35.4513
34.2675
38.1106
40.829
36.9142
39.1904
48.0494
44.3717
42.9292
39.3669
40.0283
47.7785
40.6242
37.4961
48.3341
42.3428
34.2164
36.3129
38.1255
38.0205
36.5451
35.3982
42.0698
34.2561
30.7378
52.5121
39.008
41.1551
36.5491
41.863
35.748
32.5625
46.1924
36.9715
38.8397
38.825
36.0822
40.0942
45.9914
38.0328
40.5793
37.1407
33.635
34.637
39.0727
38.049
37.5963
44.2666
39.2893
52.0757
33.7708
41.8457
34.9308
43.0217
42.8292
38.7284
37.4391
42.7944
39.5422
39.9404
38.7808
31.4484
34.0107
46.4093
35.662
40.4677
41.672
47.8842
44.3118
36.0771
33.092
43.2357
40.9258
41.2788
35.7488
32.9067
46.5131
32.8482
41.9004
33.7134
35.5494
41.1225
45.1893
34.3514
42.981
37.85
35.4749
40.6898
36.2848
37.2876
38.9636
33.9611
38.3648
41.3882
41.4057
43.4299
39.1564
54.9515
37.4321
36.084
34.1109
34.5083
38.0638
38.9129
41.6481
37.9712
40.5999
33.5897
45.1936
36.2315
41.9949
37.023
44.8161
34.1421
39.7108
48.5585
42.203
32.5671
34.7847
33.6639
35.9646
37.8636
43.9927
41.2123
35.8902
43.6108
43.5581
33.5088
34.9892
43.1039
42.6033
40.9744
44.3202
37.216
43.7104
38.8744
38.9344
32.7925
41.5316
38.1411
35.7729
40.6386
39.1967
42.6142
40.9256
41.52
36.293
45.018
34.1923
42.2064
39.1749
37.6566
40.2616
37.4304
38.1211
35.0582
38.3126
36.3878
38.9239
32.0522
38.2364
44.7658
47.425
43.0419
41.7971
38.9722
34.7901
36.9748
47.5783
45.3885
46.88
42.488
36.4142
34.1789
39.753
39.2054
35.3686
35.5693
40.3249
42.9015
42.3732
38.1841
40.7667
38.0764
33.7016
41.4588
30.7179
35.7918
41.7954
35.8361
43.2546
34.9139
36.6286
41.0266
37.5337
36.9281
37.6316
36.6306
40.339
49.0946
41.4326
32.2686
35.1611
38.651
34.3098
35.7827
33.0003
38.071
31.1279
48.0047
35.5258
36.7436
33.6832
40.676
40.446
37.2593
38.7421
42.5968
34.4266
41.8037
43.2678
42.3844
44.1568
42.9144
35.0629
41.1629
32.8049
35.7141
39.6135
33.3663
42.3204
36.1793
36.1242
42.1777
35.204
38.728
39.6626
37.1945
34.6844
37.2579
35.5283
37.1621
37.1726
43.9082
34.3922
44.3328
35.5305
35.6718
41.2132
41.4451
40.7923
39.4552
43.6932
38.5972
41.0047
40.1091
35.3808
33.1945
38.1371
37.0182
36.5101
41.6263
41.0776
46.4276
39.8605
33.12
47.9113
38.5498
31.8082
42.9664
32.5845
43.4922
47.398
37.4977
46.9047
35.087
35.3775
45.9628
52.8529
36.8029
48.6172
48.0976
35.5873
39.7158
40.9626
37.2666
39.0579
47.9573
38.2133
41.8204
52.3349
41.4458
34.522
37.8423
48.5623
40.7702
39.1756
38.857
36.356
40.3491
34.8802
41.236
48.0227
36.84
42.5852
34.736
36.7131
34.8948
37.4274
33.7264
32.3571
38.9662
35.2349
40.9092
36.4906
37.3403
46.2945
50.2615
34.947
37.4792
31.4544
39.7451
37.6275
38.1191
39.8935
36.0189
47.0924
38.6163
38.3063
38.0099
48.9871
34.4418
36.4144
33.9826
40.3372
44.3826
41.2537
41.3808
38.8827
38.8933
37.6604
41.0529
31.5022
45.2657
47.5009
42.5565
46.487
33.7457
46.1028
35.7833
36.7834
34.6295
44.0002
38.9335
43.2992
44.7093
39.0477
34.5375
44.083
40.5474
46.6474
37.9213
38.5147
35.9697
34.4857
48.2614
33.8283
34.7282
30.3158
38.4191
44.5586
37.3607
37.7894
35.8162
41.534
38.4807
37.8001
44.6596
39.4009
36.7339
38.7128
38.9013
44.1889
50.2111
36.5964
37.736
44.3503
37.8348
37.6428
41.8593
37.0329
40.5997
38.5637
37.2643
37.0077
34.7533
37.5376
43.2582
37.4038
33.3754
40.2414
42.7324
48.2139
47.4885
37.5204
43.5493
39.1874
42.4425
41.8377
35.1866
37.6083
38.9086
36.666
40.4235
42.0594
48.3186
45.3046
38.7459
39.0584
33.5373
35.6369
38.9768
37.4014
42.3003
40.7433
36.9978
37.2844
49.1836
42.4648
33.2182
38.0164
38.5809
42.0831
33.9614
39.7182
31.2265
50.1448
42.5505
35.5722
35.4422
34.6243
38.0328
33.243
35.2108
33.0884
41.7583
36.0439
33.1984
33.0953
36.9136
40.1455
49.0162
44.2466
49.0322
33.1258
32.5918
40.9126
39.2021
44.1056
38.3987
36.0342
34.7911
38.9195
40.6353
40.6457
39.2871
39.9242
34.8969
42.1177
46.4764
50.1418
42.1684
35.0075
37.0659
46.3484
40.4331
37.3216
43.3438
34.6359
33.8973
38.2501
37.5917
38.0041
45.873
39.5089
33.2722
42.3312
41.9279
44.4258
37.224
35.3469
35.3722
35.1003
44.5215
39.8051
39.1939
43.3632
33.9912
42.769
36.5789
31.2364
42.8402
44.007
38.1625
38.9585
39.9346
38.5413
40.8974
42.0412
40.6542
32.2088
38.5291
36.4986
36.2234
42.6087
40.9518
38.3632
36.7292
40.5024
45.5424
35.9665
33.6869
33.2526
39.5776
35.9501
36.4403
37.2423
35.0759
37.9198
35.2656
38.582
46.2272
38.7744
42.9735
41.8291
35.0092
39.5486
35.0684
34.4567
33.9952
37.9394
36.6064
36.4097
43.7034
34.9265
36.4337
38.6287
40.6975
41.5476
40.2888
41.2169
39.5963
39.6083
36.678
42.5332
42.0216
35.8351
36.2753
40.254
36.7814
50.2728
36.631
43.0761
40.832
32.8415
37.1547
38.1009
36.3683
35.0588
42.5089
36.6801
35.8505
33.6301
36.8552
36.0666
39.2991
41.2553
38.3
40.072
31.9196
34.0209
35.7462
38.8303
38.1567
37.7397
32.7668
39.8761
36.6547
41.1286
55.4902
36.5578
36.9183
38.6388
49.7783
37.9316
36.1408
35.1315
45.7054
41.9177
39.2694
34.4527
47.8357
36.9944
41.3644
42.8008
49.8151
37.2832
45.5903
32.1294
38.5783
39.1041
40.1428
45.2308
36.7872
37.7365
37.8767
39.7826
40.5288
41.3259
39.197
35.5005
40.05
37.9465
33.5246
38.8132
31.3038
32.9522
31.1149
37.8205
40.1986
45.2426
44.5619
49.667
36.8991
34.8848
50.0527
38.7047
37.7807
33.9766
42.3042
32.3133
46.5381
37.8764
38.6307
35.5532
38.6982
40.776
40.528
31.2098
36.2329
36.615
41.2565
40.6295
46.5
34.5801
43.3863
41.6746
42.9224
38.0809
35.8874
36.0313
42.0867
37.9175
41.3687
36.2127
37.8876
46.9288
35.4495
40.1406
39.4469
37.4142
38.4159
35.651
40.9384
39.8374
43.1849
34.5353
36.3751
31.87
46.922
36.0792
35.6643
31.4671
39.6438
38.5844
38.6417
44.573
36.1964
35.0769
40.2314
38.9711
34.2737
38.4768
39.4706
39.35
38.607
36.7667
41.417
35.6796
33.5787
37.6286
52.3155
36.0539
39.826
42.3876
44.5407
34.1525
38.2685
44.1386
43.9955
45.3269
41.7449
35.4227
46.8906
35.6427
39.0752
33.7756
45.9403
43.8211
37.952
39.3954
35.8084
34.9278
46.9128
39.0249
36.0087
42.3466
42.1437
39.9475
41.2945
42.4005
33.3585
28.8699
35.4083
36.319
37.1455
38.7947
36.2253
38.8553
34.0399
31.9925
36.3991
38.6403
36.5307
33.8393
37.7165
33.2503
35.1325
45.7859
39.4985
37.3716
34.4607
42.9914
37.9608
39.1563
47.1907
37.53
41.1968
36.8493
42.9219
38.0054
39.9965
42.1328
44.4813
42.515
38.9265
39.5764
47.6054
43.5072
39.3595
45.0831
46.2295
31.4457
33.7115
44.8478
35.0585
37.9661
38.8318
46.5013
36.272
37.919
37.9279
38.215
40.2602
39.4673
46.744
38.9199
41.109
40.1658
39.3108
35.2054
37.61
40.3743
52.4879
38.7157
38.2358
38.8492
40.949
38.0445
32.7317
40.908
35.6614
45.4288
43.3664
32.8593
35.7077
42.2845
38.4085
43.7697
43.4135
38.6289
40.036
40.7588
53.182
33.3848
35.6317
39.5686
37.9616
38.3367
43.7226
34.6908
42.6358
39.5958
39.6697
38.5214
40.2282
40.8837
39.4223
45.9049
36.7479
45.3891
42.0186
41.8109
36.2477
45.0961
40.5031
44.2961
43.4151
35.2151
41.3761
37.2431
35.1132
40.82
33.6557
38.7527
39.3926
35.1259
42.8321
39.3527
36.541
39.0327
41.6297
39.6747
34.2308
38.7175
52.8008
35.6722
36.203
49.4888
41.5339
41.2376
51.5297
36.2989
52.0348
41.233
46.2162
36.1663
36.8113
42.0786
41.252
48.6656
38.1116
33.3507
46.2731
37.8003
35.3086
37.088
41.0734
36.3951
42.8747
35.9157
36.0264
39.0622
46.0167
34.2017
38.6927
41.5522
48.2595
45.3863
38.9485
40.9636
36.8338
52.5552
35.7671
35.2523
40.9605
37.8968
32.787
35.7831
38.862
33.0942
49.971
34.9225
37.5508
39.2714
39.9059
34.5442
38.4762
36.7757
40.2153
35.5968
37.2887
32.1812
37.5688
36.0651
38.4546
34.7899
43.0209
37.5481
38.1818
38.3797
39.3337
40.5429
36.186
38.3843
38.7686
45.386
39.2881
38.076
35.5315
34.363
36.3846
38.8371
40.8271
32.6293
41.1679
41.9146
47.2634
38.3234
35.3536
32.8082
38.0001
37.417
36.3112
30.1434
49.065
40.8543
41.6881
35.4649
41.5893
39.3692
46.6513
49.32
39.2297
36.8125
39.6264
40.6937
36.1339
33.8274
40.0494
44.9926
36.4049
34.9683
38.9216
44.5728
47.4939
35.2793
35.3973
39.3169
38.1301
40.4914
35.4844
44.9628
34.1389
36.0875
32.1072
48.5059
36.761
47.1924
46.4902
39.6618
36.1268
33.9461
39.1057
38.9793
43.0763
40.6334
42.4666
40.2072
47.6105
35.8634
40.0922
40.336
35.1007
39.3973
38.9063
37.9238
45.0904
36.7325
46.6945
35.8823
41.6401
43.5798
45.3731
40.6752
36.9357
45.2386
36.8917
36.6558
40.031
36.6457
37.2232
33.6693
35.2405
44.4472
35.1048
38.8837
38.8174
39.4905
40.4104
35.8604
39.8847
36.8066
38.9186
44.2393
40.5552
54.0163
37.7451
34.573
41.6149
44.8767
37.8909
39.8715
34.5181
40.3949
36.1909
39.3602
38.5519
36.8876
47.5532
45.1163
44.8128
35.6414
41.8677
41.4589
44.7345
34.3928
35.2639
36.4754
39.4338
32.9933
32.3797
37.0738
37.0312
43.3353
33.7553
40.7089
38.672
36.1223
39.8024
38.1688
46.4815
39.6177
34.4691
37.9296
44.2175
36.1892
35.2776
41.9206
37.0289
32.541
40.5613
45.056
35.7215
42.0915
37.9147
43.2598
39.3347
33.9565
35.9017
34.568
41.0382
36.794
36.6352
38.2576
38.9534
34.9276
38.7334
40.6643
42.3036
46.3519
35.8869
52.0219
56.1194
39.3699
33.0667
34.5212
38.5165
43.4669
43.4323
40.5048
44.4022
43.9726
36.9969
41.6117
31.5251
34.0757
36.6042
43.1796
36.77
40.703
49.1602
47.1785
36.0458
38.386
36.653
44.9203
39.8168
39.7052
40.8422
36.9765
34.4524
45.8662
37.2768
35.5793
32.9088
40.5258
45.0204
49.6612
42.46
44.4717
40.4802
37.2336
47.8578
48.1949
42.055
42.2403
38.2201
43.1631
39.5238
35.4607
33.599
40.2525
34.6859
44.1858
35.9264
45.9591
36.4682
38.4985
35.4994
43.0775
44.6248
51.6864
42.83
42.714
34.7093
41.1084
37.5158
36.162
39.2229
31.9427
44.4858
35.7327
37.6085
42.1016
42.2236
32.8828
35.3006
39.1425
50.2436
33.5421
34.4581
41.1852
37.1927
36.0599
33.8557
39.9417
43.2358
32.8696
42.3852
36.8147
42.5326
36.0989
39.6754
38.583
46.6294
45.2307
38.339
42.7196
39.1643
35.176
34.8082
34.1258
35.3452
38.1899
37.7891
37.7031
36.8954
35.7737
41.8534
33.4945
34.2154
41.3557
46.5539
38.1847
50.0597
41.5207
56.4845
34.3088
41.0386
41.2611
40.7085
38.0258
42.7462
42.5691
38.8924
40.3012
43.4651
39.2837
37.0315
37.9516
38.3463
42.8745
49.8127
41.4282
54.2475
38.258
37.9184
33.0302
37.7443
35.4711
33.9383
34.9947
42.2648
35.7519
45.8485
39.5325
47.979
38.1649
33.4957
34.2116
34.6687
37.7432
48.9519
40.2583
35.5802
36.4882
40.6981
36.8614
48.7403
34.1402
35.561
32.8488
40.3776
38.3625
40.3522
39.8465
37.5985
38.8865
35.3734
35.0722
44.7419
38.2339
38.6306
37.1116
41.7624
41.4159
42.0304
47.0359
41.8474
37.0824
47.5111
42.8981
43.9565
34.8609
45.808
38.3383
35.298
38.688
45.2703
40.0823
31.268
32.9889
37.8505
36.8311
38.8021
35.9596
35.5901
38.9176
33.0571
39.7977
43.7056
41.8875
36.4966
42.8949
53.1471
35.1522
36.6064
41.5049
43.1197
37.061
36.8507
34.3007
39.205
38.2616
38.8733
40.1871
35.7737
41.104
35.7278
36.5944
42.4097
42.5945
38.5948
37.0959
33.8951
41.0634
40.6072
37.0578
38.3566
47.9807
42.1345
31.4505
40.0671
37.8527
38.3268
38.5597
39.5585
40.7303
31.7794
34.8831
35.6161
43.9107
42.6141
40.4387
33.1025
42.034
38.2872
33.132
36.1104
40.148
43.2929
34.5102
38.9852
40.6499
37.1786
42.4953
56.7399
38.9092
44.0313
39.7645
38.9799
36.8861
46.2011
38.3705
47.246
44.6722
39.7855
37.1966
37.6335
38.8437
40.0613
43.0813
40.5019
41.7237
44.9398
43.5109
40.1268
37.0716
34.9089
39.0944
46.0231
38.7254
37.2171
46.6214
37.4425
40.3025
37.1936
43.6274
34.1642
35.5019
39.0855
42.2385
32.03
35.0971
42.8332
43.4044
43.0408
42.0307
42.8056
33.482
39.4259
40.0076
31.204
35.6979
39.0155
36.572
41.4423
39.5577
37.8575
40.687
48.0876
41.9051
41.5196
44.3834
29.8323
37.095
37.6655
36.5171
42.9788
42.4324
37.9258
39.2678
34.281
32.0774
32.5374
39.4324
35.0157
34.9517
36.8383
36.391
34.449
33.2103
35.849
40.9697
39.433
54.1532
44.752
40.3681
35.676
34.6937
49.7373
31.7775
37.0323
34.0423
44.5277
33.608
34.9614
35.9689
38.5365
39.7203
47.8427
54.887
33.2996
41.7359
40.8702
37.9318
34.6947
36.4541
37.2292
32.7652
43.8001
45.7549
42.156
38.2492
38.9102
39.1056
39.8057
36.5438
52.7769
37.198
56.1595
35.1009
36.4378
42.6389
36.6902
43.8335
38.0295
38.2748
38.2208
36.9396
36.2938
38.5916
39.4484
43.0465
43.8108
33.1267
50.5014
34.3555
35.5176
32.6298
42.9966
43.9503
43.9395
37.4681
37.5782
38.616
42.2851
42.3885
38.3582
34.2513
40.867
42.9048
51.1401
35.7246
38.6966
32.7621
31.3214
34.8667
40.5956
41.8463
37.3584
39.7789
40.5882
45.1874
34.1547
39.3053
40.4969
41.8456
40.4677
43.2275
38.1102
44.6984
35.2208
33.8817
37.8329
39.1531
32.5399
34.6809
37.1422
39.1692
50.157
36.629
38.9124
39.6076
40.239
50.1703
35.5808
42.008
42.0795
40.5632
33.5487
37.0898
38.8187
33.6919
38.4144
34.9907
46.6786
43.1646
43.4757
39.3317
38.1641
40.216
38.5006
42.5564
39.4226
38.3757
36.3462
40.8983
31.8577
42.6314
37.8556
31.502
47.5475
39.2661
40.3558
39.2864
36.5623
43.7614
32.6624
33.9785
33.5568
38.5163
39.3813
36.8923
34.3712
44.4876
34.2133
40.0443
34.6829
36.7677
35.6259
37.1952
39.8002
34.1198
38.5222
47.6045
35.9489
41.5039
40.8654
40.2984
43.463
35.0627
42.9395
40.2174
39.8617
45.8796
33.985
35.6293
44.2705
42.6672
44.1435
42.8334
43.1514
39.578
47.2484
43.0076
39.3653
35.6515
38.1095
39.0846
41.8178
39.9489
38.0146
39.5326
36.4357
38.7488
35.5338
36.3066
44.8604
42.2549
40.3399
37.7945
36.8396
35.7761
44.6543
33.7115
40.6321
41.5767
30.0575
43.682
38.3302
38.1349
37.987
38.7004
34.0171
35.3484
31.2127
36.8995
41.7299
36.9653
35.0484
37.1167
47.9533
38.945
39.7905
36.8093
35.8518
37.9129
38.1038
33.537
41.307
39.9815
37.9005
33.5667
35.1449
49.9675
39.1356
34.9023
36.5245
37.6803
33.3541
51.3091
41.4305
39.8223
37.3102
36.1366
34.3319
36.5776
35.7682
38.2228
37.3779
52.6467
41.9091
39.0718
35.6179
46.2615
35.1717
44.6967
45.4918
41.2988
35.8485
33.3775
44.9208
37.3937
33.0482
35.8177
42.4811
55.4807
36.2522
39.5709
35.4972
37.7644
41.9925
39.2394
37.5369
43.6438
42.5969
37.661
41.0984
42.1502
38.1077
35.063
47.8491
32.7838
46.7562
32.6791
37.5675
42.856
39.74
41.6728
40.1824
33.2645
32.6509
31.4999
41.0436
44.3609
42.1756
34.0153
44.9002
37.4018
41.0925
31.9468
40.7719
39.0839
40.2173
33.7934
44.3858
36.2575
38.2055
57.7038
45.2572
36.7809
44.5904
37.4787
39.4485
38.0883
36.9591
32.9502
36.6314
36.7663
46.5974
43.2441
35.4714
36.7152
43.3075
35.5954
40.7847
36.2842
41.8964
40.0824
31.3413
52.3354
45.3949
36.944
42.3493
39.5478
43.9225
36.081
49.3094
38.8478
43.2401
37.978
37.3308
33.4284
42.8885
35.2938
36.1708
41.2096
40.3197
33.4176
36.2999
35.8866
33.6532
42.6047
35.9965
36.2652
37.559
40.6963
38.3711
37.9846
36.3892
35.3051
32.5685
38.9642
42.9484
37.8081
36.4555
45.1062
41.4986
40.2418
35.5378
36.467
33.9352
40.1068
46.2059
36.8368
45.4656
36.5943
43.983
36.0066
42.5133
33.1094
44.9699
36.9901
38.6296
38.8265
39.6967
34.6344
40.5144
41.5997
41.4399
31.8481
37.3202
40.0396
38.3295
40.9173
35.8142
35.6551
40.3122
42.6282
51.1953
35.4385
34.8352
36.5393
43.2146
38.6075
40.5615
44.3204
38.4009
36.6478
39.5151
42.6746
44.0372
41.9844
31.1608
37.7364
49.4814
37.1863
52.7709
52.6045
38.5894
36.4668
39.413
43.2494
42.4485
36.8139
38.8115
37.8926
38.2668
36.1419
36.947
38.2451
38.3439
48.207
34.499
43.6481
34.6991
48.3213
42.1395
36.1153
32.8865
52.2289
47.3187
34.2127
37.9205
37.9293
38.9852
39.6407
42.4467
35.6236
33.3463
37.1424
35.8528
37.29
40.987
43.0067
37.4848
37.7965
33.9619
37.2296
35.0877
41.0068
32.1593
40.515
40.4865
34.6839
43.2686
41.7778
33.7002
33.5124
38.6349
51.7897
31.7902
35.9905
38.109
34.4715
36.4248
43.8189
53.1708
37.9804
38.2012
32.441
38.3261
37.7969
32.2425
34.6545
36.2883
31.6414
43.7401
38.6056
31.8756
35.863
40.8928
41.9402
40.1596
46.3898
41.2971
37.5884
38.2227
37.5473
43.0594
41.7944
35.7026
42.8119
42.2027
43.7792
34.9693
36.0498
33.6599
39.3064
35.9836
47.3865
43.5904
32.2474
39.1787
35.7044
41.8002
36.0374
36.1056
44.2202
37.7275
36.3367
36.7603
42.0106
35.631
35.1937
36.0777
41.8853
34.9131
33.1259
36.4341
37.1882
33.5808
34.5316
37.2026
45.9862
37.3171
38.4344
33.9437
37.5938
35.6891
38.5834
48.5373
36.9852
39.5823
34.3716
45.0026
45.1493
37.4406
33.9663
39.0044
38.45
37.4946
38.179
37.1845
35.0651
35.7662
30.1634
35.9429
36.6882
32.435
39.3707
38.2092
37.8506
38.3798
47.3351
32.4906
37.2787
54.0456
34.0294
37.9659
40.9683
36.2114
49.5922
50.1159
37.9605
35.6978
37.7575
46.6293
50.4686
36.115
37.4683
42.772
41.2257
37.7307
43.4643
29.2739
36.9674
37.5239
37.4861
39.4948
49.8903
40.3854
34.3886
38.5032
42.0933
45.6841
37.1676
42.4762
35.1104
33.716
43.456
38.4645
37.8846
37.5461
40.7374
45.4238
36.2305
44.1426
42.2914
38.227
38.4913
37.3079
36.0457
40.1878
47.568
42.8175
47.2478
47.1395
36.5722
41.9724
42.025
41.3669
39.2068
34.7073
34.2315
36.5007
39.793
54.4245
39.0182
34.2205
41.1951
37.395
39.9602
42.2305
39.4924
33.8054
41.8258
47.8687
43.2926
37.484
36.8861
47.4892
44.3658
32.8433
42.9642
40.4398
43.1257
45.0154
39.1317
41.3627
43.4274
41.3079
39.0928
43.7783
35.5187
46.52
38.6969
59.845
46.6567
49.0467
42.0037
40.973
37.8522
38.9393
31.9539
42.5889
41.884
36.8807
38.2035
40.8311
39.0004
43.6308
42.5254
34.5345
48.2275
36.1355
37.4512
32.9419
36.5734
36.8341
38.4415
45.457
35.4454
39.5532
42.2626
42.9147
36.888
42.6525
46.0033
39.2036
40.6401
40.8365
33.6081
42.1684
35.2815
42.7674
41.7912
44.6308
40.1397
41.4892
35.3488
50.2829
40.8539
39.5603
33.7088
38.1086
40.4873
34.0165
43.0843
37.6119
38.6529
41.051
37.25
34.9844
51.8893
44.9563
40.6382
34.615
37.5321
43.7053
35.3535
35.3109
41.0861
36.3175
38.2842
47.5027
41.9951
36.2102
37.98
36.6714
44.4495
41.5931
36.2255
39.3113
45.803
40.3869
40.5016
34.6352
39.4507
45.9044
39.1876
50.2692
35.8615
41.209
34.8133
38.1481
36.1233
44.9607
35.7323
42.4031
48.8481
32.6961
45.6671
36.8448
41.3439
39.2942
37.0659
35.0685
39.6451
41.7095
40.775
42.1314
31.7315
44.7991
37.0092
39.2887
42.2986
40.1292
36.1276
36.9448
41.1204
37.7524
41.0376
36.0806
33.4451
42.4371
42.5374
36.0371
46.413
36.1726
40.0233
40.9483
40.4073
36.8898
35.5095
45.88
38.627
38.0291
40.1358
42.4536
39.2666
33.6477
35.0037
41.8124
37.7196
36.0743
37.7447
42.4899
47.0766
42.6969
50.7393
42.3
37.8693
37.6162
46.1553
35.9313
38.6895
42.0227
37.9693
33.7077
38.1
43.2038
36.1129
38.2839
42.1378
38.3859
36.7453
39.7028
36.4031
38.4222
34.269
44.1362
39.5977
45.0173
34.2707
38.2713
41.4986
36.6939
46.5286
41.7303
39.1425
43.7937
37.6661
46.9641
32.6136
35.8351
36.4571
36.9952
43.6452
40.5519
37.272
34.6355
43.065
49.5537
35.6434
43.0716
35.9026
36.1824
35.4272
35.7855
37.5497
39.1655
42.3641
45.0242
44.0035
35.5209
33.0167
29.81
50.9488
37.2056
48.2149
44.5935
41.253
47.6247
35.8601
37.6015
33.9494
33.6257
39.6224
33.941
35.319
43.3305
40.3281
37.9648
40.3862
37.0434
39.6572
35.8145
34.5937
36.2796
46.8901
37.5494
35.4311
40.0957
42.4925
35.9431
32.0766
41.7628
44.195
33.7465
41.5447
38.7404
42.8118
43.1577
38.7113
34.5647
40.3032
38.3632
41.6806
32.7632
36.1395
38.7196
42.2038
39.1343
35.7326
37.6002
36.5364
33.4805
38.8329
36.2777
37.1513
35.6389
50.9137
41.9781
46.6921
37.5496
37.3115
36.1615
46.7515
33.6057
36.7336
41.8655
33.4821
40.9611
40.5547
39.166
37.9199
38.6653
40.3411
40.3405
35.2879
33.2851
38.8112
41.6579
33.6847
41.8865
39.1126
31.0268
32.524
35.3931
38.7004
36.3558
46.0074
32.1551
31.2119
33.7255
40.2408
34.558
43.2481
40.7073
47.5873
46.3268
43.2995
43.9161
47.0574
32.9815
39.8853
40.0655
36.4226
36.2941
39.7443
33.8915
39.5636
39.8162
37.4346
36.762
46.0371
38.5467
41.5099
37.4414
39.7542
34.8871
40.5205
41.9654
38.0861
38.6054
35.45
43.5399
35.8575
39.6736
40.1187
41.4148
38.284
40.9293
34.1745
35.2371
41.656
45.1457
44.1057
37.7881
42.419
36.1219
35.4307
33.3861
38.7105
40.7472
36.0984
37.6046
37.4219
46.0141
34.2577
37.9632
51.6727
37.9406
46.464
41.401
40.3575
48.3594
47.6556
36.4188
37.3154
40.1482
38.133
41.6289
40.8698
36.4762
42.4658
39.5785
37.9914
38.3195
42.0708
37.2659
34.0681
35.7655
43.3038
34.9742
39.3891
34.3853
35.2142
36.8524
39.2155
38.3503
34.2884
46.5995
46.3554
35.4523
42.6583
38.5004
37.5403
47.9196
38.2848
39.2079
41.5715
42.5414
36.392
41.5899
41.9323
47.8149
42.411
40.2859
39.0613
38.6962
35.6009
36.883
37.1884
37.5028
35.1644
39.111
42.0805
32.5803
33.4029
35.0931
39.8601
39.5576
36.5179
35.146
38.0201
33.1792
41.0456
39.5368
44.8732
37.861
35.2086
40.7302
41.4717
35.2031
46.7607
32.019
31.3923
38.2176
40.744
38.4094
42.8406
36.6674
46.9318
43.5343
45.0233
35.0285
40.2326
46.6937
35.5947
38.6727
35.104
40.4802
40.5272
39.8353
42.4924
33.9725
37.8174
33.221
58.7614
51.4259
40.9912
35.6063
37.8896
41.2527
37.8977
38.4613
35.3447
47.3962
39.5955
45.1655
35.8064
41.3
35.4185
40.6777
47.2132
40.04
35.3767
48.3156
37.163
36.2972
45.8143
37.0256
38.1294
40.2477
38.6395
36.663
44.83
47.4426
38.2569
45.6969
40.6672
38.0435
42.9627
38.579
48.2203
53.6711
39.474
38.8076
40.0896
34.5148
50.0043
44.3582
44.3725
49.8169
49.2926
37.6826
49.6004
42.209
38.958
43.3534
44.8412
50.2053
34.5948
39.151
38.0764
37.5516
45.9818
35.1587
42.9103
34.7549
39.0365
44.1519
33.3795
48.2292
29.5978
35.3153
33.9619
39.5045
50.0616
39.32
35.4113
33.7407
36.6814
37.1719
32.5609
38.7957
40.8079
37.7691
37.0476
39.1744
36.8325
32.4625
58.9789
41.9641
36.0831
31.4639
31.593
37.1645
36.1101
37.1745
34.9291
37.1382
39.4389
35.0214
43.8672
41.1165
41.7211
40.2994
36.6061
44.6252
43.1692
34.8618
39.5618
43.9441
40.3391
35.1985
35.4694
44.5511
42.1054
44.6968
42.7133
38.8839
39.1754
45.6325
44.1467
43.5426
34.5218
43.2696
42.8609
36.9231
40.4998
38.4562
33.8083
44.8946
32.686
44.4382
40.5099
37.3135
44.3866
43.6279
36.2099
49.5245
32.2723
42.3985
37.1381
42.6105
33.731
33.9223
41.0537
41.573
41.7026
49.446
39.7438
34.6382
41.3212
38.5751
51.9313
37.8855
41.8437
38.1364
43.1967
34.7635
38.3057
54.8034
40.0979
32.7881
45.7634
32.9977
40.1509
31.9647
43.4044
38.1616
43.19
37.3011
35.8657
37.0855
35.7727
30.6915
34.1976
41.0798
46.6385
35.4482
36.3388
40.5428
34.4495
34.9359
34.3128
40.7279
41.0676
35.5423
43.072
36.6413
40.003
50.8029
39.5748
41.1939
39.969
47.6345
41.3501
43.1292
37.2247
43.1317
39.9641
38.525
40.2521
47.5726
34.3314
37.7198
40.4567
40.1069
36.643
36.5928
41.2741
47.8055
41.0204
43.6938
35.0899
37.3622
32.9949
43.5858
46.3979
44.048
36.2824
37.0938
36.9655
38.3628
40.0355
39.4105
37.7105
39.5378
43.4087
40.7403
42.5891
45.1453
37.9362
39.1959
36.787
36.24
34.7669
35.3955
34.9592
41.3584
44.504
41.0801
39.9918
34.979
34.6409
40.3672
32.2413
42.0122
36.0032
36.1243
39.2084
35.3637
42.9827
51.3051
40.1252
39.78
40.5013
43.9708
39.34
38.1417
35.3781
37.0758
36.0269
34.7301
34.627
43.4454
40.3881
37.23
43.9003
40.1292
35.8858
42.3047
39.8304
38.0699
39.5566
40.714
41.6088
41.93
37.0854
36.2166
40.617
36.9136
38.9279
44.6166
42.2896
38.8363
40.7277
34.5507
39.9665
45.4451
38.3876
38.1935
50.6567
46.1362
40.187
40.2156
37.6504
38.227
39.1986
38.0465
53.1974
34.4986
38.7203
32.9926
41.297
45.5681
36.0469
35.3669
37.0759
42.3173
39.4494
46.3014
38.8721
37.8489
42.276
35.2535
41.1206
44.0434
38.878
49.7857
50.8808
43.0207
45.8092
42.8258
32.9689
51.2883
35.8717
42.0024
37.7751
35.6218
39.0562
40.1002
42.1669
36.1223
36.32
44.2425
49.6118
40.4499
39.0845
42.5385
38.4349
37.1707
51.2022
39.6301
33.9412
40.716
33.7342
39.1347
32.6652
36.96
37.4797
36.8394
39.3821
39.4632
47.1237
41.0932
39.2149
41.1554
45.9649
40.0879
53.5082
36.2842
36.5915
35.3922
35.4057
44.8094
51.7244
38.832
33.8367
40.5031
34.9279
43.7177
39.899
36.241
39.4354
33.5375
32.7351
42.9512
35.7175
43.4938
40.7265
36.5829
35.8553
37.6791
32.249
42.0267
48.7833
35.6058
40.4042
38.5454
44.8837
36.1598
35.8624
37.2076
45.8152
35.1477
44.651
42.3476
42.1827
39.4394
37.4788
35.2779
45.5537
37.9964
36.2926
33.1477
39.5203
35.867
37.4882
44.7163
41.1794
35.3894
44.0144
39.4437
37.9307
34.6542
34.9605
37.7643
39.2815
40.824
36.2235
37.3114
43.7245
49.0567
37.7605
35.5376
39.2219
40.9483
45.4391
39.1219
36.3932
34.3139
36.6819
35.485
37.358
36.4795
38.7419
40.9651
37.3372
50.5054
42.861
43.4787
42.9435
46.1791
50.27
37.5371
42.2083
34.8486
36.6749
43.4952
43.7908
36.0694
44.5231
42.3208
34.2748
53.3459
54.6611
31.3667
38.5849
43.4528
40.1199
38.828
42.1328
37.8274
38.6999
34.2908
43.733
44.0566
36.0577
44.6451
36.5345
39.2131
38.9723
41.5266
38.9845
32.2412
35.3797
40.3962
37.5619
48.7224
34.5653
42.73
40.9178
38.8084
39.3202
35.4918
37.5581
43.7484
34.0853
34.9665
41.6851
37.3258
38.7729
37.7438
34.4364
37.0355
37.7286
41.5114
42.5739
38.0797
39.7134
42.7693
44.4913
34.3738
35.5097
36.0585
42.1536
36.3849
42.6189
33.401
36.6686
40.8124
45.4466
39.5409
35.2073
36.8088
37.3426
38.5098
41.8269
36.4065
49.4463
36.5901
33.0615
37.2634
34.4434
32.9432
41.9845
34.8328
43.578
44.9295
36.3262
35.5159
35.0503
35.8868
44.0077
39.7954
37.8099
39.7649
42.6622
40.8229
34.092
39.4493
37.4788
50.5131
45.4052
37.2088
39.9665
34.6899
36.9244
40.9794
46.6428
34.9504
39.1413
33.361
36.3632
37.0037
36.294
33.6559
38.7594
40.0414
33.395
43.4065
40.915
32.8137
40.4526
37.6324
38.1939
36.0514
38.6656
30.2958
39.327
38.6874
32.807
40.684
34.3009
34.4527
44.398
37.4206
38.6121
46.1535
39.5104
39.4927
42.9638
45.9136
36.7845
42.1715
38.399
43.49
43.059
36.7011
45.6157
48.1333
36.7235
44.8185
41.1521
36.4518
45.3113
35.8482
42.4272
40.3936
40.057
37.5801
43.2176
37.3565
37.32
34.6297
35.4446
37.1801
31.9816
44.441
34.9398
45.8884
40.052
42.1648
41.581
43.7328
37.4448
37.4787
38.8916
38.1778
41.9537
39.7363
33.5669
43.1594
33.9814
41.4371
42.5161
49.6315
40.1644
38.3325
46.3572
34.0071
43.7305
37.4696
39.4164
42.4491
42.2004
41.6735
37.7404
40.5947
40.3102
35.6311
32.8555
44.3809
37.7979
38.726
43.1716
31.948
35.1889
35.9738
40.4642
32.2201
36.7888
40.6313
49.6328
38.0677
36.8711
41.3735
37.5572
37.9054
38.8136
37.5687
39.521
39.7912
38.3923
39.6193
33.4136
47.38
48.8447
48.5074
39.4878
40.357
36.5756
41.1267
56.4171
41.6528
45.9401
36.4097
37.5073
44.7002
30.7892
42.3848
35.8845
42.3172
40.1811
38.2658
38.8886
39.6299
45.9257
51.5038
40.2673
36.1056
39.7936
45.9318
33.5436
55.7571
37.3089
41.0839
39.5751
33.1521
37.6811
28.1155
35.8444
40.298
35.594
39.4771
42.9495
34.7275
39.7301
34.5292
36.2788
37.8062
36.8613
31.3881
46.1537
34.2926
38.7975
37.5128
41.6018
35.0096
39.4255
38.5957
37.3943
33.5177
34.9955
39.1134
48.0052
42.0945
37.1484
35.1916
43.8462
36.5895
33.1203
50.4019
38.58
37.1619
43.2291
35.6795
37.9282
36.8759
36.8412
41.1007
35.5099
48.433
37.8172
37.2909
44.9694
39.993
46.2298
37.0166
43.7009
45.2514
39.6168
38.5113
36.0505
35.8459
39.9869
42.5995
33.6331
36.4253
42.24
35.7996
45.5331
42.3514
44.178
37.498
38.7436
50.753
40.4739
38.1329
37.5907
34.1703
36.1974
45.2364
32.437
39.3814
45.782
44.9964
36.6577
33.6926
36.388
41.9139
37.6174
42.5579
41.6324
45.0077
38.9646
34.5449
38.091
34.9912
38.5839
42.3762
48.4801
33.1396
39.8891
33.1577
35.7132
37.8916
41.6596
37.6858
35.0236
37.6705
35.7352
38.4247
32.5961
37.9255
39.9609
41.1777
38.08
37.4186
36.2934
45.2188
47.8821
46.5012
38.499
34.7861
33.3519
42.6952
34.2194
34.3536
39.4059
38.902
46.5367
32.2437
34.3298
42.7555
33.4386
34.674
39.5086
39.8486
36.205
41.1143
38.355
37.0524
33.1758
39.7497
35.9989
40.5541
36.0246
35.0955
37.457
43.8742
31.7418
41.4678
37.7393
44.0927
56.0704
36.7518
41.4831
45.5753
37.026
38.7902
46.7994
43.7574
38.0915
37.7381
38.2212
38.8543
38.4911
43.6757
36.6925
35.4775
38.9797
33.1716
41.0738
36.6285
41.3042
38.9487
41.8574
37.4215
46.2998
35.9482
36.531
31.4899
35.1726
33.1237
32.6988
43.6811
46.9556
34.9046
47.3105
33.3332
38.4598
40.8759
43.3173
39.3313
37.5771
42.2131
37.0208
35.8847
37.5197
40.8306
36.3085
53.2456
38.3605
34.8987
42.7711
46.7712
37.7398
38.921
34.5549
36.2372
39.8945
44.0575
40.1734
41.37
41.5636
35.1849
37.2599
41.9631
40.6445
36.2381
46.1534
37.5157
40.2747
46.3311
32.4959
40.9819
36.3891
38.3485
34.0596
46.0171
35.1983
36.83
38.2546
42.7599
44.0956
39.1351
38.1988
39.0798
39.9355
36.2783
36.6396
36.1185
40.4092
32.4077
34.1283
38.8397
46.5434
34.9662
34.2616
29.3921
46.6406
37.1121
41.4449
47.0165
39.2924
34.4044
35.1854
40.7958
37.0517
35.438
44.4577
48.227
44.1939
42.4678
44.4457
36.7687
39.7526
35.1274
44.2939
41.0913
35.3803
44.0538
43.145
41.8222
34.8616
39.3268
49.9901
41.0477
33.3255
40.4218
40.1377
41.7263
41.6932
34.9463
38.3709
33.8949
42.5843
38.5967
32.9169
50.4471
37.2356
37.4091
40.3729
37.8377
34.0714
49.0292
38.1729
41.7709
39.2865
35.205
32.8229
38.3723
33.5427
38.7005
34.3403
46.3447
40.2337
34.4233
42.993
36.7556
38.8785
33.5602
38.8284
36.2062
42.1552
35.8101
37.6996
34.1823
38.3289
37.7473
40.8258
35.0054
38.4057
42.2516
41.711
37.9119
44.5227
38.8436
35.4487
43.6812
36.932
29.7605
45.0483
40.4042
38.971
35.3765
34.693
33.0884
62.6939
34.6353
35.948
37.413
36.7504
48.7185
41.4877
32.5984
36.6995
37.0046
41.0584
35.2349
35.1773
37.0281
38.0902
40.4602
38.4211
33.0357
49.3523
34.4398
39.6579
45.6186
37.8521
34.6979
33.6278
40.4423
42.2869
39.4998
54.4778
43.4412
35.4622
43.379
45.7024
36.1989
45.7823
39.2391
36.0581
40.7969
41.3436
31.9254
40.8701
41.4865
38.1143
46.5946
41.5045
39.5189
46.3607
38.5334
38.9987
41.4092
33.846
37.5828
35.0747
40.6465
42.259
43.5606
39.6165
37.5945
38.8854
35.2767
34.6281
42.9864
33.079
41.632
41.6678
45.8551
40.3881
47.1828
36.2818
40.7067
44.6305
44.8244
35.548
38.6911
43.4914
38.3056
37.9292
35.5005
40.7081
40.0536
37.8417
31.6822
37.6713
39.4355
55.937
36.3302
33.0358
38.192
39.9266
48.0779
44.5006
39.4
34.9493
43.6012
33.7986
39.0229
39.0791
38.3203
32.4459
39.4254
34.0886
47.0351
40.9221
34.8092
35.5277
34.3922
38.6291
36.1489
44.3513
39.8909
38.3202
34.271
46.9568
34.1055
44.3589
39.7625
38.4422
43.4242
39.1371
36.0249
35.4482
41.356
34.7452
35.9582
34.7241
37.9844
44.3733
37.3296
33.5629
38.1075
44.2102
34.7479
35.2113
32.611
44.1358
44.988
42.4211
35.0769
36.9296
40.2594
36.8473
36.2286
38.2672
39.2739
39.2139
36.7317
38.0078
44.0036
34.1519
41.7755
35.449
40.1932
34.4164
35.8462
36.6304
47.7809
42.9602
45.998
41.9833
40.4796
44.2471
52.0712
43.6261
34.3739
37.1405
39.9763
44.013
34.2274
39.7295
34.3031
32.7493
48.3302
42.2854
48.8562
43.2172
37.7276
40.1677
39.9816
31.6188
33.9841
43.9713
51.2808
40.0982
37.1789
40.349
48.2763
33.57
41.8735
29.0578
39.0447
43.8484
39.1056
32.723
40.5153
34.0387
42.6643
31.2985
34.4144
41.3409
35.6036
43.3446
36.0189
40.4426
37.5576
36.4206
45.8263
41.4319
42.5523
34.5985
36.511
36.7372
42.527
33.6999
41.99
46.985
39.4519
37.1911
36.0794
47.015
40.0879
38.9344
45.7951
33.2615
38.3024
36.8527
34.3976
44.9248
50.0239
39.0449
44.1471
32.7465
39.3028
38.694
32.8867
35.4261
32.8105
36.522
37.0601
37.9121
48.5336
44.7976
38.1968
36.0571
47.7316
38.5746
35.7854
40.2331
37.9353
37.006
42.8271
38.8794
41.7824
36.5108
47.5053
40.804
36.503
40.8848
45.7533
51.1858
36.823
39.1416
35.3913
40.7553
38.7182
35.5082
37.8641
41.8149
34.3832
40.7389
36.5401
38.3924
41.337
34.6511
44.3392
38.8821
32.6453
36.0691
42.0357
37.894
38.3503
35.4844
35.2173
38.48
36.7838
41.5176
34.1289
46.6219
35.6007
29.4645
29.5349
35.6084
39.9941
47.1776
38.7787
39.9817
38.4658
41.9745
45.0378
40.4476
33.2761
55.5078
40.3187
43.4945
36.1395
39.742
32.5173
47.9927
39.8321
37.6798
52.1189
39.7776
57.2693
40.9745
36.405
37.0917
43.3744
34.0249
42.362
46.9567
45.3659
32.2119
36.0751
41.0562
39.0888
31.5127
38.1728
38.4998
33.5565
44.519
40.0009
41.2669
39.2719
41.3486
35.4695
39.4101
43.5761
39.4238
45.7275
39.4468
40.4066
38.854
49.3335
39.1772
47.3023
38.997
37.426
39.6365
32.1818
42.3377
40.8716
38.3145
42.1135
32.1085
37.2529
44.3592
39.8446
39.343
43.9391
42.9367
48.1526
32.9394
40.6362
39.5168
33.5459
34.5986
39.3339
41.2373
34.2095
33.5484
37.8371
35.8734
37.4209
49.1854
36.9346
48.4887
38.4312
42.9885
35.1468
34.3808
37.4332
41.6511
38.5852
35.6331
37.026
38.3097
40.1938
32.3293
39.7705
39.8315
37.6887
39.7776
52.614
32.6766
37.9554
31.216
35.2547
36.9666
41.133
43.5937
38.3641
36.2899
34.1343
39.4935
46.6136
39.3475
43.2754
32.5325
30.3976
48.5078
37.5151
39.6065
34.6611
36.1697
42.1607
39.9277
35.3833
40.9587
37.8881
44.3507
45.2345
39.6633
36.4906
39.8007
31.8484
37.165
33.9552
38.676
43.0546
40.7098
41.2578
33.6096
39.901
50.5017
41.6158
38.7751
48.3117
38.9912
44.0468
49.328
37.666
37.566
50.3108
40.0757
45.6761
37.7449
31.2271
43.3436
46.3834
35.9021
40.2604
41.1283
40.6866
63.2251
35.9856
33.3164
40.8792
47.6311
34.5996
41.6633
36.9467
34.7744
40.5399
36.2127
40.0263
36.2849
36.6398
49.9499
39.0293
39.1381
41.0322
42.0072
40.5624
33.7321
36.2779
41.7961
44.553
34.5605
35.7473
34.1167
38.7527
34.541
28.8271
34.9353
38.5375
37.2517
36.0693
38.5762
33.8303
38.4851
34.7389
38.5135
50.0506
35.9915
37.7352
37.3805
41.2233
37.7141
34.0893
51.8469
39.9252
42.5145
45.7557
30.6805
36.779
31.4375
41.7353
39.997
54.49
39.3678
44.0867
36.7312
33.7077
38.2658
34.7786
41.2234
35.9818
39.5477
39.0313
34.0342
45.9187
32.2164
33.5303
36.3322
36.3066
44.3301
40.3084
36.0857
42.7737
44.6711
38.34
40.2546
41.149
37.3341
35.157
36.6287
41.2212
41.2748
42.9753
38.548
37.1615
33.3245
36.2079
36.1415
35.9891
34.8287
40.2914
39.3799
37.5243
36.8837
35.222
40.7455
42.6449
35.4476
39.3453
33.3286
41.8581
33.1646
38.2676
48.0951
41.3155
44.1438
39.1273
39.8827
36.6061
40.4956
43.9396
38.5221
46.3929
35.0319
42.2693
39.5202
35.6326
39.4209
43.0556
38.9216
37.6559
44.7113
41.9553
40.7877
34.833
34.5457
34.6875
33.6841
37.5686
36.2682
35.2893
41.0281
35.8113
42.4682
38.5769
33.6102
39.2461
46.0917
40.9543
36.6619
44.4922
42.7371
42.2457
38.8157
35.6463
39.1353
42.5924
38.9639
34.428
37.082
36.5673
34.5847
36.2006
39.0194
42.4191
41.0221
36.0805
40.0388
37.5575
45.6444
42.4187
32.1893
40.91
43.2005
38.4754
37.7004
36.2305
43.1373
42.7183
38.0376
40.1582
36.8144
34.8568
38.4725
45.5616
46.1369
36.3219
34.4572
38.6563
39.0396
30.7888
45.7284
37.7108
43.8864
40.03
39.4102
34.1987
33.4655
39.28
37.445
38.357
36.7205
36.2208
36.649
35.6581
41.4494
46.4674
36.4792
38.6509
35.6367
39.5049
36.3692
36.9962
34.7625
39.3889
35.424
31.7594
37.695
38.2564
34.1281
41.0079
42.9436
40.2992
46.8856
29.8977
38.9165
36.2657
36.2153
41.2509
36.7437
46.2037
45.8366
42.6408
39.2393
40.5439
33.8623
32.7188
35.3929
41.4144
31.522
44.9134
38.3516
32.5292
36.3811
36.2822
32.0371
36.6736
29.5737
41.2859
41.3894
41.9154
38.0788
30.4499
36.7094
41.9808
49.6867
33.0393
37.9649
35.2432
39.0756
39.931
36.8416
43.2272
34.7265
35.1898
36.5625
39.1413
40.0976
43.8018
44.898
38.5022
37.2218
39.3283
42.9352
41.5863
39.6582
38.6045
34.504
39.5496
41.766
47.9217
36.5929
39.735
36.7814
42.7216
39.5123
35.3746
41.1597
33.5928
42.584
46.4901
39.629
31.4967
43.9609
32.7618
36.1178
33.1043
37.9111
34.8541
43.1478
45.5608
48.3696
36.4399
40.2909
40.0164
35.1206
34.0412
39.1431
38.0727
35.8163
49.0528
39.9221
40.3816
54.2894
52.5638
35.4082
41.0291
42.5612
38.4079
34.1772
47.316
37.11
37.6231
34.3712
42.3095
43.059
42.8433
37.8923
37.5301
40.1551
36.1912
43.2876
38.9603
37.1046
44.0692
38.4912
49.6211
35.1525
46.1058
35.462
42.4433
32.4115
40.2524
34.1509
34.6705
41.4639
43.3091
49.9418
45.4189
45.5121
37.9616
42.7891
56.1258
33.4042
43.0209
33.3967
39.9532
38.7035
39.1037
33.328
34.8075
36.0718
38.2307
34.2851
38.5277
42.9228
37.8745
36.9579
34.474
41.3252
42.1871
44.635
35.7779
35.5726
36.0011
36.7438
35.8557
36.1947
43.6248
36.4336
39.9743
37.8517
39.7318
35.4161
54.1928
41.3064
33.6741
35.3238
35.4607
39.349
34.4737
33.4634
41.3857
35.793
42.1899
43.5967
34.3291
35.7551
35.0764
45.676
36.2481
39.282
48.5487
37.581
38.8623
48.3221
38.0074
37.605
33.0727
37.5283
41.8341
37.193
40.5005
40.4059
37.9261
36.7276
37.3937
41.4064
39.0085
38.0316
50.3512
39.0915
32.4211
46.4849
46.898
39.0164
44.7384
34.4087
48.4833
44.7699
33.6709
42.7363
40.274
37.0473
34.4669
39.3773
37.2354
41.5333
42.5444
46.6774
38.5091
31.6518
37.0129
39.0845
39.283
42.6381
33.0116
40.4344
46.284
42.4858
44.918
37.7256
33.2642
36.6073
34.1476
46.6746
42.8765
47.2547
38.1179
37.579
48.4991
36.1643
35.7805
38.3068
43.765
34.711
39.4878
30.521
37.3135
35.8149
36.1089
36.9539
41.376
34.7077
35.0427
34.3491
48.1216
37.3002
51.8765
43.3705
47.076
38.9128
35.4702
37.9034
38.4957
33.6319
33.7683
32.3513
41.2435
39.0301
32.8759
37.7959
42.1727
39.3797
39.6963
36.8632
36.6631
41.0462
43.5684
38.4801
37.7546
33.3593
39.5691
47.0648
39.2356
47.8639
36.5453
38.9339
32.4095
41.9551
36.7181
41.594
33.4485
27.8427
33.242
36.8194
39.1191
40.184
43.8051
45.7334
45.0161
39.0034
32.4895
39.9755
33.5272
47.717
39.0541
36.0158
41.3209
34.7205
38.3966
34.3541
33.8128
39.693
42.9135
38.6149
41.1188
43.4224
38.7251
39.9819
39.0926
32.4614
41.694
40.3237
51.5507
39.2984
37.1056
44.1091
42.0804
43.5632
38.8489
37.6346
35.0374
47.1654
38.957
35.4041
41.9161
44.2092
38.4211
35.8307
37.9746
44.1296
38.6941
42.7139
38.4495
38.591
35.3649
38.3636
34.3556
42.6294
35.5984
40.0024
38.5193
45.9454
41.2335
39.922
35.757
38.8813
33.975
39.6734
38.7903
43.1183
36.1631
36.4733
31.1805
42.1728
42.5984
35.4692
46.314
29.4224
43.3747
43.8612
34.9858
49.2415
38.9061
40.3266
34.9407
41.4933
39.7961
54.0582
49.1906
34.7763
34.8185
36.2722
44.306
34.4713
33.5244
41.0589
35.9629
35.7666
36.0848
35.713
41.0106
34.2462
41.8255
35.0674
35.3782
38.8624
37.5021
39.505
37.3272
37.6462
41.5058
36.1225
41.5749
44.1037
31.9884
43.1717
38.608
34.0738
42.3177
38.3872
43.8027
40.3377
46.2204
30.623
37.203
34.4789
38.4231
40.2346
35.9053
35.8373
34.9356
54.3384
36.2675
41.2033
46.8399
39.1645
44.2027
41.9141
40.6548
36.6932
35.9846
43.3071
39.6076
37.7472
56.8516
49.5757
31.7749
40.3389
37.3221
37.6006
36.1621
37.8961
40.29
39.666
41.5954
38.4964
42.9537
43.2863
35.0732
35.8395
35.6005
42.0946
38.0746
35.9918
34.1817
42.8473
35.2354
38.6521
35.3205
44.4708
35.3961
42.6324
37.7242
38.8189
44.7232
39.2836
33.0226
34.7131
39.8685
38.9492
40.044
31.2334
37.8659
49.1655
40.6872
38.0006
38.5841
33.6116
35.5052
37.7942
35.3914
39.2448
37.3145
32.7722
38.7692
39.4705
49.4538
37.5982
30.0809
37.7088
34.5255
39.1086
35.5406
34.3021
39.6386
40.2434
48.9731
30.9543
32.8594
50.2766
35.4886
31.7894
37.8217
42.9187
43.0897
40.2598
37.8809
40.8224
38.7019
40.9367
35.9687
42.1184
36.6152
38.0516
36.2554
40.0994
34.0234
34.415
39.1586
56.0785
37.9165
40.7165
38.4419
41.7635
39.2754
46.2859
39.0726
40.8816
40.4719
39.234
33.9882
38.8178
47.9816
43.743
39.78
36.8291
38.7028
39.0103
54.9498
48.4209
42.9352
34.613
42.0246
37.1543
43.0195
43.3831
36.9762
36.2314
35.6308
46.3151
37.1496
38.6159
41.1063
35.9306
41.8181
34.5847
33.9285
35.1756
43.0719
41.5577
40.928
35.5513
39.9788
54.6094
47.3226
43.1827
32.0267
46.85
34.0911
43.0752
37.752
45.4435
37.3226
41.264
43.8777
38.9428
36.9176
44.6028
37.1168
41.5275
38.8124
50.3655
38.3742
52.5997
40.5625
39.9771
41.0628
34.5063
42.9437
40.7802
41.7299
41.315
40.1951
43.3497
40.811
45.2978
32.8996
38.5934
41.39
40.3182
34.0094
42.3405
38.8763
36.2818
43.5443
43.6901
37.3913
39.4311
46.4401
40.082
43.5176
33.7869
39.7131
38.9239
45.2039
36.8557
39.8834
38.3001
44.9333
39.1667
42.7022
37.3622
37.664
35.0358
36.0503
32.261
41.7562
42.9884
37.2297
33.9069
44.9687
41.9962
39.4871
40.5007
33.3456
44.0911
43.1753
42.9651
33.1383
46.699
33.1249
46.0667
49.2841
41.0453
42.4289
41.2055
43.3868
40.0836
39.2762
42.7532
44.3945
39.1987
32.5211
45.4869
29.6583
46.9022
37.5307
32.6186
35.8533
41.2874
36.9816
34.4015
38.1759
36.5657
41.5114
42.4273
35.6287
38.7335
31.8445
37.9586
43.2594
38.2114
41.5186
45.1654
36.6708
37.8769
47.8923
37.674
40.6049
46.0081
39.6023
32.7491
39.0428
34.1246
39.2184
42.8374
44.4974
43.7997
36.6794
42.0928
40.583
39.2097
35.2545
39.2929
38.5078
41.8986
40.3846
43.0227
43.3337
39.3702
40.5485
39.3856
41.0506
35.1861
39.1993
42.7251
50.6375
39.2066
41.8687
47.4279
34.0397
40.8426
44.0163
41.8127
36.4884
39.4652
45.0628
37.069
38.8392
40.8887
42.2671
38.457
42.0735
40.4486
33.5521
30.3561
38.7552
32.9759
37.3539
48.5185
37.0693
37.0941
46.3586
36.2462
45.1496
43.1429
42.25
38.4686
46.7293
46.9557
33.9188
45.6592
41.3586
41.7491
39.0466
42.2832
42.0091
41.4871
40.664
47.8656
43.5637
39.4051
36.0625
53.1453
48.1222
32.6847
39.2527
48.6612
38.2111
38.5744
39.3366
40.8707
35.5582
35.1949
40.331
38.6122
39.9868
29.9451
45.5915
32.6438
39.6036
41.8217
46.0185
34.5415
31.8414
34.3867
36.6313
36.0417
35.939
47.8751
40.2528
43.6359
33.7565
62.8486
33.7432
35.8671
39.7135
39.0698
38.3133
37.5853
33.2458
35.0835
45.6914
40.4801
40.9228
40.7329
40.5558
33.0952
41.5521
38.1258
38.1302
37.3354
40.5557
43.3771
38.6979
46.6224
44.877
37.9704
34.0854
45.2546
36.2756
33.5558
46.4553
33.028
45.5884
39.5649
42.3533
33.879
41.4357
45.6834
36.8279
46.022
41.3017
39.2094
35.695
42.1064
32.1397
48.2595
34.8676
58.0497
38.4733
35.0616
40.1426
39.2316
36.8339
48.9866
36.4282
33.7169
42.8247
51.039
33.242
38.9079
32.8924
40.8
41.6596
32.4326
47.5357
38.9441
39.4462
39.0675
33.2335
38.2996
35.7495
39.3289
40.4907
45.5111
35.6189
45.0678
37.9799
34.3424
42.1882
41.3358
35.4193
36.3001
37.1206
45.5944
36.7286
39.791
36.4853
33.8317
41.8831
33.7006
37.7895
36.5713
37.0647
33.9046
35.914
34.5231
45.1523
46.8561
35.9291
41.3562
32.1031
38.966
41.0388
41.2644
47.1355
42.7168
37.5098
33.6976
37.7374
40.0473
38.6426
29.6344
34.9826
46.7068
38.8738
34.8576
33.0136
41.7701
39.5628
29.3698
42.121
39.681
32.93
33.24
38.692
35.2242
40.1951
38.3822
40.0639
35.2385
39.7741
35.8085
49.3385
32.2784
42.2058
38.117
39.6556
37.8653
41.505
57.1724
40.6833
46.4215
36.2879
39.1564
41.7824
40.0892
35.6638
47.4942
33.5932
33.9992
31.2422
35.2835
37.902
42.6805
35.6521
32.7005
42.5363
42.0839
36.3465
42.08
40.1422
40.0302
48.66
43.405
35.6487
34.9361
45.0285
34.6296
34.7598
33.3977
36.2238
47.2166
51.4203
35.3895
35.0101
44.9295
39.8732
37.1209
51.0563
39.6482
36.2489
41.5131
36.907
42.0689
34.0307
38.8534
33.8121
32.0232
36.797
41.2187
36.2335
42.4534
37.1661
33.0583
34.8562
37.7675
40.8287
37.2408
40.1318
37.6719
55.1641
42.8861
38.8915
33.0725
35.9571
37.1739
40.4855
55.0291
37.4147
36.2964
46.7046
36.3764
38.7398
43.9743
40.2508
41.6342
33.8709
33.3373
40.58
37.7738
33.0627
36.7166
40.2927
38.1441
33.2765
51.4847
35.1676
41.287
41.8022
40.0776
35.8979
42.5553
37.0651
38.3967
35.9296
33.8658
40.6759
43.9232
39.7786
35.3528
41.4948
34.1342
36.2648
37.8985
36.2949
35.0465
32.6373
36.0255
43.3798
37.5164
42.9977
41.1837
34.579
37.6402
38.7749
30.3559
43.8492
45.338
45.0655
39.0903
45.9296
35.9644
40.9223
43.7578
31.134
34.8541
37.4162
36.6156
37.8639
36.996
36.2348
43.1748
34.7257
40.1937
37.9697
38.7005
41.0805
42.8102
37.8278
47.3401
44.1764
36.8318
40.2402
38.0868
37.1483
32.8542
31.7223
42.9158
35.4743
35.6043
35.1689
34.0109
37.3838
46.5729
41.9758
45.0541
38.7183
40.3268
42.1734
44.3267
31.3818
38.9086
38.5556
39.4589
41.6389
41.3498
41.4341
44.0668
40.1934
40.7467
33.6019
42.644
52.3974
38.7151
38.8415
34.7513
38.1084
37.1683
42.8376
37.4489
42.2338
36.2044
45.6033
39.0024
41.21
34.318
40.5401
34.4804
34.538
42.8807
42.8383
38.0311
40.9449
43.4439
49.5215
39.5156
41.5041
38.0554
39.9588
36.5718
32.882
32.643
38.7652
34.7913
40.614
36.2001
35.2457
36.8871
45.8449
36.9671
36.6013
35.1522
36.4108
37.3537
42.3927
45.1016
36.2047
36.318
40.2956
37.9238
34.5574
42.574
46.7349
36.2209
42.2775
36.0455
36.6695
36.4673
35.0983
38.333
38.4145
45.1825
40.2479
34.7199
37.5495
40.5402
34.7639
41.807
42.3792
35.7271
39.8956
39.2267
31.5968
43.8604
35.8041
47.5597
35.2757
36.4425
37.2018
37.4155
39.6053
35.4275
36.5621
41.5531
30.3809
42.8987
36.1693
43.6529
43.6835
35.8669
37.2156
38.5909
44.3829
46.9633
37.24
42.8747
48.4809
31.4689
50.2121
46.0366
38.1974
46.0791
39.2348
45.9496
43.6845
39.5036
45.5088
35.5272
30.7329
34.5529
34.1984
43.2778
36.7123
44.1458
34.2349
37.2472
41.3766
31.3294
41.9136
38.4232
35.9058
34.848
42.1252
38.4335
37.9841
39.5159
38.7605
43.4843
31.8104
39.0252
38.6345
38.1584
42.5437
36.6143
37.8137
42.5072
39.2987
41.3298
36.8621
33.864
45.4719
36.8878
37.9072
49.5127
44.0532
41.9822
38.6257
38.7616
34.7926
35.4357
42.1855
35.484
40.1816
44.2093
43.2012
39.0048
39.0529
41.5368
43.7473
37.7038
37.606
51.7463
43.5301
42.582
32.3981
37.2205
47.0671
32.1404
48.3383
43.463
35.6518
37.9004
34.4968
36.5344
41.625
37.8117
42.4196
36.9928
38.4556
43.3126
42.0301
35.8364
35.7772
40.9093
38.9395
35.445
46.8444
40.3602
45.8493
36.2314
42.6049
31.7174
39.0965
44.1714
48.1524
41.9667
39.2683
45.1086
32.5719
37.8458
49.3472
39.141
45.753
34.9065
35.9011
42.5976
42.7085
37.5112
37.1326
45.3593
36.872
45.4128
33.9673
38.3821
31.542
34.0627
48.4589
33.5036
39.2739
41.8339
38.1846
46.156
39.1857
33.7422
46.55
35.6528
40.9894
38.2439
43.5666
34.4327
35.7173
42.3903
36.5921
40.5273
32.6046
36.8661
33.0179
46.5449
40.5895
44.3986
50.1292
36.7005
36.1552
42.0867
41.4347
37.4453
30.6933
32.94
41.6365
35.2261
37.6351
48.8697
31.4093
34.9071
36.2367
41.7281
35.4256
34.263
33.0645
39.4735
37.4896
47.3331
35.8639
43.0788
32.3303
34.5818
40.7089
36.7265
31.3514
42.8417
38.5476
43.3948
36.8208
36.4826
43.8733
35.7321
39.2208
39.0303
33.7658
37.865
44.5038
47.5255
36.1498
41.2696
49.1904
37.5761
39.079
47.0879
37.8379
36.1728
35.3473
46.148
43.1826
40.2307
32.2765
55.1274
33.9591
35.4788
43.5486
37.7232
42.6043
38.9435
36.8408
39.9228
36.5724
39.7271
45.6284
47.0744
42.2646
31.7657
44.3095
40.6751
33.7131
46.1246
41.7266
43.4544
41.3619
37.905
41.6766
38.3984
35.6283
41.9595
36.6772
35.7123
41.6341
36.4567
41.6122
46.8843
39.3072
37.0853
38.5718
41.3898
40.3337
36.204
44.215
42.7063