44.8044
36.8001
45.3856
37.869
34.9597
42.6814
35.8251
39.9682
41.8157
39.4368
37.63
45.6025
48.4743
41.381
32.6245
30.7796
35.9179
51.7052
32.9593
35.4306
34.3484
38.9723
41.7801
35.167
43.258
36.2593
36.3016
40.65
43.0362
41.295
42.0925
37.4801
40.6892
36.6338
46.8125
41.7878
35.6909
34.9482
34.2527
42.5231
36
41.4443
35.6985
35.3218
41.0846
36.4321
41.4966
46.6183
39.6281
35.0043
37.3841
39.8965
45.9695
32.056
40.1048
40.1055
37.5902
40.2238
36.6645
42.1653
37.7107
32.7478
31.9529
33.518
41.9282
36.8351
35.3113
48.2141
42.4737
36.6016
45.6319
34.7053
34.9386
40.7763
34.6756
43.4881
38.9282
35.5211
40.8074
35.8854
34.3115
42.7213
36.0388
31.201
43.7355
40.7112
42.1019
36.7666
46.829
35.2723
33.4744
39.7221
29.9222
35.0457
39.2057
40.0689
39.7856
38.264
38.7622
42.8024
45.5773
35.6817
32.5325
37.1513
46.6955
41.4392
36.0501
41.8405
39.3894
47.3692
38.8264
42.4387
45.0887
40.7477
33.342
46.3853
42.0288
34.2847
36.6443
44.3467
41.3057
37.0718
34.9047
42.6969
44.3743
38.8554
36.168
36.4523
36.0897
41.3398
43.3095
37.2981
31.6191
36.4229
38.6437
38.283
48.5058
37.2256
37.0952
40.7002
37.2646
38.1207
39.3681
35.9969
32.2331
35.0308
41.1975
41.7898
41.1503
41.2611
36.8902
42.997
31.1601
45.5177
39.9734
45.8407
36.2176
34.4317
33.4658
40.0005
40.7299
38.3685
38.5042
43.6615
35.0419
36.6536
36.0796
39.6435
40.7509
34.7985
36.4345
43.6115
43.2042
38.5583
34.1495
39.3977
43.8235
42.874
32.3021
44.8462
39.0453
42.5885
35.7771
46.9261
34.7744
50.6338
36.8169
43.0101
35.1953
38.7628
36.294
42.7149
40.9567
40.7779
45.5967
43.8546
40.0753
38.8127
41.0868
47.103
42.0762
38.905
35.5673
37.8649
49.8712
47.5886
44.9658
38.4858
37.5731
37.2662
37.7191
34.8723
42.2581
40.523
36.7981
40.1613
41.4963
45.2239
36.7482
44.125
41.7321
38.6415
35.1845
33.1201
36.1946
52.3667
41.9553
39.8593
33.2786
47.1344
42.4899
46.384
46.9911
40.032
39.157
34.3655
40.5233
34.8347
41.3289
38.0142
42.9893
43.8379
40.121
35.6078
46.4393
38.628
37.6188
33.1384
43.9521
39.504
41.6013
31.4752
35.6308
42.5044
37.904
37.0396
41.1964
35.0326
34.3612
42.9076
45.6627
43.8085
42.8881
41.5221
39.4896
42.1753
43.498
43.985
39.2568
44.403
43.366
41.5314
36.9887
39.6834
47.9653
38.097
40.5237
44.0008
40.4818
34.6773
34.2171
40.7367
42.4205
36.2803
34.8261
32.557
48.026
46.3221
38.0801
40.8001
41.8639
35.0267
37.3119
32.5844
40.4178
44.4881
41.4708
35.7587
41.7638
33.6882
48.0867
32.8141
37.787
39.905
41.402
39.8942
34.7196
47.1343
40.4736
33.5153
49.6306
40.9119
41.4044
41.2758
37.337
49.1269
39.2752
42.3828
36.1037
42.1752
41.2835
40.0061
39.748
49.0471
43.6541
35.361
40.7893
34.3511
38.9115
40.0139
40.3477
31.5339
33.2268
41.2912
40.201
48.7385
34.8489
39.1262
45.2976
37.4342
38.2487
36.4865
39.9887
34.0341
34.4449
38.9127
34.6691
34.4386
42.114
36.77
38.6111
33.4708
42.9533
40.3048
33.786
47.5959
44.5356
45.6912
33.9805
37.6721
35.2221
29.4542
40.0222
45.4104
46.1002
43.3934
37.1083
35.4307
33.7123
36.5904
36.9391
46.8039
34.8503
39.1405
32.1517
46.2585
42.2912
38.6574
34.026
38.4949
40.2357
39.3945
38.1397
40.7952
34.5858
36.7622
43.3986
42.8326
37.9311
56.0999
36.7892
49.8547
42.8205
43.165
36.635
41.8313
34.9306
48.9089
38.8891
39.711
35.3489
47.0981
38.4464
46.9374
39.2468
42.6048
40.6173
45.0936
48.5078
43.538
42.722
40.1838
46.3247
33.5171
35.0721
34.1367
47.4339
32.3167
37.7941
37.3646
47.5058
38.8013
44.5839
41.6205
33.3047
42.6315
44.1263
38.0546
41.3164
43.0805
38.6686
32.9794
40.1498
33.7135
39.4269
45.5905
39.1653
41.0654
38.7839
46.3845
37.5117
58.5885
42.4329
41.8789
34.9211
45.3715
42.1024
49.7683
44.7713
41.9435
44.5704
37.8452
39.6744
31.8346
40.7893
42.365
45.6118
39.5792
39.2525
41.4784
50.9174
39.0256
30.4055
39.2198
34.703
39.2691
32.4746
43.9777
36.8048
44.5341
37.5845
43.8615
41.8922
45.6769
36.0795
38.7337
43.1649
42.8508
34.3071
40.2901
35.8682
34.8394
37.7535
37.377
36.0731
50.1353
37.191
50.9439
34.2483
42.5799
36.3033
37.8644
33.8518
39.9696
43.4741
39.7752
44.9255
35.1457
34.5735
36.8699
38.2951
42.1505
41.9868
37.2037
34.6536
41.8199
33.9879
42.4472
41.8597
37.9171
49.8548
49.7325
38.02
42.3184
36.0584
33.4639
40.7744
45.8042
43.3324
45.6888
44.6498
42.6437
34.2232
34.3059
37.1928
37.9812
34.9968
38.0707
37.3173
39.7229
38.3271
36.7835
34.5731
33.1677
38.2265
38.2188
41.5314
36.8864
36.212
43.4574
48.1208
35.317
38.3907
40.9767
38.7467
36.3635
40.4182
46.0062
38.8354
49.4495
45.6986
45.2219
35.747
39.2559
42.2363
37.2514
42.5346
35.9555
41.7644
36.5597
32.7319
40.0977
43.3021
48.4685
45.0378
36.2433
36.5642
46.0951
34.1742
43.2237
36.8624
37.002
35.2936
44.3932
37.008
37.1894
42.9184
39.1624
41.9582
44.5472
33.1965
40.8227
42.5575
35.7636
35.4518
32.2007
40.0806
39.5417
33.846
38.505
32.5366
33.8239
32.2311
34.1865
38.9066
39.1212
37.679
38.0861
34.467
40.1142
46.9613
42.7288
39.7964
37.2265
37.9626
33.7645
40.9025
36.5282
46.2696
39.3896
36.4275
34.4599
42.9708
47.7193
38.0935
37.796
37.6601
42.4245
33.3904
41.7184
38.726
35.7405
42.5026
41.1966
41.3725
44.3788
37.5703
40.6298
41.937
36.3942
37.2393
43.4557
35.2949
38.4132
39.3048
42.7902
46.0167
33.041
40.311
40.9192
41.3635
35.3395
32.3862
31.7744
34.4351
33.5524
47.1937
42.8751
39.7541
37.1105
41.3844
47.5061
34.7556
38.6887
37.0222
33.7195
40.0922
35.0888
43.2087
33.6427
38.1404
34.8462
38.7524
34.4629
39.2082
40.8684
33.255
37.1467
45.9483
36.4104
37.8426
38.8315
32.9993
34.5349
37.2429
38.8644
41.0826
42.8837
38.9355
41.0544
43.2882
37.7671
41.6908
45.513
32.5883
39.0072
42.97
36.1164
30.4231
34.8415
34.5468
46.7314
36.6505
39.9287
39.3177
37.3358
39.7875
37.0858
38.3264
41.302
41.5941
36.3014
38.1445
45.6249
40.1752
34.9429
37.8191
38.7324
37.4256
32.0578
38.0863
37.5033
46.8733
43.1516
36.8935
47.9898
38.201
37.8049
35.766
37.2459
40.9887
36.9865
35.4685
50.8308
42.1234
36.7337
49.4271
37.2553
38.6435
39.6446
46.0909
40.6317
54.3971
47.5769
37.4679
34.2877
35.0562
35.0372
41.9661
46.4525
34.8343
30.8448
36.2999
39.96
41.1798
38.8526
38.3476
38.3606
38.8891
39.1524
41.695
41.6314
36.5807
36.6169
36.7156
39.9394
36.7891
40.1392
36.7632
34.6762
35.6289
43.1548
50.186
43.4875
44.8059
49.8591
40.8804
36.6825
35.4497
38.7613
42.8957
39.6397
40.3754
47.2904
36.66
45.3212
41.0343
35.4521
36.7489
34.8329
43.4802
32.9966
31.3605
33.6928
35.8039
43.5637
35.5371
41.4322
32.7738
32.4098
32.8026
35.6955
35.845
46.7666
40.4623
37.013
50.266
33.0045
39.493
36.5081
43.07
35.7188
48.6706
37.2162
40.772
39.321
43.0556
41.5704
38.2908
41.4615
36.8006
52.6191
38.8678
32.0012
38.9147
35.8612
33.3507
43.4052
35.2046
47.8644
36.0941
34.6909
43.1006
34.2343
40.6445
40.5465
40.9283
35.3155
38.5429
35.0688
44.7498
37.4153
40.1472
42.0568
32.5314
43.5281
29.9129
34.4146
34.4037
36.1009
45.5261
42.3519
38.5476
49.5491
39.3599
36.7823
35.6763
36.168
36.7212
40.2757
31.5964
46.0412
35.0418
48.9019
40.9045
50.2111
37.4635
40.1523
40.7321
35.2825
38.1278
40.037
42.581
42.3895
36.2182
47.9934
35.6774
32.4957
43.0197
32.049
39.3458
41.5944
47.6912
40.5664
40.5286
52.1193
40.4086
31.8155
33.6453
38.359
56.363
37.3385
33.5772
31.8256
38.4621
35.5563
33.6358
32.0166
39.706
39.3542
33.1782
37.1898
38.5176
52.228
40.0677
38.013
34.2856
38.1672
41.7999
36.2765
33.2076
33.4624
51.4861
43.4071
41.7547
48.61
39.0516
49.3596
29.3056
43.6461
40.3461
33.6329
33.815
35.2959
38.1748
32.912
38.7596
34.086
32.9768
34.1935
42.232
32.0072
46.1683
36.6354
38.5994
37.1098
31.8641
34.5702
35.6572
41.0797
38.8088
34.4677
37.0395
39.6229
39.1411
39.2225
38.7989
37.9135
40.8073
39.291
33.702
42.16
34.407
35.0504
38.087
36.8029
34.4961
45.7468
38.9905
39.2169
34.1651
36.9028
44.6096
35.9581
38.0914
36.9788
49.0987
33.9268
39.8152
40.4766
36.3032
33.9047
39.2258
34.7516
30.6116
32.3808
37.987
33.8609
58.6539
39.3528
39.567
44.3748
40.3417
37.1312
35.4201
42.2169
41.1073
34.1945
41.8289
36.3652
40.1458
37.3606
42.9717
38.8178
33.9463
29.4767
42.2303
44.4748
42.7978
32.1521
40.5962
36.2384
32.3719
33.7566
36.0911
41.0894
36.4848
34.9739
35.593
49.8796
54.2738
34.5951
36.2149
39.7645
37.2388
34.2615
37.8008
56.4816
38.7242
42.1759
43.1552
37.9411
45.2485
39.4553
41.2253
35.739
54.627
35.7953
34.2768
33.4327
43.9691
34.7026
37.5848
39.2811
42.4966
35.8857
36.6845
39.3559
47.3317
39.0275
37.0977
38.6117
30.7083
33.016
40.3774
38.6749
32.893
45.2745
38.1823
33.0722
35.1283
41.3742
40.331
42.5816
41.3941
36.0846
42.2971
41.1465
39.803
39.6703
39.5738
39.1488
40.6858
37.3435
42.8713
42.6499
41.3068
41.2357
32.3495
35.4175
37.939
34.5214
34.055
50.089
44.8955
42.5693
39.9862
34.6985
34.2944
34.9925
34.7802
41.8774
44.7347
39.9797
35.0001
38.9778
39.8921
35.2223
37.1444
45.2404
38.6744
36.7144
44.0044
41.0879
40.8429
42.8286
44.2522
40.7857
40.2832
40.3041
34.0194
32.3991
42.6298
40.1996
36.5016
38.1057
42.4222
35.4553
34.5936
38.1998
36.9859
45.7693
41.5022
39.7275
33.957
47.2274
42.4028
36.5273
48.7648
34.7383
33.8045
34.0803
38.9405
32.8079
34.5197
39.8997
33.3705
40.1038
42.988
44.7315
40.6119
45.5105
51.1774
36.7106
42.7146
45.4912
32.1709
33.6529
38.4498
44.5771
40.8999
33.2696
31.1758
31.3507
39.8236
34.971
43.9366
40.5247
36.0664
35.4778
38.0908
37.7984
43.3468
30.6383
32.7004
34.7284
38.0937
38.007
42.1626
38.694
40.1937
40.1304
48.922
34.3876
40.444
39.1718
35.5967
41.7984
33.9307
38.482
35.604
45.2761
32.8734
47.4242
44.5815
49.4949
36.1963
43.3188
36.4267
36.0195
53.3171
45.3842
37.3283
35.4751
37.8692
38.2303
43.989
34.1066
36.7451
39.8284
41.1836
32.67
36.2209
40.5265
39.488
29.9133
45.7618
38.849
45.8337
38.0462
42.1721
35.5636
38.5839
41.4492
45.8115
36.2475
34.0773
42.6016
37.9965
33.6283
57.5204
41.157
34.9545
42.0954
36.3102
41.0838
35.7428
41.6635
34.2781
41.5469
36.2285
39.6644
44.0134
52.4258
43.4237
48.0352
54.1706
37.3064
43.0594
39.6854
41.7195
38.153
36.7259
40.9263
44.2232
41.2615
49.0755
37.6838
37.2925
37.7259
35.5136
34.057
34.4848
36.2329
42.2195
41.7585
36.0283
37.6482
27.959
36.3331
37.1776
47.1853
46.3657
48.1904
36.4528
40.4289
34.5803
44.9069
42.0174
40.1683
37.6515
41.2058
40.6009
48.8693
42.6995
36.8727
37.2911
48.6164
36.1153
34.6033
37.4187
36.2489
32.5721
31.5136
44.5636
40.5339
49.7671
35.7652
38.0508
37.0672
34.8522
40.102
34.4861
38.7193
37.1904
40.8299
44.7578
44.6162
45.8595
41.3519
41.5244
40.9372
37.3953
37.533
37.9062
40.0992
35.9073
38.0296
51.878
44.857
41.8176
50.9136
50.4548
35.9293
60.3349
41.9823
44.0361
50.4376
40.7887
35.434
44.4306
40.0658
33.899
40.7435
45.7377
39.8133
40.6407
46.8658
34.9125
38.4399
34.4786
36.9339
31.2617
37.1199
35.7004
38.2841
38.252
39.0604
50.0763
58.1687
35.7501
35.2349
49.2132
34.1526
36.968
35.2489
37.8182
45.9514
43.7628
51.1098
36.3047
32.5545
41.6341
36.0943
37.6681
34.6672
39.4686
34.3013
36.1004
33.4259
43.254
50.3983
40.7552
38.9749
43.9017
38.4446
38.8711
41.7005
38.4075
33.4969
45.4111
33.553
45.7288
37.1362
43.7768
40.5044
34.0622
36.6078
34.3349
39.0476
40.1774
43.8178
43.247
40.8469
40.2158
40.0066
37.3868
33.1246
45.3881
40.9169
38.3619
38.1902
37.3111
34.9659
41.434
40.5021
51.9325
55.1521
36.6977
34.8111
33.7826
35.1665
52.3361
36.3917
36.399
32.7089
34.9997
38.0834
40.9253
37.4607
46.0155
40.9814
32.0563
36.3903
43.0141
41.3373
34.6934
39.9569
33.5047
37.6481
45.4751
34.783
40.584
39.6267
48.1013
42.0828
38.7466
37.7668
38.0734
33.8308
38.9271
35.7763
35.5641
36.9388
33.0132
37.7441
38.331
46.4664
45.0059
39.4765
49.0897
42.7355
37.6953
35.2116
38.5947
43.7496
37.9048
40.4767
32.7094
57.3176
35.4971
38.5828
36.5568
34.5509
34.4164
33.4822
37.3937
45.949
35.5589
41.0549
33.4769
40.5952
38.0562
42.8258
32.2347
34.7409
40.3504
48.2097
35.6422
39.9303
43.0835
34.6578
38.6194
40.1932
33.0341
34.4805
34.0616
42.9609
44.6127
40.7065
40.2583
37.1208
46.3643
43.4797
35.5241
35.4916
41.1479
38.7998
45.1325
40.9796
50.3687
38.7462
42.9482
39.167
33.5558
37.0187
42.6302
35.5663
36.7491
32.5756
36.7521
40.4341
34.5403
46.9134
38.7345
39.9836
35.491
37.7163
37.4455
43.3465
59.488
39.3039
41.4753
35.4423
38.1365
38.2979
38.0357
38.3519
37.2619
43.3727
41.41
34.2979
48.7339
37.4016
41.6492
37.9027
36.0867
41.4091
43.2083
45.6263
30.567
36.4711
34.7448
33.3393
48.5015
47.2276
45.1639
36.3965
37.6621
42.1714
34.7492
40.0803
42.8703
41.483
40.1221
35.35
43.1154
43.6199
41.4077
45.097
31.8214
37.0884
33.8622
44.1904
39.4817
39.7656
36.3517
39.9842
41.7026
43.0337
35.0966
40.9782
32.6273
39.1038
30.6323
37.0151
42.9668
35.2761
37.7188
52.4829
37.0996
33.8249
41.8329
40.3483
35.0597
48.5602
34.8022
36.5722
39.3595
39.5642
35.1406
41.4984
39.1981
39.054
49.0767
35.0057
41.0795
41.9846
47.4161
41.8934
37.4217
36.7693
38.8847
51.2797
39.9716
40.8314
36.793
37.9544
40.4287
46.3539
34.4009
32.7792
37.2493
36.5256
40.4784
33.229
43.3669
30.3284
37.7159
40.4398
36.5923
35.4291
31.8501
41.5818
34.7382
36.4532
40.9259
38.7892
37.6727
37.2547
37.7339
38.9314
36.1041
36.3809
36.0677
29.9993
44.2046
40.6154
38.1082
35.0506
37.4857
41.2863
42.0892
30.7421
39.7303
39.3621
38.3884
40.4553
48.5708
35.4023
37.5203
37.0433
34.9142
43.8201
33.3116
46.766
56.1445
39.4448
39.263
35.6118
49.1008
39.3623
36.6066
37.982
39.799
45.6722
34.6857
36.6913
38.0579
46.2937
41.7918
36.9275
43.0652
37.0114
43.1882
44.6431
40.7587
37.283
42.8059
39.7874
42.4917
39.0233
34.9474
39.9386
34.5046
33.6838
35.0832
40.9245
34.4632
38.6825
38.7657
40.1227
34.9933
40.8704
37.3494
33.3762
43.7515
38.2843
40.9396
39.9954
38.8492
41.0585
32.9
33.3472
37.9421
46.4367
37.5327
37.9503
40.7232
35.0118
45.4075
35.9102
48.5305
36.5338
38.8304
36.7039
40.2863
36.2662
32.136
39.5568
42.2737
37.2633
41.7061
34.3951
35.0649
31.8775
38.4857
37.6173
41.4186
33.9578
36.1538
34.386
39.0505
41.14
42.403
37.0482
36.0808
34.8343
36.7566
39.0686
48.1238
33.482
35.8773
46.7655
34.6546
40.9243
38.4661
40.6558
36.0663
43.7225
35.4999
38.0528
38.3115
31.5078
50.1041
46.5535
44.9145
36.1552
41.0466
40.0247
40.5205
37.9871
43.9171
36.3058
44.0121
46.1744
35.6242
44.3318
29.466
31.9266
36.0661
36.1369
47.0306
47.899
35.9798
39.1058
42.4957
39.787
35.5997
36.7692
39.0281
36.5498
28.9202
47.5367
33.7135
35.0186
36.2586
43.3553
32.8801
38.236
33.7617
39.0456
35.7509
38.6893
40.6898
41.4636
36.7418
36.4643
35.0125
39.5301
35.1634
45.071
41.5989
42.0192
36.4742
38.3135
42.55
35.9382
36.766
41.5096
37.9835
40.5468
31.7972
34.9251
36.6117
40.7425
45.201
28.4086
40.2336
41.2979
36.5787
34.7923
42.1313
37.3732
33.1635
40.4159
38.5162
34.4386
48.9834
39.0564
40.0034
33.0787
41.6514
38.323
38.2154
35.0564
50.1993
40.0468
40.5631
32.8965
39.436
32.5741
42.6042
38.3283
35.594
43.6211
46.7196
44.2727
37.4085
43.8151
41.1276
41.1869
38.3519
46.2732
34.7103
35.6219
41.316
35.0317
36.4314
31.8642
51.3896
38.2803
42.5684
41.1888
49.9282
32.1378
36.9003
48.655
36.928
37.2046
40.0785
38.0889
36.013
38.2008
41.5186
37.8038
38.1882
38.7649
40.8979
38.8934
38.2203
43.2088
35.8902
44.1269
35.686
35.1763
39.9439
36.1211
36.2191
49.134
31.75
33.7561
32.7111
35.4294
43.3295
47.7101
36.2699
36.7673
40.1596
47.6666
41.1659
43.7441
43.3303
46.8259
38.4993
34.1555
37.459
37.4825
38.0042
41.2044
35.615
40.73
41.1954
35.2664
39.3044
34.5863
36.7831
43.2966
38.7166
35.0503
36.9488
34.5972
39.6667
43.153
37.5632
34.8505
38.679
42.1661
38.9507
41.3545
45.2757
40.4567
46.2241
44.4946
37.1952
41.073
33.6562
37.1695
35.1407
32.7203
37.1054
41.3046
50.552
37.897
33.3373
38.8143
38.6715
45.2896
48.1336
40.1188
37.0306
37.6547
32.5628
40.3714
48.3611
34.6349
37.3873
46.6946
34.885
37.9514
36.8893
35.4696
34.4781
35.842
41.0376
38.9083
41.7809
40.3248
37.5401
35.9106
33.9878
35.0357
38.9015
37.1049
36.2002
42.221
42.4061
33.64
37.9637
40.2596
43.9169
34.928
37.7633
39.2586
45.3369
35.0806
31.2086
33.0398
38.0175
38.1201
36.2297
39.2373
38.4534
34.4363
34.2562
41.4316
40.9104
37.4387
36.4902
45.5957
45.2231
37.3458
54.3374
43.8335
39.3448
40.1047
44.6231
46.254
53.6355
31.4237
37.614
36.7507
41.9181
33.715
32.8694
34.3423
40.426
38.3391
34.0353
39.7334
34.5634
42.6635
32.1166
45.1906
41.8827
39.2952
37.5936
36.5505
35.1051
34.7218
43.3098
36.0544
40.976
32.1209
39.6788
43.0183
41.5821
42.8873
43.1002
33.17
34.5982
45.9501
38.4771
43.6085
36.0223
39.1134
39.8493
40.2618
37.709
44.1635
37.0976
47.9742
37.2867
43.3059
35.2455
43.7832
40.8996
37.0384
37.7713
32.7175
40.8648
42.0089
43.3987
41.6118
40.5325
43.335
41.4939
41.8219
40.9446
36.3738
40.8348
54.8397
36.3141
39.396
41.3913
42.7407
48.6145
40.948
46.8768
34.2191
37.9636
46.2315
35.8577
40.0739
43.3434
35.2904
47.5549
35.4862
40.9948
37.1169
40.2267
34.1468
39.6298
37.5896
39.1206
38.5914
37.8154
39.4246
40.5014
39.1455
41.9884
38.9156
42.7323
38.64
43.8753
36.462
41.8008
39.8616
40.2826
39.2834
41.1242
33.946
40.805
34.8936
35.4482
41.933
38.2331
33.3032
33.391
34.2636
33.5755
44.2274
30.5102
37.2219
42.6889
36.0357
37.0031
43.6046
40.964
37.6521
36.7005
39.8938
34.0371
43.7068
38.4161
40.2821
34.174
42.8316
37.691
49.3904
41.9699
37.422
44.3985
44.6474
39.4916
40.9495
43.9134
36.2337
32.7869
37.6724
35.1354
37.0721
34.5535
46.5341
46.432
42.0562
34.4315
39.9476
40.4138
33.3222
39.5355
34.6362
51.7325
41.0926
45.9891
41.5743
37.112
44.1801
39.5173
37.9822
33.5678
36.1431
45.1955
44.3829
41.0602
38.8681
49.6164
38.1225
38.5987
35.7837
38.7677
36.2124
39.8183
36.895
33.8406
38.6684
39.3887
35.3676
38.5431
39.7696
43.5724
51.8355
38.1883
40.3069
36.6443
43.0481
43.2461
39.4561
36.5075
35.6953
44.9313
38.4015
47.0899
41.5002
47.5879
39.2427
39.2239
33.1257
37.0647
38.6685
37.2775
36.3748
38.2351
42.9716
34.6097
41.7733
45.5927
45.9943
43.8425
37.6916
45.4535
44.4785
41.4628
35.9616
41.1947
47.3883
33.1974
45.5891
36.9941
37.2281
46.4404
37.4914
46.2561
30.2984
38.8932
41.5153
40.5137
35.1093
41.107
29.7663
36.9454
48.4358
40.3166
36.9103
45.596
45.4867
39.9551
43.32
37.2161
43.8674
41.6402
45.1879
35.838
34.7935
38.5911
35.3928
39.5185
47.7554
33.4141
37.4348
37.2409
37.4559
40.1582
34.7524
31.7685
39.3821
36.5625
36.2163
37.7544
46.3433
38.8294
50.1407
36.697
38.0359
45.1749
37.0338
40.0845
46.5625
41.7057
38.5
35.3813
39.4446
44.4532
33.4077
34.985
36.1541
43.7041
39.7101
48.9309
43.2163
28.059
36.0118
35.9862
43.2702
44.7819
38.4247
40.6461
39.6468
36.9241
37.7484
37.2577
43.7615
43.305
44.5479
36.4574
37.7154
38.9958
40.7219
40.9714
33.5374
42.4753
35.3552
38.8264
35.9168
39.346
41.8111
46.3994
40.109
34.6613
32.7795
41.4521
46.5458
47.8089
34.4565
36.1455
38.3687
42.2763
43.9091
49.7762
42.6459
38.2424
42.4403
40.0138
43.6771
41.6886
41.0568
32.5527
38.5493
40.756
34.0389
33.3897
37.9563
42.1042
37.2519
38.1878
31.939
39.9923
36.6171
37.3597
44.2012
37.9534
39.6416
43.3355
37.7503
43.3993
42.5552
42.2317
37.2117
38.032
41.1055
46.493
37.1181
37.3764
37.6996
39.1495
32.6652
36.6605
36.6193
43.9056
34.2424
32.9791
41.1589
36.5566
32.0763
40.0879
33.8525
33.9717
43.5345
36.6597
37.0383
39.1202
40.8981
44.081
33.5259
34.9968
33.8272
42.814
37.0306
43.2025
44.69
40.4786
38.3806
42.8046
38.9105
31.6692
37.57
41.9548
35.7377
37.3376
40.4569
34.3385
37.9603
40.5842
38.3538
38.3946
40.739
40.9911
35.7404
54.8498
39.4741
36.9471
32.162
34.5805
36.2587
44.6735
31.5053
37.0538
46.9249
43.1226
35.908
50.9439
49.7208
36.4639
40.0572
43.1069
53.1598
39.5138
45.1547
35.5026
40.2689
35.3273
37.0373
34.9478
39.9094
31.1879
43.7742
35.6705
38.4362
34.3429
41.8881
47.6936
40.1131
36.4507
36.9206
46.7899
45.641
51.6335
35.7359
40.2091
42.3379
42.2601
39.2439
37.7417
35.2343
34.3456
34.7867
50.7523
37.8316
34.8296
40.6895
39.2734
39.6335
39.174
34.9115
34.6548
37.4667
41.3892
36.4904
44.6758
41.5618
37.801
38.4725
36.5036
34.8308
32.7797
38.4476
37.7277
42.6249
27.9419
41.2099
44.293
37.2833
36.4819
37.7506
38.8548
45.8265
37.6103
40.8691
38.2537
39.2741
38.1839
45.7307
37.3562
35.4965
51.2605
39.2295
39.7695
39.5851
52.6443
44.2056
39.5998
34.6168
34.3844
49.049
35.6789
41.8876
42.0565
45.4692
41.4975
55.3423
44.8876
50.0288
39.5695
44.6268
39.2492
35.4562
39.119
55.3501
34.0769
36.0831
34.4419
41.6219
33.479
36.8815
41.2595
35.2977
47.8556
34.4507
41.3459
39.7284
37.494
38.1343
43.9032
29.9635
41.012
42.7471
39.8712
39.0526
39.3473
41.8657
38.3442
46.0012
38.5348
38.209
42.704
37.3164
39.6655
35.4811
46.2404
35.9868
36.7923
41.3674
49.0085
43.6398
36.1092
38.2301
41.5538
42.8338
40.8944
38.1281
38.78
36.0022
42.0436
55.2793
32.999
37.4562
38.6026
34.1553
39.388
34.5739
42.9837
33.7741
32.9544
46.6771
39.6112
45.8635
38.1089
40.2833
40.0381
33.4496
44.6826
35.0921
41.649
37.8618
39.5323
44.5311
36.6979
43.525
34.1622
42.7353
38.12
38.2238
39.6549
38.665
41.608
37.2014
38.267
37.4434
32.7706
43.425
51.3358
38.6465
34.9656
42.842
42.4119
32.7286
34.7463
35.6093
40.6183
36.716
42.3196
41.4388
34.6985
44.7889
43.7649
34.2737
41.4855
35.8388
37.7602
35.4809
43.1867
36.4695
39.3527
42.3391
35.2482
36.2656
33.4317
41.6849
39.5115
39.1839
32.3847
39.2301
43.9044
33.3657
36.4455
34.6569
46.6363
52.5665
49.5655
36.7596
41.3508
37.2936
36.7285
33.7789
34.1976
39.4541
35.2572
38.4254
44.75
44.898
46.9942
35.1184
43.1825
39.2003
40.7527
49.3293
40.4695
47.7668
39.2656
37.7837
44.3598
41.2489
37.5753
35.0174
35.5594
33.1963
45.324
37.6142
37.4861
42.6674
45.2098
36.7057
38.8495
39.1793
36.4213
43.2491
35.5286
42.8699
34.6218
39.5203
38.5656
38.4495
47.2552
32.6073
29.2896
36.3591
36.4246
36.593
44.095
36.406
35.5852
42.2215
32.2435
39.5767
50.9692
34.9523
44.6895
48.9826
33.8078
37.2587
40.8957
47.0988
48.5162
35.7624
38.5826
45.2057
42.9071
38.8824
38.1096
44.2331
37.7286
37.7935
35.9533
35.2447
35.5301
49.9747
59.2316
33.9714
38.9742
43.5537
34.0585
37.6649
37.6936
36.4572
39.0024
39.1377
36.6607
39.4569
42.8986
42.2423
38.6654
35.109
27.9736
43.0092
53.7199
38.769
49.5011
39.4196
36.7095
40.1444
38.7729
33.397
40.9557
41.9151
44.3341
45.8517
41.6196
38.1403
39.5574
32.0241
48.5048
36.6324
37.4859
38.0974
39.123
36.9735
38.6124
32.9987
37.1505
43.7763
39.6331
36.1954
41.9836
31.5437
44.4126
41.062
33.7673
39.3194
44.3131
38.8268
42.0183
38.864
41.5176
40.4189
47.1479
42.252
34.6049
39.5685
34.3091
47.7698
31.445
39.0235
33.6196
37.2771
31.6145
36.9544
36.6867
49.3387
38.0252
36.3758
40.5303
41.3344
45.9557
46.5811
39.4267
43.8049
38.2825
40.8821
47.3552
37.6613
34.6709
41.2769
41.4868
32.8617
32.3879
37.6712
47.0868
43.5793
33.3508
37.7474
43.013
41.0952
34.6199
44.7395
39.4153
42.732
36.4484
38.7135
34.7296
38.7878
36.778
39.8169
41.6633
40.3933
44.3781
39.8888
44.2371
38.7033
34.1595
40.7573
36.1356
41.0791
43.4483
45.7477
42.9858
36.7323
39.2075
43.7619
38.0445
43.4329
34.3242
38.731
51.4332
38.6903
32.721
39.8551
37.8187
45.6745
38.3969
36.9716
42.8964
39.8502
39.5262
34.6525
42.0634
50.5016
45.3841
33.5756
37.1496
39.438
32.565
42.1739
35.5683
38.5037
38.3155
37.1519
41.6037
41.4779
41.2654
33.4277
40.3288
39.608
34.6306
41.5579
40.6243
34.8197
39.4804
36.3208
43.3934
42.3157
37.8766
39.4825
43.4923
38.8705
40.1068
35.5618
40.5654
37.064
46.5947
41.6905
36.1956
34.7261
35.5667
41.0189
41.2125
35.2156
38.2364
38.4497
36.4977
39.5619
36.9069
33.8663
31.4237
34.8072
37.1228
43.487
42.3271
40.7946
39.9956
38.3511
39.1882
41.7893
35.9026
44.5734
34.9979
43.9709
37.759
36.0082
32.9636
41.0758
34.0008
49.3634
39.5232
40.4597
42.0115
37.4402
33.662
31.9428
36.9505
49.4724
36.7044
40.4854
40.6465
35.669
35.0532
44.1015
32.8136
38.299
40.7791
41.521
33.9993
37.1034
47.8685
38.3788
37.6275
57.8034
39.6657
40.3221
35.0151
36.4921
49.6133
37.7546
44.6522
37.5559
32.9694
36.4837
35.3734
43.92
39.1074
34.9419
39.0956
39.7532
35.3726
33.6213
49.218
47.6829
39.8508
31.3885
38.7344
48.0396
34.7163
36.4925
38.2019
42.3315
42.2777
53.907
47.5343
42.05
36.9332
36.7989
34.2133
48.1092
34.8592
48.8909
34.3686
41.8479
35.6296
39.125
48.1855
44.9342
37.4494
38.4896
40.5444
41.0088
41.6356
37.6021
44.3781
37.4285
38.3437
45.992
38.5255
31.9718
38.3171
40.3262
42.5868
39.2888
47.1986
33.2511
33.4038
45.6018
39.4373
35.3339
31.4322
38.4499
38.2698
43.1099
32.4266
42.2757
35.2267
36.1537
40.8295
32.8105
37.447
35.695
32.5409
42.516
44.8359
41.3853
37.7677
42.1609
39.642
37.5845
38.7644
35.5908
41.8172
37.7094
37.4099
36.2255
37.1597
41.5016
35.209
42.2394
38.8953
41.8183
30.9233
41.29
37.6477
39.2092
43.5157
39.7502
36.4413
47.5469
36.5298
45.3523
45.1397
34.9033
40.1925
36.1271
35.2428
40.6102
37.4674
38.4572
45.1142
39.1126
30.8165
47.513
44.9624
40.6069
36.6512
39.1161
44.239
36.0976
37.2154
36.6812
33.6107
37.4518
43.8073
49.5795
36.1804
34.5238
31.3342
39.85
37.4796
43.4505
40.9071
36.9041
30.7078
37.0801
51.6153
42.4885
38.0119
38.7888
41.3011
44.3045
41.1767
39.1624
36.0726
36.0785
41.2099
42.0374
42.3075
44.8409
39.3169
38.8801
39.5925
40.5699
42.4671
36.3897
33.4778
37.8146
35.3062
40.815
42.7946
32.6844
37.3246
43.9355
38.9534
33.7249
44.0357
38.5844
36.0675
30.0308
43.7281
34.1284
32.3516
37.8212
33.8459
43.0061
47.1167
38.8674
43.1498
38.7703
35.0708
40.1531
33.2642
36.4701
41.7731
44.4387
38.1023
37.845
45.5311
36.7124
37.3006
39.0095
37.1502
44.3636
36.397
48.7947
40.5693
39.359
43.069
36.2956
39.9111
38.7104
37.6497
37.2704
39.8684
54.0228
41.1915
40.7392
41.5131
43.5366
34.0457
36.2443
39.6221
37.4228
41.9442
34.445
47.1502
40.9314
43.0766
39.3222
34.0608
44.1783
35.4062
34.2171
40.1293
47.692
40.8355
39.9092
40.5263
34.9124
38.004
41.238
39.3877
36.8658
35.4569
36.7563
41.7394
43.6819
32.4385
32.9136
40.1128
38.9216
42.2001
41.6418
47.8293
38.5661
42.3969
39.894
45.3894
49.106
34.886
37.3567
37.8169
40.8212
37.9734
42.3363
35.3566
36.6975
37.2138
51.7935
37.6041
45.9033
33.1322
41.2025
44.3329
43.7088
36.5211
45.5723
42.2313
35.3273
39.4701
42.7324
45.8677
38.8159
36.3181
41.7982
42.4847
43.9566
35.7763
33.7401
35.0676
40.496
32.5741
48.6878
36.2879
43.8316
36.0911
43.2573
45.7209
37.1472
45.9951
41.4241
33.9784
38.5223
39.3846
43.4652
38.9118
40.7939
34.0162
39.2704
50.119
40.955
34.6453
39.0107
39.8264
34.5649
39.1374
38.8219
44.1982
37.8082
50.3894
33.2734
37.6551
39.1999
34.6249
38.5118
36.599
34.6932
41.8513
32.8399
37.1522
42.9986
41.7545
31.8639
39.2961
40.8361
36.1536
34.6719
38.6572
43.1738
47.8573
37.655
43.6743
37.2228
37.3072
39.7776
32.3074
38.2516
46.8945
40.2874
36.8672
39.2686
47.9753
32.3463
41.1571
39.5424
36.6935
41.764
43.4239
46.6221
41.6858
35.0877
35.5111
34.5041
41.235
33.2906
45.6593
41.3722
40.3722
43.118
34.5963
49.7905
40.4087
41.2095
42.1534
37.0712
44.067
43.7846
39.49
38.6056
38.9626
39.6514
43.4596
41.0216
44.1108
43.0519
42.0565
43.5241
45.1106
37.8833
40.4465
38.4601
41.8262
36.3837
39.9168
44.871
36.2021
35.5753
28.8302
54.9709
38.9382
44.6476
35.3891
34.3034
41.726
34.689
36.73
32.7854
35.3268
36.4393
42.4593
34.9585
39.2738
37.1723
42.8394
39.7006
38.5363
35.8246
48.8839
37.5215
33.7755
37.5527
35.8515
29.4228
37.4371
36.7263
37.2524
35.3208
43.8325
32.2601
41.4431
45.1987
36.8926
37.3546
32.1449
37.2854
40.2186
44.2037
38.206
39.4378
36.0111
42.4105
43.7254
35.0146
38.4432
41.7266
33.6376
35.5692
38.8574
38.8308
39.9659
43.8077
45.8578
34.4973
38.3975
32.7001
41.1374
43.6618
36.5645
41.7606
43.0527
36.6471
55.7025
40.5199
42.4898
39.7366
49.3012
37.8568
41.6346
38.8306
40.3056
43.3083
48.3073
34.5774
46.0156
40.3711
40.74
36.817
34.9005
39.7635
34.5608
41.8669
44.2365
36.3697
44.199
43.2249
43.1523
38.5353
37.278
41.5859
34.432
33.4237
44.4401
33.3872
33.7539
40.5932
35.6
35.149
37.2115
36.0007
40.3088
35.2963
41.1228
35.0485
39.3488
41.5883
46.9043
41.2842
36.9999
38.3605
46.2661
39.095
43.0861
45.4598
35.8366
42.9846
31.8629
39.8129
32.4322
37.982
42.4251
53.2186
37.2913
32.697
41.162
42.7475
40.0198
34.8356
36.3526
42.9322
36.5634
39.0179
33.7636
34.4301
52.8291
39.3923
35.6202
38.0221
33.8976
39.2353
37.3119
37.2612
38.5869
40.4334
37.8332
50.6662
32.067
36.8394
41.4084
34.1159
40.3297
37.7392
43.1384
36.5571
38.6727
44.9194
48.3748
45.7647
37.6901
42.1585
38.7566
36.9847
44.3282
45.2132
39.8864
40.7319
36.3706
37.2171
37.6789
38.8218
35.5368
37.5742
35.6919
34.9851
37.4264
37.3966
41.915
31.4342
36.0061
37.9292
31.4708
39.834
33.9151
36.6748
37.6458
39.0346
34.6489
37.7175
41.2638
46.0171
32.9228
40.2375
30.7052
38.3203
43.6299
35.1972
41.1577
33.6259
41.9994
30.3552
43.0944
40.5031
44.1947
44.6735
32.8338
35.0139
32.4909
37.0002
38.4637
37.702
37.1957
36.339
43.0432
36.9084
38.6448
35.5404
48.1566
38.1868
29.611
39.1862
41.7652
39.9016
40.682
39.7928
40.7237
33.7588
45.4335
33.252
42.7196
42.082
41.9122
38.4225
40.7019
39.1253
42.9648
36.0164
47.614
40.7024
43.9777
42.0176
36.3245
38.2137
45.5813
37.7545
32.0877
35.7509
41.3884
39.8829
43.4743
41.1938
37.4287
30.4665
40.7736
38.5102
41.7013
31.3361
33.3451
39.9507
40.2353
34.959
38.3556
34.7204
36.6943
40.359
37.0798
48.8571
37.3446
44.357
41.9189
42.1288
58.4898
38.995
35.1101
43.1888
34.6178
43.5783
43.1968
34.5197
37.6682
36.2207
45.098
38.9744
39.7934
39.3081
35.3788
34.3
38.6914
33.9824
38.235
39.8459
41.4252
46.0495
38.9017
43.4648
34.1749
42.3099
46.4919
37.1517
44.2452
42.8069
36.964
38.4068
41.0629
34.888
36.5656
34.6236
44.7552
43.2434
36.1065
36.6981
33.2737
38.5696
38.5672
36.4686
47.9153
46.4124
36.8345
37.612
45.988
44.5334
42.737
41.9486
36.4769
36.645
51.0932
31.997
48.5989
40.5242
38.5415
34.5981
44.2662
35.0004
36.913
39.2134
39.0233
33.506
35.4893
38.9108
43.2268
39.222
32.8827
44.2259
41.5077
35.5856
40.4718
38.285
36.3697
35.3954
40.2857
40.4259
33.4081
40.9211
38.2836
40.0509
39.9912
42.0691
36.6558
34.0162
37.938
38.764
41.568
39.0873
46.9285
35.6957
46.0406
40.2308
37.3838
38.5519
34.618
35.1106
36.736
44.4648
38.0812
32.0658
34.9838
35.829
37.6373
35.8666
38.4392
34.3709
40.1958
40.8732
36.8623
32.2289
53.3265
36.416
39.9386
42.6385
36.5644
36.2455
35.0044
39.9074
48.6347
36.316
35.5955
37.845
45.3601
35.5452
36.3083
37.6191
48.8987
39.0608
39.1299
40.693
34.8955
32.6249
41.6626
41.7127
39.3819
39.6996
40.4254
33.4771
33.6674
32.6602
36.7252
36.0236
42.156
52.9891
34.1684
39.842
34.4985
39.4439
42.423
57.2384
39.4095
37.7345
43.9744
48.5328
40.3436
39.433
37.2096
34.2646
37.8436
39.4985
40.9981
35.1355
34.8036
40.4205
47.2071
40.3591
39.2148
47.2337
35.3102
34.3415
36.7164
39.2726
38.5986
38.3348
47.3454
39.0466
54.2277
43.6675
43.401
45.6213
38.2444
33.4357
36.9835
41.3765
36.02
36.1917
35.1802
38.0373
32.3366
47.0254
45.0535
42.8237
40.1224
43.0149
47.9328
46.3871
42.0584
45.0638
36.6317
42.8098
43.8595
41.8465
41.1693
34.9579
35.3938
33.4355
35.2634
42.7172
39.6634
32.003
46.6467
35.7193
35.1918
40.9018
40.3175
43.2884
44.6233
35.8708
50.8772
43.9224
38.593
35.3751
43.2803
36.4217
39.0731
31.6583
46.281
37.4185
31.4724
47.8458
44.296
33.7556
48.872
34.3291
35.418
38.2783
37.9231
33.782
39.6937
36.7318
37.6318
39.1064
37.5483
39.3712
40.4315
39.2131
43.8273
36.5759
39.1681
36.5629
36.5112
35.5698
31.8218
40.3606
36.3359
41.8231
48.1524
29.9142
40.1842
37.9316
48.4052
35.2006
43.2172
36.2636
37.7994
35.1923
40.2346
39.5601
43.1295
40.587
36.0776
44.1987
41.9779
42.4226
39.7615
34.9206
37.8918
44.9803
39.6798
37.1581
38.7595
49.5461
39.4642
31.5074
36.8695
41.5758
34.7658
33.2364
46.559
42.2278
47.0264
40.1499
34.5383
37.1265
36.96
40.682
36.5336
35.1282
40.9055
35.3105
45.5567
41.8841
42.7853
33.6083
37.784
42.4826
35.5808
33.8115
37.5915
38.6075
39.0123
37.6149
33.5235
43.4501
37.9443
37.6893
34.1679
39.3355
40.8041
43.4698
36.6279
38.6887
36.0375
45.9396
53.1251
37.9983
37.4655
37.3871
40.3266
31.5196
36.6916
39.7985
35.0765
35.9386
38.5864
45.0731
42.5361
35.5196
39.7527
32.6801
34.3795
37.5446
34.8316
32.6625
38.0326
35.2436
35.6907
44.7598
39.446
34.7403
34.0378
44.5547
32.5752
36.5097
38.5115
35.0729
35.9665
39.9704
43.3772
37.2014
47.384
45.0987
44.5722
42.2171
40.2768
37.5195
45.3574
41.5057
45.6229
41.4795
33.7959
46.4547
34.2405
38.407
43.4334
42.3929
45.1885
34.307
38.4827
38.0896
37.1079
34.2288
35.3582
43.3282
53.0449
30.3207
40.8416
37.0675
36.3824
37.1353
37.5285
34.0728
33.2129
38.6228
44.9399
34.0071
40.2739
35.3444
42.8902
44.9486
34.2479
40.5216
37.9032
38.6397
34.6259
46.716
39.6679
44.7149
42.7166
44.5978
40.508
40.4059
42.8723
36.4233
35.3412
40.7777
38.5495
46.6385
43.6144
41.5968
47.2247
39.0405
36.6112
36.185
38.764
41.9894
41.3705
37.2696
35.6767
41.6004
35.5803
37.9718
42.7107
44.3345
48.8568
34.6659
35.2197
36.3036
40.0949
42.968
45.1199
35.1466
48.1372
41.2797
33.1843
39.7232
35.2833
33.8922
37.2447
37.4521
39.4172
40.2381
31.4049
40.336
49.1762
38.9517
41.818
31.9198
37.1418
43.4681
34.5066
40.6767
30.9403
35.1943
36.9112
40.977
35.8641
43.8336
36.3451
36.7988
39.0573
45.2922
34.1257
44.143
42.8938
32.3263
35.5238
38.9231
35.7974
41.2216
40.2381
34.379
48.2129
45.1625
36.1827
39.9151
42.8541
47.3674
45.456
37.2171
42.456
51.0364
39.6749
33.7763
42.4915
36.403
37.5625
45.6653
34.8331
39.3465
36.2455
37.2632
34.4458
36.6696
42.3467
48.9072
40.9774
33.2755
40.7425
40.068
38.2818
32.8813
45.59
35.9069
41.1106
34.1416
39.6739
37.3641
41.1581
40.3645
39.0268
40.8591
40.2403
31.5364
47.0715
41.214
39.6805
53.3743
37.6635
31.8729
37.3831
45.2063
40.839
48.4961
36.6862
38.1739
32.0943
40.2051
33.4717
41.3813
39.5283
34.0761
44.52
44.5966
44.4201
36.9491
44.0995
36.4337
41.2589
34.6581
36.6408
39.1887
34.6656
33.8564
39.2453
45.0333
36.6285
39.7206
39.5441
37.7399
35.5228
40.1059
43.4099
40.9999
44.5678
46.0077
47.6449
36.405
40.4475
40.4986
39.5054
37.7198
42.4912
48.0976
46.0245
38.2761
43.1299
47.8817
34.2213
36.032
39.4947
36.3377
36.0955
38.012
35.0092
34.9124
33.3981
45.202
43.0875
37.9248
42.075
46.8985
36.8991
35.5934
36.7432
38.7389
52.595
34.3645
47.2285
38.7611
38.0837
38.7728
38.4383
34.8882
42.3479
42.1981
36.5353
52.2694
41.2988
37.8894
38.8149
50.9749
33.6681
42.3933
37.9256
39.6957
40.077
42.3153
37.9739
34.6437
42.9367
37.6038
54.8464
35.8914
30.6405
32.9225
34.4342
41.2728
37.9117
40.1105
43.4682
33.0829
41.9013
38.4501
39.7374
42.8196
48.5324
39.2947
44.8076
43.3163
39.1938
40.087
42.2803
34.8239
43.2185
39.9889
41.354
34.6929
38.7238
36.7946
47.0657
37.4229
42.6699
40.7875
47.0126
38.3795
45.6205
37.1349
36.7446
33.6294
37.1562
47.3896
37.367
44.7621
38.7172
41.1781
40.6589
35.7179
34.1792
41.3621
39.7379
38.1563
35.7461
45.1849
44.032
40.4284
34.8798
36.9457
40.6768
40.3249
36.7987
40.8706
33.2259
41.4601
42.6244
35.8406
32.2014
48.401
46.4763
37.9583
44.5783
37.6512
34.0125
38.5671
37.0146
43.3021
37.5642
38.9259
42.968
42.9106
34.3648
34.1806
39.4261
39.1514
36.7329
37.46
36.3035
42.4163
38.4647
40.6117
43.7972
38.0512
34.0973
48.2694
34.8145
35.4092
36.8247
41.9503
43.8146
42.3444
34.0301
42.364
41.6311
36.9766
47.9045
36.5741
36.9535
39.3623
31.9965
39.4961
40.0779
38.7032
35.703
35.1933
41.0556
32.5267
50.3461
35.6926
35.6801
38.6563
32.3078
36.6413
33.6194
35.32
39.029
49.7427
39.3482
32.4129
36.1033
42.2646
37.5501
41.0605
45.0164
42.6983
33.2717
45.4023
37.5888
33.8995
42.1577
37.5789
36.4942
40.9252
37.9972
45.1893
42.9216
37.3701
35.3664
37.3236
39.3177
34.1225
33.2559
41.8267
45.9592
42.1924
42.3546
42.3353
39.1842
47.0776
40.6327
36.4719
34.3319
38.6448
33.5681
38.4144
33.3738
35.4465
31.6546
36.1641
37.5881
43.4927
39.5986
40.2484
40.4779
46.8573
35.7324
36.3858
39.5695
38.1631
34.9967
39.8732
44.3737
37.2999
34.97
38.2222
45.0797
38.9835
38.2148
32.77
37.334
37.9546
37.4294
38.4179
42.4763
34.324
42.0462
41.4318
38.0625
40.1877
39.3972
51.6525
37.0802
42.2093
34.3033
38.4921
43.0197
40.3529
41.6542
39.7592
34.2234
37.5839
47.8166
42.4937
40.6027
34.481
38.8182
43.3446
39.5203
38.7225
41.3036
38.0751
35.3865
38.767
41.4745
44.5264
43.9092
30.431
33.9132
37.6127
35.1991
54.1145
35.2387
41.3618
35.7964
34.3645
41.7887
37.6663
36.9615
33.4076
40.3612
45.0309
39.323
42.584
35.6842
43.1055
40.6261
45.115
36.775
42.0326
38.8592
42.1972
36.7517
32.1008
35.1751
40.3499
36.6072
43.6733
45.5872
34.8923
41.3745
42.1952
39.2062
41.6971
36.3064
37.7403
37.1341
33.3118
36.395
40.642
40.9459
36.774
33.5437
36.934
43.9856
38.66
36.883
40.2578
39.3742
45.4053
39.1528
43.1905
42.7889
42.3727
48.4539
34.8486
37.3017
32.5185
37.0189
37.0677
37.8208
37.3213
37.9922
35.0338
34.2205
43.0288
43.3317
36.2083
37.0624
40.8984
40.5691
41.5903
39.4174
39.4437
38.6263
48.9296
34.6241
43.5975
46.5166
43.1515
44.8708
41.3875
34.5707
40.6537
39.3539
35.552
40.1629
37.9633
43.661
30.1287
35.9753
44.2351
43.15
56.3408
36.0979
33.9863
39.4868
35.1064
36.3006
49.7333
48.6051
39.5796
39.2045
38.3129
40.8363
41.6499
44.8223
38.4696
46.3803
39.8647
39.0458
39.8512
36.2981
38.334
38.3614
39.7406
37.5834
37.1104
38.9758
37.7677
35.8161
40.0117
34.1919
36.197
35.4194
34.0017
42.5125
41.452
41.9328
41.3227
34.809
34.6824
35.1182
33.6347
35.126
36.9885
35.716
41.2813
40.3246
42.1829
44.2797
39.357
34.4957
38.9489
41.0909
37.6736
35.2693
36.4596
37.2032
38.4327
38.8067
34.8421
34.4296
44.1911
38.7315
37.5009
53.7178
39.3948
45.2335
41.4278
35.9349
40.329
35.8118
33.9633
43.0393
47.6625
41.7242
45.8347
42.3058
46.0485
34.5821
35.33
37.1235
33.7732
36.2112
38.5018
39.682
34.9511
39.2585
40.5089
43.7675
33.0504
42.4328
33.4259
38.0178
47.0833
39.9292
39.8156
39.214
36.9459
45.0283
37.3122
42.7634
40.7672
34.2883
32.4186
36.951
58.7393
38.7835
44.4332
41.7867
36.387
40.6285
50.6119
31.724
35.5325
36.7647
40.8278
43.9211
37.8524
34.7974
36.6461
42.4208
37.9784
38.1492
41.5296
32.0335
37.8386
48.1773
39.4069
49.6878
43.3097
35.3569
42.7785
31.0064
38.5848
38.0432
44.2968
40.3758
41.5954
42.8391
42.443
52.0087
36.1373
43.1317
39.3929
54.4898
33.4906
32.2083
35.5004
47.8641
37.4984
38.4978
36.4187
40.3261
40.4803
38.8206
33.988
43.5809
38.5123
35.39
36.4551
39.538
46.5774
44.9747
42.34
34.9218
38.7523
40.0596
33.7218
32.7419
36.9939
33.6044
32.7155
39.3296
36.8073
37.4979
41.5593
38.2878
39.1817
40.0623
39.9907
34.5071
37.3468
40.6476
44.5056
37.8075
37.339
43.6855
45.5204
41.9335
35.9322
50.2575
42.6311
42.2058
39.3767
46.5369
41.7169
44.8024
38.2177
39.3752
47.8669
34.5975
36.192
48.5108
43.4727
34.2029
37.501
34.425
37.6439
41.2707
36.1656
35.2026
43.0547
35.5596
34.0397
42.6349
40.6716
37.6778
38.6598
51.6025
39.8339
49.4621
39.1308
40.107
46.2005
41.7148
40.0219
42.1363
40.3393
47.5065
36.1116
42.652
33.4475
40.2606
50.768
38.7582
44.4867
40.7838
41.22
40.471
36.4571
38.8342
35.8688
39.0634
33.1016
43.6188
33.8291
35.6274
40.5321
33.9038
31.9245
35.3113
45.5718
38.3483
43.3814
33.2552
38.4929
40.8086
34.701
43.5448
36.8225
42.733
43.163
39.0263
37.6053
39.8132
52.5512
35.3392
41.1148
37.9235
41.3632
37.4267
34.2878
45.9785
36.0934
35.1287
59.781
46.0953
44.6482
41.0849
38.7982
40.4728
33.1593
42.0972
42.3289
33.84
33.4432
39.2081
34.6184
50.2735
49.2122
35.9472
32.5666
36.4525
44.8823
38.2071
42.1154
40.9422
37.1669
44.5461
39.8773
40.6763
39.0118
33.919
32.662
48.1157
38.1974
35.0654
32.2351
35.4873
41.4964
34.321
48.6637
49.5914
40.2699
38.0909
36.4795
36.2986
46.4589
36.1109
38.8293
38.309
36.8526
36.8319
36.9313
42.5992
41.5132
46.2243
38.0242
38.6209
37.8012
42.584
56.6534
33.6587
44.7447
42.6207
39.5494
41.0704
34.1116
42.4393
39.6189
39.3149
40.8275
36.5647
39.962
43.0372
37.2607
46.6378
38.6285
39.6837
39.5443
32.1396
37.8373
41.6684
36.1968
41.8606
34.924
37.0825
36.6076
44.6187
40.896
35.6894
40.8777
36.5476
36.1833
43.4782
39.8231
48.2778
36.4267
37.618
51.3461
36.5317
33.8682
37.3118
34.4201
41.556
37.4794
36.3636
37.5299
49.8777
40.3534
41.9886
34.5114
41.0936
35.677
39.677
44.5685
35.3798
34.1482
32.8735
33.3931
37.4005
30.3678
38.5888
40.1601
36.3547
41.6981
35.2034
34.59
40.8763
43.4674
43.1808
39.781
40.1262
45.9069
37.6328
40.4041
38.2984
37.9314
32.9243
41.8318
32.2917
34.1188
45.2764
39.0028
42.8416
36.0848
41.2204
40.3001
38.8163
35.6274
45.078
42.8336
38.0427
43.7475
36.8739
43.361
37.4337
61.5047
40.0939
44.6094
34.7518
41.0573
40.0818
31.8259
38.9402
41.2263
36.0766
36.4607
46.0258
41.9859
37.3209
43.0223
37.0109
40.0612
38.738
39.2092
33.321
36.5455
40.0694
33.4628
39.0084
32.9477
33.4689
40.1208
33.7943
43.5981
40.6541
39.6885
49.3308
36.4827
37.2334
32.8045
38.2207
48.1933
34.7754
35.9617
44.0778
34.9249
34.3114
32.8468
35.7724
40.7987
39.5607
42.228
38.2262
36.3788
31.0251
42.7369
39.5431
44.5802
33.7529
38.6022
36.221
36.4963
36.9972
39.5299
35.8566
50.5012
38.6783
33.4804
35.7629
37.9249
38.1476
36.2727
44.8071
33.6898
44.8073
39.1604
37.3534
40.8422
42.8691
44.8684
33.2532
37.0357
33.7968
35.4035
43.4726
42.5468
37.9949
37.4629
46.0282
30.6843
30.8221
42.3858
46.3709
40.4948
49.24
40.5429
44.7148
40.511
36.0783
51.2713
35.3265
43.6513
35.5276
37.6334
37.825
37.8431
35.333
39.4099
38.2201
43.7008
49.7623
40.6399
39.3014
41.7782
37.2567
38.2365
31.5216
32.8275
37.6386
46.0099
39.9862
41.9466
34.2455
39.9606
39.7519
44.2229
41.9132
42.4322
38.6826
38.0773
36.3143
39.808
39.5469
35.2604
44.2631
36.164
40.1387
34.5751
37.6518
38.5383
41.972
41.4
39.1525
49.931
35.0862
40.519
44.1175
35.5944
53.1871
43.2026
57.1679
37.3168
35.4483
39.0429
37.6354
40.4094
35.6188
33.9019
40.9619
30.8891
43.2219
39.9123
37.8882
36.1093
39.8257
40.0785
37.4195
37.8541
39.6972
37.7054
37.5082
39.5162
45.7924
43.3146
38.0183
37.2433
47.0505
39.1252
39.8671
41.0488
35.3328
37.5685
38.3961
32.0604
41.6247
44.6744
35.3562
41.2013
39.9535
40.5542
37.2175
37.4316
37.8112
34.1318
41.7138
41.0875
40.2571
36.5898
37.7183
38.6826
47.9669
42.5091
32.4397
45.3096
46.9226
37.7026
44.5801
37.0718
39.3826
48.8931
39.7541
41.9269
38.1054
39.046
36.3791
41.2386
31.4069
41.8567
39.425
38.0252
37.8701
38.9615
45.6234
40.0293
33.9994
41.731
33.8738
45.7264
41.2674
33.7299
36.8989
38.5425
40.0858
41.9449
40.8969
42.5966
40.8075
31.9376
33.5377
38.7112
38.7671
33.9293
45.1287
41.2367
41.0588
38.6883
43.6293
41.7085
56.999
32.0505
36.794
40.4441
45.3626
33.0758
36.0119
42.7715
46.8739
31.4566
35.9444
34.347
41.6409
36.7747
45.6792
39.4019
42.8309
37.3796
37.9538
44.2967
42.1446
36.781
41.3043
40.7188
40.2004
38.799
36.8768
38.0446
39.7978
43.6321
35.0386
38.7978
40.0709
35.6867
43.3764
31.6278
32.3864
42.3241
37.5378
39.4912
43.1991
36.0205
45.1575
43.4861
38.0351
38.3513
38.8262
47.1278
36.7373
40.0878
36.2879
39.9696
49.8289
41.3189
36.8493
34.0418
40.3645
36.6955
40.6092
41.7584
41.6176
33.3088
36.1704
40.8325
48.4953
29.6881
45.8631
54.3418
37.7481
39.7542
39.5397
36.2769
39.204
31.5712
36.7581
32.2015
46.8584
43.4461
46.5152
36.9112
42.1847
39.155
36.1692
43.4468
36.1833
42.6279
40.9081
39.1064
35.7863
38.0746
32.2601
37.4581
46.4164
42.4278
33.3339
37.0803
39.0654
37.7056
43.4745
42.1986
49.254
41.7576
42.1455
39.7639
38.2369
38.9501
36.6462
40.3501
38.999
32.7094
43.5962
36.199
40.8169
44.8963
39.3529
45.0223
43.5397
38.4264
45.9592
35.6269
38.3716
36.7266
40.8867
34.3334
40.1458
39.5588
48.4379
37.5859
38.5648
32.6559
36.9882
45.1306
41.3323
47.9508
34.3008
36.9825
37.3299
43.5457
40.741
38.6709
44.1458
35.5849
34.3407
47.8933
36.8439
31.1338
33.9244
36.1359
33.8374
40.2832
41.5765
40.9228
38.7881
47.6825
37.1673
42.2859
35.0587
38.376
40.058
42.1344
33.8513
39.989
34.9519
54.3051
40.8878
43.7634
33.9481
33.5985
41.7603
39.5932
42.672
47.6258
35.7881
45.7493
39.4652
35.2405
44.3749
44.6676
37.419
39.3906
37.6955
47.0675
36.3601
43.5004
36.7382
37.7997
47.9645
37.9129
37.6276
37.84
36.8863
40.0171
39.6171
42.3384
46.4352
34.9962
43.7261
36.2044
35.4007
39.5523
35.6982
40.3835
31.7484
32.9514
40.558
37.1325
36.4496
42.2961
47.8521
42.8185
31.3224
38.1625
34.2469
40.5133
35.7247
33.4064
39.6519
37.1819
35.9311
33.3039
39.8261
39.2238
43.1989
42.2579
36.0997
38.6154
38.7982
50.8922
34.6512
31.5448
35.5059
41.0529
44.1592
42.6128
39.7444
42.6943
33.5141
38.2495
45.5599
34.87
36.527
32.8965
36.1153
40.1333
38.7222
37.7905
43.8183
45.4463
36.2588
37.2932
38.8791
42.013
45.5856
32.8612
41.5895
34.5685
42.85
44.8908
32.4854
43.7174
39.5342
42.9821
36.8836
47.3587
42.899
41.369
43.1085
34.1232
40.9258
42.6134
35.8734
43.6268
40.697
33.1235
38.1159
39.6169
40.1638
36.002
35.5998
35.7034
39.089
38.6853
39.8195
42.0335
47.6708
44.729
34.5861
40.0837
35.2329
42.7339
30.5822
43.447
38.8294
34.3034
37.4082
35.2247
38.383
45.1509
38.0834
47.5837
38.6848
40.2312
35.0688
37.6944
39.5803
39.2819
32.7605
36.5509
35.3144
34.6633
39.8669
41.5933
37.55
37.644
38.3359
36.19
37.7199
41.4276
35.6161
41.1416
41.5923
43.9868
42.48
35.7397
37.6757
39.3083
35.3287
40.6078
35.7
39.4507
42.1709
45.3737
42.8079
38.5022
32.763
32.8415
36.546
34.543
33.4575
41.7247
33.994
35.3215
38.3328
43.0837
42.6025
45.9656
36.9357
40.3482
37.6191
36.3693
46.9599
38.3021
37.0616
46.755
39.5754
37.1697
41.5386
47.5978
39.1612
36.9608
33.7438
45.9812
45.0568
36.8032
40.4603
35.8451
34.9855
48.306
35.9472
35.5108
34.4392
35.9392
34.9601
38.3151
39.319
31.9305
35.4014
32.3663
36.9309
43.8321
37.5327
37.3946
48.4458
32.5119
37.7341
45.6949
44.2955
37.8669
35.8434
40.1521
41.2139
30.7873
48.6305
35.9218
40.0227
38.9632
42.2543
37.3446
36.3361
42.0452
36.3195
44.1168
34.6231
35.5436
46.0734
42.0378
33.2133
40.1493
40.1863
32.5105
42.4561
42.0358
42.0295
42.2227
38.4403
32.6818
34.9361
39.6089
40.4878
41.7785
41.1982
31.964
34.877
43.1507
39.5928
39.9991
37.3908
39.0988
36.2702
39.0128
41.2001
36.5198
34.1751
49.5372
41.8266
33.4592
40.6905
38.1444
50.6584
50.7115
34.4354
39.3984
40.1042
34.9764
32.4155
44.4936
36.7203
35.2409
39.7912
43.5311
41.885
39.6917
36.437
31.2343
35.6619
37.2394
35.1764
39.3129
31.5431
34.3694
37.7379
33.6384
36.9646
45.2395
36.876
42.8477
36.8522
32.5285
48.2458
36.6551
35.8972
36.1105
40.4125
33.1083
42.128
43.1676
40.4797
37.486
33.75
35.4494
35.1288
37.9185
42.1996
36.0322
41.1825
45.6217
35.794
46.0202
33.8777
48.9381
36.3877
44.4671
53.3536
39.8353
39.0848
37.8578
49.9965
37.198
36.6571
45.2096
31.0279
42.9693
31.925
35.684
39.4923
34.0013
37.9443
36.2817
37.2339
48.9855
38.4321
51.3128
42.1079
43.9496
47.4696
47.2011
35.8123
34.6866
48.3998
42.743
34.6645
34.8457
33.1419
36.5178
38.9033
38.9528
43.1184
37.0108
35.8568
35.7778
47.3768
33.6119
42.8046
38.9569
52.9314
38.8977
42.9852
43.5516
39.5421
29.3262
36.3696
44.9053
33.3822
34.7249
43.2164
34.7534
31.7282
34.1953
36.6115
39.6273
36.8207
42.2584
40.8893
41.0376
41.8018
37.9082
38.9346
41.0693
39.9216
40.2894
36.3361
45.7369
36.3192
34.5304
34.2855
29.647
35.6294
44.4299
38.7392
37.5508
40.5562
43.0788
39.297
45.1255
40.764
38.6287
33.7661
36.1155
35.202
32.5318
39.1914
43.0014
36.6836
35.9001
41.8181
40.1819
37.2565
35.8316
41.2604
47.0075
37.309
32.1181
34.2116
37.1068
42.4123
42.6404
32.0596
40.0211
39.651
38.2263
41.9907
33.6041
36.7113
32.9853
43.6475
43.9499
34.5125
39.6801
37.3752
41.515
37.3787
33.667
35.467
36.7617
36.9378
41.3286
45.2304
41.6378
45.8921
38.2154
35.8233
41.6397
42.6456
33.8376
39.0116
38.8284
41.0326
37.3343
35.5813
45.1485
51.5616
46.0332
42.3748
42.6085
38.6469
42.2895
40.7914
40.822
34.8468
44.5768
38.898
39.5123
40.2279
40.16
34.1576
34.7649
36.1525
40.6134
39.8009
39.8394
47.8088
40.012
41.6361
33.3928
45.2673
39.0353
36.7041
53.9466
42.2818
56.7035
37.0216
35.9704
35.004
39.5367
32.5255
36.1038
39.0992
40.8682
35.9839
37.8644
32.7956
35.3179
43.2117
37.5852
35.6068
40.4454
41.45
38.0045
41.4458
37.1938
35.9354
37.4125
41.0975
34.9343
41.4238
34.8303
41.35
39.6025
35.8642
34.2594
35.0425
42.5891
39.3773
41.5147
40.8233
38.2923
41.1275
51.0724
44.6102
35.9978
36.5113
35.8438
37.0269
36.2874
43.1438
38.7431
36.3691
38.2513
37.4242
38.6743
34.9905
44.2136
40.2731
49.6561
35.5296
32.1158
34.3738
34.409
40.2181
46.5262
32.4609
55.98
48.0565
41.1804
41.769
47.0533
52.9504
44.4688
37.2441
44.5982
37.7331
37.1193
35.0159
39.9913
30.6746
40.5102
38.1882
32.5317
40.5155
39.2018
44.8105
38.4551
39.9756
37.296
31.7808
32.0843
38.9015
47.3524
37.3143
38.6742
39.1235
42.6636
34.7596
46.5942
43.6354
36.9428
45.6306
38.6222
40.1253
52.4667
37.4944
38.0538
37.241
39.1032
35.7757
37.414
38.5442
39.1646
48.7516
39.1385
32.4363
38.2721
35.3782
34.4156
40.8556
40.6762
40.1595
32.1301
40.2832
45.8356
35.561
38.3959
37.8078
42.9923
34.7324
35.1825
37.2959
33.8034
39.651
36.4022
40.4957
40.8459
38.9877
34.0195
49.5817
32.2769
43.4924
35.9235
36.6092
44.6314
42.7691
34.3018
48.705
35.2117
35.2334
39.6975
36.5011
48.1823
39.7045
39.3316
38.6218
41.5007
42.9723
38.483
38.1253
33.6599
34.7064
39.8362
38.2321
41.7671
33.1185
32.7563
48.6115
42.0397
41.9629
38.476
34.9247
37.7486
36.4059
38.3544
36.4225
38.5863
38.7358
44.2138
40.1336
34.3115
33.1832
48.1815
47.9301
43.7267
43.2851
38.0711
45.1715
43.5918
37.7376
37.2811
34.5316
34.5225
31.9713
42.3257
36.2128
35.3331
41.8081
47.6032
37.8698
37.1733
37.5306
32.2915
41.5504
43.1991
41.9475
38.6831
36.6107
41.0566
40.7281
42.4298
46.6826
38.0403
44.8032
36.7215
47.5666
47.1496
36.2604
44.4575
36.3384
37.3551
40.1508
36.4467
50.5728
35.6642
37.6349
38.7329
37.8926
43.8378
41.2246
44.4312
60.6359
37.5096
47.8268
34.4143
36.1344
33.1634
36.5394
40.7751
45.9571
45.2762
39.0549
38.8522
42.9041
45.8842
33.9908
42.0653
36.3571
37.1424
45.9989
47.9614
34.9816
38.1575
44.0657
40.1139
37.6415
38.7838
40.6931
34.6121
57.4477
39.4732
32.8738
36.6078
36.395
39.7318
46.2562
38.2469
42.3671
35.9781
38.0297
40.6779
34.0472
37.3462
40.2566
38.3087
39.3874
42.2253
42.5153
43.0034
31.6778
41.121
34.9145
39.1697
30.5124
30.4798
37.9027
41.8537
41.3554
35.4647
49.1687
42.5081
39.6457
39.379
42.6009
35.6816
41.9895
35.9301
35.0941
36.0031
42.4976
37.2205
40.041
37.6084
40.9555
36.5873
38.9872
51.1582
31.023
49.4421
37.4742
51.229
33.002
42.0634
40.3935
33.806
35.9839
38.342
32.4119
43.0307
36.9075
43.9054
36.5018
37.2296
41.4264
50.4421
37.2722
30.5329
36.2857
37.3165
34.4302
37.1566
40.2809
37.8889
35.7451
40.1046
41.9693
51.6552
37.856
41.3858
32.1711
40.8787
42.2697
37.3816
41.5103
39.5122
38.3956
39.5171
39.769
36.7311
40.1971
35.4444
37.4479
45.5591
37.815
35.807
43.7589
40.3815
34.1382
42.7413
37.2949
35.9073
38.3009
36.5739
34.6846
42.0122
52.956
41.6591
39.5606
33.9243
41.8862
32.9686
48.2843
46.4845
36.7515
37.1967
39.8573
35.9551
39.3408
34.4669
41.6449
40.0578
52.2529
43.5621
36.2598