39.1962
50.4595
30.4953
36.9808
32.5028
40.5346
37.3329
48.7402
34.6635
44.9329
39.0228
39.0343
37.4096
34.9928
41.1701
29.0631
38.9376
34.5561
41.6328
35.4381
33.0975
32.6126
46.3826
40.867
42.5222
33.5006
39.6876
37.4259
35.8922
29.3592
40.0986
35.7174
34.026
31.5228
49.1001
40.5383
36.2722
42.6295
37.2223
38.1024
36.2746
39.6672
39.6696
37.2506
38.1501
51.7969
35.8651
36.6869
35.6655
41.2105
39.5022
38.0216
38.8275
41.2149
34.1326
32.7017
38.9574
43.5242
43.5409
43.2934
45.3956
34.5961
41.1291
37.8949
43.0024
36.604
40.2949
42.2646
42.0319
41.7049
39.9839
43.2771
40.0772
45.5976
35.8926
39.9538
39.0672
42.9895
38.5548
42.3553
41.3946
35.0165
39.5995
37.1308
40.6441
42.0162
38.6913
34.841
35.7473
32.7553
38.9173
37.5801
42.3876
39.9819
57.5194
48.3747
40.7048
37.1657
37.374
41.9161
38.0363
36.267
40.4591
38.1305
42.4788
41.3228
39.7176
47.3984
41.5946
35.2281
38.4846
43.7053
36.5504
39.0774
38.6759
35.1831
42.0519
39.4701
37.9829
59.7041
37.479
37.1097
38.6503
34.6559
40.8538
45.4588
43.2102
36.7136
38.9199
30.8658
36.8639
40.3681
40.3787
37.2121
44.8626
41.4836
43.5039
39.4433
42.9047
35.6076
37.3685
35.9813
38.4879
38.9229
33.358
47.5632
36.6155
40.4254
42.5614
34.3969
35.6465
44.5936
33.8807
33.4122
34.0095
41.3945
39.1483
36.2695
40.571
38.3374
34.8917
32.1628
40.2621
45.2938
39.0773
46.9725
38.9701
38.9779
34.3152
40.3189
43.5815
38.851
36.1144
38.8185
36.9326
40.0366
43.4823
38.3299
38.643
39.2847
39.2434
37.3989
50.2261
41.7264
41.49
40.3859
37.8802
40.1681
34.2652
37.2933
43.4684
36.7311
44.8998
37.9708
38.1972
39.006
37.2614
37.3291
36.1828
39.3803
49.7241
39.337
39.7666
39.811
40.9273
45.3193
35.6244
40.5143
48.0987
37.9485
41.1256
38.087
31.2619
36.7167
40.6494
33.4586
46.9346
40.8933
38.3861
40.8683
39.9033
45.3765
34.0574
37.6743
41.2908
36.1235
35.9492
40.2119
44.0566
49.179
48.2434
42.6737
38.5598
33.8
36.8786
41.8024
35.2469
35.7223
38.7959
34.6027
41.9286
42.6606
35.9088
46.7027
35.5475
48.4277
44.7211
37.4964
36.3311
36.6502
36.2962
36.6554
39.5826
45.5613
43.89
36.7365
32.3818
39.0262
50.0075
51.3187
28.2205
30.209
35.0466
37.1445
30.9097
39.4805
33.2685
45.4737
37.6759
43.5936
44.5549
40.1939
42.9248
43.1388
40.2305
36.4743
43.3274
30.6546
37.326
35.2255
40.1438
40.6841
45.5274
33.712
47.0112
41.0708
48.1076
31.5989
38.3864
43.9831
38.8681
37.3562
33.8891
41.8479
36.756
34.1017
37.722
36.323
40.7554
49.7401
37.3557
33.9716
48.4267
42.7108
34.4954
35.2877
31.5535
39.6879
44.4848
36.8047
36.3231
40.402
31.438
35.9286
50.6801
45.0191
37.102
38.6426
42.0538
32.0862
42.9593
38.5149
36.9581
38.2069
40.8812
40.6635
46.9217
43.3318
41.6324
43.0908
44.0291
43.3619
38.9504
33.6801
37.0282
37.6844
51.6548
44.7264
42.1327
33.4248
35.0146
37.1541
33.5229
46.6598
39.9301
37.0414
46.4497
40.3922
34.3278
33.628
38.4804
38.3392
44.9067
40.5062
37.1981
43.259
33.9914
54.9937
34.8041
43.4338
48.0195
32.4665
38.628
33.6186
53.7782
47.1936
43.4684
38.1402
36.4832
36.335
35.7855
41.9688
45.0289
40.5867
41.5474
37.5674
38.5575
34.1935
35.8007
34.7144
38.3694
42.2716
41.7952
43.0248
41.1093
44.6727
34.9599
34.3341
29.4459
34.0196
43.2411
40.0889
49.3813
47.9415
33.0662
34.589
33.8067
37.9359
45.4661
52.2813
38.1058
35.5192
40.3371
42.8947
40.8118
34.3194
39.9568
38.4769
42.9332
47.214
42.5586
38.954
40.0579
38.9439
37.085
34.9874
37.1913
38.9495
45.6234
43.3445
43.5356
32.8081
54.6939
39.6817
38.4367
37.7438
33.3233
39.637
37.1376
43.3999
31.4573
40.0173
52.7928
41.9897
39.1499
41.0385
38.0578
33.5183
37.6795
46.2728
42.2641
35.6377
41.6245
36.5641
43.7309
40.7602
40.4176
41.0904
43.9818
40.2156
43.5596
42.1861
37.8821
40.7761
37.3104
44.4391
39.6862
42.0503
49.1941
31.8242
42.0167
43.4212
37.6577
40.523
33.9736
34.583
33.373
40.8139
40.372
55.5502
40.3441
37.57
37.3116
40.9408
34.9182
41.1846
44.4616
33.4579
39.2578
42.2049
47.2147
39.2816
38.6174
40.3888
35.4789
43.634
42.7364
42.9454
34.88
49.1803
45.76
38.1541
37.3967
39.9571
39.416
45.5524
37.9858
40.96
38.9277
39.3976
35.6678
37.3193
36.7568
39.4123
35.5271
53.0645
39.8765
36.7204
34.3857
34.2676
35.0503
48.6515
42.3521
37.2653
43.5518
43.3964
33.0099
35.7429
47.2906
36.4575
39.3302
35.4736
44.378
38.2555
41.2035
33.5521
32.4525
31.5007
44.8897
37.3924
43.7314
37.949
35.512
37.5908
37.8312
37.5281
41.1346
50.9672
37.0149
32.9697
38.7406
41.2515
36.8448
46.6801
38.5418
37.8075
36.3041
39.4886
37.9736
42.135
36.6342
44.1448
40.0417
38.4244
57.6605
41.4377
42.1408
30.0231
36.6469
47.5426
48.1571
31.2828
47.5088
38.517
41.6677
37.031
35.3134
41.9141
35.2753
42.5178
42.6691
51.9066
32.7946
38.7597
34.4877
38.702
32.7163
45.8426
35.5095
44.3485
35.2988
36.3051
40.2351
34.8059
41.3928
34.772
40.9813
36.8209
38.034
46.0102
41.1164
39.8063
42.6332
34.6924
36.9151
37.8267
32.4855
35.5231
37.0042
42.5174
35.2805
35.729
39.6282
39.1256
39.8074
38.5576
36.432
47.4125
47.8834
37.5768
36.2964
32.5683
38.6058
30.012
59.1531
31.8141
41.7372
52.5503
35.8517
49.8509
41.3331
37.6065
36.9109
42.8881
43.6848
43.3695
39.1772
46.2231
35.534
40.7715
44.3044
37.8424
36.568
33.3409
36.9178
40.0105
32.0712
39.7461
42.7631
59.051
37.4388
34.1286
44.2637
41.8258
48.7004
40.0968
32.8674
31.2839
45.0618
35.3444
32.2445
35.0991
37.0372
38.2355
42.554
32.7074
40.8233
35.9969
34.0237
38.0737
39.8374
35.8253
37.1314
40.5716
40.3998
37.6217
40.8717
35.1556
30.0981
37.8043
38.5369
36.1
36.7716
37.4961
36.0127
48.6168
30.6494
38.5665
35.2815
40.3512
38.6444
54.1172
41.0167
39.6529
36.8551
41.3088
48.8545
40.7443
40.4675
35.7121
45.6967
35.789
42.019
40.8673
38.972
32.3981
39.925
30.5036
39.792
53.5775
40.4917
33.0115
39.8752
36.7808
43.7334
41.0619
39.3719
34.1275
37.3147
31.0893
31.9473
34.7376
37.7752
45.6575
40.8093
42.3077
36.1178
30.9478
41.5779
34.3264
37.3705
37.2489
44.6413
29.7852
38.7617
38.1704
40.1545
40.4952
45.5145
33.7388
34.5301
40.7773
32.4611
38.563
35.8176
42.4325
35.3853
39.3138
41.7051
50.5728
34.7953
39.42
37.0157
41.2016
39.3998
36.4761
41.0337
36.1523
55.0005
32.5645
38.6432
36.3815
36.6651
35.9378
33.3739
33.8768
34.2272
46.7532
31.8474
38.487
39.7108
40.0721
45.7586
38.5689
39.2992
42.4624
40.6479
43.8925
40.608
36.4811
40.9813
42.3556
37.5433
43.594
38.2891
43.1737
37.3689
39.1615
35.8693
33.653
42.7987
36.5668
36.188
42.8273
36.1416
36.5981
36.8699
34.5859
47.6033
36.9924
41.165
34.0399
36.6822
34.5612
42.3563
43.9386
38.0477
38.4871
32.8386
38.0151
33.2029
42.5532
36.0155
33.6421
33.1358
41.3058
39.5378
35.7349
32.0174
38.4204
38.2148
29.9868
41.8522
37.4702
36.4334
48.3158
38.7641
40.9194
35.5019
42.4516
45.5286
41.2708
31.008
39.2115
39.0521
34.7594
45.4787
30.4273
48.01
35.9773
37.4642
38.071
35.538
39.1786
32.5786
49.1145
40.4756
36.6462
39.2553
32.6469
34.2129
39.5077
46.3936
33.5202
35.8146
38.1492
37.0617
38.4063
33.1984
47.8678
44.2412
40.8871
38.7781
46.721
44.1482
34.9408
36.2067
34.9204
37.5957
35.3589
40.5569
41.1158
31.9488
38.1079
36.9027
36.713
36.7882
41.43
39.1221
35.5904
42.6651
31.8251
55.7046
39.4888
38.6261
43.9637
36.5626
37.0313
41.8069
45.0328
37.4841
37.8549
34.0017
39.2091
35.3674
34.2829
34.06
40.5766
36.552
44.6929
38.6947
32.7341
33.4603
50.2997
41.0361
38.79
41.9526
33.331
35.0065
40.4455
42.5756
33.7459
36.2583
39.4973
36.1633
35.8101
33.0178
37.787
38.3975
46.7914
49.4393
32.4902
35.7081
34.671
41.3709
39.9471
39.7656
38.0754
37.412
41.2865
33.9559
41.2814
41.6304
44.3907
36.1355
39.823
34.7665
34.3664
34.8459
36.256
35.2829
35.0568
31.6874
29.5339
34.4476
37.6261
36.6701
51.6943
49.8003
40.824
39.7685
36.1311
30.2967
42.1862
37.9779
38.4313
43.0441
37.9933
45.4052
45.4638
40.8155
42.6419
39.5965
39.6255
31.6602
37.1599
40.9584
32.5648
37.4967
43.4514
39.8722
36.0875
39.462
36.8984
32.0011
36.4969
47.2762
30.7471
35.8046
32.0035
36.3898
42.0082
43.4981
36.3915
41.2178
40.5374
45.7737
43.134
38.0977
33.7974
35.1247
42.8869
38.8354
34.4114
36.1593
39.0012
39.8623
38.4551
34.1697
44.4495
35.447
41.3084
36.3642
41.8417
39.6546
40.6091
38.1662
37.322
36.0357
35.9403
36.928
45.5969
38.7134
42.0687
35.5248
42.676
36.3702
39.1427
33.5724
34.0787
39.3603
32.6302
44.877
37.8526
35.8583
41.054
41.8317
42.8324
41.9275
44.3806
43.6961
49.571
44.708
33.9208
36.4591
36.9217
37.4211
31.4354
41.4615
35.6989
38.7749
43.5587
46.1271
36.6648
36.4259
36.1422
33.5931
43.5969
35.7311
39.5709
39.9075
42.1508
47.4847
38.2484
37.4136
33.4649
38.8463
42.6222
34.2531
44.6903
32.1021
40.3069
32.9859
33.0487
36.3217
44.2284
40.6855
38.9475
36.9003
34.3428
33.7175
36.1075
44.88
38.8379
40.0117
53.0146
39.2517
36.2853
37.7021
34.1097
33.6283
39.4551
32.6936
35.5522
36.6087
40.1035
31.2229
30.46
35.5515
36.0206
40.7586
32.4265
43.187
44.1383
41.8094
40.3096
31.8024
35.3946
38.9059
49.4187
48.5177
36.9044
34.1982
46.3792
40.2857
35.0634
41.0203
39.1508
35.4087
38.2842
38.8929
38.5067
42.4379
42.3037
35.598
38.5149
39.3151
38.7447
34.6905
47.0414
41.8017
45.5544
36.8207
50.2501
33.3282
36.6469
29.8318
35.1576
41.3042
43.0647
38.3451
37.6225
41.1208
41.6728
35.5013
44.2311
44.7109
35.8802
38.8367
33.5637
38.3236
52.7743
35.9325
34.5882
37.5804
56.5873
34.0196
43.9247
41.2908
35.7687
40.4055
35.3336
38.5472
36.2305
36.9635
34.6151
46.7063
40.7851
37.7878
37.2484
39.0598
43.3418
37.1557
47.6399
43.4144
42.6904
43.2964
40.9974
40.7628
35.3973
37.9359
37.2986
37.9409
50.8364
37.1668
39.2327
38.525
35.1506
42.8229
36.7561
45.137
37.5963
48.3663
51.8563
34.0402
35.2517
43.7281
39.2597
40.6839
35.6803
37.3434
52.2612
48.9472
40.6918
42.4685
43.0392
40.2601
42.8818
37.2457
33.4829
35.0021
29.2956
39.3779
41.6935
36.5507
33.4451
32.4156
35.9603
32.5424
35.3482
33.2762
37.3073
38.8583
34.7131
29.8916
37.3067
39.5886
49.5016
36.5951
41.9656
39.5824
32.0501
39.159
35.4568
37.6378
36.2416
29.0145
38.715
44.4798
35.1895
38.1623
40.8602
33.4041
40.1624
33.6891
35.6037
40.7151
40.6733
36.5584
36.0336
33.7945
37.4796
41.4314
39.1062
40.3554
42.3021
42.1192
36.1164
35.3373
33.3207
40.0664
35.0324
42.5783
33.8544
44.1756
36.2934
33.6641
35.8223
33.9764
40.5325
39.0905
38.6634
43.5136
45.7404
46.65
36.2981
39.0728
38.7752
49.6273
39.9371
42.1979
34.868
38.3965
42.737
42.46
37.242
35.7031
39.5129
37.1158
39.3552
35.4612
39.9903
38.5906
41.8291
33.7649
38.4402
38.7475
32.4373
32.566
42.449
46.3362
36.512
55.4537
40.5303
40.2067
39.0314
34.9475
37.4622
38.5311
39.753
39.191
34.1647
39.027
48.6183
37.3481
41.802
51.5177
35.9425
41.6555
32.4135
52.3054
35.6192
38.8348
42.2175
36.5097
32.8745
37.3291
38.855
46.1235
42.9444
38.5514
42.7695
39.4368
34.6389
35.2172
37.0564
39.7758
38.8016
41.6373
33.5557
36.4923
52.7078
40.94
43.6137
39.5252
41.0568
29.9198
41.7298
35.2059
44.0847
33.4412
36.3093
44.6258
48.2704
38.409
34.0839
38.8606
34.4878
36.6033
34.4076
43.4083
39.5807
35.5091
37.6106
31.026
41.8498
32.9969
34.4062
40.8819
32.5728
47.2848
38.356
51.6962
38.2387
40.6962
39.4366
35.6139
46.6065
37.6708
37.0061
40.0271
32.2512
40.171
38.2552
32.9187
41.5247
37.723
39.3318
45.6274
37.2088
34.2965
43.9391
41.7538
44.2373
38.7536
40.4862
57.8727
40.1616
40.009
40.2606
33.8691
43.1773
28.8189
39.438
37.3826
34.6361
42.2409
36.7107
36.5921
31.0905
38.0495
41.7511
43.4355
38.2811
38.8607
38.5568
38.9828
34.5381
38.3463
37.5305
55.3099
37.895
30.2605
40.8193
42.7576
47.7995
42.8356
42.2027
35.1197
33.2787
42.8254
42.2991
39.8395
37.1813
34.3223
42.0613
35.9747
42.8885
43.9332
37.5402
35.3114
37.5367
31.0358
37.1914
40.9519
40.9976
46.557
39.2449
33.1135
38.199
33.0365
39.89
48.418
42.1167
34.3622
37.8717
37.4723
39.5775
37.4947
40.1651
34.7571
41.784
31.8925
41.1765
32.4353
37.3762
37.6007
37.7917
39.4216
38.0344
36.6897
39.4298
34.1945
34.9639
49.2505
43.7387
40.2071
36.1245
37.2533
39.1311
40.7072
40.2341
46.6466
31.5449
33.4799
39.2995
35.1229
43.737
49.0596
39.4855
34.8968
37.7743
34.4889
37.9998
37.4935
41.2608
37.3725
40.1046
37.0661
44.2601
38.8316
40.8607
40.6956
41.6993
43.1256
36.5341
37.2207
37.2686
31.7339
38.1741
38.2135
43.0079
36.1453
48.0946
34.1113
41.856
34.8559
42.8769
45.9177
32.5357
46.2612
31.3937
36.3055
52.9199
37.0595
48.5832
38.9295
36.0127
38.3133
41.6014
44.2606
37.0442
33.6167
34.9056
43.4699
46.4113
34.139
33.4468
45.1993
49.6466
35.5381
38.7526
40.2957
38.2676
37.0499
39.0347
33.5237
33.2873
48.3504
37.9848
38.1983
37.5724
32.8664
42.3656
43.6812
48.0175
35.334
41.3238
33.8189
35.6816
34.3025
45.8434
44.0535
31.9004
33.3929
32.4825
33.0951
34.1897
39.0125
38.3786
42.2797
45.5685
42.1877
41.3061
44.6218
40.5569
39.4448
46.1552
40.1304
38.0691
31.6642
38.6004
40.5147
34.2419
39.1646
38.024
39.2797
38.9579
39.6801
42.4374
39.5017
43.2322
33.6647
39.8507
39.2978
40.3534
43.5762
39.7871
42.012
41.603
44.087
37.6382
36.2447
33.8004
38.2915
37.5985
36.235
35.0071
39.1851
38.821
53.6824
35.0731
37.5743
40.0869
41.0506
32.7208
37.3562
38.4752
47.4718
37.5592
35.1785
40.4994
35.1958
48.6921
35.1605
35.5266
45.1478
35.3446
37.8582
41.5383
39.8994
35.8064
38.1933
34.211
37.8994
39.6164
36.9115
39.9552
43.0421
43.9104
50.3186
39.3422
36.0151
37.7196
36.3606
43.4102
43.8854
35.3628
47.8665
34.2583
33.7285
43.971
35.0134
37.177
44.8245
37.358
35.4162
35.9717
38.14
36.9049
41.1343
43.4814
38.7166
41.666
37.8759
36.7075
27.2593
37.3002
38.4672
50.5733
38.873
34.7503
45.9709
37.7273
25.6527
41.4115
45.4363
43.7034
41.3768
39.4846
40.626
34.5799
41.9031
36.0824
35.9906
37.376
36.007
35.431
38.7731
45.0494
37.8181
41.818
38.5217
34.517
35.4161
42.292
39.4198
45.2685
34.064
40.5677
36.2824
47.2459
36.8863
39.5254
37.5576
43.4207
36.1842
49.3535
43.8908
39.6014
36.9409
42.1466
36.2313
48.0886
33.8767
32.3172
41.1806
40.796
40.4592
33.5843
27.4872
41.5464
42.4461
36.0104
35.8812
39.7155
40.5294
38.8827
37.2903
41.878
38.4606
36.7855
30.994
36.6972
41.4807
39.1434
35.0728
37.1728
35.3001
42.332
38.4625
35.6794
48.2871
35.9253
53.6353
32.0847
35.5736
50.6785
41.4487
47.0261
37.1065
46.7565
42.4135
38.4941
43.0484
36.5712
34.3572
39.496
41.7234
46.8227
41.9396
39.09
38.0594
47.1026
41.9231
37.0232
38.0433
47.3749
38.9857
41.4358
41.9556
36.968
38.2367
37.3543
34.4395
35.3572
37.2967
42.0083
39.0712
37.5366
38.0479
41.0681
35.3315
37.67
37.8774
42.8009
53.148
37.8295
35.9168
34.066
37.806
36.9367
41.3118
39.5834
36.251
39.0997
44.4607
39.9051
34.2189
39.9596
36.9841
53.2051
42.8973
40.5727
40.2772
32.3823
24.0564
36.9897
40.1234
45.7912
38.5343
33.7569
34.9848
46.7434
40.4493
32.0933
36.1543
40.6391
41.1033
39.6918
28.4801
45.2578
36.6588
30.1668
38.4913
45.5054
37.8189
42.6242
45.9356
33.0187
35.2762
40.6337
39.4489
36.2599
35.2552
41.3364
37.9513
32.7995
37.9111
38.3355
37.6828
36.2882
36.1968
40.3552
36.602
38.4014
41.5188
37.3818
37.8271
38.0584
38.773
28.5917
34.82
32.703
46.2872
38.9239
36.6239
36.6352
40.7344
39.8108
39.5116
46.8181
39.1379
42.3633
41.1145
36.3231
47.3187
39.2642
40.9087
52.8498
37.8814
37.1175
38.2228
42.3613
41.3591
39.3595
38.973
36.9627
35.7334
38.8296
43.1129
47.274
38.1979
31.1828
36.9065
43.8123
33.0467
36.5309
49.1485
36.3926
47.4635
44.6617
36.7692
43.1516
38.668
36.7982
33.7166
43.5156
40.1646
34.8439
36.6116
37.4537
42.5703
32.4107
33.863
40.1799
36.0742
47.1315
37.18
40.3811
37.7875
47.4854
35.9425
33.5812
43.8959
46.6471
41.2097
40.8473
36.3002
35.8701
40.5903
40.2981
31.2165
40.0502
33.4508
34.5736
39.728
43.9043
36.5796
38.274
40.0557
38.7893
36.1636
39.8526
37.2005
45.9689
38.595
37.5523
38.7024
44.1067
40.4949
35.6396
39.646
46.1395
40.8683
40.6913
39.4079
38.7973
43.8864
41.5444
37.9295
42.15
31.8304
50.5394
40.7394
41.613
40.5276
48.0281
36.059
35.9612
42.1113
36.9345
42.2093
40.0062
43.4837
42.5599
43.7688
37.4497
33.8963
36.1804
38.9798
34.4168
40.2367
43.8531
35.0919
42.8242
34.3004
38.188
38.9656
39.5177
37.3108
37.6388
35.1623
42.7122
42.8816
37.3793
33.0137
40.0333
47.0467
35.0002
38.6557
44.8428
47.8319
28.7645
40.7394
33.8547
38.3728
35.4196
37.2507
33.6654
36.1386
32.6417
42.7141
37.9332
38.8993
40.2569
33.8065
48.6981
40.9179
38.5222
34.6053
42.3424
44.9898
40.6528
35.0087
33.1567
42.872
35.6098
40.5156
41.6157
39.5574
35.2286
46.7456
34.5676
32.2783
36.4943
36.2312
36.4822
39.1507
46.9858
39.3317
33.324
32.6334
38.5582
35.3961
36.4154
40.8014
45.3108
36.8253
44.8112
38.8966
27.3622
37.8207
40.3241
51.0646
45.8396
48.2422
36.9839
45.0494
35.3152
39.8839
42.7806
41.9775
43.9708
32.3075
38.4797
35.4479
30.8554
40.3668
35.8544
38.9858
42.4592
31.2543
32.7353
39.7661
48.3649
36.9718
36.5066
35.9289
46.5681
38.615
35.8605
46.5069
37.8109
38.5797
45.2592
33.9135
35.3429
36.4492
45.9319
34.6639
35.9117
37.1585
33.6392
35.4639
41.6457
32.5516
35.3458
35.6618
31.5487
32.4626
47.53
43.2552
35.3754
39.692
42.4014
44.0981
48.307
37.4477
47.5644
44.2428
44.486
39.7102
34.3309
33.1524
37.9396
40.0554
38.8791
42.5971
34.8623
33.7748
33.282
55.361
35.1277
32.5753
46.2969
46.9867
34.8381
41.2131
39.6316
35.2485
46.8588
42.2117
45.5953
38.4399
39.2192
41.8435
37.9523
44.9906
38.9809
37.2123
36.6148
43.2157
34.1266
40.7671
33.2423
40.0071
34.3084
37.7119
40.6256
39.5654
32.9622
41.3313
35.6885
33.8469
47.6395
39.1902
38.0844
34.7794
38.7305
32.17
36.9145
36.8247
36.9736
43.5496
42.8658
41.0011
47.2757
40.9929
35.6961
44.4317
41.6103
42.9411
38.1924
37.2349
42.2936
40.5317
37.5005
35.1928
40.5848
44.3041
36.3429
40.1183
40.0991
38.1703
33.6833
39.7934
35.7215
33.2228
35.6116
46.2439
44.6173
41.3142
38.5024
40.0522
45.9966
40.7184
42.7857
40.1891
33.9836
40.5364
41.0932
40.9573
40.0283
33.0402
38.7748
41.5508
35.8216
43.3006
37.0637
39.3153
38.2426
34.2261
36.7501
44.5822
44.0605
45.902
50.1846
35.6646
45.6747
36.5727
40.3224
37.2503
42.4994
38.9638
43.068
42.8612
36.9616
37.64
43.4134
40.1316
39.2444
31.6948
34.2315
42.2052
41.3945
34.6613
52.9622
38.3376
30.5985
32.9378
41.1392
31.1312
41.938
43.7221
38.1346
33.0134
42.9244
37.6958
43.2283
35.2543
43.3504
40.7581
37.7066
45.1833
38.8592
35.1703
38.2294
39.3251
45.8624
37.8185
31.5715
36.2924
39.1306
33.6681
35.6272
39.341
40.7815
38.4406
44.0338
46.8145
38.3152
34.4368
37.8382
33.0835
38.2966
45.2687
37.1605
35.7468
34.2851
37.2112
43.3788
43.8648
42.6695
49.2574
37.2248
36.0185
36.5763
37.1806
40.2073
44.3409
40.751
37.9608
45.5268
42.2033
43.0462
37.848
40.7065
39.2429
37.3218
34.8367
45.6318
44.7733
44.0833
37.3566
46.0907
39.7314
38.871
39.5988
39.4134
39.5195
40.0033
38.876
38.861
37.5233
44.8074
42.4871
42.1815
38.5961
38.391
47.7421
36.9004
38.0122
32.1151
47.0071
44.3751
39.4759
27.2157
43.9186
36.5314
37.1395
33.0879
39.3957
31.5812
40.5474
37.692
37.4035
39.1942
42.8709
31.9513
43.8269
34.8136
38.9453
36.1459
40
34.4171
36.1827
34.8313
40.9628
41.223
33.3083
37.4288
41.1604
37.0628
54.517
37.6944
37.004
33.0573
37.5242
37.4108
34.9758
36.517
39.7453
54.5497
37.1278
33.8454
33.335
39.7996
37.2486
42.6623
34.3359
32.8485
42.6728
41.5555
35.6712
43.3467
36.6057
38.6848
40.9124
33.4228
44.4495
39.6642
41.9471
36.2164
38.4283
33.9578
39.0089
45.6483
33.1962
38.1731
34.0215
39.5773
35.9868
33.9438
29.5643
42.5319
35.024
37.4963
41.8519
39.5542
46.9966
35.7652
35.0178
41.7186
37.2355
36.9956
41.7187
41.9879
36.5744
35.502
43.2752
36.5174
43.6219
42.5235
34.7343
46.4101
34.9784
40.261
36.9204
43.5158
39.7147
38.5343
49.9205
37.7047
36.0743
37.0264
33.2428
46.7607
35.1893
39.617
46.6884
39.0311
40.7734
42.0437
40.4797
38.3741
41.976
35.2524
35.9561
38.389
39.3414
37.8382
41.9364
42.3882
40.3312
42.5958
38.4471
40.3345
28.4812
41.3794
39.3055
37.4701
37.8389
36.8041
35.2962
39.9866
35.593
37.6299
38.056
43.3232
42.5852
38.5598
35.3285
42.1782
35.3567
40.0566
39.5292
36.9942
38.2579
37.4897
33.0445
39.6944
38.2362
39.0419
41.2862
42.3432
34.0915
38.4179
41.0622
35.9794
37.6273
40.2876
36.038
36.4198
44.666
30.7972
46.5966
38.3507
36.9769
37.8458
35.5206
43.4121
32.4979
32.6456
38.1618
36.6402
43.2829
46.8611
37.7862
37.3784
39.5998
39.0583
33.6905
35.8407
36.7484
33.3105
37.1125
38.8278
43.8187
33.5246
37.6495
35.3615
36.651
45.0422
34.5835
41.545
34.8082
34.0704
36.9436
42.3829
34.1292
33.1222
46.9815
31.6809
28.3599
42.1269
36.9393
37.6839
44.1411
37.5547
36.2007
33.03
44.7648
39.5457
37.5759
38.6136
31.2678
39.7307
44.9944
35.1129
26.4416
39.721
36.9805
38.8429
32.1418
43.3813
35.4536
47.471
46.5636
40.7837
44.5111
39.555
47.7632
36.4798
40.5147
37.4222
41.8641
38.0952
38.2696
31.0667
41.5982
32.525
34.2451
31.8725
34.7981
39.7149
40.798
39.0906
37.2007
42.0474
46.8227
39.1629
33.5964
35.2332
38.7679
39.3355
37.2821
29.0381
31.4172
36.239
43.697
48.3594
38.7073
40.9734
36.1634
35.3226
39.8386
46.3351
33.3061
41.6457
38.1869
39.1663
39.3645
36.7217
51.3316
33.0629
38.7511
43.9113
41.142
45.0634
39.657
35.1388
38.4872
40.1756
41.988
43.6857
35.7102
38.0079
38.1712
35.53
33.1852
31.6561
42.0013
35.6353
37.9773
33.0386
44.4207
39.4189
37.9107
35.6616
33.9048
46.7086
42.5359
35.7557
42.2266
32.4237
32.7662
45.9602
38.1353
39.307
41.2409
36.2355
39.809
39.6249
42.0527
35.9578
34.7806
36.3978
42.5126
35.9154
34.9369
36.8911
34.4157
36.4428
36.2689
40.673
30.2882
34.2667
45.2262
40.6417
33.218
42.3181
45.6051
33.0028
36.2505
40.2716
36.4656
41.7837
37.7528
44.9659
37.8505
50.4761
34.892
32.8274
60.1149
38.9045
36.1345
44.2695
37.1222
52.4236
49.2107
42.582
38.306
31.8929
37.4051
37.4378
48.9926
48.0736
34.5264
35.526
41.7249
35.7425
44.5996
35.4219
33.9022
31.8297
45.136
37.2247
42.4345
40.7146
32.2962
43.9845
33.5409
38.5607
37.9417
33.0053
38.8089
39.2705
44.8158
37.1848
35.0752
46.9754
35.4449
39.5542
36.6427
43.0614
34.7228
35.487
41.5585
34.992
35.3055
47.3072
34.0317
46.0387
52.6049
32.4585
42.9932
41.008
36.6519
33.9771
37.0405
37.5123
45.395
36.809
40.1297
44.2286
32.4333
46.8165
36.8394
37.8754
35.8078
34.8431
41.161
32.5785
45.6929
37.2998
36.9162
41.3598
34.7535
41.5764
40.9476
37.4085
40.7614
35.9838
32.8561
43.2149
31.1686
36.1363
37.6603
39.2803
42.2082
40.4774
39.9089
45.3468
36.7938
35.636
31.9936
33.1157
40.5442
44.9213
41.5419
34.8872
34.3514
37.5324
35.0054
38.8711
40.7563
44.1337
29.9905
33.1068
43.8764
45.7146
38.1128
37.6222
34.8091
40.7501
35.4968
41.5491
39.7561
39.2251
34.3174
34.5382
41.1631
34.2181
47.8767
40.8999
39.3818
37.1587
48.1213
38.9871
34.6899
57.3398
39.6196
44.1089
36.8593
36.1339
37.5556
38.5708
34.631
37.2763
40.5833
34.032
36.1994
41.3309
33.3222
40.7529
36.7487
39.2439
40.2619
42.0512
36.2297
46.2526
41.5657
33.6142
37.8041
46.0369
43.4573
34.9842
37.3477
49.1015
37.1536
34.9221
33.3264
34.6001
41.4611
43.5546
42.4921
38.758
36.7073
34.6556
39.6704
39.4281
46.3693
42.9987
39.9306
54.4525
41.9178
43.2693
35.9379
39.5524
35.9864
36.8584
32.8969
36.6819
42.1039
35.0935
31.9891
40.0472
38.6278
34.1473
36.7221
38.4739
39.0862
36.4594
46.9763
40.1025
40.8476
29.8928
39.7905
43.5167
34.2265
17.299
37.3999
41.0075
38.8273
38.4814
39.6907
35.7448
36.1421
46.7545
38.0468
41.4485
37.3881
36.1921
42.1087
54.8916
37.192
43.1039
35.7807
39.1873
37.9761
33.473
36.4671
50.2048
39.2277
43.1372
41.1805
39.9167
38.2389
36.5293
45.8956
43.385
32.0942
37.9479
36.8693
36.6459
40.3937
38.9491
42.6943
36.7414
46.5065
39.7564
43.1172
35.6828
33.5064
37.904
36.8676
44.3386
31.3417
33.4361
37.106
42.0144
35.5731
36.7759
41.0857
34.8079
43.1451
33.3653
35.1862
41.8973
38.8126
44.3086
37.291
46.1241
44.2667
37.777
39.9946
33.2801
40.3942
38.0288
43.3433
39.9676
36.1332
45.0982
39.786
47.5374
42.8761
34.1083
40.7044
35.0849
42.9292
30.7947
35.743
37.1142
42.2656
32.027
37.997
31.5183
39.2983
35.2462
38.4652
34.5044
35.3765
30.7677
34.6578
35.9535
44.298
37.6402
36.137
39.3638
42.3024
36.7616
40.1871
39.0813
34.1007
33.6898
47.846
42.8053
43.744
37.3554
46.3797
40.7631
42.5635
38.0775
38.9028
34.8926
37.0553
38.5035
29.4792
38.6772
41.3255
38.4182
35.7691
38.4586
34.9116
38.9586
44.5776
38.9907
36.182
35.3785
38.6513
41.8428
38.3882
32.5285
41.5052
64.966
38.0603
36.898
35.699
36.5101
45.9014
34.8089
30.3609
36.6993
37.7079
34.0502
42.349
35.6766
40.108
38.5211
40.2091
48.2022
37.6818
37.578
39.916
41.4588
39.3147
35.8909
45.0332
45.3591
37.3611
48.2177
40.4985
48.7799
39.9311
40.1864
37.9795
35.4866
38.8542
39.4961
37.0814
41.2804
40.9285
39.0621
38.2574
34.8061
44.7398
41.318
32.807
31.4691
39.2294
32.2694
39.1456
45.8583
43.37
44.2043
48.0422
40.9466
37.6603
38.9704
40.5992
38.1227
33.8031
39.4378
40.4176
41.2976
34.488
42.2141
37.1538
36.5723
38.9681
38.887
34.5592
38.4856
37.9325
32.533
33.0593
35.1729
30.6901
36.7173
35.0136
38.436
39.0026
21.2133
34.9763
46.9495
40.2217
34.5133
36.991
34.8808
34.2888
36.7765
38.4766
35.7455
32.4484
36.6455
37.0831
37.5194
35.6281
31.1369
32.4495
35.9164
31.3067
45.3006
45.9857
41.4273
35.032
33.9502
32.8576
34.9796
34.4393
46.4648
42.429
42.6888
37.5978
38.9281
41.6846
34.6564
40.2994
41.9167
43.9204
37.966
45.7434
32.3351
35.8289
33.8341
44.2181
36.2338
35.9566
38.2573
38.683
39.1178
43.9941
35.122
40.6171
45.9542
36.8641
37.7657
39.1326
48.8766
43.621
48.2949
40.4293
36.2244
38.1429
39.7822
34.064
39.3669
36.6732
40.6321
40.209
35.8782
39.2804
36.2056
43.3929
49.9547
33.4042
33.6139
31.4461
55.7806
33.5857
47.3698
42.0774
45.9261
43.7631
34.7358
38.5212
37.6239
39.0938
53.1574
36.8831
36.4743
44.4582
34.6957
33.1335
37.7409
32.2425
37.404
45.1111
40.103
43.9918
40.0962
42.0317
41.1856
38.6715
51.8432
36.8997
33.8613
45.6102
48.0346
36.7952
35.8674
38.3752
44.3548
30.9509
44.4723
41.8911
34.2402
34.3727
35.1463
37.515
42.2096
37.8415
43.0277
44.7717
42.2304
37.0041
39.5898
44.6349
42.517
54.824
36.0075
40.1073
39.6707
48.8929
37.4778
38.1085
41.6641
38.284
34.4524
36.1982
37.9745
30.9266
42.5466
36.8289
35.8164
33.6161
39.1574
41.7855
34.1177
48.9324
34.8551
30.5337
38.9969
39.1472
39.3917
40.8884
37.0855
34.0124
42.6377
39.9277
37.809
35.996
39.0373
42.204
38.9466
45.8452
37.6604
39.8364
35.781
37.1154
44.4215
44.8535
38.2581
38.2166
34.5241
39.6496
35.7436
44.3245
53.755
35.5558
37.3273
35.4946
33.8808
34.2933
42.1201
40.7891
34.5446
34.0861
50.4524
37.2803
40.4976
45.3159
37.1731
42.1092
37.6029
40.6085
52.4021
33.3282
39.4846
36.6585
47.7488
38.309
39.7093
39.9819
33.7146
37.9048
41.9511
40.708
42.8617
46.5075
56.8823
31.2091
38.4939
41.0467
36.3802
36.9838
38.761
41.2276
46.6682
46.9077
37.8871
42.5085
33.4283
43.718
35.3493
38.9875
38.923
43.022
40.1105
41.2699
38.0848
41.3053
35.1663
40.1827
30.6894
31.4799
37.4156
34.9142
40.5089
36.7557
40.7465
37.0619
39.3288
39.8125
42.8786
36.0549
38.4932
34.506
55.8093
42.6697
39.4337
45.3036
33.7786
38.5807
43.8196
39.674
32.3473
34.3261
45.2695
41.9627
35.8265
37.7852
39.8392
44.7582
40.457
47.2685
36.1745
46.1871
42.2894
37.3308
44.1757
34.7119
32.6302
41.9734
38.2847
41.0812
33.715
31.8558
38.0412
39.1507
43.7502
31.6
33.1563
37.4232
37.5838
46.4494
33.834
33.226
38.0225
43.0468
46.9378
47.7276
38.9511
37.1055
34.1685
37.7469
46.4429
34.2134
45.924
42.4071
35.9054
42.8462
36.2079
57.5662
33.4096
46.541
47.2137
42.0325
47.5203
51.4239
25.6911
43.3305
44.928
37.2868
34.096
33.7386
32.0269
39.7251
34.8294
33.1611
39.5296
38.5019
41.0553
44.1788
38.0341
32.8079
29.5617
33.6242
40.4043
41.2422
35.634
41.4767
38.7808
43.232
33.8263
50.3976
34.242
45.4418
44.205
37.6508
38.2012
31.8871
38.6379
40.1548
36.6888
41.9881
42.4691
34.8986
38.3034
42.5582
47.2062
59.0945
39.189
45.0286
36.6949
39.2641
36.6757
37.6849
44.1197
38.2191
40.7999
39.7944
34.601
34.3683
29.7068
38.1704
35.9194
34.1353
38.4945
43.7557
38.4019
45.4906
51.939
37.3462
40.4503
39.5324
50.6373
42.4797
44.4412
44.0199
36.0687
41.335
41.6779
53.3049
40.388
31.1266
32.911
33.0317
39.1686
37.2505
49.3518
39.2071
32.9264
37.4329
33.9759
40.7239
48.5363
36.807
33.9935
38.5079
36.8416
38.364
33.2611
35.8646
39.8239
49.1175
36.5427
42.7805
43.2307
36.3736
34.3667
40.9694
40.213
38.5802
33.7594
52.0853
45.5418
39.008
44.7069
34.9829
34.4053
35.8541
41.0828
30.9001
38.3539
44.9853
38.0864
38.8584
37.3801
40.8848
33.9117
36.2614
41.0532
45.4062
41.7167
37.9759
43.7113
45.3425
35.6504
39.9662
39.4863
38.9271
40.9873
40.0091
31.3773
39.0579
41.4904
39.9683
38.3386
38.9685
51.1916
40.8883
36.0456
36.2627
43.383
35.7159
40.3846
40.111
42.674
31.4949
34.7389
39.7923
33.737
55.1129
42.8191
33.2041
36.3027
33.7709
47.1956
34.6261
40.0717
46.3816
36.8887
42.0789
40.8481
35.8711
38.1076
34.714
35.0177
40.5385
39.6019
35.913
36.3987
45.8023
35.9451
40.331
38.2863
39.0533
31.0933
44.3713
36.9078
35.9591
40.5441
33.2011
33.6994
45.0638
38.0652
51.6819
42.6264
43.4332
38.1212
35.3977
39.6076
64.0707
40.3294
35.7225
32.8788
38.3888
35.0374
47.5753
37.4147
39.7765
33.5948
37.4055
40.0243
43.0947
46.1188
45.274
35.1691
40.6095
51.0794
37.9332
31.8716
37.4028
46.0027
31.715
37.8767
42.1159
32.3576
36.0386
45.8462
47.3016
37.7175
40.047
47.7701
43.5764
37.6007
42.9203
38.5578
38.8413
42.7308
40.0665
31.7696
35.2665
36.5724
46.0001
41.7856
42.2437
40.8993
37.3683
45.1103
40.6082
36.1592
32.3523
41.9503
40.6454
41.8972
36.751
49.774
37.5578
36.27
44.8859
43.9142
36.9377
38.7358
40.7289
38.3782
37.4598
32.9139
34.7289
38.0397
41.6101
32.2209
37.974
36.1119
38.7907
45.134
34.0234
48.0886
44.3566
46.4199
37.2102
33.0681
45.207
36.7434
36.3459
34.1713
32.3208
39.5176
42.3035
47.9021
32.4397
39.9057
32.4101
34.7155
36.9803
45.8963
34.4212
54.1167
34.8767
41.3389
35.9355
39.4075
44.6906
55.394
43.5253
38.1486
44.6288
37.6306
46.1423
40.3525
34.3206
35.3105
39.809
38.0816
35.2756
39.5434
37.4231
37.0256
37.7756
37.3734
44.3582
33.191
37.1325
32.7729
47.7081
41.4427
40.4203
34.2889
39.6785
34.4077
44.7633
37.4961
39.1467
32.5053
33.9392
35.9713
49.9495
32.1264
36.2076
34.1439
39.0207
37.1045
36.3229
41.3526
41.2749
46.3068
47.4839
36.486
40.6298
36.6944
34.7942
40.3171
52.2195
40.3572
46.3962
39.8111
38.1828
33.7686
36.4113
45.9034
39.1906
35.948
38.712
49.4337
47.294
43.1996
35.6552
33.5047
45.1598
38.8681
36.6491
43.5075
49.7866
39.2441
33.6694
36.0849
44.2704
39.4694
41.6176
41.4764
36.6819
43.5202
35.1538
40.3358
34.0485
46.403
38.6197
33.9018
31.2202
39.4287
39.3144
36.4652
35.8
46.4485
34.9674
41.3213
34.8672
36.5738
36.7582
36.7098
34.7275
49.577
39.066
33.7886
32.6085
44.5221
44.9473
38.0939
33.6775
47.9485
47.6119
38.3052
54.5951
31.3392
36.8819
41.7905
40.6001
43.3424
43.089
36.5717
37.9994
44.1286
37.5647
37.797
32.5578
53.8331
40.7027
35.9319
44.073
40.7444
37.0196
37.2166
34.3207
45.7844
44.3325
44.2627
36.4025
39.5242
36.8776
41.8585
38.1026
38.1385
37.5644
40.0784
44.9332
25.5908
42.0411
42.6498
42.0013
50.5599
36.6862
47.3637
41.0404
35.6086
31.5329
33.2195
46.6
37.4688
36.5518
38.0399
41.3807
37.4946
44.4918
44.5611
40.9405
35.7713
39.1345
36.5409
43.6785
42.0663
33.8775
36.4629
43.2368
40.2934
45.3162
41.4537
39.0468
36.7408
42.463
45.5362
46.6852
42.9389
43.3274
39.7517
36.7661
41.0955
34.1852
36.8259
45.4327
44.6833
41.5938
36.3156
39.767
41.8973
38.0285
33.0473
37.1856
38.6118
37.9824
38.3132
33.8148
33.8395
38.1006
40.7176
34.8943
35.7161
41.2728
37.7125
37.3509
38.3399
35.3872
41.9205
34.7979
37.5751
36.3507
36.2518
54.2231
39.5375
38.9305
35.6944
34.8744
34.6934
30.2289
35.4547
35.1216
36.8894
32.9832
45.4244
35.8272
35.2622
49.868
38.3355
36.1857
36.1323
35.0211
39.3135
34.5871
40.7272
33.294
42.1875
32.2239
35.7051
43.3361
53.3803
35.8763
31.7593
39.8816
42.5598
39.161
42.5916
34.1556
43.2939
44.4103
35.1144
45.4241
38.1116
36.0051
38.6434
42.8394
36.621
35.3033
32.3597
37.6324
37.2873
41.8026
38.3026
41.6196
37.3591
43.3324
37.1231
35.2454
38.6047
45.4639
40.3748
45.5809
35.1875
35.1902
49.3186
37.8701
39.0507
38.0664
36.8517
45.9288
34.4163
34.9446
40.7361
44.5991
37.1054
38.3127
32.6468
50.2244
38.829
40.1184
37.0281
38.8173
35.9349
33.4321
38.4176
42.0663
53.9263
38.7121
42.0568
36.3476
40.4005
34.9605
38.8219
37.0698
35.2105
38.6129
32.5866
50.4684
44.676
36.174
37.5188
37.7385
41.3906
27.1525
33.2606
34.59
37.2475
38.1147
40.5944
36.8035
39.2453
46.1891
38.7692
44.6798
42.5109
36.2427
35.7062
38.2815
32.8262
34.1299
40.6917
34.5759
33.7814
38.9927
49.8003
40.235
39.8625
40.8062
39.316
36.1315
34.6058
37.2924
41.4964
43.2403
37.7895
35.0897
35.2602
39.5958
35.3675
30.4421
38.0827
40.3608
42.385
35.6653
42.2896
37.2849
41.9775
34.1412
41.7259
37.9321
36.1321
33.9824
36.4132
31.7251
35.8758
37.2552
37.9752
39.5867
42.3572
39.7649
38.5322
39.8055
32.084
37.9558
40.5615
41.9239
38.8228
47.4874
40.2458
37.9329
47.8967
37.868
38.0215
40.7132
37.7456
52.6353
36.1538
41.7387
37.3256
51.0504
36.5769
43.2272
32.9693
35.0966
34.0438
33.8793
41.6883
46.2815
35.8199
40.0865
34.0812
39.3796
42.4205
38.3224
31.4877
41.7038
40.8805
38.525
37.5948
36.6153
39.1646
36.3572
40.8609
40.768
37.1564
40.4428
47.6912
37.5901
33.364
41.8177
38.0754
43.8806
32.7653
33.0553
35.4408
36.2294
38.4687
36.3813
35.2078
31.8015
40.6578
51.9688
42.0691
43.2285
35.6125
43.7894
41.3043
36.0962
36.6207
32.7986
41.2787
35.1337
41.4258
43.9287
40.8469
34.2645
32.4047
39.6673
35.9725
38.7078
43.5106
38.6834
32.052
54.5191
36.4262
33.6848
46.1829
42.9494
52.8307
40.8846
41.0878
34.5321
40.2326
38.0448
32.4301
40.5135
46.9963
38.2025
37.6074
40.7076
37.3279
36.1006
41.2751
35.5043
37.444
44.4894
41.1145
34.4719
41.4578
42.0056
37.6496
43.6797
38.721
33.4046
36.0066
37.3978
35.8928
48.5436
33.614
34.7736
36.3934
40.5295
41.1503
35.9014
40.006
44.2306
40.2476
43.5063
43.7485
34.494
45.7082
36.4019
41.1713
43.1386
37.4294
40.1086
35.7627
36.562
39.3995
38.4465
38.9018
38.3024
36.4477
42.1934
39.886
32.6326
41.4522
32.0345
38.2839
36.0529
32.2932
30.8585
38.1523
37.1135
50.5668
39.1659
45.5334
45.6559
50.2105
37.85
37.4143
36.7018
35.6987
36.3435
36.02
35.5348
38.9666
40.3602
33.6769
35.4579
40.2006
37.1346
38.7898
41.868
34.9607
36.3429
44.528
43.6722
33.0797
32.4697
50.5274
40.55
40.2444
36.6265
37.1586
37.4215
41.5782
40.0648
44.7066
37.7532
36.0771
38.5244
44.9027
39.2547
40.977
35.7062
31.9856
37.6506
43.2143
37.2717
38.4493
43.1205
37.8772
45.4912
41.0893
41.8672
39.6539
36.1132
36.5604
34.9971
39.419
38.1886
39.9583
38.3302
35.355
48.5611
46.3061
45.8011
41.2398
47.8072
38.4226
38.9284
38.7476
32.6287
41.6048
43.1525
38.0084
29.1565
40.2034
40.4191
40.4068
42.1074
34.7451
48.1631
38.1224
41.5357
43.339
41.5397
37.8714
42.7324
35.2334
39.3853
36.1586
44.505
42.2809
39.2446
47.3182
48.1199
42.471
35.3166
42.3666
40.8511
32.2599
32.5175
36.3884
47.1166
47.5457
32.9637
45.4488
40.5686
38.7333
42.5161
39.3875
40.222
28.6871
42.4242
31.0276
36.1129
36.4049
32.393
35.313
40.0091
33.1865
33.4817
37.2641
36.6615
31.2343
39.8877
39.9443
31.8932
37.9862
30.6474
40.916
41.2707
38.4803
37.242
44.7295
41.1492
38.2109
45.8878
31.4732
40.6523
39.8525
35.2853
37.9641
35.9943
43.9323
47.4579
36.7781
35.7255
49.4445
43.3725
38.6862
42.6421
40.6858
35.857
43.8508
40.0906
43.1789
36.1352
32.6388
33.6052
40.5624
39.0631
39.5413
36.9643
38.7615
39.5779
35.8895
38.5712
35.7225
43.5403
38.1629
36.6723
28.8181
34.4022
33.2146
37.4511
40.7742
35.8649
44.5307
35.7483
41.2201
34.9419
40.8071
38.2195
38.7393
39.6907
40.4934
42.0462
38.6676
51.7574
37.9733
43.1513
49.8791
37.5019
42.1481
47.7055
36.5728
38.0213
37.0667
37.6043
46.6472
38.1088
42.5161
38.3203
39.4633
45.7826
35.0963
39.8602
36.9257
37.0663
33.1355
40.5637
39.7599
37.3383
36.7055
35.6643
34.4604
50.9049
43.8989
37.3129
41.7773
34.3227
39.4479
33.578
50.6066
40.3442
39.0373
38.0164
38.1773
34.0067
37.0031
36.2594
39.4443
46.9897
32.5659
37.3244
46.9117
36.4895
42.0261
33.6534
43.2948
35.6624
34.3552
37.0546
33.0141
37.4795
43.875
38.0356
28.4923
40.1554
41.3969
58.8908
33.7631
43.2003
34.8547
38.0116
33.2392
33.0661
37.4187
49.4659
48.427
33.1337
42.1498
40.6583
35.1683
35.2267
35.8867
31.8077
39.8851
38.0509
35.9374
37.479
48.2836
38.4716
48.1088
47.2771
33.0972
36.556
39.0977
34.3114
46.8934
41.1165
41.5346
44.1489
45.1696
35.39
47.1256
37.9378
43.0059
41.4809
35.4553
41.619
36.8902
34.8544
46.9748
39.2227
36.8366
34.5665
42.5454
37.5526
41.2477
33.4729
36.8639
34.4347
37.483
21.9592
42.4437
35.6149
39.756
37.9023
41.8634
36.4092
37.3276
37.8226
38.8437
32.6874
36.0315
35.8018
36.2038
40.8048
37.819
38.0576
40.8129
34.0563
40.7528
39.7265
34.0068
35.6314
43.0868
41.5095
38.6251
36.6019
40.0388
40.6546
35.438
45.3662
37.1004
30.8922
43.3711
35.3713
35.6293
36.6599
38.7165
32.9294
35.5428
37.3628
39.5464
43.7034
36.6234
34.4632
34.0148
47.0182
34.0355
33.6902
35.7107
42.0259
39.1801
43.4554
38.0265
37.9135
45.4852
39.9619
46.4146
36.0997
43.5509
41.6791
35.7059
39.1781
40.25
35.1985
44.4186
36.7281
34.7367
39.5553
39.81
39.9585
40.5807
40.1286
41.3261
34.7393
32.7587
42.4789
44.9319
38.0986
34.3844
37.0426
37.0341
37.5023
44.5401
39.8644
42.4344
40.0284
31.4957
32.6542
38.5023
34.6932
41.2091
43.5434
38.5418
42.3299
40.1516
38.565
31.137
35.7299
38.7876
40.3563
39.2492
31.8798
35.8817
41.8934
48.4575
44.3613
35.2977
42.8378
37.1688
42.431
40.8287
45.8644
46.9146
44.3273
37.1706
32.485
37.0355
40.1002
39.5377
36.5952
31.9605
46.8096
41.9897
40.3621
39.2715
44.0803
33.7803
36.0714
34.7487
34.9114
31.3961
33.9328
36.894
38.8804
37.5979
37.9822
38.5826
36.7046
41.1242
32.8291
38.0537
37.8809
37.2295
37.7396
30.66
34.1923
42.8804
34.6527
44.0249
36.1282
39.6211
35.2358
31.9202
34.1707
35.3025
43.6789
34.4306
42.2884
35.8382
40.7637
36.5239
35.1271
38.3881
41.6206
44.2569
42.6613
51.6969
39.4994
45.684
36.9801
40.1949
35.0129
36.6922
46.554
34.3012
43.9498
47.1888
34.5422
47.8584
34.1072
34.8522
38.5171
43.0529
31.9525
36.2165
39.4316
42.2344
38.7722
40.6312
42.2367
37.2657
49.2062
38.9554
42.5983
44.3328
36.4166
37.8308
36.5543
42.0824
41.5284
36.3427
38.0302
35.0312
36.9115
48.5442
36.1877
36.394
41.195
31.7139
40.572
34.5532
35.1639
35.724
36.5985
36.2656
38.6388
36.6362
35.0447
33.853
50.1779
41.1535
36.8555
35.4536
38.6426
39.1852
37.6132
34.3587
38.4888
35.4853
43.8997
44.8035
41.3924
33.2124
44.5286
37.0943
30.6153
38.6529
39.7887
36.961
38.9766
39.2678
39.4668
47.0998
33.3007
45.2169
45.4397
35.9462
39.2594
33.3366
31.9202
46.7031
42.1551
40.8962
42.3373
31.7796
38.3051
41.5839
34.0485
33.8689
31.3235
39.7437
39.81
33.8615
35.2943
34.2939
21.2005
37.1104
39.7107
36.9296
32.2722
48.6152
35.1701
43.1726
37.7287
38.4307
32.5446
33.6552
32.8653
35.5017
35.3794
35.7232
38.9003
36.9502
36.3533
41.5512
34.2407
36.6067
39.3451
38.259
36.4541
38.4206
37.9374
50.0293
34.3154
39.8147
54.6739
39.1634
42.7167
37.9732
35.0554
44.8043
31.8712
42.3163
36.122
52.6256
37.1527
36.7914
42.2171
35.2348
41.191
40.6543
37.3096
43.0327
29.7863
39.9965
36.2678
38.3959
33.8801
34.8045
34.3291
39.7822
38.0698
33.8011
34.4181
36.3525
44.4094
40.7751
36.5673
43.2472
39.7019
33.795
38.5194
36.478
31.3521
38.338
35.0755
38.6577
41.497
41.6582
41.4887
38.7441
49.7621
51.8259
31.4209
39.4459
45.7715
42.1312
33.4369
40.2984
37.4966
36.509
37.7442
36.3003
37.7709
32.701
40.368
39.8496
33.8113
35.9136
43.4671
54.0908
50.152
38.0174
34.9858
49.0862
41.5075
37.5398
36.2203
44.7617
41.3498
45.736
39.3034
51.6801
30.2808
33.9592
42.0214
38.0653
35.0443
33.1923
41.8621
57.8338
36.5487
38.4869
36.0223
39.6865
39.7648
39.8319
35.7981
44.257
44.9984
44.3591
41.8906
40.7439
28.1779
38.2481
42.9282
50.0599
39.176
30.6349
39.6334
38.7593
37.4179
38.9763
40.9705
43.3606
36.681
41.3488
37.2641
39.8644
37.7959
42.135
37.8003
39.3909
36.7919
36.2948
43.2356
40.698
45.4946
39.8085
38.2288
46.7194
41.8007
38.9969
36.578
35.5366
35.1412
59.566
36.686
40.442
33.6205
44.9637
38.6842
41.1427
51.441
41.504
38.8431
36.1604
44.5906
41.3921
37.4397
39.7102
42.0479
38.1649
34.3159
43.599
35.766
35.2755
53.428
38.1633
41.3889
37.0511
35.8827
37.8823
33.5842
37.2195
30.3992
39.1269
40.1707
43.9462
43.705
37.5516
34.8612
42.1216
41.0103
42.6547
38.8392
35.8023
33.8664
38.0329
34.9939
38.9798
41.6322
39.7783
37.803
41.5653
39.6279
38.6775
40.6713
34.3653
31.831
33.37
46.5666
48.2288
36.6609
34.2513
50.7903
33.0623
36.5639
39.2143
41.6186
44.902
39.23
39.4179
37.8182
34.5785
38.9175
29.9522
32.383
39.0416
40.0613
36.2499
37.8437
40.1149
35.1136
33.3298
40.1595
37.4271
50.8336
47.6434
40.8714
44.5283
35.0203
43.4458
58.2881
31.9305
38.6327
35.6446
35.9063
46.2373
35.5243
39.0669
38.3807
44.3016
34.6161
35.726
39.5689
39.2995
32.79
42.1105
39.4252
34.7862
41.7385
36.3245
33.3888
43.7371
35.9632
37.29
33.2651
44.5794
41.0656
44.5768
53.6051
40.8646
37.0458
33.8933
37.4966
42.3241
41.3219
45.4182
36.1414
39.3868
38.9681
46.9393
40.5524
40.5947
40.389
33.7693
40.7397
37.2026
36.6491
37.6775
35.9314
36.9186
32.3277
34.2228
38.0352
39.6524
33.432
32.5831
33.0859
31.7112
37.8939
43.4798
34.9309
45.6262
43.4797
35.9644
49.5881
42.483
39.0228
41.3719
49.4423
36.543
31.1092
41.6498
34.307
32.3077
33.5196
45.1623
37.2019
33.8593
35.2564
37.2347
37.3925
36.9886
35.7397
43.0853
38.3354
38.5994
32.6822
36.814
33.1306
41.0196
53.4751
32.3772
37.7467
39.2974
41.7444
43.2005
37.7809
40.7467
44.2549
44.6828
42.0387
38.8353
51.1755
36.5443
33.2804
46.8058
36.791
44.7155
41.1988
36.7641
45.2367
43.5439
38.7435
40.7339
36.6046
37.0979
46.5419
41.5181
36.4364
36.4699
38.7677
41.11
40.3168
36.9957
39.8113
41.8465
39.9268
39.4535
41.2692
39.6197
39.8716
35.2537
44.9675
43.3615
33.6471
36.5395
49.2667
39.29
40.5929
40.9141
40.0513
35.4775
40.0922
32.5075
46.3365
41.2398
41.546
46.9351
46.4142
40.9439
34.1781
38.2134
46.2285
42.2794
32.748
43.4113
42.9833
36.9169
39.5581
33.5349
40.0492
39.3161
46.6203
44.6333
42.3996
38.3847
37.3881
43.9709
35.0613
36.9532
39.1238
32.8211
53.5313
36.0829
36.8008
36.9448
42.9226
39.7755
37.0672
41.4502
43.5052
43.194
43.4809
31.3093
34.6051
34.7256
39.7332
44.2186
42.9988
37.471
39.6319
36.6272
40.9481
39.0887
40.7382
32.7683
42.2274
51.3877
33.8292
44.8517
39.1451
40.164
41.7571
31.9395
40.7163
35.0826
41.173
33.5874
32.3836
36.8252
36.5539
33.6831
35.2978
34.0423
41.1916
38.0857
41.3379
34.9888
36.1428
42.4171
36.077
40.956
37.2298
32.3273
34.5296
38.474
34.8258
36.8105
32.4049
43.6219
39.3525
40.506
39.8255
43.0887
41.6408
33.9588
41.2561
41.5994
46.323
39.2619
40.6564
34.3956
33.3388
41.7886
40.1038
37.2378
33.9951
36.8487
37.4343
41.1575
42.262
40.1001
40.5281
44.2814
35.3874
40.1475
35.5556
40.6598
42.0527
40.7658
31.6558
40.9321
35.6543
47.3327
37.0066
46.6352
36.4563
40.1229
37.4209
41.213
34.9619
43.1045
34.3556
42.573
45.7466
43.9338
38.6422
35.6473
35.7637
38.5351
37.0869
41.9383
35.0118
52.4504
36.4063
41.8215
54.3371
37.9095
44.8399
39.0878
36.5705
36.1621
40.0318
36.9869
41.9823
41.2685
42.6356
40.1373
39.3625
46.8112
42.1883
42.1492
37.7405
36.5152
37.2533
41.576
36.5821
40.2473
34.406
39.8981
33.6873
43.6789
40.5189
39.1276
35.1467
39.216
34.2269
49.1259
40.5624
57.8117
44.4806
40.2281
45.9806
38.1118
37.2856
48.5225
33.0093
35.0536
36.8994
36.8757
45.3717
42.6508
40.2813
45.0106
36.3022
40.3103
36.5117
37.2313
42.3173
37.3944
38.2778
37.1226
33.8226
37.666
32.0512
34.9314
37.2758
37.0263
41.3658
35.9271
48.8787
39.1555
44.738
41.5721
40.7003
39.296
34.8709
35.769
45.5228
38.7313
38.8482
35.4268
33.9589
39.4906
34.3965
42.997
41.1387
36.008
40.7695
38.7102
34.6754
37.7935
37.1203
47.6504
30.275
39.3899
44.0311
36.7889
48.2251
47.8031
37.7294
43.9561
38.2492
41.3716
40.8215
38.4356
37.6711
45.1964
50.3895
45.6734
46.3627
40.1853
31.3317
42.6515
43.0544
40.9041
49.5687
31.233
35.4592
43.5578
36.5158
41.4391
31.4867
40.1544
39.6663
35.4576
38.2778
45.0027
35.7222
49.9445
36.3466
30.2984
44.9545
37.1083
44.187
37.4498
36.5899
39.3882
35.1499
38.6796
39.2421
45.1053
44.7328
35.0502
32.3774
43.9447
42.8681
35.5949
36.5071
52.4955
48.9171
29.0806
31.2691
35.3466
49.2925
38.8634
37.6716
38.3008
32.4996
46.4494
40.6077
40.6501
44.5172
49.0786
38.6303
39.8755
40.5791
38.2031
42.1393
41.2013
42.1246
36.0629
36.3219
35.3434
38.6027
47.4166
33.2566
42.3007
35.9799
45.0285
47.2798
38.1591
41.0378
34.5223
37.4913
38.5722
32.648
35.2825
38.2897
40.3032
46.7114
34.4484
40.9329
37.1193
37.3414
36.7379
37.9304
43.3599
36.1185
42.0502
33.7463
44.7788
34.0039
38.8661
33.7723
35.8253
50.1888
33.859
50.117
33.8396
46.9824
41.4411
36.0445
39.6934
41.0098
30.3919
53.8269
39.8693
42.2775
39.5208
42.7745
35.4705
38.7049
47.7623
33.536
40.8346
35.0476
45.2205
32.7027
39.6833
41.6936
39.4042
43.7482
40.013
37.7763
51.3008
38.5799
33.4225
35.7374
43.8962
35.5908
40.2002
41.0744
45.3914
45.3309
36.2143
30.0846
46.0883
45.3808
41.0867
47.398
39.504
45.7087
35.6912
47.011
38.6848
40.046
39.0296
36.0282
35.6531
47.3066
42.5935
38.3581
40.5826
44.6423
32.8576
33.2583
66.0104
39.7685
33.0839
37.1973
44.6548
38.635
46.699
35.8939
39.2006
37.5387
52.1465
44.1995
42.1179
33.5624
41.4212
36.6074
48.4136
35.9801
36.6697
37.9315
48.2046
35.0797
37.3829
41.8552
38.9185
40.8358
41.4526
43.857
47.7615
36.5351
39.242
31.4999
46.4836
30.4731
38.6713
47.422
33.19
40.5614
58.7533
35.1534
40.5978
32.7453
30.0862
37.4045
44.5307
42.2133
41.0038
29.3745
42.7473
34.6232
35.3943
37.745
44.7452
44.4773
38.3323
33.4818
39.9852
35.0687
33.7909
41.5758
43.8659
34.2341
39.4506
47.3505
45.7211
33.5995
36.4306
49.753
41.1181
44.3411
36.922
43.971
37.2858
37.3179
38.5825
35.2201
44.2805
34.5069
37.2531
37.5839
38.0886
34.1975
50.6751
41.7326
34.5734
37.9254
39.365
41.6613
45.7617
37.2106
42.485
40.9032
36.8295
45.7981
34.058
39.6445
38.4789
38.5471
39.3912
59.7647
48.7244
45.1991
44.4747
39.3961
34.9537
41.2701
31.6625
33.943
38.7087
40.3256
41.2937
45.9329
32.5999
39.4274
39.7785
34.8923
34.6866
33.3246
38.2247
37.9472
36.5297
36.6304
45.0448
37.0719
32.5961
33.0966
41.35
42.9389
39.07
29.4554
36.4228
44.1471
34.1415
42.9612
29.6029
40.8034
44.0559
51.6105
39.6255
44.3399
46.0865
38.3267
43.3584
35.9943
32.339
35.7452
41.1302
35.7247
40.5388
38.0565
46.5538
37.0652
30.2162
33.0361
39.7961
42.4856
33.7069
37.4587
42.66
40.386
39.5289
37.2365
45.0011
46.8839
39.1908
36.4472
44.9064
47.5017
33.4991
33.5727
35.7647
35.9337
30.2102
40.3282
35.4361
44.6235
40.3111
36.0249
36.9626
42.0679
30.1806
39.4962
34.174
39.7831
36.8917
40.3069
39.8798
33.2889
39.6878
35.9674
44.2748
35.5092
35.9518
41.3471
40.6442
33.5189
41.9057
33.6475
46.2574
40.8705
35.4663
36.997
38.1894
36.1194
39.2112
35.8865
38.488
35.7336
44.0416
42.0225
37.7675
40.7004
39.8559
29.9768
41.9027
45.5375
40.4016
49.2912
37.2321
38.5189
34.1318
38.3118
43.557
51.3265
39.7749
45.5495
47.3022
46.2686
36.4009
39.3642
35.9867
32.5535
36.1104
46.4705
38.7193
35.1605
39.3958
40.2986
44.0289
37.2473
33.0312
37.416
40.4593
42.8443
34.3959
42.9322
41.4272
42.8204
46.9751
36.834
36.4382
52.022
42.2257
40.7392
37.3715
48.1839
31.3689
35.658
38.2755
32.2192
38.8933
38.5446
35.5143
45.7825
37.1844
39.8087
29.4392
44.3681
46.8747
41.6293
37.628
35.0163
34.0895
41.9652
43.5637
35.4647
39.5677
40.1389
35.1569
34.8589
36.7861
38.9792
43.2394
39.967
37.6986
59.0191
45.0401
33.6204
39.5034
45.4908
36.1099
39.1149
33.4336
40.3598
32.064
38.4639
48.2486
57.2929
41.2637
41.2654
41.0131
37.0287
36.9157
36.3416
30.7919
33.3167
38.3028
33.4054
57.8509
40.6482
34.116
41.6283
36.5473
35.2578
42.0291
48.1105
35.5784
37.3459
38.8075
40.1175
38.332
39.1033
34.9618
40.2784
37.1183
36.2393
39.5762
36.6311
33.8705
48.3616
48.7952
46.8253
35.8349
31.7844
47.3962
40.454
31.4736
38.1415
37.792
38.2749
41.9935
33.6721
45.1689
37.0795
41.5085
36.296
35.9217
32.7616
38.0211
37.6503
39.4601
34.8462
38.6042
37.4812
40.3399
33.2257
38.3174
37.1958
43.0756
34.6771
40.4003
36.4471
36.274
35.5596
34.1733
36.5084
41.3515
42.1152
40.662
37.8637
33.0622
36.2951
41.4924
38.9421
39.8322
34.3206
36.0254
36.9776
36.3111
56.7109
38.7937
38.2007
30.5973
35.676
36.7028
37.9883
35.4579
44.5916
40.3571
33.72
37.8256
36.1219
39.1787
32.5442
38.5435
37.244
38.913
37.6746
37.6023
36.2299
37.8278
37.8474
38.8789
36.4931
32.227
37.9228
35.2882
37.9919
36.1071
37.2891
39.1737
53.0307
43.4947
37.1495
35.8952
39.2176
40.9704
33.1628
35.5993
27.7489
53.5234
35.858
35.1342
40.7962
38.9643
41.4665
45.2643
34.1521
36.7803
36.0976
38.3379
44.3202
43.2307
39.1126
39.9388
39.1132
38.2217
38.3449
33.2957
42.6273
36.6955
37.5979
46.7735
40.6113
58.8518
43.4854
44.5562
45.9203
41.8948
42.3938
40.4736
42.5736
40.0446
40.6748
39.2368
33.162
33.1267
38.1417
35.7947
36.9644
37.669
53.0024
39.5769
38.8961
33.9635
40.2354
38.2179
42.5264
50.1618
45.3791
30.5055
41.4713
40.4658
39.4229
35.493
40.0337
40.8363
37.0889
39.545
43.8221
40.7886
36.9212
32.5767
35.3657
36.1533
38.7695
47.3833
36.9243
34.7631
36.3784
36.4747
44.8333
37.7152
31.3939
46.4329
36.7894
39.0285
38.8812
35.9978
38.2231
37.944
47.1603
43.5888
36.8189
35.3163
43.2212
34.8652
39.0146
38.5428
39.0455
45.7421
33.6046
50.0114
42.5041
43.9847
35.3374
33.9141
48.0517
37.3661
36.0814
36.0321
53.3505
35.8095
34.409
35.6735
37.9485
40.8153
44.3893
30.2268
36.7899
35.4012
44.6518
40.0543
38.2049
33.1259
32.4663
36.7342
43.5919
37.9649
48.2986
44.2477
47.1479
36.8918
36.8362
44.1874
38.1646
43.7271
32.9724
35.7132
40.5832
37.5801
42.108
36.5976
42.1677
35.9359
38.3556
39.8451
40.5153
51.1653
42.6144
43.9115
36.8657
37.1977
39.1444
39.2058
36.4128
36.2032
35.4092
36.4905
49.3573
36.6141
42.1178
40.4815
39.1941
47.8717
36.222
30.3302
37.8463
37.3532
37.8825
40.5444
31.7829
37.508
37.3064
33.4505
54.1664
45.0878
40.0659
37.7469
33.4964
43.2507
41.5956
37.2138
40.1033
36.0776
36.4871
35.7253
36.8854
38.0038
46.2968
43.1992
33.4546
33.8116
37.437
36.3962
44.6547
41.6933
42.901
44.9219
39.9661
39.0568
42.5502
40.034
35.1169
42.974
36.1921
37.0972
42.9559
33.5384
37.4042
37.9281
48.0757
34.6468
31.9635
57.6734
38.1836
44.8985
40.4343
41.65
44.9311
37.7062
38.94
32.8961
39.1646
35.4816
35.6775
40.1884
37.7837
34.2309
51.4574
37.1423
38.5593
42.9036
39.3715
37.2067
37.5872
36.8956
38.8967
23.6242
33.5147
40.5944
35.7247
37.0966
35.7528
39.5949
38.7123
39.2968
42.3489
38.417
35.2018
38.7242
36.5176
36.6956
34.9474
37.8206
41.2414
38.8281
43.8992
40.2047
38.28
39.6034
41.7715
38.4672
38.2121
32.8432
48.1382
41.957
39.8276
39.4935
40.6315
30.6352
35.8649
45.8249
34.9632
36.9305
37.3677
42.9776
46.7088
43.6467
45.4739
32.8411
37.3781
43.6138
53.03
39.0012
41.4108
35.2841
35.001
35.2875
37.3587
41.2174
48.8483
42.9296
32.9878
36.0176
38.8416
37.3038
39.3665
40.571
45.4683
34.4754
40.2739
36.9765
41.8543
47.725
37.5162
47.9432
40.9152
36.0222
35.1419
39.8123
34.1823
47.2956
49.1323
31.7657
40.7996
42.0009
46.7673
37.2629
35.2378
36.3743
37.7133
42.4901
33.2949
38.1038
43.7647
43.5563
30.5074
41.2655
42.3208
38.098
32.5906
39.1474
41.935
45.3088
42.438
36.555
38.9416
38.2681
34.4864
39.7285
32.5263
46.2701
34.6914
41.4857
39.2401
38.0311
41.7837
30.378
55.0592
40.7807
53.6018
36.8398
35.5354
34.684
41.303
38.499
33.4944
42.3976
36.0632
44.0605
44.3727
33.6778
42.7078
46.1282
42.5875
43.2388
45.0364
37.0988
34.3364
40.1067
41.0265
38.8956
36.161
38.5783
37.979
37.7309
51.9399
34.9828
33.7937
40.3879
39.7481
34.0912
40.5434
33.7429
37.6977
46.8489
39.8436
41.1211
37.5964
36.5345
37.4697
37.3086
40.3148
37.6695
57.3203
38.5248
41.6297
38.1881
49.4097
39.4285
37.985
53.8213
35.284
39.677
41.0457
54.6031
39.2269
45.1474
32.3513
38.1696
39.3219
33.7839
39.2198
42.5533
46.6856
42.4577
35.6553
32.6086
36.2638
42.9024
42.0363
32.6809
40.0664
37.6988
40.671
32.5683
38.2907
37.1299
39.8774
41.8493
36.7796
35.0606
40.7228
40.928
40.9286
30.8118
40.9635
37.5134
42.208
37.9823
37.2992
31.6094
37.5627
33.3075
32.5319
37.0842
35.6945
34.5306
32.5758
41.3303
37.5224
40.6155
50.3339
36.8444
40.5667
36.479
40.7144
45.9835
40.5694
37.0667
31.7351
34.7194
49.3457
32.6645
36.0124
39.8195
36.5647
44.9663
39.5189
34.8135
32.7555
41.0934
34.2662
32.7283
38.0421
37.1406
31.5086
40.0111
41.0456
36.8929
38.9217
34.3179
33.4673
30.3373
35.8353
40.1435
43.2804
41.11
37.8744
43.0021
47.1468
35.7963
34.9557
41.3586
48.0336
38.5955
36.3483
37.876
38.3378
30.0646
36.9292
41.4408
43.3615
42.559
36.3351
35.5929
39.7961
39.0817
35.7794
36.5587
41.1515
34.2504
38.5759
31.9418
37.6508
37.9718
42.232
49.3687
38.5435
37.4167
40.2624
38.6826
37.5982
48.2685
33.7656
44.865
39.3333
36.4608
32.1205
32.6073
33.0647
34.9541
40.7941
36.4395
34.2949
34.5447
45.6736
37.6156
42.5144
40.1261
39.683
39.2779
49.9666
35.5754
40.3098
33.6196
39.7648
39.1903
43.4377
40.9795
37.676
41.6126
32.1105
39.1654
36.1317
46.0904
36.4234
41.683
34.446
46.5541
40.9335
43.8506
25.8806
47.3982
38.6241
45.043
39.0032
42.54
44.0175
43.9243
35.3841
33.6178
38.9012
40.7919
34.524
44.1202
29.7425
36.5298
46.8144
34.1167
41.6939
41.6605
36.7307
37.3177
36.9718
42.8909
33.9166
42.2258
37.4203
32.6557
36.4255
30.7756
35.2958
41.7829
40.1345
38.9901
36.0103
39.4549
38.0771
33.4309
43.7237
48.2584
38.9443
33.3567
40.073
38.8114
36.4049
43.1892
40.2795
43.6524
39.5991
40.7212
48.3652
47.2488
39.1214
36.0205
41.7483
41.8307
41.3712
36.0851
36.1525
36.6292
50.3393
45.9542
49.4667
37.8058
37.4125
32.2319
38.0782
35.5878
42.8351
37.9836
39.9848
40.1149
45.6077
44.534
49.5147
31.3997
37.3102
43.3565
34.2857
36.4149
37.8718
31.0116
49.3423
38.5213
34.8566
52.2558
44.4324
38.0215
44.98
37.5742
39.6331
46.2054
36.2732
39.3632
40.5952
37.9192
42.5681
37.7435
41.7774
34.9063
36.4437
35.5248
50.4451
34.9649
38.8166
40.8414
44.992
35.2427
31.5964
41.9161
41.9466
37.9226
57.7014
37.2767
39.1077
34.8438
43.2893
33.5495
50.0894
47.104
40.5398
29.3412
37.0476
31.9506
45.7288
33.332
42.986
35.7093
36.1959
41.2371
41.1455
41.5236
41.2318
45.3299
39.4522
36.4312
40.6939
47.468
34.0043
33.5046
45.2093
53.8206
35.7213
34.1114
34.5794
39.6567
32.6107
33.7884
47.0438
30.9108
40.6349
36.3611
32.181
38.6969
35.7537
38.7683
43.2001
34.007
30.4315
40.3299
37.9269
41.1091
41.1517
39.7527
34.2706
41.8004
40.7711
32.9871
33.6229
33.0864
40.4419
43.0866
34.9025
45.0848
42.2573
39.7547
36.5573
45.1036
35.1874
42.8673
32.4202
41.0957
34.7622
36.0607
33.8588
33.7858
43.8885
39.7365
35.2291
34.8229
48.3064
43.9543
44.0885
38.3926
54.2869
39.701
33.9279
37.2563
37.9496
37.5757
36.8009
38.2494
45.0457
36.397
31.7834
35.4516
40.2626
35.6505
33.5126
42.6751
39.3662
42.2507
39.899
36.7538
34.8739
41.3743
38.1243
38.5323
38.8752
36.608
41.6327
53.8759
37.2757
35.606
46.5168
39.0241
40.4889
38.5306
38.0755
39.2078
40.2206
44.148
31.8231
37.1052
43.3993
35.4666
35.5638
45.0182
40.0118
40.9993
45.0652
35.3438
35.9722
52.9353
37.9828
36.9353
42.1958
40.7697
36.1484
39.4966
35.9129
34.3934
42.6893
38.9593
35.8649
32.8863
35.5807
46.0314
40.2252
40.0607
36.9932
39.3247
39.7119
37.0844
34.1618
37.9224
39.0964
40.0834
33.9816
41.5671
37.05
40.6576
37.2322
49.2502
43.4132
42.5453
41.8866
39.9222
42.246
37.2827
43.1306
34.3026
39.4108
35.8053
40.5153
50.0308
39.6926
36.3519
49.332
42.9128
37.3392
38.3775
41.1357
38.1756
43.3951
36.7637
35.2658
30.2293
38.3175
35.35
39.6697
39.577
42.7595
42.7968
44.3864
42.0655
32.5888
37.4748
41.9884
34.9706
38.968
33.3777
35.6074
41.0427
41.7419
38.2639
42.5528
41.9036
48.5743
37.0255
41.9189
28.9597
38.7676
40.2169
37.0304
46.5952
47.6229
30.6896
41.7998
33.2788
39.4948
39.6178
41.6442
29.4024
37.5851
35.522
36.0968
45.3999
35.6809
50.9257
40.3221
37.2521
38.445
38.8316
43.6599
35.8342
36.3881
40.8701
44.1709
39.2068
42.8276
35.9834
33.3299
40.9954
38.5751
32.4727
42.7118
33.9857
35.3348
34.4406
46.6692
38.7098
36.7147
33.1822
33.1792
58.9144
41.8823
29.8299
38.8894
45.1033
43.0717
45.0358
38.2453
35.2622
35.2825
34.7662
39.3669
36.554
37.0142
49.5407
44.5081
40.4617
38.5365
33.4537
49.049
29.8303
45.0016
36.1919
39.2641
42.3726
35.0087
46.9291
45.26
39.6841
40.8884
34.5134
36.5737
39.4036
32.3837
39.856
44.6812
41.1475
47.2892
52.2149
40.2713
38.2186
42.1753
46.2522
37.7018
39.439
38.9161
34.6723
35.9882
40.055
37.2464
34.0795
39.8274
53.8527
35.4411
34.6226
42.7652
39.3873
37.4071
43.2902
41.5918
37.0403
36.7686
33.2289
33.0606
34.964
50.3293
46.8763
43.7635
41.2544
43.2929
35.555
34.7427
38.029
25.4483
45.9757
37.113
40.3658
46.6781
39.1595
37.0727
41.2453
38.6168
37.974
37.9341
34.3169
44.4361
54.3032
27.2563
32.854
41.0996
39.0553
38.7538
36.4982
45.4914
38.7443
33.471
37.4139
44.0337
45.3413
35.2874
32.0098
38.4589
34.8529
41.5767
41.1353
35.6833
36.7202
29.5348
35.503
38.2306
36.4061
38.6452
35.366
33.0426
35.6562
43.8361
44.9909
38.8717
31.6148
37.4402
38.7341
42.5265
43.3453
44.0112
37.3768
35.4106
44.9356
36.2728
32.0416
39.5825
38.632
36.1515
44.1569
36.1388
37.6024
38.3683
32.9787
38.6253
33.5693
36.8094
36.6713
38.5633
32.4863
42.287
38.9735
39.8644
35.0068
36.8143
39.1216
38.9615
35.4978
42.416
46.1252
38.7775
44.1538
47.868
33.4676
37.2224
37.8014
49.0685
55.3012
30.0056
38.7717
35.3108
36.1086
44.8956
42.0015
47.8703
43.4054
42.7744
39.5391
32.5207
40.3898
38.1021
35.3424
35.1506
40.7379
39.0916
40.1871
33.9075
39.1963
38.4909
33.1752
35.1405
32.9081
33.3649
27.4003
41.8361
35.4545
41.1053
40.8087
42.2906
38.7428
32.8845
43.7307
40.9797
36.5359
37.6414
38.8401
36.9474
30.6935
38.3176
43.7888
37.8954
38.0443
35.3176
39.3746
38.8921
40.907
37.18
40.7738
44.5084
38.6796
36.8395
34.7237
35.7341
33.2723
36.0684
39.6949
41.2581
36.0774
40.0862
33.8716
52.6706
29.7577
34.0844
39.3905
36.8766
34.1314
36.9832
31.3575
38.9737
39.626
38.6938
35.8301
37.8702
41.8785
33.7181
46.8616
38.1942
37.6518
39.3474
37.5797
44.0243
43.3312
41.2729
42.9846
34.3366
36.6839
44.4246
30.8108
42.6923
35.2123
27.9373
38.9505
39.4634
33.6578
40.6228
39.9771
41.621
32.751
39.8484
41.7153
37.1464
38.1596
44.3159
35.9699
37.1431
35.3292
46.0089
42.665
35.9018
39.0136
48.8217
39.2658
34.8702
33.9877
50.1261
35.789
37.7516
40.9054
39.3618
39.3702
41.0287
32.6208
38.5305
34.3403
32.7264
37.3808
37.8266
39.4823
30.8802
31.9817
42.6942
37.2009
30.2138
35.9614
33.5094
43.4799
32.0079
35.5087
40.4851
27.7578
39.6326
45.4115
40.5707
35.4494
38.209
35.7206
39.9475
40.1737
40.4099
44.661
37.9746
37.2447
43.4438
34.9186
40.1175
43.4453
38.7269
38.539
39.9616
47.6377
37.6945
44.2299
37.7193
37.9987
46.8238
35.3073
41.6742
36.4162
35.0037
41.8638
32.7358
34.7666
41.6987
32.5395
35.2731
45.9698
34.8255
37.2644
45.1918
47.1516
44.6504
43.6301
46.8549
45.0637
43.995
38.7495
34.4941
42.4444
44.8087
37.2704
43.0344
36.5795
37.0259
43.2128
39.8488
41.6174
34.8594
36.9049
42.6385
35.3922
41.4895
38.8913
39.9082
36.9921
38.1564
38.0004
37.4926
34.9776
37.1971
36.7233
34.0202
47.5893
41.8254
48.3479
36.1605
40.4886
36.7492
39.4955
39.4689
44.6696
33.3349
34.6028
40.6151
36.3818
34.9412
34.4017
38.6322
40.3167
40.4939
36.7564