37.6636
38.6988
33.5167
43.3034
36.3003
37.9315
34.9452
40.9967
35.97
40.0737
45.6902
43.3736
33.0304
39.5503
37.6277
39.5804
47.3985
38.0824
37.7802
37.15
30.2052
39.4519
43.8432
35.0425
36.1301
41.8268
40.3469
40.6368
43.3563
27.6454
36.3111
36.9481
41.2305
38.996
32.0704
41.2226
49.5316
42.0532
46.7278
35.4371
35.0541
42.8702
38.5612
41.4376
35.5076
36.0401
32.2698
35.7404
37.3165
37.888
32.7465
39.281
32.8944
38.5941
38.6985
37.7009
41.9877
32.5453
37.6966
42.4872
34.8965
44.2393
43.0898
40.4912
42.8323
31.5196
33.4635
33.6351
42.2952
36.8496
51.6459
42.3895
35.1228
44.0969
39.5151
43.5005
33.9053
43.2058
32.4185
39.8321
35.8567
49.2346
41.9554
31.3401
42.9036
38.5411
42.1212
36.7856
41.0133
38.9551
40.3841
33.8829
32.4083
39.725
40.3621
37.0853
39.4645
32.6511
48.4577
38.8554
45.651
42.4431
32.3857
38.0629
37.4826
41.0986
35.0299
36.339
36.0657
42.8161
44.4046
51.2189
46.2371
34.6816
35.6406
30.6884
39.5432
35.6677
44.2228
40.077
42.3427
42.0971
40.4458
42.0794
39.0019
33.1484
36.877
40.4226
44.1233
38.2935
41.2525
46.3355
34.9647
41.3898
32.9934
42.7713
33.4077
37.3345
40.4768
40.5585
31.5376
39.1694
35.5289
37.3111
37.4818
35.7991
39.0284
39.4375
42.2002
36.5508
46.2963
42.4975
39.5167
43.7383
40.0282
37.1615
37.172
40.3159
37.1441
39.4865
37.2895
29.465
46.009
36.1112
32.2101
42.6285
34.3555
38.0496
37.6364
37.4729
41.2349
46.7571
32.3291
34.9195
35.3337
42.1572
40.3462
47.9451
43.2929
36.2457
37.3087
36.5123
39.5399
46.704
39.9766
43.7687
37.7658
36.1048
35.1032
35.9522
40.7594
43.598
50.603
39.9162
47.8271
43.0384
35.8744
35.5442
39.3624
40.0979
38.3106
36.6974
31.9759
39.6512
31.7668
42.9437
38.3555
40.3079
45.6544
39.9456
41.9731
36.3162
43.3678
47.9051
38.7838
37.8517
43.4809
41.1241
42.6247
40.5154
36.8657
41.5138
45.2333
44.252
41.7609
38.0125
37.2044
33.386
43.7666
34.8585
37.5667
44.4534
37.857
32.4428
40.5101
38.8505
40.5601
41.3217
41.3913
35.8498
29.409
42.9372
40.3656
39.6726
39.6933
32.9786
35.9863
42.1467
45.2692
41.701
38.2747
38.301
35.8467
35.5663
43.6134
36.2856
37.2992
37.2631
33.8323
32.6992
37.8724
34.7117
39.5269
33.276
39.142
42.1298
37.5872
28.377
34.142
41.4987
36.3731
36.856
43.7443
35.5407
47.8669
43.3762
47.3547
38.7316
37.1426
45.9019
34.9535
53.424
39.9926
36.3399
34.0259
46.6025
38.1861
36.2131
35.7294
40.4021
38.6924
41.5474
43.7273
38.3078
41.8308
41.3499
39.1887
39.7254
48.123
33.6867
41.5464
38.995
36.1288
35.1806
44.9831
47.7437
33.7671
46.5076
34.5287
45.9035
41.9765
36.7686
36.5246
46.9733
39.0563
34.1088
43.4224
41.1449
44.2297
40.7459
35.0126
36.7456
40.1089
39.3773
47.0793
38.7246
43.6829
41.0743
33.9664
36.6475
34.3264
37.1051
40.1172
41.1459
64.9214
40.863
40.197
41.0443
35.1867
38.1715
40.6678
37.3722
36.5038
38.6344
34.5466
36.7054
48.1718
47.4941
33.5326
44.2858
38.4301
36.7634
39.8149
45.8341
37.4363
41.0981
36.3084
40.5276
39.2908
33.9595
33.5285
32.6654
38.3648
40.7038
43.4055
41.3819
37.689
36.0381
46.3607
35.2188
45.3943
44.4046
37.2566
36.7105
31.4714
38.6672
36.4962
34.2243
34.4118
37.6662
35.3959
43.5946
37.1854
40.5324
36.9758
46.9601
34.2675
48.3891
43.1194
38.5672
36.2304
36.3308
34.8152
36.6842
47.14
48.936
38.4326
38.4987
42.5402
35.9894
36.5253
42.3385
36.8174
39.0086
40.239
34.3997
39.064
36.8681
38.0364
47.5586
41.6606
30.9679
41.6087
37.2974
42.9991
55.8442
41.2129
36.5938
35.8109
40.2499
57.7816
35.3665
41.0631
32.5186
28.6383
45.7237
37.4528
43.8752
45.7172
39.9301
42.0425
42.0713
48.6081
44.8706
34.2329
39.8793
50.9364
36.5544
38.2875
32.9556
34.9596
34.6959
40.277
37.2075
44.1759
37.7918
39.7725
39.8772
39.6083
48.4312
38.218
47.7512
41.0954
34.5751
35.5896
46.3958
32.581
30.1892
33.5768
37.5496
38.7439
33.3987
32.6622
40.3919
37.7415
42.6013
41.1371
40.6355
38.6737
41.3356
38.2183
37.5141
37.444
37.3866
41.2776
38.3729
36.6554
37.4602
35.2892
39.0779
58.1439
39.0704
37.6807
46.2011
54.0413
42.2957
44.0682
40.7591
42.7093
38.1405
45.7206
50.246
39.12
44.7234
42.4255
33.9459
39.4228
35.0984
41.0374
36.8118
35.0291
44.2901
40.362
34.3457
34.6719
39.7208
36.5819
39.9602
31.3449
36.1916
44.8292
39.8832
42.4136
48.1315
35.401
38.669
36.5074
43.5696
37.9635
35.1179
39.0882
33.9299
37.4167
34.4573
44.121
39.7588
37.299
42.8126
35.5299
41.6016
40.281
37.7067
40.2545
32.0517
37.1639
42.5728
37.0831
34.3297
38.2565
36.7769
43.5137
37.4681
35.3008
41.1202
34.8749
37.8426
32.0461
35.4026
33.9699
38.6987
35.4593
37.6608
43.1011
33.9093
39.027
33.5878
39.3108
39.7237
37.0261
39.5548
32.7959
38.9804
34.9187
36.0671
34.3198
48.121
39.3728
37.1184
36.9891
35.8671
39.6234
35.8613
37.2109
36.5926
41.2146
43.7127
37.1152
40.9431
34.8938
34.336
39.721
35.2849
40.4165
36.9681
42.5041
36.2216
34.468
46.7218
39.6771
42.7072
38.096
35.8617
33.488
39.6375
42.5762
40.0713
43.067
34.481
35.4575
40.4454
34.4862
35.7973
52.5234
47.2986
49.5171
44.4333
41.4348
32.4978
41.7695
40.7866
34.4039
43.3394
46.2396
55.9502
35.3135
38.0186
39.143
36.9541
45.4106
38.3174
35.9132
33.9273
35.6189
40.1968
43.805
33.7557
51.3598
38.1002
45.9545
36.7325
32.7888
39.1658
36.8579
39.215
39.8135
28.0011
39.7018
38.3045
41.3376
31.6592
46.3354
38.1638
32.3848
39.3056
37.9038
38.0584
36.5132
42.6401
37.5457
33.4304
43.1323
36.8544
37.9127
31.603
38.2735
38.6836
32.1671
35.2913
37.7343
46.1022
37.3014
44.1852
42.7915
43.2271
42.0648
38.7147
38.2509
38.0654
34.1425
54.4483
38.7928
35.8793
40.4342
34.4371
34.3129
44.4317
37.0425
37.4453
50.296
33.2746
32.9127
36.9567
41.507
35.6721
36.2053
40.6236
38.5587
40.1426
37.532
33.2407
35.6442
38.2097
43.0764
33.4229
44.023
41.8731
40.439
40.5528
33.2281
49.0726
35.802
35.5553
50.2181
50.6492
33.4491
36.414
44.5238
42.4156
33.2314
44.4742
35.4655
45.9027
35.0945
40.2266
33.3662
38.4557
35.0655
36.342
33.0762
35.818
36.5249
43.6679
48.7979
35.6137
38.4971
37.2748
34.8346
42.3419
47.3616
46.0585
47.277
33.7467
31.6874
40.0368
37.5038
35.2029
32.8149
36.9264
36.5831
48.2445
38.5085
40.4789
31.3499
39.201
49.4666
41.019
36.1793
44.0724
38.9065
31.5094
35.9334
41.2126
44.2746
36.1607
35.2699
40.2386
41.5398
42.2124
39.3706
46.5176
42.143
36.3169
38.2121
31.6221
32.1136
43.285
36.5971
36.8083
44.8901
38.793
43.6077
38.9821
32.0241
42.3015
41.1134
34.2291
49.5652
42.2035
30.9285
33.6439
40.1672
34.5502
37.0339
39.3009
35.0679
37.391
44.1767
34.9347
48.8786
40.9552
39.6094
37.5848
42.3019
37.3273
40.1592
40.2487
31.0149
35.958
35.7197
37.5581
35.7796
32.3911
41.8188
47.5663
34.138
40.2045
35.0997
52.1808
44.1073
38.0018
41.4123
40.9983
33.4966
37.5244
40.0184
28.522
34.9104
36.0203
40.0576
35.5159
43.8565
31.1236
38.7729
36.2026
39.9795
35.2766
38.5736
52.3596
38.1912
39.721
41.0356
39.1079
39.8904
49.9342
35.8437
47.0705
42.6513
33.2651
35.7251
38.9739
35.1977
49.3297
40.9143
44.3203
39.7052
34.1057
43.7598
36.9807
36.8053
34.6853
33.8018
39.7277
34.8974
33.4195
38.6761
38.2857
41.9875
32.1426
35.5973
39.4335
35.6567
43.7145
31.5531
31.987
32.0596
39.9924
36.2467
35.3156
39.7977
47.8208
44.6306
39.589
39.3885
38.3949
36.242
46.8527
35.4455
46.9609
35.848
42.1049
35.5248
41.0064
41.7816
42.7412
39.0839
35.8629
35.1793
37.9378
32.6793
37.2409
34.2454
34.3451
31.3113
39.4603
29.3775
35.8085
37.6907
32.9007
38.6219
39.2398
49.1783
34.3363
36.1259
37.5419
42.7114
43.3104
36.9003
37.9967
39.0235
44.6602
42.2426
41.1315
34.8868
39.2373
34.2699
34.9023
40.059
34.2377
32.6099
37.3369
40.0505
33.2643
42.5453
33.5107
41.6087
46.8947
43.8456
41.2586
30.5924
42.3087
38.2473
35.0679
36.1744
37.0298
43.3019
37.7916
40.4857
39.5299
37.0124
46.5988
36.59
34.387
38.2683
32.6778
35.0183
35.5193
31.2543
34.653
38.4384
36.0393
40.9238
39.5587
38.7615
45.1183
35.6885
32.7364
33.8717
41.1617
35.7506
35.6743
37.4527
39.529
37.7544
37.0726
36.9478
37.6482
39.4624
39.1484
35.5001
43.7779
34.3917
40.8893
38.7111
33.0709
35.5279
44.3845
39.6838
37.6978
35.74
40.3593
39.4075
41.4346
38.2478
46.5472
36.3893
35.5531
39.8709
40.6918
38.9309
37.8889
50.1868
45.5382
29.5713
38.4062
37.5349
28.3646
34.8676
33.6153
35.5634
35.7615
45.8479
37.2032
52.0132
32.7976
35.4529
39.1373
43.8348
37.6297
37.8678
47.951
42.8823
42.918
39.4126
43.4232
41.2151
44.1673
39.863
34.7732
39.5204
40.6251
35.0368
39.3543
36.4668
34.9149
38.1144
32.7419
52.1369
33.0302
35.7844
36.8381
46.4959
39.7249
38.6423
42.6195
44.0945
41.6012
36.4452
53.7157
28.2309
39.1307
40.2808
39.0799
38.9594
40.4865
36.8547
44.5618
42.5139
36.872
34.6222
45.5082
39.2892
38.4199
48.0532
41.0893
34.1172
41.0859
36.9157
40.1607
34.0195
32.8386
41.7905
39.5691
33.3873
40.6675
48.0465
46.2882
38.7676
53.9718
42.7485
38.3942
48.4978
42.493
33.7485
38.5881
36.1296
38.1793
33.9487
37.99
39.0175
31.4217
43.133
41.7497
35.0303
37.1277
40.72
43.3212
35.1468
32.1086
36.4258
37.8503
27.7744
51.5586
40.1321
45.7425
35.5781
36.2272
42.8635
38.1215
34.1325
29.6975
35.657
41.9285
40.0183
37.7368
45.5974
42.7725
40.2518
33.8886
37.0333
42.6761
46.9831
39.2137
31.2551
37.5511
41.1243
36.7372
37.1373
36.9683
51.8612
35.9353
42.6026
38.0741
35.4762
42.1242
33.4515
40.1934
37.9588
36.4856
38.6886
46.7078
38.5819
34.9096
37.4542
45.0031
37.1996
38.3632
34.9995
40.1025
44.7265
42.4357
42.7131
33.4334
37.2836
42.153
33.8517
38.9512
39.2917
38.8105
55.2536
45.242
38.2135
44.0281
30.5831
40.9172
35.3639
35.7078
43.6394
35.5516
46.1644
36.0738
33.8022
37.8198
33.9945
44.5351
42.4016
32.9955
38.3944
41.6956
41.3838
36.8047
38.744
38.3249
40.1812
32.1744
33.6375
40.7737
40.7175
41.4655
39.05
40.6248
47.3884
37.6167
30.962
35.9234
36.0639
36.1687
38.534
36.2134
39.7778
38.0388
35.828
33.0076
49.8392
44.5844
41.3451
36.6975
34.2837
37.2068
35.6984
45.0208
42.3062
38.281
30.0881
41.1772
43.5278
31.4227
38.5869
29.8749
34.8025
40.9541
46.2435
34.6313
45.8144
40.552
45.9162
43.7209
37.0748
40.8604
43.4459
47.5928
47.4238
37.8193
28.8294
37.7977
36.8339
34.729
32.7699
36.5568
33.7788
38.481
42.6524
44.9238
44.2768
33.9246
39.6181
39.9252
40.3069
41.5244
36.71
32.9194
40.6457
49.9923
39.4728
30.2117
39.0328
37.1069
31.4423
37.5477
38.7881
44.2975
38.5674
34.2621
38.5206
42.8307
35.9116
35.3073
35.3365
44.821
39.0287
43.7073
41.4368
43.777
31.9168
36.8446
32.6395
48.1754
36.4221
31.4402
43.747
37.6747
47.7958
30.4431
40.3161
43.3721
37.2559
34.0437
42.7058
40.2285
35.6918
39.5746
37.3109
36.7014
38.4046
39.0005
41.394
48.0064
42.4331
43.3598
39.3073
35.8543
37.198
38.107
41.6564
46.8693
44.5898
34.4481
34.8045
44.0913
44.1799
41.2595
39.5248
41.4446
38.8338
39.4806
42.8645
40.1779
36.1357
49.5919
33.6449
36.7626
40.4893
31.2247
32.6008
33.1081
40.7465
40.2374
35.024
38.316
37.4598
34.9424
55.2656
34.7709
34.6712
35.3736
40.2737
42.533
38.1808
44.1176
36.7943
43.1973
40.4362
37.1432
35.1301
31.8364
41.4425
41.8447
34.1339
39.0102
38.232
34.8862
42.4667
36.6071
49.4182
40.8146
35.7522
38.8292
42.0286
35.2059
39.8134
45.1441
36.7768
39.8526
36.7097
33.5663
35.362
50.1141
43.0349
41.506
39.6408
45.1177
47.644
34.6827
39.7306
37.8384
35.321
38.1879
39.283
33.2775
41.6764
36.9428
38.5064
33.0946
57.4155
38.4541
35.5339
41.4316
37.7619
31.9679
33.6988
32.6056
33.5896
42.9331
40.5326
45.7718
42.5898
40.3034
40.1848
36.2177
35.4833
36.4041
38.5212
33.2524
44.2632
42.8368
40.5616
38.6269
45.707
36.2219
32.5405
31.1058
40.8813
35.7475
34.8905
36.9144
34.0874
46.874
37.5255
41.8917
44.7905
37.316
35.6038
32.6023
52.2648
46.9821
38.47
38.0947
37.5863
36.1816
35.591
39.1067
38.5924
39.2311
33.6191
32.7759
39.3935
38.3485
31.2098
42.5571
35.5973
42.3518
40.8312
43.4936
43.6535
37.5135
35.0035
38.3829
37.4829
43.206
38.7619
37.2006
43.3742
40.6465
37.6987
40.3256
44.2455
48.6944
40.6475
35.2209
49.7972
28.473
39.6647
44.0064
41.6766
38.3888
49.5512
37.6673
32.4523
36.2242
40.1496
36.1741
39.7978
38.5715
33.6949
36.7167
40.0075
39.2103
39.4871
32.6617
48.8639
34.0981
38.5055
40.8866
37.0792
37.2649
41.0441
34.6597
43.0138
36.3263
39.1249
50.0235
36.3831
34.4897
33.322
33.3549
33.4278
34.7887
36.5865
30.3766
32.1725
33.5976
41.8164
41.1095
39.5695
58.4956
42.2982
36.6656
33.3013
38.7099
39.4724
42.0765
43.2558
35.2951
40.8547
38.1059
37.962
40.0591
39.8278
46.2183
31.8679
32.1186
42.5686
36.9741
34.1489
32.5925
38.1939
35.7975
47.8511
32.2286
33.0765
33.3323
30.3887
38.1902
45.6818
36.8638
35.6392
36.5905
37.3303
39.2999
41.8884
47.6086
41.6506
40.5694
32.2905
41.4846
47.2072
33.8583
39.9207
34.8611
43.8003
40.7967
37.5413
33.7083
39.4626
41.3043
41.257
35.7321
37.2148
39.3634
38.6015
34.8075
39.0364
31.5037
39.4565
32.8376
36.8487
36.1048
40.8852
30.6096
37.7821
35.1101
35.8219
38.2635
33.2183
40.6716
49.7318
35.1959
46.3982
39.0755
38.7967
37.3176
41.306
32.4601
51.1981
36.8459
22.334
49.0326
35.9385
42.1439
44.8513
39.7904
45.1519
47.3793
41.9789
39.9528
34.0282
48.373
36.2042
35.1285
45.4939
38.2725
32.3395
51.0397
39.077
30.3671
34.5341
40.6468
32.7012
35.8633
36.034
41.9114
44.4963
33.5903
41.5372
36.851
43.1278
36.6733
40.2702
31.7817
45.377
42.6953
44.3028
38.0291
42.0331
41.0503
31.9944
35.3292
39.8858
37.8068
41.4581
30.8391
41.7809
42.4884
42.0621
33.8462
39.0726
37.3029
41.3897
31.8425
22.7648
55.2334
40.3506
38.3197
40.7553
37.76
47.6303
36.7338
40.9488
41.9185
36.8336
33.5878
39.271
37.2275
34.615
42.0558
38.508
42.2602
33.7435
39.0749
31.6899
50.0899
42.9055
36.2767
49.2805
42.0047
37.1735
40.5694
44.9909
43.6689
48.8894
43.2564
36.392
38.2195
44.9273
39.3769
37.9523
40.6505
31.8502
40.5308
39.2177
36.655
28.8361
36.4795
41.9574
38.6647
51.1601
45.3524
40.3572
34.2543
39.3023
38.7355
40.2123
36.7718
37.1137
49.9271
37.436
44.1968
34.5188
49.9036
32.0465
49.3649
36.2107
42.5738
36.764
41.0262
37.2056
35.9223
42.465
42.8877
41.7589
35.5918
47.0499
47.1259
38.4342
42.7856
46.3976
34.4352
37.8184
38.2383
39.5065
38.3421
38.7581
44.1301
46.8167
33.1271
35.9695
34.2054
37.947
41.6281
41.3559
41.5525
36.9583
43.9045
41.693
37.4107
37.3747
31.8038
37.101
45.0363
40.8301
52.8491
48.6543
35.2832
40.4563
37.9888
38.3978
35.0392
36.707
40.5002
39.2002
44.0333
34.6403
36.0931
40.5212
47.0063
41.4878
29.0362
27.6252
41.3016
36.1849
34.5219
45.1255
35.901
36.0533
48.4224
41.3239
41.7319
34.7123
36.7338
39.1315
41.1291
41.5377
42.5863
36.5968
34.2075
38.4049
53.4418
40.9743
33.1036
41.6298
39.631
36.9037
35.3001
38.0683
44.9775
38.378
39.3233
32.4657
43.7459
42.6294
41.8005
38.8346
35.0273
44.5259
36.1237
40.0063
33.861
41.4692
42.9125
37.8637
49.6607
40.11
39.6601
41.669
42.0907
44.7074
37.3206
42.7877
40.4808
45.0118
41.5215
45.5474
38.8438
41.1908
35.0458
33.8757
36.3579
39.1535
29.7761
37.1039
41.6962
32.8386
42.4805
42.1908
47.1728
40.7209
39.1831
36.8989
33.5954
46.2952
35.8135
41.1754
35.8057
40.6912
38.1389
51.5287
53.9549
36.7996
33.1994
40.297
38.1482
41.1784
37.9978
34.9018
41.7548
42.3363
34.8442
37.7247
36.1466
40.4935
41.5959
39.1185
41.0766
33.944
43.8899
34.8875
49.0978
40.5546
33.554
42.0436
34.7044
36.184
37.9518
43.9297
38.7344
42.2367
42.036
44.7218
36.4242
64.3304
33.5822
45.01
37.7684
45.6417
34.9631
36.3308
37.2021
39.7736
38.0185
37.6372
34.9629
39.9332
38.4652
38.8518
44.0405
36.6955
42.799
43.2276
37.979
37.6917
45.7339
41.8513
44.2986
33.9605
37.2212
37.8802
44.9032
43.8539
41.0469
37.2195
44.9059
34.1673
36.8219
31.0868
40.3795
42.2403
33.38
34.5752
36.0146
32.105
39.3201
37.4723
36.7996
35.1348
39.0219
34.7332
37.6857
54.5216
37.8523
40.1701
56.7418
37.7828
33.0025
35.9695
43.155
37.9211
44.6085
43.7039
34.9109
34.5531
39.1451
40.0526
41.026
36.0864
48.1627
47.4746
35.4344
38.8594
46.9675
37.7274
32.986
44.5454
40.6305
43.4422
41.2321
45.2733
40.5032
37.5582
41.5632
37.7371
38.9416
39.3942
40.8113
40.5112
39.7109
41.9181
37.6721
32.3799
43.1918
48.978
32.0007
39.1171
48.4799
43.4215
39.0285
47.8159
48.1746
35.4501
37.088
39.2869
38.8179
37.2133
31.5962
39.58
42.5753
40.2903
41.7524
40.3489
42.7415
38.6491
43.193
42.4635
34.9654
46.5583
36.5243
40.7035
43.9997
42.4164
51.6957
34.0534
39.3558
37.9065
36.9644
38.2363
43.2438
41.2051
35.5654
47.6061
35.9593
34.3562
39.8234
37.1102
40.228
35.2829
38.303
40.9801
33.5496
32.748
58.5738
38.2465
45.887
44.1529
43.4508
34.033
31.3117
45.6446
39.5403
43.717
36.9891
38.7011
48.1731
41.3753
43.5643
40.2248
35.6898
44.9463
44.4835
41.4833
40.145
39.7697
42.2144
32.7705
42.421
39.8099
39.3998
38.614
36.0159
36.2214
48.5619
40.8875
38.5132
42.2546
44.324
35.2526
38.5496
39.8699
40.5446
34.3711
35.0905
35.9105
36.771
41.2481
40.3257
43.1235
32.2573
40.5903
39.4149
41.2519
40.5694
38.5982
41.3269
37.8263
45.813
43.9238
42.1461
44.1667
39.1018
40.5788
40.2026
38.7516
36.9439
35.3986
31.2844
32.2353
44.0767
51.8602
33.0199
38.6152
40.3588
35.9961
35.2098
41.7692
39.2546
48.9797
36.4309
42.8597
45.64
43.951
36.6721
33.7308
45.1469
37.5809
33.5241
35.0691
47.1259
45.8493
35.3585
42.6684
42.4389
30.2776
46.0063
39.68
40.1153
33.2447
36.9842
41.9934
49.0907
41.7521
40.7141
38.1412
43.686
40.6352
38.3791
44.7317
37.1886
44.416
36.5683
32.8733
43.9256
36.6241
39.2553
34.7156
35.6641
36.2629
38.5806
38.9069
32.2317
39.85
35.1977
45.8194
32.831
38.91
40.7451
37.532
39.9877
34.5842
45.8077
38.0669
36.1107
37.6666
42.9179
34.4425
40.5975
40.0405
49.35
45.4239
35.34
37.2063
32.6779
36.3062
38.8294
34.8517
38.8308
35.3181
31.9496
37.2753
37.5016
41.9073
45.4298
43.2857
33.6374
39.4474
39.0176
44.7763
36.5287
43.743
38.5001
32.054
37.8699
44.4357
38.3125
44.3524
41.7515
36.5603
39.6784
34.27
47.1652
34.3484
39.059
39.5545
34.7005
35.2916
34.8424
35.4741
36.6015
38.709
29.4165
41.2186
43.6345
42.2551
38.226
37.485
38.1524
41.795
40.7689
37.4788
39.8889
34.2022
39.3908
54.1337
38.7355
38.2323
37.2994
33.4466
40.1322
39.8373
44.2634
44.952
38.9896
34.4272
38.5107
49.2409
42.6732
41.8588
50.5942
42.361
54.9412
41.3701
29.3936
44.047
37.7983
39.2145
38.7216
33.0887
39.349
43.9311
43.8984
41.9336
38.9394
40.1137
31.173
36.0452
32.9243
28.1788
40.9116
38.3937
43.8787
37.0839
44.6865
36.9608
33.9026
39.0022
36.9018
42.7552
34.5086
39.5057
38.0931
31.018
42.6473
44.63
36.1076
37.709
34.6402
37.8639
39.7335
39.9589
42.76
35.8305
41.2605
37.5317
49.2434
37.6024
36.9502
34.7556
44.6204
36.6704
40.4433
38.0058
37.2067
32.9662
48.8945
36.6367
31.8956
39.2291
39.4345
36.557
40.2397
39.4917
50.3312
41.3379
31.2964
36.8376
41.6675
35.6845
39.7854
41.6705
31.038
38.2263
43.2016
38.5072
46.6664
47.0739
45.7741
40.079
43.3865
42.2208
44.506
45.7626
41.6346
40.7363
49.9581
48.7639
40.2411
42.1615
40.0969
39.3758
40.0419
36.4125
37.6888
38.2596
39.1073
37.2508
35.3663
45.0444
39.154
39.7285
40.3995
39.5035
38.7917
34.0704
45.2305
32.6276
38.2366
43.6586
44.5163
27.9579
42.0405
37.0632
37.1914
37.7747
37.9979
33.1431
50.8563
41.1838
36.0062
35.7149
45.8595
34.0047
38.0572
44.0632
34.0368
38.1722
38.8378
38.2126
35.7544
39.9119
37.3634
46.1303
40.2556
35.618
39.0447
34.2779
39.7206
35.0651
30.9714
32.6366
38.5587
36.622
44.2055
38.2081
42.2303
42.9205
55.4285
35.8234
38.7199
47.2444
37.9168
44.7097
41.3822
43.801
40.8659
37.6822
43.2718
42.1457
37.2821
37.6949
40.1188
37.3887
35.503
36.7892
41.2372
37.0252
41.7755
33.7219
34.4572
38.3093
44.7037
38.4725
39.6468
41.2508
46.8826
48.2295
36.791
42.517
38.4324
39.7001
38.7227
35.5938
45.5044
36.5992
35.4413
43.0458
34.6634
39.6588
37.8207
35.349
34.8436
37.6576
36.0335
44.6057
32.6747
35.4413
38.9212
40.772
35.4581
43.6994
40.4937
40.1792
34.8231
43.3975
46.3906
34.2098
35.7191
44.7943
43.8098
40.5885
45.8067
34.2391
37.0202
45.3074
32.6136
46.8091
37.355
39.6612
40.849
38.15
39.8049
46.1657
35.2033
36.4744
39.8586
47.1137
35.3526
38.7832
42.9477
54.2652
65.8995
39.2332
34.6473
33.3011
34.9822
44.2401
31.5506
43.1913
36.203
40.6347
36.5803
41.966
29.6038
38.0698
35.0476
42.4243
40.4421
34.8673
46.9265
36.7873
36.7451
38.8229
43.0237
42.5018
45.135
36.4656
36.9495
44.8063
47.531
35.4062
40.3644
35.1635
34.5084
33.8753
36.5549
35.5261
43.1742
36.8316
44.6979
44.3155
37.8204
35.57
39.4459
44.2199
36.5877
41.2175
41.0276
48.3215
44.2955
36.3725
34.7777
33.0875
30.9776
39.1909
36.7383
37.1896
33.9044
38.4004
36.9807
48.3781
39.6513
36.4729
35.134
37.874
31.8636
43.9897
41.611
38.044
35.5333
37.7638
38.0341
34.7821
36.8545
37.171
41.8807
31.1995
41.0168
37.848
35.9912
40.6662
38.0992
42.0771
36.6725
36.143
38.8422
36.1603
35.6262
43.1812
38.9146
40.6299
45.3614
49.6512
39.5556
35.9039
37.7453
32.6037
35.0549
40.7105
36.7466
37.5501
36.7603
36.3705
40.6843
43.8776
27.8784
38.8689
43.2317
33.9636
36.3067
31.4643
37.727
32.344
38.008
39.6866
47.128
38.9568
32.291
37.4957
42.9273
48.5332
33.8242
35.6539
41.6483
34.2744
34.2137
35.2668
39.0744
38.8493
38.973
43.4241
34.5716
33.0229
45.2908
32.9322
38.6656
40.8641
35.1964
32.119
42.2839
35.4038
44.8059
43.87
29.9243
42.6087
42.1394
38.0318
36.9028
39.4841
39.0275
33.5279
33.8733
42.93
35.5308
52.205
37.7028
40.8179
39.4156
35.5295
36.7582
35.3116
31.2358
45.5667
37.7651
37.3464
37.6567
42.8264
36.0958
33.9591
36.5629
34.4236
39.9029
38.2944
43.4589
34.0905
36.2391
44.9699
44.2193
38.4512
37.6029
41.4183
38.9219
39.0247
32.5515
37.3475
35.4333
39.6734
36.2403
45.4845
35.7929
35.7958
40.3787
33.0459
42.6413
33.4916
38.7089
44.5752
41.298
39.4141
44.3892
36.0429
37.8159
38.9053
37.425
47.021
37.7429
41.3007
43.8199
31.8031
38.7814
32.6495
36.2198
36.5778
33.703
45.6712
38.9703
38.4929
36.0414
37.1596
36.4711
39.6939
48.6825
38.6264
36.2447
42.0933
41.5803
39.5991
39.5764
47.7055
49.674
48.4965
46.5861
46.7364
40.6121
33.9247
40.2947
41.2763
40.1364
44.1478
32.7013
39.9116
41.6293
38.9761
41.372
42.1926
58.7811
36.1972
35.966
37.728
42.577
33.4804
37.6248
48.9139
37.9864
37.0015
40.6859
40.8205
42.7633
48.0924
36.4917
40.588
34.821
31.1008
38.8006
40.1896
38.3066
37.9637
56.0564
40.7023
42.2811
40.8661
40.6381
38.8114
45.0786
38.1166
35.1498
43.0459
34.6617
34.4239
33.6904
37.3778
41.7526
40.849
36.2329
39.1353
34.2175
39.7427
41.3083
47.5273
40.3391
37.5647
39.1922
34.3805
43.4282
42.0668
33.0035
27.0802
46.4485
38.7277
45.0159
39.8673
61.0382
42.1188
37.4138
42.7764
35.5395
46.4033
36.9446
36.3561
42.4294
43.4542
41.1788
33.8433
50.4579
45.5023
39.8468
41.9776
40.5899
40.4355
38.5668
38.4855
37.2651
39.6522
38.3993
33.853
36.8252
35.0467
43.2473
39.1514
43.6565
36.8189
33.3204
43.2145
43.4106
36.4005
52.9686
40.6108
41.7076
48.5818
40.4722
31.3069
46.1655
43.1445
31.8497
35.7546
44.6044
35.351
33.2649
44.5821
38.1988
36.8296
39.5748
34.3129
30.7302
38.7565
38.0641
39.0771
31.8133
39.807
43.0883
36.0065
33.086
40.6804
46.2587
41.2237
34.6905
32.8154
43.5292
39.4786
41.1861
34.4422
49.5602
36.0336
36.0859
47.8914
38.0054
38.9374
34.0176
35.0362
37.3041
40.1288
48.8024
35.4206
37.9058
44.0195
40.1616
40.3558
35.1958
37.118
35.7901
46.4636
39.7597
40.6181
38.1689
36.5206
40.687
37.5441
34.3909
47.6548
36.0784
37.8641
40.4179
39.6867
33.9821
43.9992
42.7423
40.0859
39.7945
43.958
39.3808
38.77
41.5195
36.867
42.3643
37.0686
34.1439
38.6418
38.2547
36.7008
40.0322
38.2872
38.7534
40.0104
39.5335
35.5741
32.3108
28.2315
43.7528
40.3173
41.966
29.0476
40.5213
39.8594
37.4988
41.3122
45.8444
42.1899
36.3796
45.2614
37.4985
36.0821
43.6481
41.621
37.2097
35.143
43.66
44.4475
43.6445
42.9483
30.8896
38.3886
36.0395
44.4437
41.5424
37.9339
33.9522
43.2218
35.5891
52.607
34.2154
33.5307
31.4636
42.5455
39.297
40.1424
43.6439
32.4166
36.513
53.6072
39.8972
39.7562
39.1153
40.9197
49.2739
40.398
35.0117
39.7403
41.6808
37.9173
42.8287
39.9379
44.686
40.6279
36.3318
36.1908
38.4623
32.1951
47.564
38.9486
38.6774
48.1099
38.2789
37.313
41.7898
34.7782
38.5342
33.787
35.4575
42.4017
42.2996
30.3441
39.0608
43.6481
47.7428
46.8649
31.8391
43.9482
38.1196
28.8506
31.2507
40.3408
37.2681
32.7231
42.6137
32.2458
38.0686
38.3352
37.4626
53.6301
39.099
36.1744
45.0039
34.6954
37.3047
32.9235
41.14
35.933
49.0661
41.3561
39.9436
33.2362
38.24
37.7744
44.9535
38.205
39.7691
37.6344
49.1782
40.937
41.3378
33.0524
30.9309
38.1054
37.5305
41.7026
37.2528
43.1665
38.0184
38.0721
36.8466
41.3404
34.3907
44.3226
43.1125
34.6471
40.1788
39.739
36.2455
35.187
33.6264
45.8768
35.289
37.2833
37.1034
37.3446
43.8447
36.9449
42.3158
42.8923
36.1673
43.1866
33.9646
38.8488
33.8841
39.5626
44.7222
39.0525
40.3922
37.1974
31.8786
39.4937
40.7992
30.7189
43.387
47.1304
44.3625
42.0312
40.6774
39.3282
39.2358
35.8758
39.9308
38.774
33.2995
38.3541
37.4064
43.1869
37.5759
40.3353
49.0403
36.5139
44.6263
37.0909
33.4225
37.7603
38.6901
39.5224
39.8371
33.5454
36.4983
36.7662
44.0869
47.0865
40.0757
44.8143
39.6349
51.4141
34.0351
34.7338
35.0192
40.8668
45.8854
55.5114
39.4594
37.1241
38.4111
32.0513
45.4479
44.2179
44.4244
33.486
56.0199
35.5078
41.2014
32.3272
41.8185
34.2705
35.9931
42.207
33.16
38.8741
38.5011
46.4819
45.2953
34.8472
41.4499
40.4928
42.6513
49.2635
39.9027
40.1565
41.5149
35.6639
40.2666
37.2646
34.7412
31.9509
36.6701
38.9745
35.5821
44.6706
32.8103
36.4003
35.5684
39.2518
42.0655
40.2932
42.1799
39.9742
49.5366
33.1079
41.9246
43.695
40.5285
36.1988
34.7698
37.0159
44.9712
38.9837
41.4259
39.3619
38.7179
40.3247
41.0173
49.5301
30.1507
46.556
35.6713
37.346
45.307
38.0711
37.8116
36.2281
35.3404
38.9697
34.6804
39.0046
34.4269
38.6018
41.0548
56.1005
40.3246
37.6264
42.9481
35.8381
40.7767
39.0562
35.0458
38.8247
35.2133
42.9469
41.9995
34.2603
41.0622
41.9968
40.6997
36.5999
39.2872
37.8698
33.5678
35.9115
38.5157
39.2029
39.2532
39.1011
49.2776
41.8727
34.869
40.6382
35.3753
40.2171
41.8128
33.0206
35.0475
44.3937
43.2261
31.9667
39.3281
36.3608
38.328
34.2573
38.6861
39.2078
37.1405
38.6713
34.0946
35.4769
33.6562
38.3763
46.2811
38.8124
42.4171
44.3723
39.6894
43.4582
29.0766
31.0606
35.6643
39.6588
44.7245
38.6566
39.6006
45.5999
35.9539
38.9622
36.4008
41.7845
40.5448
37.5281
38.0917
38.5399
41.0298
44.3069
36.9078
40.3324
42.1355
38.5875
38.9748
30.7914
40.1505
41.9347
31.0661
41.975
44.6466
35.7172
52.9913
39.5423
43.36
43.5454
36.0089
34.7468
34.9488
36.2838
45.2057
48.9715
37.2809
31.3553
41.5641
40.3809
40.1603
38.0227
33.8587
37.2239
34.4112
44.5498
33.2859
40.2965
42.2553
45.3058
31.5986
35.0631
37.3397
43.6418
33.5355
40.0303
37.6053
33.9634
47.313
37.9246
36.4861
43.7868
40.0716
38.9969
46.2161
32.7156
36.7618
48.5999
40.4446
42.6327
38.8036
34.6396
46.5551
34.5342
37.0542
36.7089
40.2454
35.8826
35.1139
42.3624
40.5335
45.3216
42.8844
43.7048
49.9045
40.3935
35.5377
34.4601
36.1609
39.7643
40.0916
42.502
36.7788
38.8005
42.785
33.8296
44.1622
40.1609
31.9021
48.429
38.8235
37.4963
36.0453
44.4323
34.8768
38.607
36.5326
41.3398
39.299
39.7566
31.645
42.4465
35.3335
35.3031
49.2479
36.8426
36.4687
41.7117
36.7323
35.3276
34.6625
38.5772
38.7976
37.2433
40.1789
47.2327
38.0586
42.0795
37.2308
54.9239
36.6158
41.8007
34.6107
37.2534
40.3729
39.5639
40.923
33.8061
31.9202
41.3617
37.3027
40.253
39.7635
45.4929
41.8354
39.9008
33.2152
36.7829
30.3913
46.0897
32.7812
41.625
35.6829
36.7372
36.3404
43.0141
39.8005
32.8116
37.4948
43.8923
39.4576
40.4612
39.9703
44.1496
41.8057
37.9446
33.3221
50.846
38.1247
37.481
40.6392
36.5604
43.592
36.7414
37.2344
37.0661
38.4189
31.5448
37.138
35.8742
40.7025
31.4841
35.6872
48.4265
37.8771
36.2317
37.8954
37.4409
45.1709
47.7424
40.7663
42.3593
37.1068
41.8856
38.6689
42.9542
51.6869
36.2844
34.5998
45.701
35.4575
37.4634
36.0189
35.0457
37.4781
38.2672
31.5152
40.026
39.8451
33.4575
37.7632
39.8708
38.4904
41.2422
38.0988
44.9577
44.0357
40.7989
43.6982
32.2827
48.0456
33.7545
41.8073
42.7021
38.4358
44.4343
32.4577
48.7405
42.0796
36.4058
42.1175
38.3322
42.1398
42.9268
36.1206
42.6959
40.1289
42.2659
43.9264
43.3923
35.3371
37.598
40.2431
41.1876
41.8188
31.4369
38.5818
40.8766
42.203
37.1119
37.8623
42.1813
37.3819
49.8169
40.6254
43.7548
41.2818
38.096
52.8088
43.4029
34.6029
34.1035
35.785
44.9414
38.7367
34.4812
39.6967
35.4651
35.8667
46.0365
35.428
38.322
42.9195
40.6472
34.2511
31.7724
32.5315
36.0089
35.3233
37.0994
42.2558
35.916
38.4039
33.9149
44.9871
31.7507
36.4185
36.7096
40.6917
38.6217
38.9137
42.5605
36.325
37.0125
40.0793
34.7578
33.2766
47.711
37.5074
46.3308
36.1095
40.7429
40.4871
32.8851
31.1475
38.2478
56.4799
39.9276
33.7906
46.5513
36.7772
36.6118
38.9465
36.6968
35.5558
39.1883
26.8742
35.5201
34.3459
36.8423
41.2319
45.1195
32.9373
46.2083
44.333
32.6989
32.1508
43.6461
39.4847
37.3937
41.4938
42.2488
35.8657
35.6077
43.1785
45.03
41.4001
39.1442
35.9163
38.6204
42.6128
36.4401
38.6507
37.7371
38.218
46.2657
36.8283
39.7673
49.2552
41.8234
39.6651
44.6662
37.904
41.6597
42.1914
45.9737
36.6402
50.0517
38.4078
35.1919
37.9523
39.855
37.5027
38.6886
35.1756
39.2507
51.3853
39.4933
30.7487
42.1923
39.379
41.773
36.8113
32.1382
51.7003
31.1475
41.7761
35.8461
38.4989
47.4277
41.5856
31.2415
43.2153
40.8279
43.5597
37.5597
36.6267
41.3833
43.5201
40.3217
34.7424
43.1964
34.9973
43.2965
47.0191
35.0078
38.6063
44.1925
43.8482
39.3698
38.3797
33.234
40.9867
43.1403
35.1097
32.473
36.8902
38.0932
34.8554
31.9439
38.1462
38.6517
32.9012
35.1367
41.2741
35.9953
44.2102
38.7261
40.3059
42.8702
40.1667
41.3689
56.2859
35.8126
34.8274
46.889
37.7936
36.4862
37.6947
38.6371
37.5907
33.1524
40.9854
35.0874
41.2905
35.8248
43.1801
35.8559
53.5204
46.2642
41.8165
42.8512
34.4208
41.2069
38.4518
47.4428
36.2942
36.5643
37.5561
37.697
31.5094
38.2466
41.614
32.0859
44.855
36.886
38.2801
41.4071
39.0399
35.9248
35.423
37.8527
34.4356
38.0446
36.7379
45.0395
35.9552
48.1553
35.6996
45.912
42.7232
43.7129
35.9905
36.7852
29.1038
42.7693
44.2278
36.4495
39.4473
35.8384
46.5805
41.353
32.2744
36.2144
37.6163
36.1129
43.6633
34.5782
50.8269
38.6227
35.0116
40.8245
36.8635
36.0382
40.3718
34.8982
37.8104
35.3927
38.1661
38.7069
33.7815
39.7077
40.5681
38.981
36.7608
42.9985
34.9209
54.4624
36.3106
44.3426
40.0288
41.2032
46.0066
48.2454
33.822
37.7475
43.1189
39.8845
45.6826
39.1823
34.4968
36.7176
36.3909
40.8559
40.0116
35.519
43.3328
35.2114
38.1335
46.6162
35.2226
34.2309
33.6265
33.3932
53.1316
36.5029
35.5642
31.4468
41.0126
33.3324
40.6676
40.2562
38.2796
47.4911
38.5
53.3998
48.2678
42.9985
33.5606
33.5022
37.594
35.8993
36.5547
42.8214
45.0644
40.3328
39.9715
44.2051
29.53
39.241
38.0875
37.1499
40.1574
43.7285
38.3908
37.7576
42.8862
36.7099
46.0125
36.4501
31.6285
44.4617
40.7999
36.5524
42.8852
37.7973
37.821
32.6965
40.0602
42.1635
35.3635
33.5224
34.6675
39.9117
36.0106
39.1837
35.8584
36.782
36.2353
36.9931
43.5755
41.0094
44.7027
38.9771
38.3646
33.2511
33.7606
34.4423
45.7513
37.1212
35.317
42.2378
47.2897
40.9567
33.4118
39.7731
38.7671
37.3849
38.2672
37.7129
41.1119
38.2304
34.112
38.7513
39.8535
51.554
41.1266
39.4005
39.1134
36.9013
38.5665
42.6725
53.9796
39.2444
35.1025
37.6975
35.6551
36.9996
35.171
49.3906
36.1968
37.5289
40.662
39.888
35.5771
41.6733
33.9814
32.6945
40.2121
38.7379
30.8695
36.7962
33.3592
33.7665
35.9832
37.3911
35.6291
39.2074
35.0549
45.1123
34.481
35.6648
42.2478
44.576
40.3382
34.2754
33.8217
38.7615
43.4308
43.9785
45.3418
34.7611
42.5074
42.0733
48.4823
41.9169
34.3942
37.8746
37.968
37.6763
41.1072
46.4987
37.0009
37.7123
39.7124
38.1241
34.8362
36.4099
44.5871
33.4785
44.7318
38.5805
43.0915
44.9531
44.2819
39.8173
38.8473
36.4905
35.1634
34.6021
45.3935
35.1322
41.4215
36.0498
45.0697
40.4391
36.8713
36.1312
36.62
39.6012
39.2374
48.3668
36.885
37.225
34.1758
40.3735
35.8628
44.2355
47.3389
37.0432
37.2862
38.5243
45.3833
41.8892
40.6282
40.438
42.846
38.0445
43.0124
47.1099
35.2825
33.876
36.2415
41.1648
48.1246
40.3445
42.2555
38.9338
44.214
40.8155
39.8786
36.753
44.1783
35.4678
31.4417
34.2969
35.902
42.7045
32.0526
39.5005
36.2446
38.4298
30.9894
42.9042
37.3314
46.2035
36.1315
49.7899
42.544
36.3061
40.1417
43.3139
35.9756
42.2636
44.2568
34.0582
48.4368
37.9186
40.3715
48.8607
38.0734
32.0096
43.0632
47.6015
40.6047
42.6896
42.5547
42.6562
40.113
37.2339
38.4706
36.845
35.9514
37.4005
36.6152
40.0474
49.3292
34.8639
33.2683
40.7986
45.9411
40.8723
38.5277
42.9333
32.9476
41.4062
37.5478
34.1807
47.0952
41.2482
52.9626
33.8015
37.3834
41.8651
38.0475
36.5429
36.1115
53.3191
32.6147
31.8439
38.577
35.0067
45.3675
36.3279
40.9254
36.7229
48.4766
33.5813
38.3321
39.2591
43.2741
38.5822
40.1995
32.8834
38.5403
37.7297
33.5638
40.9028
41.7832
36.7272
36.6639
41.0243
40.8294
37.6883
44.2384
34.9065
41.5362
36.3784
44.3685
37.0252
38.2156
37.3231
33.1128
44.241
37.6154
32.259
36.9932
36.6769
33.5606
35.9525
34.9733
36.7419
36.715
40.3077
31.0007
36.5407
46.9972
42.1114
36.5954
36.24
40.8793
38.1043
36.2046
42.2417
38.3237
35.3216
39.9574
40.7018
34.611
39.843
36.3474
39.1697
36.7216
34.3213
53.31
42.3253
47.0049
37.0133
35.6086
37.3977
38.9748
47.4312
38.7181
39.7592
35.0889
34.8756
42.4198
39.7877
36.572
52.2855
39.8108
41.8924
42.3894
41.8902
40.1985
39.3514
36.7418
43.4019
37.5219
39.7347
34.5097
36.6729
40.2238
40.0624
33.0946
41.3243
33.1873
42.7383
34.9699
51.2074
45.6492
36.478
38.6655
52.9203
36.2504
37.1943
41.4794
45.9611
51.8075
41.825
39.3091
43.3138
36.84
45.7952
41.2277
48.2099
34.0735
37.9131
31.4779
36.8078
42.2233
35.0892
32.2007
33.8316
44.8848
36.1729
36.9004
31.673
41.7563
32.6655
37.8697
46.8466
34.9308
38.8342
41.1493
41.0746
49.7644
48.7225
42.4109
34.2996
46.6079
46.5599
34.4674
27.8018
43.3361
38.7435
35.6771
34.9916
33.8164
45.0144
46.8769
41.151
37.3995
54.6917
35.915
40.3776
37.0728
30.9333
47.0066
37.5162
40.9947
41.5495
40.3823
42.4754
37.7557
36.5306
38.607
40.889
47.9362
41.3892
34.0548
36.7231
38.0454
40.5778
31.2176
34.2676
40.0679
39.227
43.7198
43.6393
32.8077
39.087
39.4503
37.0547
35.6884
51.0846
37.8473
43.9298
35.3243
40.6911
43.8271
47.6259
38.913
43.2163
34.0449
30.8354
34.7779
42.6887
36.0671
38.0888
37.372
41.6143
37.042
36.9794
31.9324
39.72
40.2467
38.6115
38.9564
36.1783
43.0549
42.0136
38.5498
44.239
41.1932
36.969
34.8504
40.6267
37.1797
41.8033
33.7595
40.1191
37.1084
33.0154
51.8396
40.8843
40.7938
45.6444
36.8481
38.4858
49.7733
33.8001
37.9733
37.0038
37.2769
43.1648
42.3437
42.6538
38.7854
32.9733
31.8838
35.3973
44.5233
40.5633
41.9474
32.9673
46.0372
38.6353
50.1306
41.5419
31.421
37.8274
34.9849
38.6406
34.7718
35.6653
35.4198
40.7563
44.1743
40.9382
37.0095
36.5235
43.1143
42.8494
45.4691
32.193
36.2417
32.2138
34.26
34.1167
35.689
36.5312
36.2705
42.319
43.4693
40.4913
37.5652
42.9247
35.3022
40.359
35.0626
35.0141
40.1552
39.3833
37.696
45.2134
37.671
53.4634
42.3121
31.052
36.4292
37.3312
34.3349
35.616
40.7104
33.7336
43.2538
36.2071
36.4049
39.1267
48.0068
39.7782
33.0589
37.2273
40.2063
46.8572
38.5064
38.3576
34.1593
48.1736
41.3927
43.4345
42.3758
41.4837
41.7795
43.0517
34.9702
37.3855
44.3707
39.5398
31.655
43.8432
40.2772
40.2886
40.9433
39.0112
38.2076
35.1735
42.8947
38.6797
39.6375
46.4481
44.2532
47.4012
34.2405
48.0973
36.4143
41.416
35.4779
37.305
33.7386
43.6518
41.0528
34.5089
35.9822
44.1182
34.1116
38.4532
40.1227
43.226
37.4862
40.632
34.7341
38.9134
36.4596
37.7786
36.9257
42.0465
38.3025
36.3375
36.2762
39.6146
40.1377
42.3052
37.527
38.4803
44.5387
34.0892
54.5
40.7891
32.0276
44.6032
41.7487
40.0754
32.0053
31.8629
33.7638
38.7716
38.108
33.2852
40.7602
32.5526
35.1125
38.3138
37.0697
38.2013
46.2057
39.2812
41.4969
34.3056
43.4181
38.658
40.5043
45.9498
36.3072
33.8674
39.3182
38.5997
35.1153
36.2859
42.4022
37.8417
33.3067
38.7806
39.2355
40.4118
34.3199
36.5974
39.7817
36.5312
39.2341
38.4471
40.914
53.0124
36.2415
38.9831
45.8839
47.2711
30.9717
36.301
39.7133
34.0029
32.844
33.4948
26.6983
39.0643
46.5499
44.1949
36.4554
34.6919
42.5945
43.5641
41.2714
43.645
45.0817
39.4025
31.5896
42.2018
36.6671
36.093
39.8747
36.5915
39.7954
41.5076
37.6117
34.7326
32.5131
25.6108
33.9359
36.1559
35.0882
41.0191
38.993
39.0557
41.0391
41.4748
38.9558
42.525
36.624
41.4609
42.3797
36.4034
37.9311
35.6206
35.4361
36.4011
38.5039
47.3165
44.1445
38.1342
38.9186
34.0032
34.9907
32.8241
34.7907
34.6382
32.2256
31.4259
38.3499
37.6005
40.2054
33.2845
48.1977
43.7366
43.3414
47.653
43.7065
43.974
39.3284
36.0372
35.4753
45.9124
33.9545
33.7003
32.8969
37.1751
48.7404
45.0934
32.5405
33.0451
36.5809
34.976
32.3248
56.596
43.8672
38.1622
36.3116
41.4761
33.3723
41.0845
36.7772
41.9367
45.9046
33.8118
31.98
42.7703
40.7902
33.9284
31.4386
58.8496
38.7968
31.7541
32.7751
50.7837
35.6883
42.64
38.4388
41.4609
35.7593
39.3403
41.6981
33.105
34.5775
43.5884
39.3799
43.9206
35.1233
38.5874
54.141
31.0099
38.6546
35.8856
35.7629
41.6415
42.4049
40.2248
34.1748
36.9646
34.2136
42.897
35.2177
35.4689
41.7852
33.4666
30.2503
38.4277
54.4855
42.1645
36.17
36.9926
38.6409
36.7635
43.7999
38.6492
36.5568
36.9924
37.9478
52.0637
40.1226
38.9221
37.4757
46.4076
38.2432
45.1957
40.0953
34.5586
40.6446
42.0691
40.2709
37.9239
37.1731
35.253
34.2284
42.3462
38.5304
37.6096
42.7061
33.7233
44.9564
45.1608
39.6416
44.7831
41.1638
41.0079
35.5137
36.9945
39.7923
34.6319
36.6009
37.2103
40.241
38.2809
37.6681
37.9006
34.3455
35.5184
38.9721
36.2723
35.8123
42.1277
38.1585
36.4023
44.4644
41.1492
35.5588
33.9025
36.5464
40.9959
30.2278
39.8953
36.6604
40.0567
39.8502
40.6655
43.0397
39.8607
40.5694
34.384
41.2654
38.5667
36.5844
39.1416
33.7202
36.5162
34.7226
41.6862
43.0549
37.4692
36.5495
45.9491
34.4269
33.1909
29.9881
54.0379
40.281
37.8271
40.1084
39.5386
45.5529
37.8691
40.2746
33.236
34.282
37.2522
38.7109
32.9995
34.2843
36.8768
37.767
37.5752
34.1505
39.8578
37.608
33.5769
36.4554
37.6702
39.5519
39.0086
41.4714
37.5277
33.5151
39.712
52.7439
50.0298
39.2253
39.2947
41.1497
46.2283
38.0765
44.2248
31.9592
33.9869
41.2583
33.5669
48.9807
38.3395
39.2499
33.4478
32.056
36.1757
50.3308
36.1398
32.7882
43.2266
42.7888
36.4368
36.7075
40.7082
43.0239
37.3222
45.1589
33.9572
44.8111
27.076
42.265
33.6684
41.052
35.6076
35.2021
44.7173
35.5365
38.9077
39.4626
34.4037
38.3521
33.8651
41.9004
37.1104
40.6099
39.7795
38.4282
36.2905
34.3354
36.4501
29.584
36.9286
36.3364
36.2424
44.5184
27.5489
33.7819
38.2497
38.664
39.7562
46.6726
29.8408
38.9802
37.6578
36.9216
39.9957
37.5503
38.3525
39.0566
32.5603
36.993
45.2504
42.6766
42.1325
39.0856
45.8682
37.1919
42.2233
36.3142
47.7447
36.9766
39.0228
38.9785
36.9863
36.2513
46.9954
35.4591
36.7188
37.414
49.3078
35.3024
34.0943
37.9525
43.4423
39.8712
35.7242
34.2408
36.7544
36.5841
45.9929
34.8452
34.3933
45.0995
37.6909
38.3983
38.3783
38.1011
40.4855
35.7025
39.9613
40.184
31.5982
49.1733
41.1173
38.3963
40.9259
42.7098
43.3871
43.1008
32.7508
43.37
39.637
39.4042
40.0072
35.76
37.6911
38.44
37.7236
40.9805
38.0376
41.3896
43.2405
26.8645
40.9336
45.2571
39.0763
39.3587
39.0052
35.7654
37.3824
38.32
40.3396
45.5468
38.5854
34.4248
35.7487
39.919
42.3102
38.8769
44.5329
34.9014
41.3437
32.5387
36.6111
40.4123
41.3379
42.9007
41.733
35.0657
42.6233
39.4583
43.6623
38.6677
38.1131
47.3584
37.6397
33.5734
37.5903
40.8911
38.0024
45.3931
38.7729
38.9232
45.2992
35.4455
35.6886
34.2395
39.0404
38.4225
31.3801
45.166
61.3215
36.1977
43.7714
37.1716
44.269
36.2328
34.9755
33.0599
32.8935
39.3644
38.621
33.1118
35.157
32.0631
42.5986
34.6912
36.0061
34.1272
45.3739
46.056
34.9892
37.293
36.4348
44.9679
33.9389
33.0599
52.207
42.7612
32.3833
33.9002
39.3614
43.9989
31.566
38.6564
40.6269
39.6459
35.6544
39.8989
41.4196
33.1393
34.7212
49.9376
37.7756
39.5955
41.8467
38.202
35.8281
33.7052
48.4195
34.2138
52.5541
49.702
34.3416
37.4539
49.0338
35.4941
44.908
39.5397
42.4896
37.0899
53.7846
43.7802
40.3439
35.516
43.6589
46.4924
36.423
39.0544
46.0502
38.5398
31.9624
36.027
38.3486
36.2421
35.8634
41.1596
39.2866
38.9788
40.6923
38.1714
44.6668
35.3019
39.2917
35.328
36.2468
36.4007
38.1117
35.3919
34.8062
39.0458
42.7547
43.7554
35.4921
35.4333
32.9679
50.6231
44.713
40.5898
39.3884
25.6161
33.8588
45.7536
32.0755
39.7885
42.2824
29.1
37.1047
51.0227
41.3861
35.8069
35.7687
34.0235
40.3817
40.7364
42.4939
38.3148
42.6974
34.2393
31.9195
38.4419
31.8132
40.7019
36.8898
39.6804
34.0148
38.2988
44.5943
38.5852
33.2408
32.1325
31.9164
54.4087
35.3618
35.9878
43.154
39.1305
35.6202
38.5984
43.4816
37.8987
41.0365
35.8415
49.8164
35.0731
40.8758
34.9733
40.3827
38.1905
43.9477
41.0539
34.386
34.8384
52.418
35.3833
39.9281
43.3453
39.8944
40.7078
39.6362
35.389
48.4497
41.2965
38.4016
35.8855
35.3811
36.3144
39.6102
40.2276
45.2782
39.8767
44.2029
31.7798
39.479
45.5764
43.8507
32.4663
42.5338
32.928
40.0124
34.7416
37.2869
30.8602
32.3879
38.6779
38.0507
38.8555
36.6547
47.0706
39.9733
36.57
38.1737
38.5044
43.4723
36.3989
35.2404
45.0853
43.3496
40.1722
41.2171
39.8881
48.9611
43.8062
35.7741
36.4617
33.9505
35.0391
37.4933
46.1206
51.3453
38.4256
36.8174
42.4338
37.4773
38.4499
36.0914
40.2511
33.566
37.4718
42.6914
37.0809
40.3099
31.2294
45.1719
38.7336
41.9197
41.7118
37.2787
40.746
46.1987
45.633
35.419
29.7744
34.2745
36.65
38.9418
36.078
35.3117
35.9294
37.5544
46.9386
39.389
45.1197
41.3437
41.1831
50.9603
42.7945
46.3543
42.1215
38.7798
34.7614
36.8584
50.5323
34.9788
40.7008
37.1753
37.89
45.3852
30.9301
42.0394
36.107
46.3684
41.6962
31.2079
33.5172
34.9943
34.3025
38.9729
32.8941
33.3615
37.7988
31.7799
38.7782
34.3042
47.8239
34.101
42.3205
42.046
56.7566
36.1847
37.2674
36.2728
33.1055
35.5039
44.4153
45.4724
43.8118
35.725
35.8097
35.3062
31.9257
38.7283
39.8476
41.7407
33.8806
53.2415
39.992
41.1277
37.7254
37.7532
38.9208
35.1753
38.3494
40.8423
36.7195
38.336
42.7334
42.8996
38.5212
45.486
36.9873
41.5365
41.0237
37.9763
48.7668
32.9676
39.4033
38.2932
36.7732
40.4693
48.5252
41.7683
33.4368
39.19
42.3048
40.9466
43.7979
33.4687
39.6702
40.5479
34.5337
44.968
42.1786
37.2083
40.2046
45.923
41.7645
32.8686
25.706
35.3342
45.8324
40.6965
47.1587
44.5481
35.4438
38.1051
35.5718
52.4611
47.1363
38.2396
37.1513
44.9254
35.2671
37.277
48.5252
36.8904
36.8137
34.9645
37.1983
39.2407
36.5053
32.476
35.3853
40.908
35.9065
36.3737
36.8411
37.4377
31.1312
44.7777
34.4415
39.0561
40.1694
40.2854
44.2445
48.5763
39.1543
35.6446
43.2292
36.301
35.069
44.6165
43.2157
41.788
41.9292
45.3791
41.5602
47.9522
36.2634
37.8608
37.4772
36.2683
43.4783
38.0618
42.7573
38.803
39.1
41.4025
35.0078
36.1954
40.4482
34.0516
33.7232
31.1256
40.3424
37.077
30.7571
38.4866
38.0552
32.8163
38.5563
37.0929
40.6975
54.5909
43.6462
33.3621
36.4582
33.6539
42.4076
46.5223
30.9657
37.0286
40.5523
38.2795
44.5099
35.0096
36.6292
40.9462
37.925
47.0481
41.5901
44.8029
43.8027
42.155
40.4323
35.4271
43.2266
50.0496
36.4062
39.546
37.6188
35.5054
53.0515
37.211
41.801
36.3306
41.1025
48.8597
38.185
46.1927
40.0717
37.3315
35.9449
42.0134
37.065
44.8679
39.7431
34.6451
49.2983
45.3334
36.2335
36.9927
36.0744
34.2408
36.9303
40.7028
41.6082
40.3523
35.7996
46.9107
44.9804
38.933
39.7884
34.8019
38.3159
38.5194
38.8275
34.3552
54.1248
34.3318
39.8298
48.5229
34.0919
44.0154
39.0988
44.878
37.5297
37.2577
48.9234
39.0125
38.2456
36.3304
51.9267
36.9668
47.6698
40.7377
38.9787
39.2752
39.6653
37.5119
37.2674
40.3642
35.0452
36.9249
32.5579
42.7427
39.5524
44.0506
35.9133
38.3367
44.3294
32.616
45.8984
42.828
34.8563
39.362
38.2834
38.673
35.8262
35.5751
37.0074
42.1978
34.323
40.8357
37.3968
37.8161
32.5124
33.1376
37.0684
32.7025
40.0207
38.8371
36.1493
38.199
38.7489
35.9039
47.741
38.2475
38.8268
37.6602
39.31
37.3246
38.7241
38.7654
35.3027
49.5739
39.7634
34.245
41.5655
37.8705
42.3441
33.6802
38.8531
34.6268
41.3464
36.7675
45.7303
34.7808
40.5471
39.0154
35.4243
32.1715
35.1931
52.7734
36.8854
40.7938
31.643
38.8677
44.5164
35.6405
37.0321
35.4556
36.3398
45.5372
51.3096
41.5389
44.0443
46.9238
42.2416
38.5992
38.353
37.0577
53.0781
37.5561
46.3238
36.3308
37.1621
56.2274
42.4649
31.5241
42.0746
38.883
40.9838
36.2798
35.6649
34.4363
39.9032
35.9715
40.1819
47.762
44.6306
48.6477
48.4299
41.6428
42.5017
37.4775
37.6512
38.2249
39.7235
42.3559
35.5982
52.1977
32.3143
39.4361
50.4476
40.8242
41.2457
48.6321
43.3156
33.7746
41.206
35.6712
36.5565
39.8167
36.2728
40.6633
33.4781
41.8118
30.5433
36.2138
32.4139
40.7717
38.3131
35.4268
39.0629
32.4958
34.5624
33.3569
42.0634
41.0736
36.8584
32.3246
49.5371
39.2219
35.3897
39.7498
40.3914
34.8774
39.3395
36.9942
45.9043
38.3088
38.8533
36.1962
41.3781
39.7519
47.2832
39.2692
42.1842
40.3723
35.5456
31.7856
42.3769
37.4437
37.3578
35.1253
38.8189
39.8049
33.6881
36.1794
37.2856
50.7257
33.6496
40.1451
39.8833
34.4024
40.6249
36.2875
40.9859
39.3957
44.5708
30.8811
40.8016
31.9467
43.5611
40.8748
43.9477
41.5661
35.29
38.3234
32.4761
35.0191
43.6652
35.0956
36.955
33.7107
31.494
38.2746
42.4339
36.3201
54.6479
30.9727
34.1482
32.5908
42.7033
39.5411
34.8098
33.8173
35.5432
43.1384
36.3384
45.0376
43.4151
32.8262
46.811
35.3111
39.9802
38.314
44.857
46.117
37.5294
37.6804
45.8253
35.7081
37.5938
34.1559
45.6817
42.1674
37.7743
33.9205
32.0242
41.4265
43.9344
37.5358
41.9264
42.1512
39.7512
33.5504
43.6512
40.8775
48.2439
41.1978
36.7902
38.0812
44.7871
38.5394
33.6623
36.5921
41.2324
41.9001
34.2903
37.605
32.1483
37.1007
42.2268
39.8258
34.0703
30.1655
48.5719
41.7784
41.6033
36.0307
44.8742
43.0106
39.3957
39.9128
41.1764
46.4715
39.5398
40.7176
35.0711
43.4254
37.2934
35.0991
34.8511
33.3836
34.0808
36.1409
39.6684
35.3544
38.6082
41.8634
35.1076
35.0523
35.9822
34.0611
37.985
39.9896
37.8322
43.6361
38.3855
38.7146
32.6483
39.1955
37.1768
47.1569
49.9005
36.5505
40.1276
36.5222
41.217
38.1681
43.505
35.8316
38.6246
43.0419
48.2879
45.7141
45.1577
36.3876
33.9813
39.4066
38.4124
36.8735
36.1382
35.54
41.4802
39.8183
35.4085
30.6265
35.6718
32.5555
35.4295
42.5402
48.8592
39.412
35.5948
35.2939
32.5449
35.3631
37.1485
42.1929
37.2174
43.4414
41.9531
33.0139
41.4004
44.1113
33.9753
38.4508
36.9593
43.8849
36.0118
38.3512
38.0543
40.0406
34.3567
32.5788
31.3248
41.3544
43.0828
37.4376
35.3075
37.7511
40.819
42.0051
41.0524
37.3097
32.6362
41.8032
33.6401
44.9366
38.6937
32.9384
42.4535
37.5363
35.1702
40.3
39.3866
39.5273
35.3508
46.5494
40.8011
39.9523
37.1486
41.5989
39.3032
33.8402
49.1199
36.7094
35.5112
35.9914
49.4077
33.6144
34.7675
44.732
43.233
37.0965
36.2294
50.1268
38.0922
35.2568
40.6249
39.3242
49.6422
43.3188
43.8431
40.822
42.5286
33.5958
40.977
37.162
36.6437
44.7458
39.029
44.4075
34.8365
50.8564
44.2875
32.9157
30.024
38.4462
41.2167
38.7523
38.2481
36.4549
33.5441
35.2138
37.7818
46.5508
32.5789
37.4591
41.6042
39.5315
34.1669
34.4128
43.9411
36.4193
47.0558
40.2411
48.486
35.8317
36.8919
30.6896
36.8972
38.1829
38.5522
38.8732
33.1856
39.1031
31.2678
38.7664
40.5745
35.7698
40.9563
37.124
51.0606
37.5
32.7739
37.1623
38.2651
48.2245
33.5906
39.0493
40.6737
34.1326
48.7303
40.521
37.3589
34.0267
37.6866
46.5878
31.7773
44.8103
36.2958
42.3108
37.3225
36.4104
42.5335
44.6976
42.7835
41.5955
43.7205
39.8241
35.3966
39.4323
43.1886
34.4153
37.1715
37.1231
37.929
44.4533
37.2313
41.5578
39.1643
32.484
40.366
35.8215
34.7867
39.1987
37.53
39.8586
40.3632
32.9272
36.5107
33.651
40.881
41.6098
31.7742
34.7469
33.527
44.7939
38.9559
44.6832
45.3131
40.5779
45.7271
37.5964
48.7602
43.0539
42.7425
44.0203
32.3308
48.4785
32.7845
41.9181
55.3919
46.2693
44.6314
43.7609
51.0031
33.8846
40.7597
41.9778
38.2119
45.994
39.3789
34.3414
34.0453
32.3666
42.7576
41.599
39.1102
39.5222
42.0161
38.9649
41.9217
40.1677
52.1302
34.6653
34.6974
38.9736
33.4443
37.5216
38.7086
38.1142
42.5115
42.6052
43.9999
36.2785
35.6976
48.1648
34.2551
36.4137
44.9167
43.8247
36.3663
36.7122
39.4556
40.9208
43.3471
43.6503
38.1787
33.0757
44.9963
35.2614
36.1457
35.3063
43.8108
32.5625
37.7687
37.9519
34.28
47.7003
41.7673
39.806
35.8654
42.3516
31.5868
42.6368
35.738
50.1364
35.7937
37.5498
33.0311
40.1226
37.9331
47.4445
33.4188
44.9621
37.1766
36.6275
38.804
33.35
37.9517
32.2019
41.7686
38.5216
40.2579
44.186
40.7802
38.2631
46.2762
37.6167
36.5475
33.9253
34.3157
42.1657
35.2847
42.5892
36.3868
36.8481
36.2602
31.9248
38.2406
38.5719
34.0969
41.2319
37.5735
35.1191
32.5222
34.0864
42.7383
36.7266
39.7638
34.1305
41.6944
32.0711
39.3074
42.2355
36.343
38.2266
33.4621
41.3765
34.2486
38.2674
35.6305
34.2427
30.9133
38.4546
34.5181
40.2849
35.6871
47.7454
35.321
35.937
38.044
35.6355
37.3343
71.6927
37.2178
49.5179
38.7588
42.5936
35.756
36.8484
40.3063
39.1909
36.6519
42.5817
49.5641
39.8685
31.0637
33.964
48.3006
40.5561
37.4561
33.0108
34.4491
30.3392
35.2103
36.7314
36.6288
40.0669
39.1158
42.4135
37.0801
37.8205
37.3786
30.4766
41.9778
51.7619
38.2114
38.2544
39.0957
44.9293
33.7801
36.6787
36.5665
41.9041
48.4004
47.0934
44.7994
43.3774
42.3251
38.3038
42.484
35.4536
41.9078
46.4008
37.6827
36.8725
41.0102
37.5555
38.3797
37.6852
40.5679
40.7948
43.1126
45.211
38.5966
40.6798
36.5906
37.8222
44.8871
33.1815
38.4676
34.387
37.5594
35.3851
33.519
30.3068
38.1272
36.5532
36.0404
37.5987
38.72
34.9876
43.5135
35.5136
36.9272
48.0638
39.9864
34.2865
42.8481
37.885
47.2625
35.2261
38.0752
42.2621
36.7515
34.4791
34.5773
38.9474
39.4716
39.2704
40.9497
42.7128
39.2012
36.4429
35.6425
44.5207
38.702
36.7529
33.7479
37.6091
36.5621
45.5375
36.9793
44.223
37.1848
57.1705
44.8071
34.7275
37.5158
35.8497
38.0467
49.8899
30.3584
42.5589
40.8967
36.3384
36.9206
45.2349
44.3186
44.0567
45.968
46.2327
46.3602
35.8439
41.3519
35.5221
43.771
37.4132
38.6428
40.6337
37.808
41.9582
41.3725
33.7366
33.6324
36.0438
40.8986
37.4719
37.8426
35.134
39.5815
41.3376
46.3767
38.3674
42.523
41.3388
37.675
44.8187
45.0749
38.2299
34.2364
33.6454
36.8266
35.9867
32.3041
41.3072
47.9837
37.133
40.357
46.521
42.0946
39.4685
37.2111
36.3508
39.5658
48.1064
38.4686
35.4367
38.3146
40.9703
40.3723
37.3832
36.3786
35.4639
38.1285
51.0505
38.8304
41.6296
38.9375
38.0837
39.2688
44.8035
42.2418
41.596
35.1096
44.6543
38.6737
34.2666
37.6251
35.5966
39.8452
45.0279
39.51
38.2689
41.0637
37.6529
34.8711
38.3689
43.7908
40.6732
28.9357
44.205
48.1599
36.3347
36.7445
33.0018
42.7661
39.4624
40.4751
37.5818
33.9926
40.3688
31.7216
41.6388
36.1351
36.4117
41.471
41.1501
34.8352
43.1615
37.9068
31.3712
37.3562
35.4274
44.5406
35.7937
38.3001
38.3079
48.2655
40.6832
37.5864
38.7278
32.2202
31.6401
39.5707
41.5128
36.5238
44.5332
37.4219
47.5856
40.6804
38.438
38.3225
40.6844
41.4933
34.2744
39.3861
32.5435
41.6636
40.1392
41.3524
39.7235
41.3492
41.8947
41.0793
36.8324
48.1525
39.9816
36.4017
43.7185
42.3802
35.2207
46.0071
32.5477
36.1167
34.5975
39.2766
49.5108
47.8306
50.2642
34.1026
52.8463
41.1869
44.7464
47.631
29.7223
41.5774
36.1639
35.5679
37.8607
34.3864
47.5069
56.7163
30.3266
36.7751
36.9626
35.4178
39.7322
44.5369
45.9795
35.146
37.9965
40.0382
33.5726
46.7413
31.6859
44.0551
36.6848
35.1072
38.4499
36.5835
52.0454
36.8353
36.0281
35.4619
37.5273
38.2442
47.2163
38.3386
35.3142
40.35
43.2721
46.2134
32.912
42.6864
37.0994
38.822
36.8023
45.0358
38.5593
36.716
39.7449
42.5062
38.9513
39.5204
43.5849
35.2662
41.3922
38.4644
38.8233
44.191
47.1392
39.9837
36.2645
37.9477
34.5631
33.7598
37.1948
36.2472
38.3857
45.1472
36.5983
36.9484
33.1541
35.2853
39.3168
39.9439
37.9037
40.9718
42.247
43.4278
36.5
39.8084
45.3986
43.4129
48.1963
33.7833
46.8781
37.4453
41.8364
37.0211
37.5738
40.2742
40.7946
41.8096
32.3022
34.32
50.8675
38.5906
34.967
37.8946
57.0274
41.1671
34.5618
47.733
38.9259
42.8428
40.6912
42.8018
41.1252
38.6023
34.1416
36.549
38.9692
39.3113
43.0367
42.1532
43.3433
37.4782
45.2844
37.8038
45.3085
37.2109
37.6182
37.0705
33.0447
43.5354
41.0389
33.3499
32.8374
38.0573
35.013
33.2395
43.6451
30.8303
34.5875
35.0478
35.3221
41.5327
46.7835
42.0001
50.3943
36.585
33.4233
50.6968
50.2505
37.2938
37.9248
37.6901
37.0535
36.1211
38.3859
42.4722
32.8195
35.4101
40.0178
39.8219
39.1537
40.5958
44.1135
38.9972
51.1394
37.5663
35.7522
38.5893
32.9077
45.511
35.3073
38.6356
31.3007
42.6875
33.1849
41.4035
37.7369
36.7215
34.8493
43.5387
39.8244
35.3564
30.9934
33.9864
43.7183
30.8832
39.7876
48.3374
31.8852
42.1486
34.8699
52.1246
34.1071
38.2031
42.3745
39.6707
33.5999
34.7535
43.9496
40.5214
33.4253
47.4232
41.6597
38.5557
48.8144
35.4854
40.1518
39.219
42.3096
36.8732
38.3485
36.998
32.3872
34.6385
37.0408
39.3335
44.7779
35.4578
37.3985
39.373
38.3654
40.0228
32.6744
37.1925
42.86
44.6239
34.928
41.0465
46.0287
43.451
35.3377
34.4627
40.2029
43.4046
34.5037
36.2634
37.6438
38.3113
49.4305
42.6969
45.1408
39.9921
41.9318
34.3299
31.4488
39.86
41.4269
36.9529
49.6545
36.6892
31.6252
35.9404
29.5293
45.7503
39.404
36.0068
35.7652
40.5132
31.6739
33.6899
40.513
34.5902
40.1409
40.8993
39.3862
33.6875
37.5528
43.3598
42.3002
39.2546
43.7626
37.5349
36.5525
46.9239
38.139
44.3028
42.9822
45.5853
43.1908
38.4008
38.3912
36.5374
39.2976
38.177
46.9339
32.5472
33.4681
38.8985
35.7143
48.5187
33.5199
39.3664
39.4382
36.6329
41.9976
34.5437
39.5048
41.6839
42.9443
38.1564
41.6814
44.8214
35.7915
36.1791
43.2318
37.4003
34.0803
45.8916
36.822
36.3752
35.0717
33.3673
37.8178
35.6187
34.9459
39.8794
49.4331
33.596
43.2404
34.8914
32.3942
33.7776
42.7394
34.5682
34.4208
42.1978
40.7415
37.6483
39.0967
51.053
50.238
39.0882
40.055
41.0865
39.7589
42.3796
38.2649
47.4305
42.1475
33.0163
36.727
34.2613
36.357
55.0094
43.2387
38.7214
36.1149
35.2684
45.523
39.5166
39.1195
45.252
39.0031
39.8526
40.2341
36.1758
33.0767
38.1593
41.2004
41.1837
46.3231
32.8196
49.8815
38.2986
43.2358
41.8823
35.1155
42.5753
38.4262
40.8791
40.5325
33.9848
33.7147
41.5074
35.1826
38.5768
39.4699
28.5701
41.791
42.3297
41.6358
34.2577
36.7814
42.8822
47.3067
41.959
45.8587
54.0523
39.7228
33.0158
45.5835
32.7134
45.4457
32.982
38.8813
35.3407
40.0713
44.8538
40.7203
39.8652
43.5528
41.6177
37.5352
42.4803
36.5292
37.0292
38.3544
31.8661
36.3675
37.4744
38.7576
34.1951
38.9739
39.7771
35.2938
39.718
46.8193
37.5954
42.7093
38.075
32.8828
34.7444
39.1062
45.5572
41.0482
45.2273
45.678
42.1316
41.9712
30.5797
36.0879
39.6387
41.0113
34.8909
35.3758
41.0994
36.0319
29.4846
30.1581
35.9909
37.6154
31.7105
35.371
33.3955
43.0247
35.4779
41.5303
34.7869
43.4697
37.2777
46.3253
37.6174
37.6928
41.277
34.2281
40.9766
46.8099
38.1384
36.4791
35.2738
40.9522
40.926
41.784
36.3663
42.9393
35.8909
43.208
41.5577
34.2514
35.6201
37.12
39.1975
32.5099
36.0477
42.9088
30.0086
33.8711
41.0904
35.1817
37.4798
48.199
35.3898
45.1774
36.2588
41.1292
35.5035
37.5218
36.8484
33.8861
38.1768
35.9666
43.7833
45.3699
37.2514
41.3082
37.9675
36.4949
37.0538
35.4152
37.9596
33.5662
51.0883
38.2744
34.5697
36.6315
38.7749
39.4048
33.251
40.2005
41.9472
35.866
36.9313
32.8721
46.9241
37.4159
34.6005
37.4666
38.8996
34.433
34.223
34.6262
34.9728
36.916
42.523
34.6901
46.3457
35.658
36.4151
37.6507
34.1769
38.4781
46.4675
32.846
38.7787
38.9621
40.8972
45.0981
40.4007
33.9736
38.3212
42.9681
37.7183
38.7475
36.3893
38.2997
36.3087
40.799
34.5877
41.858
42.2311
34.4059
41.9251
39.3166
42.1184
47.4741
37.8962
36.6119
37.1381
35.4957
41.8022
36.8292
44.8999
36.1762
40.1981
43.0096
46.905
47.4331
38.9634
31.7142
37.8916
36.1671
32.8332
37.9625
44.219
40.3618
32.4611
39.8374
38.0169
39.8823
42.8287
38.4462
39.4684
42.2611
47.8837
37.4607
35.1473
39.8432
35.0944
42.2054
40.1298
35.8944
48.396
34.4284
38.3008
38.9697
39.8015
35.5746
33.3195
37.5965
48.2263
37.8267
45.8449
37.9484
43.9008
47.3306
36.9083
40.5954
40.4539
34.41
38.4321
41.5291
40.7428
32.8241
39.1052
33.2835
40.2698
51.8364
35.6086
39.1239
47.9076
35.1092
35.8166
39.6191
43.6477
39.2913
34.1213
37.6021
36.3201
30.9584
51.603
35.8726
47.4458
41.8638
37.4898
35.4217
42.5606
37.9986
34.4562
41.3378
42.6258
38.0726
40.4089
43.7503
37.0172
43.8979
48.1785
47.3949
44.4905
32.1535
40.6017
42.0214
33.8878
41.3597
39.5587
38.3316
42.6869
47.4593
38.8228
37.9019
34.2966
45.3944
35.4833
37.9942
38.9901
35.8919
43.7254
39.9801
36.2571
38.1453
28.9487
44.8196
32.8247
35.0552
38.231
50.1671
38.1267
33.6597
46.9395
36.6841
42.5409
38.6288
42.9054
35.8727
40.2433
34.1422
39.8063
41.8671
37.3588
34.5034
42.3339
42.557
36.5389
43.0359
45.7213
33.2892
45.2089
41.9097
46.3335
42.9393
45.0599
41.8343
37.7836
39.214
41.4716
42.4223
43.1979
47.2932
41.1365
34.7367
32.8421
35.7793
34.5164
49.1783
45.9808
47.1506
34.7444
29.1783
46.4983
35.4197
38.4456
38.5917
34.5881
30.7892
39.3463
38.2684
40.4427
46.6628
39.037
49.6133
34.4349
36.3969
38.9824
37.5597
45.8644
37.7865
34.4495
38.8026
39.21
43.5088
34.4495
35.5803
38.189
34.0733
34.6633
33.2859
50.399
33.743
33.4092
41.2508
35.1282
42.9403
38.3254
45.7478
35.1414
44.7191
41.5146
36.4659
42.6608
37.4189
39.5577
41.3351
39.8845
42.4385
37.8595
43.4921
43.1413
47.7985
40.5028
39.4428
40.1461
42.7619
34.4384
33.4566
46.017
34.6309
43.8568
47.0989
37.4807
44.0132
37.1544
38.8686
37.7002
43.7554
37.2631
46.8293
31.4015
37.6593
40.1259
40.4281
42.1231
38.0112
41.4942
40.782
32.4294
50.6423
39.5541
49.7389
36.0941
36.3148
36.5534
42.2998
38.0195
40.3228
33.1641
40.3178
30.5922
31.5243
39.7932
36.6839
44.5764
31.4862
31.6328
41.3208
31.579
48.4426
38.1303
37.1318
34.605
45.5862
40.3651
34.8268
45.3396
37.6459
36.2863
35.7417
38.5443
29.8934
45.2552
34.8027
47.8385
30.4739
40.344
33.1579
31.139
42.1218
46.7471
48.3681
43.5133
45.1071
41.743
32.7122
42.6045
36.6739
39.2821
41.5666
36.2098
40.1067
36.3913
40.6406
40.7456
41.0135
41.6535
36.8502
38.2028
46.9294
38.3273
37.8245
39.2517
40.2658
36.8798
43.0739
42.1637
41.1612
38.5803
36.589
34.0545
37.9422
38.2543
35.8559
39.7155
43.4007
32.0048
37.8974
37.8262
47.2481
41.6558
38.9539
35.9224
44.9016
33.2167
38.2204
33.563
34.8988
41.116
38.7582
33.0409
37.2374
35.5111
40.2458
36.6312
35.3694
38.3711
50.2363
38.8721
38.6926
43.2916
38.952
35.1196
40.0721
35.7284
36.8343
36.665
39.429
34.2426
37.1904
42.6176
39.3242
29.3021
36.4289
36.8053
43.9709
35.8607
45.0797
45.9712
35.0641
42.6941
42.6189
34.6184
42.8459
46.2074
37.2647
35.5016
31.6999
44.5902
43.1592
41.1409
37.7312
36.2367
46.7342
35.7561
34.491
34.0736
35.9694
34.7428
49.082
35.7568
44.1597
44.2297
33.7738
39.033
38.7785
39.231
42.2929
41.7672
35.8768
33.4763
34.506
33.3681
41.4497
37.7432
31.9959
32.9849
38.5785
37.0416
46.0329
41.154
43.7207
49.5611
36.4773
36.1811
40.4279
37.6232
37.068
34.8979
38.0726
41.2131
33.7904
38.5786
38.0501
39.7568
36.7518
37.9465
40.7031
45.3854
40.4114
45.3499
52.0474
35.0769
44.0745
37.9812
38.8862
44.0257
44.4511
38.6785
40.0051
42.9226
42.6606
41.9932
46.7982
34.3172
34.4838
38.9718
48.1757
35.9942
34.431
41.3279
34.9339
33.0967
40.1718
37.7244
37.3438
37.2861
36.1815
35.0261
42.423
32.7021
48.2373
34.4625
36.869
39.883
46.4949
34.9608
50.6287
34.6689
42.6805
38.8146
39.5807
32.799
51.285
41.5858
37.3352
38.9061
37.0187
39.5999
44.7181
41.0293
43.2001
31.1031
36.6849
41.1044
37.4882
35.2067
43.8862
40.4019
30.8467
42.0334
33.2911
37.5514
33.6558
45.6621
35.6223
38.7946
40.492
37.3811
39.4488
37.162
40.3807
38.9381
32.6331
33.9768
41.9697
46.722
38.6006
46.1355
38.2323
31.1905
30.7145
36.6407
34.4141
38.5586
41.095
38.6117
33.7288
39.6374
35.7071
45.1181
33.3365
42.6686
39.1359
35.2421
44.4911
40.7669
36.2145
38.9938
38.3068
45.769
37.7633
37.3664
37.5291
39.4099
32.2027
38.8522
38.329
35.798
32.1151
42.805
37.1357
38.5239
39.6175
33.542
39.6345
42.2857
35.498
38.8096
39.6024
46.3802
40.137
48.062
37.1296
37.1798
35.0408
40.6044
33.4152
36.2208
43.5761
45.6808
34.9295
32.9832
36.7856
41.6792
36.9131
33.1307
33.0785
37.7818
34.2725
33.5871
35.3774
34.4905
43.7804
44.0798
44.8839
34.0187
34.4738
37.1445
44.1628
39.6069
42.1397
37.7006
41.8723
38.3545
34.2938
32.2122
37.4579
46.1214
32.9126
44.8423
38.0792
41.8222
30.4036
37.1948
36.2809
39.486
37.4289
31.7876
35.6199
39.6248
41.2911
39.5823
35.9578
42.7867
44.0898
45.7978
38.9061
38.0303
40.8237
33.3096
42.9176
43.7578
42.0796
34.4798
38.24
36.3382
49.7373
37.5901
38.2681
35.3137
40.1612
44.4508
37.2612
40.0599
41.7606
37.536
40.8398
34.5497
34.2413
36.8922
33.9656
38.9791
42.7886
36.1424
38.8347
43.9318
33.3848
41.0754
33.9609
37.2263
40.2866
34.8366
33.5527
43.7404
36.8298
39.277
43.1181
48.0618
34.548
38.9565
39.9287
39.9771
45.3289
52.7924
41.8724
33.0458
29.856
42.691
34.9795
42.0369
36.3045
40.9457
47.3404
29.3218
37.3332
39.0484
43.8557
49.9459
42.8323
35.9954
32.8178
44.4553
34.9714
37.7606
32.3628
43.5941
31.5568
34.9976
41.1933
31.0179
36.5342
44.4111
34.8881
38.278
33.4831
46.8015
37.0168
33.4586
41.8423
39.0881
39.9526
40.4298
33.3106
35.7791
36.4066
34.6197
36.1345
42.6137
34.335
34.5419
36.9311
39.5971
32.2296
40.0774
37.2061
32.6668
36.3348
33.2222
32.1058
35.2291
39.3548
42.6159
34.3103
41.002
37.596
38.0819
38.0392
40.6541
38.3673
33.5625
35.793
44.382
34.3747
34.8716
35.8787
40.9935
40.5466
34.3373
34.1357
47.5252
40.9517
34.7756
51.1952
43.2903
40.2165
41.9657
37.4726
36.2749
42.1375
39.8687
43.2702
38.8716
36.9879
37.7038
38.5599
37.592
46.642
37.0894
37.8882
34.9349
31.8822
36.1762
34.3233
37.4879
34.5045
47.6185
43.5336
36.9753
40.1902
38.6927
31.857
34.469
39.8276
33.622
43.2048
39.9401
42.833
33.3394
40.0966
34.872
41.5618
35.9952
34.1433
39.3276
44.9976
31.9332
41.9951
43.5314
45.1287
45.645
38.7152
37.4804
33.0504
37.2053
42.5375
41.2757
46.9087
36.9004
42.3669
30.6286
32.8006
33.1295
42.2375
46.4792
40.2064
38.8984
51.5424
34.5085
37.6855
38.9447
39.9186
40.7189
45.6098
37.5037
43.1507
40.738
33.5461
42.5953
36.4824
36.187
38.7552
42.8551
42.4495
41.3893
35.9988
36.4821
31.5603
42.9168
36.5501
38.7105
39.9205
44.3467
31.9874
38.9791
34.0657
47.0189
41.5803
35.3482
34.5221
43.4274
45.2992
32.972
36.5763
32.5735
43.2191
41.4637
36.5783
37.5773
39.0044
54.0801
37.8049
38.9123
40.1574
38.8834
32.8583
41.2627
32.8029
44.2486
40.7967
38.8009
39.4349
39.4635
36.0413
37.8642
30.6522
32.9988
46.5217
39.2514
40.9916
39.1397
37.5655
34.7791
41.3033
41.2802
35.2274
40.6567
38.058
45.6349
39.3144
43.005
39.8269
34.789
33.6201
35.7236
41.3466
31.6976
37.0292
41.8246
35.8865
44.9375
45.9877
35.851
39.2253
33.9354
37.4959
38.4582
32.0711
35.9122
39.5035
36.0569
41.7403
41.0433
42.8596
32.8561
43.8096
38.4634
49.9672
54.074
37.2064
39.7714
42.0013
34.1394
36.6832
36.2466
34.176
37.3492
41.4971
36.2813
35.6509
43.1993
38.1374
40.3339
37.9742
38.8132
40.2687
41.0942
45.895
36.2083
40.0349
36.9875
33.2123
39.4038
39.4729
33.8967
41.832
30.9954
47.5504
41.2235
42.2124
32.2333
32.9149
39.4858
42.1964
37.6985
34.3652
40.215
38.2938
48.7489
34.5318
33.6146
35.509
36.3382
43.253
33.3883
40.7525
35.1268
32.0797
40.4842
38.8259
41.5939
39.2714
44.3319
36.4401
36.9831
35.0665
38.2433
40.4585
39.3512
52.4516
45.618
48.6325
38.5664
37.0884
37.7794
38.8012
35.3062
39.7717
50.516
45.0673
36.2437
37.8889
39.2978
48.7396
36.5981
46.3163
37.6447
39.7995
41.3297
45.6383
36.4535
35.2783
47.4246
40.4686
41.4992
37.5395
39.101
41.2472
42.1565
41.4441
37.3126
39.5301
34.387
38.4624
40.4132
36.8014
38.3606
34.0678
37.6116
34.1458
45.2613
32.9482
40.7017
42.3306
44.3869
36.8657
47.5287
51.1053
50.2362
34.8117
38.8735
37.2628
38.164
37.3829
38.5198
36.6336
36.2728
40.11
44.3446
50.921
35.2375
40.4503
38.0132
37.7493
32.7882
47.7792
43.8739
37.9613
39.3705
30.966
34.1854
36.4178
42.74
39.7755
40.7122
35.2099
32.746
41.3611
37.1589
29.9937
38.5636
38.2946
40.242
35.3567
39.4614
32.7152
41.782
38.5427
40.4168
41.4257
47.0697
40.0863
36.196
37.8644
41.9593
37.172
42.6378
39.5662
42.1788
36.9206
40.051
39.301
23.6916
36.5377
41.2541
34.6416
34.7929
32.1927
41.4535
41.6722
34.5756
35.5862
35.0826
37.0498
35.2054
43.0873
39.6304
41.5024
35.1277
41.3658
43.3911
39.4637
37.5754
34.1546
43.8464
42.5922
42.6331
49.7842
37.9493
33.9898
36.4246
40.7763
41.9426
31.7969
36.6527
37.4113
33.7808
36.2513
39.5982
39.094
43.7463
37.3267
36.3919
43.0949
37.0287
33.4803
30.9503
43.2024
32.6279
34.5895
42.2461
42.4958
42.4165
40.0914
35.1192
36.7316
30.1246
42.1612
40.2094
33.4866
38.4993
45.9704
36.5886
33.3986
46.4073
35.4089
43.0986
41.5086
37.4109
37.1886
43.1533
50.6269
38.2077
40.0125
34.7753
40.0462
29.2045
45.8364
34.9618
42.0663
33.9888
35.1043
38.1468
32.6334
38.5362
37.5848
44.0793
38.2024
32.326
39.2731
40.2533
37.2727
40.4362
40.9381
35.0411
36.2595
37.7371
34.3051
49.0176
38.3451
38.2325
40.1343
41.4687
42.1629
42.8679
32.7967
37.6079
51.4635
33.2663
34.1285
42.2787
33.7912
37.2396
43.867
36.707
36.6574
33.4666
40.5324
43.8976
38.2879
40.1557
38.0271
45.47
50.5565
43.2104
35.3253
30.92
41.6918
36.8382
43.7735
37.8927
36.987
37.6603
33.3168
38.1843
31.9403
43.088
36.8237
36.4303
37.0528
40.8758
35.7794
41.0706
36.5868
40.1141
37.2344
37.4812
41.5061
34.5377
30.8731
49.5431
36.4083
39.6685
36.2139
38.3723
39.1716
34.5359
34.9055
33.082
30.8535
43.5933
46.3492
42.4887
44.7091
42.9386
35.2504
38.828
35.0382
46.6432
45.8337
31.611
41.9515
37.7902
64.3778
39.4813
37.7851
34.7874
42.5187
37.34
31.4175
39.937
36.7464
36.0169
39.5048
41.9612
35.4792
39.5874
40.1392
34.5038
36.6472
37.1502
34.3468
43.6323
44.6206
39.1444
40.9714
35.7444
36.735
39.0482
44.2805
37.7949
37.8283
40.4952
42.3634
55.5522
32.7226
42.3182
37.631
41.1134
44.2376
41.2878
37.3115
31.494
36.5888
44.6284
32.2432
35.3849
46.0393
29.6262
41.0297
29.9239
35.378
47.0357
49.0946
42.7188
45.255
38.3955
30.5346
37.1227
38.1833
47.2259
38.6231
39.6617
35.0733
39.2053
37.6518
33.1786
38.4203
36.8662
43.5821
51.1198
37.398
42.6347
35.5175
41.5151
48.65
36.8025
34.994
37.5038
33.2009
38.4542
53.5615
39.6493
42.8053
42.8379
41.1712
35.8536
42.6656
38.0695
49.7828
38.1203
32.445
42.9401
34.3612
36.3767
31.6718
41.6538
37.0033
39.1943
39.5752
30.5391
35.708
45.5031
37.869
47.8214
43.1591
33.4039
37.4208
44.3882
39.8911
39.6045
32.8659
39.3765
42.2034
32.5673
37.7801
30.6968
41.613
46.114
38.0415
33.6881
41.3183
43.7553
37.1197
42.2699
44.3171
42.8691
37.8816
37.0817
34.6555
40.529
37.6856
41.3349
34.7439
37.2774
43.7946
47.2808
36.9407
36.6453
35.9996
36.9159
36.9226
33.5834
46.3816
34.5983
36.8121
38.7932
45.081
36.519
43.4657
35.6143
36.458
47.9639
42.4402
37.3811
42.4338
46.2923
38.1223
40.4179
36.5861
36.4385
35.9315
37.0574
35.9002
42.1798
37.0822
36.623
36.6476
36.1219
47.9787
47.0072
47.0963
33.9799
38.1643
33.4894
34.942
44.4504
37.2518
38.7581
38.7427
43.1586
41.9293
37.192
45.6799
46.9787
40.8576
42.7295
33.9303
34.1656
48.7443
39.437
35.3024
36.1237
45.4485
41.7444
35.1225
39.0749
41.5077
35.6728
38.727
42.4094
37.0243
35.8764
36.848
45.8348
35.8695
34.2292
43.4569
34.9782
35.1813
38.7293
37.8655
34.7519
34.9957
35.6995
34.5458
40.054
41.0022
33.5557
37.8661
40.5018
37.2606
40.8363
39.3129
45.1097
38.3688
39.4572
47.8334
43.8518
42.5601
37.5854
37.0369
43.673
34.3319
33.5141
37.1321
35.39
39.9432
43.1418
50.1387
40.4553
35.0386
42.5855
36.2794
39.9735
36.4889
35.7189
37.5806
39.0454
36.5967
37.9572
39.1996
50.0675
38.7355
37.4872
38.3988
36.1766
36.9988
38.048
37.6102
38.0435
43.3232
32.6776