43.7336
31.8148
40.7794
33.4059
46.4905
39.598
37.9293
46.2637
34.497
33.7304
37.2937
38.2375
42.5224
30.5352
39.7131
37.8395
35.9735
39.7345
33.4393
36.6063
44.9579
39.4818
36.8215
32.2644
32.4827
35.1534
41.4653
39.8225
40.3976
32.9298
41.8403
42.441
43.031
35.5968
52.415
36.4643
36.9076
36.7982
40.5448
32.7869
35.8158
37.4418
38.5206
36.0684
38.2203
37.528
42.0523
34.9451
37.8054
42.1308
38.2752
39.0922
43.2488
42.37
36.764
41.0125
40.8679
31.5064
35.0154
32.0317
35.6487
43.6869
34.3376
36.9655
49.5595
57.8218
39.2938
35.1431
35.7919
43.3479
35.9466
34.5339
36.1673
42.0955
46.8266
47.8889
34.1371
44.0098
39.4242
36.4251
45.8565
42.3822
31.9429
34.7402
35.9984
36.9424
48.0626
45.0169
40.4465
33.6142
44.7937
44.9273
41.7208
38.0675
40.7224
45.1442
46.0332
38.5485
40.7727
38.7523
33.7005
36.3845
41.6758
44.1264
40.0831
42.7832
43.6809
43.6718
46.5141
46.9468
30.1475
40.2568
37.4417
35.023
35.8694
36.0302
38.9086
44.6439
39.2218
36.9864
42.8265
35.0648
34.0234
44.2109
42.475
39.966
33.5202
35.669
40.3616
41.3803
36.649
36.6979
46.4261
33.9752
37.4866
46.6751
34.6858
44.2926
36.7059
41.4833
35.5171
37.7853
37.1183
36.5633
36.0747
33.7913
45.0701
37.1138
37.4747
44.5484
35.0923
33.8849
37.6635
36.9494
35.0673
46.5811
35.9697
32.1357
45.3099
34.0864
36.8642
35.7946
34.8406
43.6676
35.6615
35.2783
35.3651
35.0276
34.7876
46.7761
37.5474
36.5788
41.8875
31.7022
48.7918
32.4574
46.8598
38.1615
40.3763
31.9935
43.6067
40.8494
32.962
34.3887
37.8263
43.9404
43.5349
35.1867
37.7621
36.8387
39.9021
36.9752
35.8244
43.4259
35.6452
40.5239
41.6604
35.1323
41.8636
36.2383
38.5382
36.3754
42.8637
46.5432
34.0468
34.2272
45.53
30.4468
34.5327
35.2213
37.3312
43.9925
42.0227
39.3823
36.4044
38.1173
35.8811
40.3694
37.9851
35.3269
36.5268
33.1973
33.1562
39.9091
37.7262
41.9042
37.4941
37.01
36.2343
34.1652
37.8224
43.0123
39.6076
46.1166
37.8441
45.371
36.7801
44.673
32.7835
42.8675
41.5507
41.6347
39.325
40.4338
37.833
35.2074
39.0012
51.1403
43.5243
32.9779
36.9683
42.4655
35.7791
42.4094
45.0781
33.4569
40.191
48.8613
45.5745
48.4091
35.2763
40.3672
47.9685
33.2828
35.0317
38.954
35.0764
44.9578
41.626
44.3598
35.424
42.5182
50.1111
42.6525
37.0724
36.8516
38.6508
34.9113
36.9468
39.812
41.2094
40.5755
38.275
38.3925
39.3144
36.6504
36.7222
35.2497
38.9407
44.0243
44.9468
38.2346
36.9843
38.7866
34.4097
34.424
43.4985
46.0556
37.7623
34.1238
37.2385
33.4151
34.4489
46.4465
38.5753
39.9966
39.5631
40.0709
35.6663
35.1388
33.7958
43.2432
36.8108
42.0632
36.9406
40.3352
31.955
37.2701
35.4931
35.2525
38.156
36.7258
35.3131
33.6435
36.9719
41.871
35.8298
40.1873
45.3198
41.673
44.9483
35.4024
45.6682
46.5912
33.4121
32.3447
40.0558
33.9148
42.7201
45.292
42.7901
44.1686
38.5635
46.5096
38.4877
42.7702
39.757
31.8239
50.7825
35.4595
38.7847
37.199
34.4497
41.4477
39.7308
36.6558
40.3945
37.5375
36.2541
48.2854
41.5031
41.2255
39.0311
41.6676
36.3827
40.8755
39.8539
35.2254
35.9493
35.3484
38.4079
40.8526
37.4291
44.2991
30.4413
44.1925
37.9572
40.4221
45.0121
47.8817
37.4914
40.3886
41.4754
41.2366
43.6964
45.0966
39.8972
49.3777
33.7357
36.1376
50.0858
43.5462
43.6453
37.2149
42.7675
40.6939
40.9158
35.7049
39.2298
38.1784
41.7406
37.2218
48.7836
38.8796
35.8938
39.5973
42.0733
34.2246
47.1197
45.1705
38.8952
42.7738
39.5717
30.8465
41.2006
31.6284
38.2304
34.6448
39.3928
38.8503
33.4819
35.6336
39.0288
48.6495
41.2789
34.4056
52.026
34.0968
39.4854
33.6707
35.8465
42.6033
43.6774
37.3608
40.9107
47.6618
34.5031
46.4863
38.9126
39.4473
33.5321
44.8318
42.6847
38.5397
29.2949
37.3165
38.7798
37.3453
43.2627
37.3042
40.2839
35.3866
38.4246
37.7573
39.8033
36.4107
51.3711
47.32
41.7879
36.3282
35.0266
41.5858
39.938
41.7073
43.3312
36.3803
46.6741
46.2803
38.1786
35.647
43.7588
37.4153
43.1829
43.1298
37.2994
39.6441
37.4482
46.0544
42.6413
40.9011
37.2735
36.5132
43.0843
45.4034
30.4857
37.1526
41.6532
30.804
37.8315
42.453
34.0678
33.2464
45.1627
31.7052
38.8677
44.5214
41.4588
37.2041
35.5076
32.4209
39.4098
44.7897
34.8255
32.5805
39.8856
45.3452
41.2417
45.7351
39.2065
33.508
33.3166
40.9703
42.7053
41.6217
47.7825
40.2006
35.0336
39.9803
38.574
40.592
37.173
35.2549
43.2832
32.9334
49.1714
37.8739
42.2387
36.8655
35.534
39.2927
46.5786
41.5871
41.8511
35.9327
42.4386
40.8559
38.96
49.6149
31.2849
34.3219
35.256
31.9791
39.4435
38.6135
46.1826
38.5342
35.4937
43.1207
43.4456
41.3612
49.8407
32.7591
43.0276
36.6331
36.2989
40.4188
41.0897
40.0495
35.4978
39.7384
41.6749
50.6102
43.3534
37.1678
36.4982
39.7827
39.919
36.7939
42.9111
32.2807
39.6948
37.1064
37.5087
45.8082
52.2913
45.6
39.8949
41.2009
37.6834
41.6352
40.5677
37.4361
32.8075
36.2095
36.9628
37.4481
33.9214
50.0508
48.5037
35.4933
42.7569
38.8497
40.9535
33.7914
48.9292
37.8629
37.4463
37.4309
39.5415
37.2536
41.4963
35.2762
38.2134
38.2137
49.7317
38.2289
49.3457
29.2439
32.1793
36.08
38.7308
37.9996
39.403
43.6992
38.1038
43.2323
37.7534
31.3114
36.9788
39.538
34.7272
40.0679
38.7795
36.4844
37.9974
34.1048
39.6734
36.2824
36.0444
36.3999
41.0702
37.6641
33.21
48.1263
37.6201
41.2599
41.1611
34.0299
37.127
36.3657
40.7776
44.4914
36.9397
34.4824
35.3846
35.0843
37.7511
33.9968
39.4496
36.8695
41.7247
36.6305
50.5122
40.7014
44.7794
37.7006
33.3599
39.8995
52.849
32.3703
37.7161
40.1642
36.0009
42.2983
41.5551
42.7561
35.8396
39.0667
39.6683
33.0564
39.3942
40.005
38.2684
37.8245
46.4314
37.9411
39.3902
35.0894
38.9125
39.3155
34.4152
34.1775
46.4818
42.5277
43.1137
37.4598
38.8397
48.152
36.6329
37.9509
37.9045
36.9632
43.2485
35.3338
37.7215
39.6736
35.1478
46.5437
44.1176
34.8847
37.6101
39.5426
39.0983
46.787
34.6584
45.177
33.7508
34.2453
33.6063
39.5889
35.3061
35.0801
40.5142
42.7742
39.3031
34.9949
34.4642
37.6429
38.9504
40.9452
42.7326
43.699
41.2909
45.6967
41.0198
34.0876
44.4852
46.4803
41.6423
46.6195
40.9613
35.3434
46.5725
44.991
35.2703
41.3084
47.8475
36.5496
37.4219
36.662
37.5825
33.8896
33.0304
40.002
35.2496
33.9419
41.7258
40.6403
34.2645
52.5608
36.378
39.9795
33.0303
35.5138
41.0538
43.8075
41.7253
38.2242
46.5245
37.9023
50.0149
40.2173
38.3234
35.4977
44.5834
41.9456
34.8588
35.0834
44.64
36.5168
38.0237
34.6317
36.0131
32.8739
39.0838
43.9986
31.2281
37.6366
38.1707
30.0078
37.5287
37.9698
38.8543
33.7531
40.4147
37.0434
43.8157
34.7174
45.959
33.3394
39.2018
39.9954
33.588
35.5027
36.8454
35.4035
41.6044
42.8801
40.0727
44.4907
39.0619
45.3701
40.1771
33.8965
38.0838
42.2509
35.9891
43.0404
53.8394
31.5792
38.5044
39.9895
40.6732
56.0708
33.8311
34.2303
46.743
51.9019
39.5173
36.2921
39.6607
34.2111
43.0283
38.7924
39.4562
50.3854
38.752
33.7113
44.057
44.1469
43.2218
34.6376
33.5089
40.792
36.3164
34.1706
32.6041
46.2182
43.1839
35.8832
34.1719
43.2956
32.5166
40.8827
35.5812
32.4279
43.2804
42.9078
36.6989
39.047
44.9197
39.1367
40.3195
45.6361
33.2962
43.1143
37.9186
39.8339
36.44
35.2723
49.9819
36.4352
35.9629
41.4135
35.3376
35.8689
38.1774
44.2596
44.1724
47.0401
47.1172
36.8049
40.1222
32.8744
39.9421
38.6607
35.0519
38.232
41.5798
46.3933
42.215
39.9145
36.1516
37.1514
49.3523
39.0103
43.4499
39.3164
50.1368
44.8192
49.5522
49.3113
34.5306
42.7176
40.034
32.5421
34.9903
40.6227
41.6247
39.9734
49.6927
38.2529
36.6953
35.2873
35.5701
32.5255
42.7465
35.5461
39.1631
35.0789
39.8508
47.1926
42.7554
40.57
47.5675
43.6852
34.8039
36.3276
33.8252
42.6799
39.525
42.322
43.5758
37.6463
46.4212
34.8747
30.6099
44.4468
41.3443
36.2235
38.0572
42.6233
49.8124
41.8049
30.3574
48.1936
41.8636
40.8504
39.5159
34.7073
40.5558
39.3851
45.4647
34.7292
42.6917
37.4811
54.166
40.7683
44.4612
36.7172
33.0137
31.2956
35.6873
34.9308
43.6328
31.2683
40.2557
49.5068
36.245
39.2843
43.1596
34.6577
39.301
39.1433
37.5437
31.7467
38.494
43.5192
35.1357
44.9177
39.6071
31.3722
43.5992
37.3543
35.0616
37.2933
47.6336
43.1837
34.3154
39.0037
35.9971
36.742
45.7172
39.5928
41.181
36.9047
36.3796
41.164
36.5744
39.8622
37.8763
44.9031
38.3426
33.1438
37.0081
41.4896
42.3349
30.7869
43.2119
39.8292
34.6491
47.2746
34.595
38.1863
36.3815
39.6611
39.6441
38.075
40.0435
44.7359
36.2102
38.0508
36.3764
40.2027
46.0503
36.7684
45.0881
33.6614
36.1017
46.386
33.1333
40.063
40.7045
41.128
34.1957
35.0617
35.1198
34.5681
38.1745
39.3558
35.8899
49.7653
48.2442
40.7399
37.3904
37.0877
38.1738
38.2803
36.5491
42.8883
37.9316
47.8422
50.099
49.6761
45.0073
34.3455
42.5508
37.8283
38.3487
54.8073
46.1747
30.4845
35.7928
36.2257
34.8968
38.8186
34.4845
37.7559
35.5313
37.692
41.5501
33.0611
42.3511
35.9588
34.0772
35.1963
40.9772
39.0884
41.4592
33.6643
36.8089
44.6934
33.2888
41.8321
37.0982
38.9829
38.4566
41.9521
36.5049
44.2888
52.9952
41.0949
37.772
38.4057
39.1575
34.3197
36.16
36.9713
39.6644
36.0343
40.5397
39.4702
38.0617
45.1188
37.3189
35.7112
40.4773
34.7393
35.3506
33.9099
38.988
36.5515
35.2939
37.9402
36.1298
40.0952
39.6215
37.7107
32.6813
36.1218
33.2455
41.1903
43.6265
46.8091
41.5324
35.712
35.5009
42.7645
39.2815
44.0604
43.6195
37.2613
42.127
42.9766
33.7977
39.4052
42.5617
46.0885
37.6272
33.0686
39.7295
42.2072
42.5703
33.6133
38.9964
38.9466
42.8418
34.9466
35.5635
43.1724
38.2583
31.3005
34.7621
45.426
42.1454
38.7276
58.0707
44.7478
41.7157
38.6977
48.8092
30.0794
45.9399
37.0285
36.6995
41.1678
32.9161
36.2167
37.5758
43.7289
33.3996
40.4954
44.4038
38.9598
32.53
35.3804
37.1616
35.088
40.7276
31.9667
40.4922
47.8074
35.1349
40.6495
33.5358
36.4247
35.0997
36.7558
40.4307
39.5304
36.0911
32.8315
41.1873
42.1119
34.4184
36.9796
31.5507
39.9523
34.2404
44.0011
40.9486
40.1156
41.5502
35.5127
35.2492
36.7606
41.0002
38.3676
38.2131
35.1984
32.4609
36.1921
34.9015
46.2862
40.1196
35.4131
34.15
34.9304
38.9745
43.4996
29.82
41.8426
41.6264
44.9983
45.5763
35.8652
35.6625
37.663
33.9263
34.3754
37.9264
34.1183
49.441
41.0648
36.393
39.0101
35.0413
46.9554
41.2107
35.7963
36.7043
40.3513
31.6809
38.4904
40.1214
35.7165
40.5305
39.0952
37.7362
34.0919
47.8328
41.8278
51.434
43.3364
40.5818
39.4416
39.8938
50.5729
34.0163
44.948
34.6318
38.5294
47.8207
41.7008
34.7953
33.962
38.7156
37.9894
36.6846
46.6371
44.9923
51.8252
29.2136
45.7149
39.3528
39.441
38.4893
44.6964
40.3233
35.3866
41.3356
36.7856
34.279
41.2351
38.4448
40.4673
39.305
30.4498
37.9554
38.6645
36.3225
42.677
37.5961
28.7736
35.3909
36.8937
42.5512
49.1673
32.6809
35.8099
37.5424
37.3305
37.2878
37.9422
41.1327
42.0188
33.8615
42.7238
34.7361
37.6519
38.9842
33.5687
38.5777
40.4366
41.8749
43.5461
38.4213
30.3808
38.7986
37.2632
42.7181
35.8036
41.7077
50.9682
36.4527
46.6456
33.9619
43.1497
42.141
42.0044
39.4908
37.6235
34.4861
43.7722
34.0532
35.7966
42.5982
37.5921
37.9059
37.5942
36.6928
43.4469
37.687
36.5642
36.5029
35.484
42.1544
46.9459
42.1601
36.1995
43.5123
33.9137
40.6833
38.7445
41.6989
60.1638
43.1224
35.6373
46.9325
40.6199
36.3835
40.444
44.1081
36.0703
35.1547
50.1424
37.3537
38.2166
39.1651
34.2466
38.0886
35.0517
39.6496
39.6138
37.3761
35.02
39.2968
35.1661
33.313
45.46
36.8072
38.6484
32.9829
49.3601
35.591
33.452
40.9675
44.4727
37.9038
39.6497
41.523
36.3422
36.1346
39.7694
46.0722
39.9164
41.6959
43.1523
50.0052
35.3249
44.2209
40.387
34.6631
37.5122
41.3775
38.3741
37.1572
37.7581
41.9217
34.4327
39.0528
37.2602
34.8924
37.7866
33.3584
32.0491
38.7518
38.6741
37.6006
36.0857
40.3068
50.745
34.5886
48.1355
50.7722
42.9328
38.7146
46.7204
38.9075
42.6507
31.8103
33.343
44.0066
46.2702
31.2451
42.5572
47.5111
35.8367
53.9894
42.6346
41.2037
41.527
38.9542
34.6028
39.8284
36.7656
41.5464
42.0905
41.3253
41.0038
40.6798
40.8963
36.9744
37.2471
39.0223
38.4466
43.8147
41.2703
43.4662
43.6036
33.1759
36.7276
39.6801
36.6894
50.114
36.1809
37.9481
40.5207
34.2283
40.7084
37.1103
38.2801
31.7789
40.954
34.2751
37.4785
33.5351
40.2964
38.0488
34.9722
34.9526
44.2906
41.6357
32.0608
32.6156
39.0219
44.8523
49.587
37.3265
41.326
46.7906
32.7331
38.6115
49.6455
38.6239
43.6645
35.5124
46.2715
37.0621
37.5923
40.0744
40.2147
38.2398
35.3777
38.8811
50.323
33.6598
38.2099
35.4038
38.8253
45.9836
42.4083
38.8222
52.3533
36.562
46.8795
37.9102
49.8719
33.8369
42.0821
37.3516
37.9457
41.2001
42.488
40.7739
43.3715
46.6058
30.4681
50.7382
41.8342
34.4346
43.6605
36.5648
46.4725
37.1305
36.6108
45.0069
39.9994
35.2074
36.2492
35.0808
39.5234
39.8672
40.7981
43.0821
35.7699
57.9486
39.6134
35.5289
37.7958
34.8438
39.0338
39.2789
39.8791
34.7343
35.9246
36.8608
41.8055
48.6816
35.9247
40.052
34.185
53.3176
50.9654
42.2066
39.6774
39.4068
47.257
41.1508
36.8379
32.1382
38.3389
36.7614
40.8256
40.5777
43.9225
37.9697
40.6269
34.4157
38.6127
41.6002
34.672
38.4283
43.7495
40.7159
35.2901
33.9172
35.158
36.8036
38.2147
36.2704
38.9591
48.4555
36.4408
39.8413
37.35
37.2107
35.517
54.3515
43.9824
33.4995
45.2853
33.459
33.378
42.0046
37.1339
54.633
32.7264
40.8987
31.2328
42.2739
47.9864
39.4447
45.4489
41.4025
37.8523
39.9907
33.997
38.4357
41.9611
33.9938
38.9623
37.4238
43.0374
35.0166
40.7565
36.6697
36.0738
42.0955
39.1104
38.7067
36.1602
39.9339
43.2268
46.569
39.7583
39.9838
35.9833
33.705
38.9906
37.7317
47.7652
37.3156
40.3194
40.714
42.4874
38.0132
42.9358
45.4708
47.8845
42.5023
41.1069
32.9548
42.6643
35.4256
45.0095
39.4996
33.8499
41.4359
35.0384
38.1264
42.3524
40.2531
33.5254
35.1769
39.9316
41.0238
41.4547
37.3656
39.4393
45.4879
33.8422
39.704
33.1683
43.7602
32.4716
39.1111
46.902
35.178
49.3678
41.2544
32.7949
36.3288
35.7354
33.7647
42.2626
34.2715
39.2628
39.2021
39.4049
37.9277
34.3602
43.7294
35.779
41.4243
33.742
38.2945
41.653
37.2561
32.2421
38.1665
32.6674
35.9067
38.775
36.7526
48.4822
39.9344
37.6684
42.5045
44.4214
36.8232
39.8126
33.9769
48.0565
38.1062
37.868
34.0953
35.4555
37.0547
42.6643
32.7859
39.4557
36.5109
41.6246
31.5436
32.2233
41.8236
41.4221
37.939
39.6484
41.5829
37.9333
30.2366
40.1907
42.6391
49.2013
34.555
34.6618
37.9321
35.7287
36.9032
45.3898
41.0831
38.2066
44.8705
34.944
41.5315
33.2745
36.7972
36.0862
33.2229
46.2375
41.0457
37.3005
46.9312
41.6693
38.269
40.203
44.4905
33.9762
43.6863
43.4156
51.3189
40.2977
44.7253
42.8433
36.7368
40.8634
37.842
41.5455
43.2602
39.2684
45.6501
45.2031
41.1719
37.4095
37.5839
34.7053
34.6268
35.2725
35.6791
33.3179
47.7869
43.6938
39.1021
34.6183
40.4717
35.4605
35.1159
36.8056
37.0591
32.9554
37.2437
45.7823
43.0418
38.2395
38.8626
42.9263
36.6871
49.7212
39.4166
33.5185
43.2836
43.0548
43.8097
40.0535
32.2565
39.5227
40.9079
33.4881
37.5836
38.9213
39.6918
32.9861
41.8175
35.4562
34.7085
43.492
46.8056
38.6266
39.2257
34.8981
35.9332
39.3659
36.5086
45.8882
40.0159
42.9762
45.6491
37.1303
37.72
45.4573
36.144
44.9067
35.2771
34.9441
45.5414
39.347
42.174
34.2496
41.8155
43.5175
32.6046
40.6546
35.5543
39.0101
49.4294
35.8416
31.1913
48.6806
32.2672
33.7662
43.9485
43.4659
37.0993
35.51
37.7356
40.6038
41.2337
42.7595
41.601
41.841
37.1817
44.0972
35.1341
36.7456
37.4804
39.5521
45.893
40.0612
32.3172
42.7014
43.3348
33.0236
39.3883
36.3463
37.5035
41.4786
42.2982
43.3172
42.8982
52.3143
37.7949
40.2158
30.186
35.192
45.3909
35.563
38.5079
32.5821
34.965
37.5349
34.6777
45.6407
35.9586
37.5851
39.0708
38.344
44.247
38.9276
56.2879
33.9022
33.2666
39.6418
35.8052
36.9478
32.8563
36.9243
32.5657
39.4904
36.566
48.0529
36.7624
41.0684
51.7039
41.4555
41.365
39.1154
52.2421
44.7217
42.4069
38.7653
45.9345
35.0163
41.3531
39.2261
38.2207
43.2542
42.6349
32.9014
40.8181
32.5356
45.0034
36.69
38.9224
34.5855
32.2276
42.8129
46.3343
43.6732
36.3415
37.8301
36.3668
37.0807
51.39
37.4246
35.9748
39.1321
43.7207
37.7063
39.2883
39.1566
41.3633
34.147
39.4147
40.9193
39.3207
39.4412
50.1526
35.7618
39.5535
34.9967
39.6039
41.2903
36.2511
41.2419
35.1636
35.2909
38.6142
39.7418
41.6285
48.3833
43.3122
40.0579
40.5498
43.6592
39.701
42.0029
41.2551
37.3261
32.2382
37.1729
31.0485
32.3475
36.7416
34.3273
38.8149
35.8001
41.8352
38.3769
42.7607
48.2949
45.2936
46.7915
41.5487
43.4048
31.1887
41.2588
37.5899
39.4829
46.6838
36.2663
35.3974
39.3655
35.4017
40.113
41.367
46.4392
38.2584
41.7098
49.357
36.1916
36.3691
35.7792
40.2199
35.9568
36.7962
36.6652
48.9416
41.1403
38.6541
34.6879
35.4647
38.6231
40.4674
44.306
38.7779
41.403
42.0604
43.7642
33.2937
45.5995
37.2613
46.2312
35.3557
42.4524
37.3768
41.3732
46.5507
39.2276
33.3792
38.235
42.7176
40.2143
43.0533
35.1723
35.1806
33.8692
31.4287
34.8369
43.0475
44.0231
34.8304
31.9068
41.2474
37.0575
40.4588
53.5791
41.5901
33.914
35.9244
35.7192
40.8134
35.677
45.8075
40.7574
42.187
53.0402
39.0863
37.1338
41.6398
40.5296
43.8927
36.2854
41.5564
38.7504
40.2676
35.3103
38.1967
41.8002
36.4854
43.5387
41.8
42.6964
41.8492
40.2205
41.6026
41.6943
37.9044
39.5745
35.2167
39.8895
40.148
41.8688
35.0384
41.5715
35.9542
39.4445
56.0378
37.8567
48.6726
41.1773
40.2688
50.6437
33.6501
37.9097
44.2369
37.8715
39.0273
51.7095
42.6207
44.6963
43.0368
45.5471
37.5083
42.9129
45.4064
44.2668
35.2934
39.0887
40.3178
40.0313
41.1345
38.1097
37.0145
40.2176
50.1497
43.8054
42.8955
38.457
37.5904
36.8652
41.5019
40.3339
34.1578
41.849
41.3369
39.1013
43.3776
42.3919
33.8659
47.2217
49.0616
37.8626
42.7605
35.7209
40.2544
41.9931
32.2456
39.6682
46.7163
45.2172
30.5651
33.2746
37.5196
36.9054
40.1688
39.3529
42.7801
38.2389
41.9159
37.8301
34.0018
47.4581
41.1675
34.9159
44.9742
45.836
37.8436
54.8823
38.7213
37.8255
33.4702
34.2771
37.5065
40.1492
38.61
34.5712
51.5443
45.0886
44.7521
43.7235
33.8562
36.3624
38.4724
45.7432
37.1664
34.4581
39.4706
37.2668
48.7027
41.3135
40.2726
37.3325
33.0623
40.3856
35.6533
40.2563
37.399
38.8644
43.7841
45.3502
32.6399
37.0399
35.9503
37.3334
37.4914
40.6352
38.9836
38.0715
36.6365
37.5432
47.3076
42.3996
39.825
41.455
38.0509
31.7804
33.661
41.8713
37.3518
33.7407
36.0514
36.6045
43.1261
51.9981
45.7431
39.4183
41.3659
43.7207
42.2595
37.8058
41.3165
35.3432
43.785
39.4887
36.832
44.165
31.6505
37.7946
38.5723
37.031
32.8853
38.034
39.9494
39.928
39.3951
37.5438
41.8953
38.9875
38.8238
45.2789
40.1199
38.4017
34.0816
36.8277
51.3718
36.4657
44.5175
34.9013
34.6057
35.428
37.764
45.7301
51.9805
38.7512
42.7151
43.9378
38.5012
43.9195
41.1303
34.6564
45.1725
46.1193
44.8779
39.403
40.4009
33.6194
31.3404
39.3201
36.9203
36.7186
47.7265
39.3976
40.201
37.8383
35.2587
41.1475
31.4323
36.8717
42.9876
40.5468
53.2885
34.8013
35.3556
39.9545
39.6865
37.2112
34.7647
49.9303
45.1338
35.3339
36.4365
38.5451
41.0433
31.6862
46.1156
36.7551
34.3583
39.3684
36.564
41.3398
39.603
48.7159
37.3954
40.3284
32.3461
39.2686
40.8257
39.2372
31.8312
44.9146
43.2972
39.4246
36.0188
33.5806
35.9015
33.0045
40.9787
42.6422
35.6833
42.9681
35.4361
42.6088
39.1289
41.8709
44.9968
44.7691
37.9711
34.7907
34.6577
44.742
35.7789
42.3389
36.291
39.3571
41.4923
39.6699
38.754
44.9323
41.748
39.2046
32.1033
37.7854
43.8801
44.5768
34.444
40.0437
41.3293
40.3677
38.7448
35.5945
39.7721
35.7283
35.273
40.7637
38.5579
32.9112
32.7525
37.8822
43.6097
32.5163
38.9247
38.0277
32.7712
39.5449
40.4803
34.3591
39.1336
58.3554
38.8506
34.628
46.3344
38.6121
37.2781
51.4332
32.39
42.9631
38.5033
46.6622
34.5868
45.6977
39.5448
38.3187
40.0589
33.0749
38.6227
40.8848
37.7981
37.0398
41.8915
33.528
47.1727
38.5909
35.7793
37.3098
35.0383
41.2938
53.7096
35.2675
32.9997
32.3942
49.8118
41.4739
40.5868
44.5841
41.409
40.2637
44.5124
37.136
38.3542
30.2305
41.045
41.1951
38.5885
35.3151
43.5404
37.6582
35.6449
38.7239
33.7294
47.3927
35.2311
43.2647
33.6131
35.1603
45.9135
40.7522
37.3959
40.0272
31.8608
35.5521
42.8427
37.9741
40.4446
35.6609
43.4989
41.3532
38.9021
49.0523
36.9895
32.5279
33.896
39.819
46.3775
45.0053
34.5281
33.9419
42.2733
37.9861
34.5253
31.9328
31.0818
44.0994
40.3355
49.4555
36.8714
39.1026
38.5677
39.2232
39.2368
38.214
34.8858
36.0362
45.6217
37.9034
44.6607
39.1356
38.7049
37.9891
31.9287
42.3125
40.3698
37.6666
40.4617
44.2373
38.8903
37.6634
49.7249
36.7457
40.3814
37.7059
40.8679
33.0858
32.3581
38.4227
35.9816
37.1678
30.1372
46.3805
37.2388
52.638
34.011
33.4368
44.6859
41.1849
41.5079
38.5297
39.6715
43.0948
38.8929
48.0583
33.4379
36.4283
37.0436
47.5589
38.0517
35.5353
37.8614
43.0559
38.7791
34.1484
45.2336
42.1422
42.1229
37.0865
35.484
43.962
53.3182
38.0234
39.8675
31.4994
35.6546
46.9026
46.6455
37.284
37.8485
45.3579
36.147
40.6448
42.6612
42.7232
42.3821
47.3833
34.8414
51.1256
40.1888
38.8812
40.0732
31.4305
36.9919
44.2316
35.6733
36.8885
43.6885
37.4196
39.7579
33.75
43.2725
43.7382
39.2757
35.2895
39.3505
36.2647
34.1818
45.4642
38.1788
40.6281
38.5123
33.8886
33.1757
32.9004
38.1905
42.0387
32.0608
42.4162
34.5508
53.5357
38.4859
32.5645
41.8908
35.8408
38.2834
33.0328
40.9524
39.1754
48.8415
54.3591
44.9683
33.7536
39.8587
42.2312
39.4952
37.5555
37.7387
42.2399
49.4031
39.19
37.7006
47.567
39.1268
44.1688
34.4156
37.068
48.4322
34.854
38.1311
35.9583
41.1081
43.3511
43.0738
48.9754
36.451
39.1121
36.4162
35.3111
33.436
47.34
39.4073
50.5569
43.794
33.3913
41.7394
40.3265
38.2933
38.4951
45.4028
46.404
45.4781
37.1957
41.0178
41.7402
37.6471
33.9185
41.2686
35.5958
32.8445
40.2258
41.1142
46.7268
35.1606
31.5955
41.7069
50.9881
41.9512
40.4081
34.2583
40.1974
48.2491
37.6301
36.6654
42.2524
44.2792
39.3241
38.376
38.16
38.0545
35.9359
38.1804
43.2352
52.3202
38.7419
44.3887
44.8399
39.8839
39.3956
33.7579
41.562
49.6869
40.5736
42.4702
36.8418
37.5501
36.5826
41.9419
39.8509
42.7666
37.7068
36.8998
45.2421
35.3283
42.4111
39.1391
37.3629
45.4189
40.5582
40.7724
39.448
39.9077
36.618
35.0713
39.1775
35.6898
43.2862
40.3559
44.6075
46.6199
38.168
35.6844
38.6174
38.637
39.0872
35.1116
31.3872
50.7409
44.4103
32.6421
35.1576
36.7843
34.1052
42.3477
34.8443
40.3564
37.1333
45.9633
44.8046
32.7099
38.9505
42.2892
37.3588
36.8165
34.5199
40.6583
44.6922
32.0387
34.8216
50.5115
42.6957
44.1963
38.6831
34.3964
35.3106
40.0891
45.9501
55.8336
38.0126
39.8365
37.4643
46.2211
36.4491
33.9356
38.5487
37.3345
41.249
50.9213
34.406
37.2939
44.6786
30.5402
35.5364
38.7705
34.2099
36.0413
43.0541
37.9827
35.0466
35.0771
34.3483
38.4057
35.9951
37.8126
37.7582
35.3295
37.7063
41.2042
37.2809
44.3528
36.1265
38.5651
39.5545
43.5729
44.6394
37.8338
42.4039
43.5284
38.7309
44.0287
42.8105
38.0143
37.7384
34.0401
37.3969
41.2394
36.7104
53.4111
45.4664
41.9019
36.805
38.3129
43.1567
38.1554
36.7599
36.2896
41.9198
45.8375
34.3282
43.5155
37.0886
39.5536
41.6639
44.8838
39.9898
35.3848
38.7919
38.2384
47.5075
31.7775
53.6121
34.4233
35.2326
32.7731
41.4108
32.2859
45.9713
43.571
35.9497
32.4787
37.1925
32.8467
33.046
35.28
39.8031
43.3131
37.9404
39.6635
49.1059
32.6572
36.5687
38.3914
37.0214
35.9898
36.2658
33.7843
37.553
43.3238
38.1087
42.0902
40.3133
37.1712
42.2932
41.7163
41.8793
46.4558
48.1888
48.0606
38.4564
41.8543
32.0163
39.8868
49.9081
34.9622
34.1309
38.1615
36.9538
40.2916
39.5442
35.5216
36.474
36.8045
41.1664
43.643
45.1034
44.2442
41.5438
33.6107
34.3381
52.982
45.5524
34.2536
41.5173
39.3559
33.5193
35.2582
37.7685
32.2924
39.8943
34.362
44.5807
45.195
40.5703
41.0537
38.0613
37.2801
37.2987
40.5807
36.9057
33.887
42.7852
41.0928
41.6387
43.3332
38.4491
45.7806
32.4129
37.1145
35.8612
41.5713
38.2559
42.6306
36.4001
45.4144
43.3881
38.0678
40.1169
37.5138
40.3719
53.6621
41.2797
37.6393
39.9539
44.9568
45.3538
50.381
39.3703
36.4361
43.4558
35.6598
37.3521
32.05
35.0035
39.1684
42.1841
37.5489
36.8528
43.5269
36.8717
35.694
43.6547
40.6981
34.8755
39.9761
34.8383
36.2419
50.0682
34.218
44.5413
39.2349
39.7854
40.0187
36.8861
42.5559
33.1945
33.8621
36.8341
40.3216
42.1588
32.6487
38.0448
40.4439
31.3102
44.0999
39.4712
39.9062
35.3082
40.1255
35.205
42.1973
48.6385
37.0218
43.6681
47.4664
41.593
44.076
39.7868
54.8898
38.63
38.546
42.2492
41.2908
33.945
41.3839
33.2481
42.2315
36.7618
38.1369
31.1726
32.5192
35.4792
40.9071
44.4471
36.4996
45.6147
36.782
33.3245
35.3523
46.1424
37.7349
39.0281
48.3987
45.5659
31.2137
41.1431
32.7437
37.5639
41.9985
44.1125
52.3846
38.2447
38.2782
37.3107
32.9521
37.9503
35.4681
42.3819
32.7876
42.4089
37.1394
43.9335
38.2726
41.8662
41.5782
43.0362
38.7739
48.9638
34.7013
37.3071
41.0909
42.9215
43.891
37.0086
47.1965
36.9378
39.7995
39.3236
39.8409
39.8767
35.6502
38.1221
35.7224
40.0522
37.7311
43.0354
47.7948
40.1133
43.639
36.4662
38.857
36.7948
30.8324
36.8158
41.4396
40.0337
34.5093
44.7892
37.7474
52.4722
39.8557
45.0464
40.009
32.7969
41.5071
41.8094
35.9153
35.0115
38.0687
40.2019
43.7544
38.4069
40.2167
36.607
41.1913
39.0789
36.3003
37.2433
44.9939
37.4433
37.1595
35.9085
40.6986
34.5326
37.211
37.2667
35.3225
45.9186
43.6166
42.1034
37.7643
41.5639
40.0241
42.7667
42.3332
50.1295
39.5584
40.7356
41.5758
39.9112
44.6946
40.1685
36.5843
43.1026
36.5257
47.8646
30.7808
33.2863
41.4749
31.8759
35.3901
44.4702
46.5221
33.8518
45.3312
36.8341
30.8916
44.0351
40.7581
37.6361
39.2739
44.6811
42.9493
36.5495
36.8152
43.1436
35.4253
36.5157
38.3152
42.4418
40.535
37.9334
35.575
42.6419
35.9086
35.5307
40.439
38.9486
32.6829
34.186
39.6723
44.9938
35.8666
39.7713
36.0652
39.0793
39.3403
36.6266
48.0559
43.7159
32.5263
38.5369
41.9758
44.3132
40.5463
39.2136
34.7453
40.7135
44.0224
36.6463
44.4448
42.0935
35.7751
41.3039
43.8579
35.5738
45.3635
49.1889
36.1299
40.8601
33.8305
36.6441
34.6114
45.7923
37.9103
38.0953
34.76
37.0586
41.3409
34.0763
36.939
40.9416
39.7497
40.2262
34.9696
35.4124
35.5875
42.0524
39.9063
39.1895
33.9102
45.9999
36.9177
40.5844
38.035
34.2043
39.0109
38.5541
37.6839
38.0562
39.2671
43.0836
40.7186
38.9665
38.092
38.7808
32.7482
40.7144
35.1888
46.0272
39.4681
32.8816
36.2015
33.9826
34.6603
39.5554
31.4652
35.2641
45.3601
42.0669
36.9446
34.6325
33.0537
32.8329
42.7128
40.1344
39.1676
38.9996
35.9777
42.1801
45.3658
42.1608
45.5149
36.4342
36.3688
41.7437
42.312
42.2455
34.3561
49.696
35.9252
31.4525
39.0444
41.4631
37.9291
40.914
38.3172
36.9353
38.0676
43.0046
46.6647
36.597
31.3809
40.5418
46.4844
39.7727
46.2034
34.6125
37.4867
32.4969
34.6503
37.0269
34.2584
41.7455
42.9008
43.7628
35.5798
46.7072
49.1038
36.3862
41.2082
36.1777
46.4628
38.5433
43.0503
39.3878
46.9112
40.7981
31.8849
38.5141
36.0959
38.4733
39.4496
35.9967
36.4181
33.262
37.0774
42.5013
34.6518
42.5808
34.4759
38.7052
38.4778
44.4006
45.6512
40.0858
39.0795
35.8779
39.6718
38.1551
35.0701
46.3404
38.6284
34.4366
37.5068
37.4661
40.3911
38.8043
40.7849
33.6918
40.6283
43.9771
33.7498
35.0796
36.0574
36.3926
39.7852
35.1152
50.0676
31.2734
42.4104
36.2219
37.5739
41.0016
37.2859
34.7134
38.5692
40.73
37.9463
48.6928
42.1402
40.2981
42.7934
42.2469
46.1892
39.7559
38.7839
44.8091
36.1124
39.7388
36.9519
32.9677
36.2938
45.8195
36.4157
31.4881
44.279
39.977
38.7774
45.0779
36.9062
47.2022
41.8476
38.9478
39.4137
33.2078
33.1573
31.7338
39.7514
37.6801
36.5022
45.8201
50.5831
46.9668
45.0806
48.7576
38.347
41.1241
44.7385
43.3033
35.2612
41.8804
36.4234
54.1359
38.9058
37.0265
33.1034
38.3129
47.3694
45.0228
36.6879
45.014
37.4488
36.8614
36.5604
38.3812
43.3776
41.4495
33.6167
42.1497
50.4092
36.4362
33.4644
41.8034
41.536
37.4766
40.2456
36.2646
38.7264
39.663
40.9798
36.1538
36.2683
39.9656
42.8689
39.5276
45.9018
43.41
48.1805
46.54
35.9069
33.7029
33.2203
37.3037
50.7121
44.5366
36.6934
47.0113
46.9598
39.2911
39.2101
37.4549
40.4488
37.0507
35.9675
38.2814
37.7898
53.619
45.9811
38.2581
39.6289
43.8481
35.429
37.6546
43.9449
38.1235
36.2243
44.8745
50.6505
41.2328
35.2193
36.2317
35.2383
37.6278
37.0504
34.6867
42.8172
33.3303
36.0805
34.143
35.6975
37.337
39.4957
38.7831
37.9347
36.4504
41.186
39.7904
42.7909
39.4982
39.0525
39.4569
38.4783
54.2812
43.2441
39.8258
33.2147
35.5403
40.1436
38.9643
48.0058
36.1257
40.0827
45.3696
36.1656
39.5492
39.6037
46.5826
50.2597
36.344
36.8745
43.7589
42.0683
40.707
36.8526
44.4422
30.3161
48.9198
36.846
39.1839
45.1407
36.9675
42.6543
34.3592
36.4043
36.7857
41.8287
30.6619
50.1314
36.0397
32.9013
42.0396
39.2492
44.408
40.4569
45.5669
37.9975
38.7034
35.5787
42.3091
38.1151
34.8152
32.4735
36.8177
41.2378
38.1057
33.1693
45.4456
40.445
37.3411
39.2296
41.6061
37.9034
41.9637
42.5017
33.4711
39.4278
32.4457
47.5683
46.8657
48.5049
40.9011
34.5494
44.674
38.5236
33.7625
41.4965
35.0466
45.0582
32.8452
35.4986
47.2532
37.0193
41.7324
43.5171
48.1108
38.9917
36.034
38.321
41.0653
37.659
31.1011
33.8024
35.9702
38.0213
44.8524
37.4046
33.9095
54.3954
41.2921
45.1614
37.7143
38.5458
33.0762
42.2611
34.3341
34.2871
41.5951
44.7248
33.2862
47.2103
40.1912
35.1394
44.6904
38.3878
40.6939
46.8217
36.3192
44.3059
45.5387
37.9605
44.2154
38.698
42.8577
42.6795
40.3433
44.8029
38.2996
35.4752
36.5006
38.8974
41.3575
36.9545
36.909
42.1753
34.761
36.6531
33.3809
43.1576
40.3153
37.5201
34.5248
37.0288
46.4555
40.3346
35.324
34.6598
34.1762
39.5575
39.1517
48.5986
48.2903
34.6146
41.909
37.439
34.4406
43.5983
36.4779
35.092
39.5942
36.4765
40.4574
44.8079
39.7684
31.4286
39.4273
47.6058
31.9343
35.6702
41.6606
37.9757
35.53
38.6169
41.4553
32.0625
48.6373
43.0176
35.7755
44.7944
49.3921
43.4739
36.9632
37.7787
46.4829
37.2027
34.0187
39.3112
44.7261
39.339
35.0759
39.5008
52.8214
32.3957
41.9145
40.5177
40.1843
50.8237
41.1115
38.3733
38.1545
45.4644
39.6967
39.9336
37.6774
39.951
33.7439
33.7699
37.2498
42.423
42.8752
35.5817
40.9094
38.778
45.0762
42.6467
43.099
39.3734
37.7467
46.2806
37.1033
49.2795
44.3536
36.0007
36.1644
50.279
37.4973
42.8733
36.0306
36.1378
32.2669
44.8141
38.7381
35.2104
43.6648
35.0457
37.3229
44.2962
47.8332
46.1811
46.5061
39.2941
35.2203
44.7407
35.8602
37.5253
42.39
44.0032
36.1594
35.4752
39.3696
38.1884
40.9606
34.5777
35.2286
38.1353
41.523
34.807
39.0434
40.3164
38.3075
47.5846
37.0858
45.9601
44.9373
38.3692
44.0517
41.4477
40.4601
44.9892
35.9446
44.604
37.0951
34.8574
37.3495
37.1192
35.8319
35.0668
41.2537
38.6716
36.0584
43.9045
48.7467
40.5366
45.388
47.4924
32.8574
39.4989
35.2615
34.2344
43.8979
46.2553
36.1139
36.9733
40.8025
37.377
37.9027
41.8072
43.1113
35.4363
39.4834
35.8619
37.646
44.807
36.0615
39.6794
38.5328
36.7065
33.8848
37.3522
39.9961
36.3726
38.7273
39.8919
30.6979
43.9796
36.0564
44.2172
41.8987
36.9218
62.0367
44.151
40.0472
40.1869
44.2348
37.7581
32.2258
35.4177
54.2779
42.5282
37.7362
41.8896
39.1788
40.6598
35.7328
38.8721
38.9745
49.0006
37.6343
44.489
41.7413
43.5037
37.0694
40.2286
41.4575
35.3741
43.1557
37.0267
33.3333
37.6447
41.9109
46.0155
35.4457
33.962
44.099
41.9094
40.9137
43.8353
37.4622
40.9016
38.1554
34.9592
34.5454
36.1246
39.076
42.4473
34.7842
46.3254
40.8653
39.3854
43.5417
42.9552
38.1828
39.4963
41.6496
37.9109
38.4897
35.3468
37.3082
37.2401
38.3457
39.1196
33.2348
39.514
37.2155
35.1634
39.9903
39.8651
45.9419
39.099
36.664
45.8263
38.4017
43.5197
43.8751
35.0227
41.989
55.0408
41.5409
37.379
39.9996
42.5103
35.0108
51.0559
37.0365
40.1847
39.6628
45.9842
37.4157
45.6362
36.0871
34.6887
32.4982
37.4502
40.6345
42.7402
43.4106
37.2714
48.7256
40.2169
45.9224
49.4217
37.2454
38.9445
48.2691
31.3706
39.5804
38.9267
38.0926
43.5086
41.6345
36.249
46.7447
35.2534
40.1019
44.6206
40.668
35.7829
38.1357
41.5727
43.2767
34.5047
37.7939
37.4175
38.3803
34.1945
39.7487
42.2189
33.1583
36.9322
35.7749
39.5128
44.3216
42.0178
40.7693
39.0205
41.1816
37.8311
46.7982
36.6862
36.8354
36.4375
38.6269
39.6626
38.9533
32.041
32.0803
45.1346
38.0265
43.6613
37.2934
46.624
37.8887
42.8733
43.563
41.1291
42.9362
48.3638
37.3881
41.0244
37.8532
45.2965
40.3416
36.5981
33.4786
31.3112
38.3714
36.4243
40.2136
39.5816
41.3029
37.0343
38.3123
34.1106
38.5703
40.6979
37.9399
37.2704
42.353
37.7794
38.6603
33.3006
38.4648
43.2984
32.8135
37.6769
41.0758
33.6459
35.4147
33.8487
37.1533
37.0421
35.4488
41.4392
37.6547
35.1821
34.3717
39.7933
38.1314
36.5355
40.0989
39.8839
40.5408
35.1529
39.2935
36.0553
41.1637
41.6512
41.4742
46.9374
38.436
38.2817
40.3262
37.5361
37.5804
33.5627
38.3909
37.4754
41.6887
37.4222
38.8148
39.9101
35.0341
35.6322
37.0908
47.4815
39.2684
50.4351
35.2706
39.0184
34.8788
48.7295
38.4352
39.3917
46.2422
28.2175
38.0903
35.7596
38.063
40.5749
45.1823
40.09
34.4586
46.3242
38.3129
39.0445
38.488
34.513
38.758
35.159
32.1513
40.2909
39.2514
42.2533
39.9585
36.7906
43.3157
40.9215
37.1664
43.7192
39.9072
33.79
40.1689
35.5729
42.5954
33.3523
42.7386
35.0166
35.7548
49.9552
38.8266
43.7358
39.9386
36.2103
34.7713
33.3462
41.7286
40.5922
45.0015
42.8743
36.9592
39.937
40.3828
37.4259
38.0681
40.3408
41.0387
37.5778
47.6508
39.2056
35.0151
39.6521
35.5343
40.6221
37.3719
41.422
41.9797
37.4046
37.4696
36.4797
40.4615
35.2727
42.0698
33.8143
42.7515
35.2864
42.8614
37.6606
38.7546
48.1813
44.2492
40.8182
35.6516
34.2822
39.7939
38.4983
33.3086
41.0957
37.3212
38.9006
36.1802
35.1065
40.714
41.2446
38.4699
35.3748
35.274
43.5486
42.6568
36.3754
43.7361
37.9017
35.0019
40.9169
48.045
35.1679
41.6718
45.9723
39.1969
42.0982
36.5609
41.4415
33.9969
46.4646
38.9025
40.9222
39.121
37.522
34.4463
42.1269
47.7746
38.7491
39.0019
33.3701
39.6848
33.1462
39.3897
33.052
44.3528
35.5242
37.185
39.8628
42.4156
38.1508
40.0667
45.1976
42.4854
42.0966
42.2937
44.324
39.097
34.1849
38.7908
41.5312
35.5483
33.7847
51.0628
44.4215
44.7349
35.2253
37.7023
44.0351
50.3112
33.8722
36.4806
35.3078
35.9529
54.4147
35.5358
30.2399
39.6815
33.9353
33.9361
47.0698
41.3782
41.7175
38.9344
39.1351
36.325
47.766
39.8374
32.841
38.4483
35.2366
55.4005
39.0427
35.1823
40.3237
35.2665
36.0226
34.331
35.9932
43.0203
37.3356
32.9386
35.5414
42.3419
41.159
41.7291
40.8324
48.3388
39.7508
39.4896
37.7601
39.2389
34.7981
40.1252
34.8852
38.4856
33.0793
47.999
37.6123
36.995
34.6209
33.7058
38.0293
44.165
42.1018
45.424
40.0673
36.3765
47.2983
34.9559
40.1726
33.0374
42.1602
43.7505
37.2474
38.5329
38.4265
33.6209
41.9834
51.313
38.6174
35.8767
38.681
37.7106
39.7487
38.2314
43.6612
34.9266
39.1105
37.7044
41.4306
37.7463
36.0738
37.511
48.5024
44.4752
51.3654
43.9091
37.8235
47.077
38.3698
38.358
38.5329
40.5346
45.0454
41.9554
35.0709
39.7974
54.8678
33.9491
34.0364
40.6992
41.8499
36.3094
34.5641
39.157
44.8695
36.6864
38.5703
46.5898
36.1977
40.8221
44.2794
35.701
36.1201
34.2768
43.4268
35.6218
42.6973
48.8272
52.2216
39.602
43.5374
41.0585
41.719
39.1873
33.727
35.9045
42.7516
38.0747
45.2367
39.2945
38.8473
42.2833
42.3276
40.0302
39.0819
42.8706
42.0374
36.2621
33.1621
36.0522
38.08
42.891
45.8367
40.2661
43.5777
38.313
39.7605
38.6758
35.1489
40.1317
51.0173
42.1332
43.5891
40.4834
34.5284
40.7339
35.6087
35.3258
34.8081
36.7786
40.3263
40.8589
36.7395
39.4805
38.1449
35.2886
39.203
38.2981
38.7806
33.8016
46.027
44.7016
45.0773
37.3868
42.5967
36.5974
49.5764
46.5955
38.2014
37.0752
38.3532
35.0632
35.4875
41.6733
40.1839
36.6258
40.6959
41.1524
45.2318
43.76
44.3339
38.4816
36.1274
34.39
44.6521
41.6981
43.6836
39.2861
36.2967
36.6351
42.4181
40.6925
42.9882
46.0433
37.4782
38.9233
37.877
33.7124
31.1765
44.7747
39.1021
35.4503
38.1952
41.3486
46.5868
34.7826
43.0549
43.4249
40.6333
31.6866
44.123
40.4843
37.9938
37.4086
38.7525
36.3959
54.9726
37.2426
35.1946
51.3032
41.3675
40.9307
52.493
40.779
37.7258
37.4125
45.7774
44.0403
40.8828
40.9914
35.1313
38.978
37.9513
41.9729
34.5385
42.3178
40.7944
55.6923
38.4522
28.6001
36.718
38.22
47.6853
37.8419
33.1604
34.6943
42.2856
40.5973
35.9338
36.6282
42.6013
38.5187
31.9037
36.7916
43.7495
35.0534
48.7868
36.6928
33.7165
46.1272
42.0956
49.7245
38.4315
34.7619
44.0166
46.5708
46.3564
54.4875
37.9643
34.7781
34.9341
36.2937
40.1212
32.2683
44.6613
39.0957
40.5184
42.0558
41.6814
38.8126
37.6352
41.2098
42.4644
33.7848
48.3507
37.9935
38.7423
42.1947
32.549
39.3717
43.0663
39.6659
31.2058
34.4498
40.6388
33.4978
37.0978
37.508
44.2363
43.1849
47.0663
41.2248
35.7003
33.2362
43.9619
41.1767
38.6993
41.3013
36.4219
36.8314
38.8641
37.6696
37.4439
50.2817
36.6351
33.212
38.9911
32.3714
41.0284
44.8946
44.2389
42.92
45.6975
34.4772
37.7534
34.8532
33.3341
36.7046
43.5014
37.6696
46.915
37.0122
40.7891
43.0729
46.656
38.2674
31.4871
49.6643
41.406
35.5502
42.9156
35.5898
41.27
38.4232
31.1905
34.2925
56.2542
52.9825
44.4697
37.1503
32.0501
44.7192
41.4211
36.1867
39.3272
35.2734
38.9632
46.0501
34.885
36.339
38.3396
34.6945
40.8217
36.3701
41.7541
48.4339
40.7279
40.3475
36.971
40.3347
33.9832
48.4687
36.6304
38.269
35.4412
44.5991
35.7007
39.7043
36.2008
37.7716
38.059
47.2148
46.8544
34.6102
38.4245
33.9492
32.3209
44.1151
40.0264
41.5515
48.8836
34.7903
55.5114
37.2735
40.5685
40.8262
44.6458
38.4865
44.7443
36.6703
49.2029
37.8584
37.2461
40.3351
36.5564
40.0324
36.3884
51.4909
39.1607
49.4766
36.3972
36.483
43.2275
39.4595
43.1214
43.8218
33.1871
38.5294
46.3068
36.9804
41.7175
34.704
34.7535
39.2134
41.5727
32.5748
41.0892
38.57
42.8161
43.3992
42.0783
37.3258
39.7237
41.7786
40.9029
42.2293
35.22
37.4107
41.5719
39.021
40.6761
40.0846
39.7547
38.5535
38.1695
45.0898
42.5213
38.3605
44.34
42.5386
34.0546
36.7828
40.3315
41.3419
38.1456
46.8731
44.4693
42.9254
37.8909
41.0165
41.6201
39.1122
43.205
35.4924
33.7634
33.2649
41.4556
45.3727
38.9599
38.4529
37.7688
37.7183
35.2506
39.1096
46.0099
32.4888
30.4425
38.9771
39.7992
47.0578
39.584
42.3041
41.2836
47.8029
38.434
36.1245
53.8725
43.4038
41.1907
36.3101
35.3331
33.2808
36.5086
39.0116
37.4546
46.0401
40.9165
40.1547
34.0025
52.3942
38.1478
32.3396
45.1637
41.1252
37.1823
33.614
38.7082
41.7259
40.7381
36.4459
48.3776
40.5537
42.3445
35.0484
42.3452
31.1462
36.9422
42.6384
40.9876
36.3243
37.8159
41.7295
41.8037
46.8807
45.4008
41.1755
45.7493
43.81
41.9691
42.7544
48.1253
42.3423
36.4295
39.0141
38.5547
39.5029
41.649
38.1882
33.3801
35.1526
37.413
47.442
37.5094
43.2547
64.8094
42.1489
35.7037
38.0254
35.8406
39.0316
37.2984
34.4148
41.4116
48.6429
32.9285
37.2264
35.7421
32.8594
36.7005
42.3984
37.3955
36.4413
34.7597
42.7199
37.0641
34.092
41.3595
41.0033
38.4473
35.5551
43.2498
33.7938
34.4387
38.366
34.6468
34.1919
32.5245
38.6442
55.1592
41.6597
39.5091
44.903
39.9127
40.0227
34.348
36.3139
38.8224
44.6201
34.0755
42.5533
33.7253
45.5623
31.2753
36.105
36.1472
32.9556
36.4317
42.2116
40.6663
43.3629
40.3287
44.6745
39.6514
37.3782
39.8699
35.6351
34.8966
40.2981
43.6946
36.709
38.2348
39.2433
48.8281
36.414
29.4921
37.3913
37.1545
40.3906
41.8987
38.4151
41.664
41.3478
39.7729
37.2154
33.2592
41.9617
34.7026
38.1
48.4447
40.3324
33.5705
34.7742
37.6553
35.0113
40.8618
46.0465
51.0192
31.4402
46.1998
43.4588
34.5236
33.8905
35.799
38.2646
41.2586
45.1704
37.2291
40.5605
42.2757
43.0118
41.4927
33.9494
47.2974
50.9519
43.4654
36.3162
39.1532
40.7629
48.3941
44.946
34.9001
37.1269
37.1942
37.1965
35.2195
33.6189
36.2871
32.1878
36.4882
51.1974
38.5931
50.3418
34.9083
36.5004
37.3117
34.683
50.0189
40.0672
38.7854
38.2748
32.9533
34.1208
40.7343
53.4897
38.3296
43.4955
38.6312
42.5184
37.8763
42.4428
37.9186
39.9158
35.2994
50.9675
36.0748
38.5643
35.5345
35.5397
43.4776
50.0057
40.1068
31.5641
46.0392
48.0738
41.8698
46.7882
34.0719
51.1964
34.1292
36.9406
36.1178
44.4071
43.4256
37.6114
32.3268
37.97
43.1595
35.4841
36.2617
44.2846
44.8424
42.8738
41.4651
35.8617
36.2528
35.3697
40.1195
48.7685
48.6984
39.1086
38.364
40.1056
36.0948
40.1
46.5257
42.4365
41.2911
47.7444
36.2829
37.1978
39.6645
33.8043
33.0411
35.7547
42.154
42.992
34.2196
44.6574
44.063
40.6843
38.5058
39.6004
36.053
34.7165
38.8684
37.6256
41.9146
35.5672
45.8001
41.1329
44.1388
35.3832
37.0337
41.6589
39.242
38.5098
31.3835
33.246
45.0113
38.3847
39.1851
45.1877
45.4084
38.9016
44.6365
45.4999
38.9391
35.0698
42.9259
36.4555
37.8671
35.2779
36.7844
35.8106
36.4584
36.3991
38.993
37.3532
50.3103
37.5865
39.8728
35.3301
39.9249
33.4044
41.9758
43.0028
37.8922
42.04
45.9246
45.2024
46.2467
47.0925
39.4765
38.6134
39.9281
34.103
40.4372
44.717
36.5636
37.1855
39.3897
44.4259
36.8797
35.3707
39.2654
41.7148
31.7239
49.2225
40.1676
36.3606
39.8538
36.0173
38.0308
32.5478
33.2983
43.7507
35.858
47.8854
43.2264
39.1587
38.7942
41.5281
43.5556
42.8229
55.8748
43.2198
39.3117
44.0369
36.5201
37.8593
39.039
35.6709
40.88
34.5418
39.6955
35.6945
35.9072
37.5547
37.7797
41.9229
32.4643
43.7285
35.3737
34.4669
36.7169
35.9851
37.0966
34.7858
44.7946
57.0257
29.4246
43.5491
44.8121
34.258
38.1984
37.3105
38.3755
43.6172
38.5438
44.6495
35.7491
32.8033
36.3144
45.1451
34.5089
40.8787
38.4256
42.5839
44.4946
37.6564
39.5274
44.4715
39.1828
33.4294
37.1967
33.152
30.3635
35.1541
33.9346
46.0957
39.8873
41.0823
33.2205
51.0061
34.5014
43.4567
40.6502
36.8891
44.2975
40.8098
40.3909
37.2355
39.8818
37.372
41.8466
39.9058
35.7489
35.8943
33.5319
35.0201
39.1671
46.7683
45.2676
37.085
48.4378
39.6544
42.6538
33.8364
39.8084
37.758
33.7666
37.9307
39.0038
37.7845
33.4167
39.0887
37.456
39.1626
40.5577
36.5065
45.9405
47.5178
36.8191
37.1721
38.1852
46.7767
37.4682
38.4546
42.5406
35.6909
46.4349
42.3076
43.6053
37.6335
41.8871
44.1052
42.2929
42.6782
34.2899
39.0549
42.7881
36.7884
33.9793
33.6233
41.6075
38.5498
49.3847
39.0385
39.8023
45.2746
41.3268
37.2216
33.6704
38.7237
36.1921
43.1171
41.9665
36.758
33.9945
35.9596
39.6301
36.4197
33.5196
33.3485
36.3834
34.6644
38.4082
39.3616
51.6707
37.1351
43.9486
34.5963
42.593
36.4687
44.0434
39.688
41.1566
42.798
35.9322
37.5235
42.1768
33.6602
40.6507
41.5824
42.05
32.5243
34.0526
34.0935
53.9865
48.9906
37.2918
33.069
34.3341
44.1993
40.1033
41.746
33.2353
34.3322
38.1342
37.7683
42.1445
40.0898
33.1939
36.6923
40.8528
41.106
32.4174
38.3247
31.2298
41.1992
36.8752
36.5015
36.1752
38.9673
37.8956
41.3367
39.3496
36.0996
42.4138
43.6322
38.9174
33.2557
38.2739
48.133
35.9484
34.9197
37.6006
38.267
38.0945
44.844
41.0898
39.6026
42.1165
40.2097
44.0039
43.8514
32.1263
45.1185
36.6339
48.9284
43.815
42.2469
38.285
36.9129
35.9628
47.5457
39.4937
44.0431
61.7153
38.8049
39.4609
42.7246
37.685
45.7837
40.6472
35.665
35.3656
35.5116
40.3693
43.6172
36.9989
37.8865
46.4113
34.6496
30.5982
53.4705
34.9316
38.7536
44.8892
41.5294
37.6106
35.8536
43.2601
39.0226
40.4556
37.6977
36.5481
38.6641
38.3601
35.3937
42.9345
34.8385
38.8429
37.2427
38.5891
44.2802
33.1069
37.3382
40.2552
38.8666
40.5033
48.1122
54.9965
53.6817
34.2664
34.6643
39.6388
34.8698
36.3274
36.1983
39.9399
41.8616
35.6927
39.0713
29.2595
45.3958
32.7858
37.5315
38.8398
39.948
38.7332
40.0852
42.2524
39.213
40.6038
35.0857
41.1811
36.5216
35.4203
42.7081
36.5714
39.4851
39.4399
39.0786
40.3859
47.2362
39.9158
48.4586
40.2292
39.2464
50.1476
50.7288
39.2781
40.9365
44.4499
46.6152
35.2165
41.0955
31.7099
32.758
38.1252
42.0011
39.3847
34.5941
36.8125
39.8644
40.5821
41.6075
41.15
41.0685
40.4248
43.889
44.8296
40.0255
34.3813
41.494
38.0168
38.859
34.7941
41.0854
44.1154
40.8264
37.693
44.2013
34.7597
39.1782
38.9654
35.6792
40.8295
42.6171
42.7499
32.1683
37.8227
33.7753
36.1866
38.4721
33.838
36.3057
36.9936
44.5246
35.5989
39.3759
45.8352
30.8224
43.3228
34.8531
39.6311
35.5832
37.5504
37.6109
42.0366
36.6961
47.2205
36.0535
36.6272
42.675
52.7913
39.2981
36.318
36.6677
37.9863
54.5204
40.9619
40.6087
42.1934
41.3945
38.8967
46.7635
42.0223
35.8581
35.3585
44.9919
37.6353
43.7622
40.0675
41.3026
36.6155
38.3083
33.7002
40.3835
38.5708
38.4744
41.8815
40.1543
36.607
40.8065
37.9579
51.0996
36.5914
39.9816
37.762
39.8077
34.4859
36.7078
37.8891
44.9821
29.8005
37.5553
43.0907
33.7842
36.346
48.5038
40.3407
38.31
39.1064
38.2771
37.9382
35.012
44.0601
42.5341
45.9912
41.9088
38.818
37.9767
47.3461
48.6455
37.4372
43.3424
36.9035
36.4909
33.636
36.0072
36.4295
36.6744
38.7538
40.5631
50.2122
46.7991
44.8584
36.6863
41.1813
35.0833
35.8477
39.8088
35.3324
33.0107
35.8029
40.8259
38.8429
41.7844
37.1731
41.719
35.5353
35.8036
40.082
44.1259
35.3295
35.5105
35.399
32.9476
33.0021
39.4665
36.7583
44.6986
49.8787
38.4711
39.4253
33.3576
33.1292
37.0842
36.8144
36.8896
36.5444
43.0718
47.0212
44.4541
36.4547
49.7574
47.9742
39.8199
39.8437
37.6192
53.3135
40.097
32.0567
37.7437
41.1676
38.1767
49.5526
41.5635
35.1583
40.9222
38.1933
40.8178
36.7228
38.1559
49.0607
38.053
36.0655
37.0874
34.4379
39.8696
38.789
41.0155
39.3512
36.9327
37.3611
35.9736
32.5307
44.1204
33.403
41.4863
37.5415
49.6365
45.6074
42.5147
42.9391
39.6618
45.689
47.5481
38.8886
41.6904
54.2267
46.9157
35.1603
34.728
36.8759
31.3684
33.9867
35.6747
44.5035
41.8774
38.8632
41.3467
47.6696
36.4398
39.3424
36.9033
38.9791
38.5614
41.2245
42.6685
44.047
32.2515
43.0315
43.4383
37.0798
33.0168
35.3957
34.6782
34.6382
31.9598
43.4649
41.3711
37.3062
41.4397
32.9342
37.826
39.0277
39.3746
50.1942
46.5439
34.9146
36.8508
32.5002
42.5799
41.1262
32.1215
39.7856
36.657
40.4126
36.7305
32.424
37.4679
39.6232
34.9003
33.8256
37.4935
36.6475
34.3469
39.4242
39.0506
48.9429
37.3121
44.6566
36.5387
44.6416
40.6529
38.1754
33.4922
42.243
32.7362
34.6874
36.7516
37.7328
40.97
41.0371
42.2796
41.5773
43.378
37.3175
33.6922
33.553
36.2241
37.5035
32.8879
42.0564
44.753
39.9308
37.1737
38.4141
34.9857
39.883
45.9602
34.5666
31.1039
39.981
38.5297
36.3797
40.0789
46.9876
42.3045
36.0117
36.8589
36.9175
38.709
38.0834
52.9906
38.2876
41.8364
40.4686
40.4238
39.3645
38.0671
44.6798
43.8373
33.862
38.7176
36.2563
30.748
35.0908
32.0406
46.2441
31.9014
46.7463
39.046
35.3608
40.1054
34.592
39.9301
41.2032
45.6473
39.4269
40.8296
41.9248
33.5273
38.2814
41.3068
35.2699
33.8501
38.1362
36.4415
38.5911
38.1294
47.9895
42.0242
36.2378
32.6314
44.4928
43.2315
45.4774
41.2035
35.0716
42.3594
46.6488
37.4171
42.6849
36.7619
39.4059
40.6603
35.8841
40.9641
41.52
37.0064
37.8484
35.8899
39.5213
41.7407
33.4222
39.6688
36.0678
36.0138
34.7248
31.7563
37.591
40.0978
38.0743
31.7471
34.4336
38.6808
37.642
35.1029
40.0161
38.9846
43.5972
38.9665
37.3261
37.5628
33.0593
43.4579
42.361
36.0563
39.2629
37.1561
39.7153
38.2001
41.0042
45.9718
33.4055
35.7397
59.878
35.3649
41.2461
41.6002
40.6936
36.0684
39.6011
37.5471
45.7994
44.8456
43.2609
34.8532
35.5933
41.2782
41.5696
34.4305
39.1436
36.4151
39.9761
37.0809
36.3022
33.3206
39.942
33.845
35.6423
35.6697
36.7916
33.6229
39.58
44.5862
41.6208
37.0445
32.504
36.6505
37.1326
43.6024
39.4815
34.7752
39.2276
42.408
39.8917
38.043
41.6791
34.7836
49.326
40.5617
36.4947
36.8105
45.8109
46.8437
36.0707
37.3564
34.2412
47.9366
34.6889
46.2798
37.1199
41.6822
45.0534
34.7133
40.1724
37.1086
42.021
32.3264
42.0661
34.0954
42.2388
38.5252
49.3267
37.6534
39.1788
37.0491
33.7388
42.5628
37.6381
37.7544
36.6283
46.4936
37.1391
36.3806
32.5401
46.1031
42.5108
35.3184
41.0713
38.6155
51.8847
38.0933
39.3178
42.592
36.5392
42.1669
40.0692
42.8731
38.7054
44.9338
40.2901
33.0846
39.0995
36.4952
42.1319
41.2284
39.9096
55.1415
40.449
38.6774
40.024
35.6301
48.6948
39.2585
35.8348
36.4468
40.8945
50.817
36.6943
37.0133
40.0662
44.4279
38.8529
37.4729
47.0956
41.6559
38.6774
36.6432
35.2322
40.2561
36.2845
38.0814
34.9264
34.6146
37.0442
47.9476
33.2912
36.785
50.2234
34.6301
38.8669
38.5338
33.1457
38.8225
37.7821
38.6198
40.3164
53.4022
42.8863
30.8687
35.7287
52.2196
37.7194
34.4087
38.3908
46.2209
41.6849
42.0216
42.86
39.8484
35.7659
37.8654
39.2382
41.4291
44.3195
43.0115
36.4837
46.2376
38.1907
35.164
41.4376
46.9846
37.7239
44.5379
47.1537
37.7359
42.2133
38.3893
38.1819
47.2786
33.5492
40.6472
59.9987
35.6969
53.0944
32.2372
38.5436
34.9031
36.8074
39.5128
36.4704
38.6325
39.7452
41.8814
35.8625
41.7586
37.7792
48.075
33.8476
45.5311
43.1702
42.7385
41.7842
47.6254
45.2781
46.2921
46.3118
34.6142
41.0497
41.7003
37.4699
36.7072
38.032
37.5815
38.2287
31.9187
38.4275
39.1911
41.2793
36.8981
42.8507
44.8427
39.7775
38.8963
34.2135
38.4396
38.4299
35.0273
46.9749
34.4416
40.2316
36.5166
50.4767
40.669
37.701
38.8706
44.6003
41.331
38.2749
41.7945
42.6436
41.6643
38.9408
34.2203
38.8467
49.9365
33.0691
54.4505
39.5222
35.5932
31.4217
37.079
45.5262
39.3286
46.2306
38.0212
40.2055
52.9498
37.7685
38.5252
33.7305
39.3966
34.1473
37.3466
38.719
37.8489
35.9695
35.1107
40.8825
43.7758
36.5883
39.7867
39.8938
38.6678
52.0396
40.408
43.7961
38.0783
37.7413
34.7821
36.5491
47.0662
35.2815
44.2955
37.2658
39.912
41.9696
41.983
36.2267
41.2343
36.9078
36.2887
45.8542
34.1442
29.9311
33.7963
35.7296
41.9004
36.041
48.4738
37.3123
38.7159
41.6835
37.4442
34.2626
33.9785
35.7927
43.8374
33.3784
35.4865
37.7327
43.9306
44.0065
32.6229
45.6834
41.2889
40.8766
42.5116
42.6144
43.4076
38.5581
37.1762
40.2957
40.6041
33.8028
41.0931
37.9802
35.028
36.6086
37.8963
41.3735
43.1511
35.3908
41.3831
46.8748
42.1758
40.3692
39.3802
42.9464
39.5331
34.6105
38.3591
36.441
35.9333
35.0211
35.9229
37.6088
38.2653
37.3994
36.8269
35.9233
40.1553
39.8115
40.977
44.313
47.356
35.9506
50.5106
33.6851
40.0873
35.9883
45.4912
42.0608
40.8231
41.0004
37.4829
35.2172
39.5208
42.2898
40.9567
40.1948
37.3663
42.4527
44.0691
31.353
42.4752
42.8176
38.0776
45.1494
49.3033
40.1913
33.9889
38.4217
40.0539
51.625
33.0531
37.26
36.1044
42.9412
39.6197
33.6328
32.7346
47.3637
44.4532
42.9304
39.2871
37.279
50.7891
40.3312
30.4273
32.1054
44.0105
40.82
31.9788
35.7431
31.5808
32.2124
38.068
48.0526
41.2086
40.6948
36.0801
33.8176
42.8455
45.5023
32.6949
33.27
35.883
39.7535
45.34
35.5031
41.9634
35.8557
34.215
37.7786
39.6524
39.0379
37.5686
33.4598
31.9595
44.9046
40.4291
35.4788
37.288
40.0787
37.0217
35.3839
38.9806
43.674
34.7615
40.759
42.1564
41.6834
42.9908
32.8145
41.2305
39.4545
41.6748
39.2031
48.0552
38.6396
34.3102
35.611
39.3317
36.9532
36.2713
32.662
33.9248
36.6162
34.3406
36.7941
40.5474
34.8645
41.9619
40.6563
46.5977
37.8414
36.8166
33.1584
38.3542
39.4264
37.4058
37.1344
32.9353
40.4646
37.4297
50.3047
35.8718
40.4865
39.9435
40.9714
49.7886
37.9469
35.4841
38.6836
42.8736
40.5243
38.4015
33.2105
47.6498
37.0531
44.1183
33.139
34.5155
35.7338
36.2401
40.3507
45.0526
36.1234
37.8981
42.7893
33.0194
43.2599
34.8139
46.9275
38.6016
36.2459
43.1068
42.1102
39.0487
43.8882
37.142
40.8271
39.5314
51.0541
36.4971
35.9791
38.0979
38.3808
34.1422
39.3643