0.002,665
0.002,741
0.002,145
0.002,763
0.002,93
0.002,990
0.002,1326
0.002,1133
0.002,982
0.002,20
0.002,354
0.002,1414
0.002,1526
0.002,410
0.002,476
0.002,1149
0.002,236
0.002,883
0.002,64
0.002,1101
0.002,87
0.002,739
0.002,1400
0.002,510
0.002,731
0.002,484
0.002,2976
0.002,262
0.002,1747
0.002,154
0.002,1506
0.002,774
0.002,1392
0.002,1453
0.002,1241
0.002,196
0.002,32
0.002,1298
0.002,424
0.002,1808
0.002,2421
0.002,705
0.002,1720
0.002,282
0.002,3002
0.002,185
0.002,401
0.002,494
0.002,2156
0.002,142
0.002,1006
0.002,533
0.002,180
0.002,408
0.002,1353
0.002,156
0.002,2075
0.002,146
0.002,206
0.002,461
0.002,76
0.002,2151
0.002,505
0.002,830
0.002,1197
0.002,640
0.002,550
0.002,32
0.002,591
0.002,291
0.002,76
0.002,1134
0.002,272
0.002,1575
0.002,2248
0.002,834
0.002,1295
0.002,1082
0.002,2864
0.002,1038
0.002,923
0.002,618
0.002,1414
0.002,464
0.002,366
0.002,639
0.002,165
0.002,163
0.002,814
0.002,35
0.002,646
0.002,409
0.002,1049
0.002,130
0.002,7
0.002,1138
0.002,1050
0.002,348
0.002,769
0.002,1769
0.002,85
0.002,760
0.002,940
0.002,1128
0.002,1093
0.002,638
0.002,473
0.002,280
0.002,164
0.002,69
0.002,353
0.002,218
0.002,451
0.002,798
0.002,184
0.002,151
0.002,640
0.002,1351
0.002,431
0.002,1221
0.002,406
0.002,52
0.002,295
0.002,553
0.002,1561
0.002,947
0.002,1647
0.002,2022
0.002,1939
0.002,334
0.002,1090
0.002,1252
0.002,249
0.002,1445
0.002,216
0.002,514
0.002,586
0.002,49
0.002,803
0.002,742
0.002,241
0.002,597
0.002,599
0.002,1361
0.002,510
0.002,1386
0.002,883
0.002,674
0.002,379
0.002,141
0.002,1438
0.002,749
0.002,1603
0.002,795
0.002,759
0.002,1780
0.002,771
0.002,1591
0.002,345
0.002,956
0.002,395
0.002,770
0.002,211
0.002,36
0.002,19
0.002,331
0.002,504
0.002,637
0.002,110
0.002,1169
0.002,126
0.002,1821
0.002,45
0.002,826
0.002,125
0.002,138
0.002,409
0.002,67
0.002,800
0.002,183
0.002,837
0.002,2281
0.002,700
0.002,403
0.002,108
0.002,120
0.002,1382
0.002,1149
0.002,1723
0.002,1183
0.002,1849
0.002,92
0.002,19
0.002,1502
0.002,417
0.002,1263
0.002,250
0.002,565
0.002,116
0.002,806
0.002,1819
0.002,2822
0.002,207
0.002,1381
0.002,1980
0.002,797
0.002,203
0.002,32
0.002,253
0.002,343
0.002,1698
0.002,876
0.002,400
0.002,1039
0.002,144
0.002,140
0.002,286
0.002,136
0.002,233
0.002,381
0.002,2361
0.002,233
0.002,449
0.002,1173
0.002,402
0.002,1126
0.002,778
0.002,1247
0.002,1241
0.002,173
0.002,243
0.002,1612
0.002,744
0.002,90
0.002,709
0.002,151
0.002,1882
0.002,2379
0.002,282
0.002,725
0.002,853
0.002,109
0.002,1994
0.002,378
0.002,138
0.002,482
0.002,867
0.002,316
0.002,1165
0.002,1395
0.002,2338
0.002,321
0.002,139
0.002,729
0.002,239
0.002,108
0.002,745
0.002,206
0.002,2462
0.002,2108
0.002,960
0.002,801
0.002,489
0.002,626
0.002,111
0.002,883
0.002,629
0.002,327
0.002,504
0.002,65
0.002,1351
0.002,208
0.002,257
0.002,77
0.002,167
0.002,448
0.002,537
0.002,83
0.002,404
0.002,1537
0.002,267
0.002,133
0.002,1435
0.002,1688
0.002,488
0.002,966
0.002,251
0.002,707
0.002,840
0.002,381
0.002,245
0.002,374
0.002,952
0.002,466
0.002,204
0.002,1364
0.002,440
0.002,475
0.002,500
0.002,511
0.002,61
0.002,1495
0.002,752
0.002,516
0.002,1058
0.002,452
0.002,677
0.002,2143
0.002,225
0.002,43
0.002,575
0.002,19
0.002,1768
0.002,788
0.002,439
0.002,858
0.002,105
0.002,362
0.002,201
0.002,1138
0.002,386
0.002,93
0.002,88
0.002,1530
0.002,73
0.002,222
0.002,1044
0.002,1393
0.002,633
0.002,620
0.002,969
0.002,263
0.002,485
0.002,1674
0.002,846
0.002,94
0.002,558
0.002,1601
0.002,54
0.002,240
0.002,595
0.002,1558
0.002,371
0.002,246
0.002,241
0.002,676
0.002,884
0.002,709
0.002,859
0.002,1085
0.002,699
0.002,1368
0.002,1181
0.002,911
0.002,130
0.002,70
0.002,328
0.002,434
0.002,1225
0.002,2542
0.002,601
0.002,913
0.002,244
0.002,1592
0.002,788
0.002,514
0.002,178
0.002,794
0.002,242
0.002,1003
0.002,591
0.002,605
0.002,740
0.002,1100
0.002,1808
0.002,540
0.002,394
0.002,57
0.002,2154
0.002,696
0.002,1191
0.002,1574
0.002,804
0.002,1500
0.002,717
0.002,577
0.002,237
0.002,427
0.002,1684
0.002,242
0.002,315
0.002,843
0.002,634
0.002,935
0.002,223
0.002,961
0.002,243
0.002,884
0.002,93
0.002,270
0.002,279
0.002,238
0.002,740
0.002,1398
0.002,42
0.002,2459
0.002,953
0.002,3370
0.002,616
0.002,359
0.002,455
0.002,906
0.002,25
0.002,1031
0.002,2612
0.002,3911
0.002,773
0.002,108
0.002,606
0.002,235
0.002,244
0.002,19
0.002,996
0.002,815
0.002,312
0.002,1364
0.002,1992
0.002,788
0.002,463
0.002,426
0.002,53
0.002,461
0.002,1594
0.002,851
0.002,270
0.002,1395
0.002,172
0.002,25
0.002,791
0.002,835
0.002,1003
0.002,1000
0.002,725
0.002,86
0.002,504
0.002,246
0.002,32
0.002,641
0.002,604
0.002,773
0.002,33
0.002,1149
0.002,944
0.002,1222
0.002,244
0.002,2767
0.002,54
0.002,18
0.002,678
0.002,715
0.002,2935
0.002,487
0.002,717
0.002,624
0.002,83
0.002,806
0.002,1729
0.002,859
0.002,3018
0.002,930
0.002,461
0.002,23
0.002,814
0.002,909
0.002,2833
0.002,1064
0.002,133
0.002,857
0.002,420
0.002,223
0.002,513
0.002,303
0.002,72
0.002,60
0.002,2558
0.002,149
0.002,608
0.002,178
0.002,1001
0.002,454
0.002,471
0.002,2959
0.002,777
0.002,48
0.002,1348
0.002,1338
0.002,678
0.002,996
0.002,140
0.002,149
0.002,669
0.002,515
0.002,283
0.002,1083
0.002,368
0.002,8
0.002,72
0.002,2119
0.002,1567
0.002,490
0.002,345
0.002,436
0.002,837
0.002,81
0.002,718
0.002,88
0.002,1713
0.002,840
0.002,68
0.002,648
0.002,145
0.002,416
0.002,939
0.002,31
0.002,357
0.002,586
0.002,301
0.002,513
0.002,138
0.002,1614
0.002,341
0.002,287
0.002,1572
0.002,203
0.002,660
0.002,460
0.002,672
0.002,1750
0.002,1572
0.002,126
0.002,1518
0.002,40
0.002,3201
0.002,585
0.002,181
0.002,436
0.002,2
0.002,535
0.002,95
0.002,1436
0.002,512
0.002,74
0.002,22
0.002,696
0.002,1452
0.002,322
0.002,1831
0.002,197
0.002,133
0.002,355
0.002,770
0.002,165
0.002,72
0.002,366
0.002,1151
0.002,29
0.002,569
0.002,125
0.002,825
0.002,1121
0.002,2644
0.002,553
0.002,2784
0.002,1866
0.002,377
0.002,1510
0.002,122
0.002,572
0.002,571
0.002,170
0.002,244
0.002,1149
0.002,436
0.002,955
0.002,76
0.002,1109
0.002,249
0.002,340
0.002,327
0.002,291
0.002,1170
0.002,1923
0.002,269
0.002,1948
0.002,901
0.002,1737
0.002,2227
0.002,1126
0.002,190
0.002,431
0.002,16
0.002,963
0.002,423
0.002,501
0.002,433
0.002,1168
0.002,372
0.002,52
0.002,799
0.002,541
0.002,749
0.002,328
0.002,2508
0.002,239
0.002,310
0.002,280
0.002,989
0.002,1402
0.002,571
0.002,429
0.002,419
0.002,1441
0.002,141
0.002,35
0.002,82
0.002,682
0.002,602
0.002,359
0.002,5
0.002,660
0.002,31
0.002,185
0.002,384
0.002,829
0.002,459
0.002,256
0.002,1055
0.002,1243
0.002,24
0.002,1595
0.002,390
0.002,813
0.002,124
0.002,930
0.002,810
0.002,405
0.002,64
0.002,537
0.002,519
0.002,341
0.002,1614
0.002,1405
0.002,488
0.002,651
0.002,1614
0.002,83
0.002,589
0.002,742
0.002,1324
0.002,117
0.002,1925
0.002,211
0.002,838
0.002,833
0.002,17
0.002,875
0.002,720
0.002,360
0.002,30
0.002,668
0.002,265
0.002,44
0.002,111
0.002,1119
0.002,737
0.002,569
0.002,139
0.002,797
0.002,1343
0.002,4
0.002,480
0.002,442
0.002,641
0.002,348
0.002,278
0.002,14
0.002,322
0.002,1329
0.002,316
0.002,9
0.002,194
0.002,381
0.002,410
0.002,523
0.002,958
0.002,551
0.002,837
0.002,47
0.002,1179
0.002,522
0.002,56
0.002,311
0.002,900
0.002,1320
0.002,28
0.002,421
0.002,197
0.002,259
0.002,1334
0.002,1794
0.002,155
0.002,137
0.002,1382
0.002,738
0.002,564
0.002,320
0.002,86
0.002,1201
0.002,220
0.002,373
0.002,146
0.002,17
0.002,821
0.002,348
0.002,2015
0.002,1258
0.002,992
0.002,63
0.002,1100
0.002,1109
0.002,577
0.002,1287
0.002,900
0.002,113
0.002,163
0.002,73
0.002,929
0.002,1802
0.002,134
0.002,12
0.002,1275
0.002,1118
0.002,155
0.002,454
0.002,161
0.002,1809
0.002,781
0.002,776
0.002,936
0.002,113
0.002,3182
0.002,2566
0.002,565
0.002,761
0.002,1590
0.002,165
0.002,16
0.002,78
0.002,363
0.002,88
0.002,36
0.002,101
0.002,916
0.002,439
0.002,136
0.002,664
0.002,318
0.002,1098
0.002,316
0.002,874
0.002,238
0.002,632
0.002,2653
0.002,395
0.002,250
0.002,323
0.002,1722
0.002,61
0.002,413
0.002,1856
0.002,962
0.002,437
0.002,680
0.002,530
0.002,1704
0.002,483
0.002,302
0.002,220
0.002,412
0.002,15
0.002,508
0.002,364
0.002,140
0.002,2393
0.002,449
0.002,296
0.002,128
0.002,56
0.002,543
0.002,904
0.002,61
0.002,343
0.002,28
0.002,431
0.002,945
0.002,564
0.002,10
0.002,397
0.002,378
0.002,54
0.002,16
0.002,20
0.002,1089
0.002,243
0.002,258
0.002,1320
0.002,740
0.002,654
0.002,350
0.002,1046
0.002,327
0.002,665
0.002,727
0.002,971
0.002,185
0.002,154
0.002,866
0.002,958
0.002,143
0.002,308
0.002,50
0.002,184
0.002,1131
0.002,596
0.002,97
0.002,290
0.002,465
0.002,1001
0.002,1433
0.002,2504
0.002,779
0.002,210
0.002,959
0.002,299
0.002,856
0.002,2682
0.002,677
0.002,621
0.002,147
0.002,1621
0.002,2257
0.002,2236
0.002,551
0.002,85
0.002,2016
0.002,1023
0.002,1273
0.002,78
0.002,561
0.002,427
0.002,1482
0.002,714
0.002,704
0.002,454
0.002,808
0.002,85
0.002,318
0.002,441
0.002,134
0.002,701
0.002,47
0.002,137
0.002,166
0.002,710
0.002,617
0.002,313
0.002,1350
0.002,272
0.002,272
0.002,730
0.002,780
0.002,509
0.002,617
0.002,1682
0.002,1454
0.002,1458
0.002,1019
0.002,895
0.002,575
0.002,591
0.002,295
0.002,107
0.002,689
0.002,1775
0.002,612
0.002,1712
0.002,1127
0.002,351
0.002,40
0.002,842
0.002,822
0.002,1425
0.002,950
0.002,843
0.002,147
0.002,291
0.002,1236
0.002,548
0.002,1199
0.002,1918
0.002,207
0.002,32
0.002,44
0.002,890
0.002,264
0.002,369
0.002,1465
0.002,1616
0.002,1095
0.002,1049
0.002,391
0.002,130
0.002,1163
0.002,147
0.002,58
0.002,1889
0.002,545
0.002,1077
0.002,360
0.002,546
0.002,393
0.002,1339
0.002,68
0.002,1093
0.002,869
0.002,1157
0.002,239
0.002,110
0.002,381
0.002,167
0.002,1441
0.002,807
0.002,1267
0.002,639
0.002,260
0.002,913
0.002,1000
0.002,891
0.002,225
0.002,281
0.002,220
0.002,534
0.002,1722
0.002,267
0.002,87
0.002,422
0.002,805
0.002,54
0.002,50
0.002,1269
0.002,438
0.002,913
0.002,1976
0.002,2672
0.002,1591
0.002,1754
0.002,59
0.002,783
0.002,1268
0.002,1
0.002,450
0.002,121
0.002,267
0.002,2407
0.002,1269
0.002,1290
0.002,332
0.002,1301
0.002,1647
0.002,199
0.002,34
0.002,971
0.002,862
0.002,57
0.002,413
0.002,203
0.002,209
0.002,754
0.002,708
0.002,169
0.002,507
0.002,607
0.002,462
0.002,129
0.002,860
0.002,108
0.002,270
0.002,553
0.002,334
0.002,72
