0.004,9038
0.004,9041
0.004,8799
0.004,9519
0.004,9423
0.004,9780
0.004,9923
0.004,9678
0.004,9962
0.004,9596
0.004,9228
0.004,9506
0.004,8590
0.004,9896
0.004,9877
0.004,9895
0.004,9204
0.004,9748
0.004,9319
0.004,9889
0.004,9336
0.004,9593
0.004,9719
0.004,6774
0.004,8309
0.004,8831
0.004,9665
0.004,9931
0.004,9931
0.004,9756
0.004,9800
0.004,9852
0.004,9667
0.004,9640
0.004,8764
0.004,9789
0.004,9938
0.004,9810
0.004,9650
0.004,9475
0.004,9324
0.004,9415
0.004,9814
0.004,9316
0.004,9486
0.004,9730
0.004,9697
0.004,9597
0.004,9411
0.004,9628
0.004,9770
0.004,9335
0.004,9690
0.004,9628
0.004,8683
0.004,7494
0.004,9173
0.004,9756
0.004,9738
0.004,8059
0.004,9302
0.004,8792
0.004,7981
0.004,9818
0.004,6679
0.004,9584
0.004,9845
0.004,9710
0.004,9532
0.004,9435
0.004,9946
0.004,9776
0.004,9753
0.004,9619
0.004,9810
0.004,9756
0.004,9732
0.004,9140
0.004,9501
0.004,9538
0.004,9904
0.004,9790
0.004,9544
0.004,9775
0.004,9782
0.004,9548
0.004,9830
0.004,9780
0.004,10060
0.004,9728
0.004,9581
0.004,9712
0.004,9872
0.004,9360
0.004,9648
0.004,9128
0.004,9887
0.004,9680
0.004,9713
0.004,8290
0.004,7924
0.004,9197
0.004,9495
0.004,9753
0.004,9889
0.004,7421
0.004,9753
0.004,9916
0.004,9766
0.004,9940
0.004,10217
0.004,9460
0.004,9850
0.004,9482
0.004,9604
0.004,9815
0.004,9506
0.004,9901
0.004,9861
0.004,9398
0.004,9768
0.004,9816
0.004,9800
0.004,9261
0.004,9445
0.004,9815
0.004,9815
0.004,9857
0.004,9745
0.004,9832
0.004,9740
0.004,9797
0.004,9453
0.004,9571
0.004,9265
0.004,9606
0.004,9611
0.004,9423
0.004,9875
0.004,8958
0.004,9499
0.004,9681
0.004,9459
0.004,9763
0.004,9742
0.004,9990
0.004,9795
0.004,9196
0.004,8508
0.004,8882
0.004,6625
0.004,9559
0.004,5337
0.004,9799
0.004,7085
0.004,9839
0.004,9698
0.004,9314
0.004,8904
0.004,9664
0.004,9721
0.004,8835
0.004,9863
0.004,9468
0.004,8961
0.004,9520
0.004,9868
0.004,9914
0.004,1673
0.004,9855
0.004,6774
0.004,9726
0.004,9826
0.004,9411
0.004,9756
0.004,9867
0.004,9752
0.004,7026
0.004,9793
0.004,9886
0.004,9695
0.004,8967
0.004,8934
0.004,9550
0.004,9032
0.004,9700
0.004,9218
0.004,9704
0.004,9765
0.004,9642
0.004,9664
0.004,7795
0.004,9673
0.004,9508
0.004,9534
0.004,9769
0.004,9864
0.004,8551
0.004,9785
0.004,9062
0.004,9871
0.004,9470
0.004,9910
0.004,9779
0.004,9253
0.004,9961
0.004,9720
0.004,8580
0.004,9892
0.004,9827
0.004,9681
0.004,9403
0.004,8525
0.004,9319
0.004,9869
0.004,9653
0.004,9999
0.004,9944
0.004,9390
0.004,8410
0.004,9486
0.004,9484
0.004,9791
0.004,9920
0.004,8134
0.004,9914
0.004,9773
0.004,9930
0.004,9159
0.004,9870
0.004,9975
0.004,9600
0.004,9527
0.004,9627
0.004,9859
0.004,8949
0.004,8657
0.004,9859
0.004,8364
0.004,9764
0.004,9812
0.004,9705
0.004,9776
0.004,9954
0.004,9255
0.004,1033
0.004,9524
0.004,9517
0.004,9812
0.004,8935
0.004,8145
0.004,9549
0.004,6118
0.004,9861
0.004,9778
0.004,9458
0.004,9541
0.004,9961
0.004,9426
0.004,2487
0.004,9731
0.004,3515
0.004,6836
0.004,9788
0.004,9704
0.004,9948
0.004,9769
0.004,9840
0.004,9847
0.004,9934
0.004,8230
0.004,9677
0.004,9601
0.004,9783
0.004,9704
0.004,9774
0.004,8674
0.004,7133
0.004,9732
0.004,9699
0.004,9966
0.004,9268
0.004,9807
0.004,9470
0.004,8504
0.004,5697
0.004,9805
0.004,8792
0.004,9895
0.004,9993
0.004,9649
0.004,9628
0.004,10007
0.004,9823
0.004,10007
0.004,7980
0.004,10023
0.004,9451
0.004,9693
0.004,9879
0.004,9961
0.004,9562
0.004,10047
0.004,8919
0.004,7244
0.004,9703
0.004,9515
0.004,9927
0.004,9787
0.004,9505
0.004,9768
0.004,9407
0.004,9653
0.004,9613
0.004,9696
0.004,9489
0.004,9298
0.004,9760
0.004,4369
0.004,9560
0.004,8572
0.004,9654
0.004,9865
0.004,9627
0.004,9830
0.004,9898
0.004,9677
0.004,6569
0.004,9569
0.004,9133
0.004,9724
0.004,9819
0.004,9105
0.004,9150
0.004,9843
0.004,8764
0.004,9950
0.004,9547
0.004,9665
0.004,9929
0.004,9779
0.004,9597
0.004,8988
0.004,9520
0.004,8804
0.004,9597
0.004,1166
0.004,8593
0.004,9361
0.004,9377
0.004,6631
0.004,9228
0.004,9355
0.004,9892
0.004,9222
0.004,8241
0.004,9679
0.004,9892
0.004,8347
0.004,9370
0.004,7507
0.004,9776
0.004,9827
0.004,10132
0.004,9816
0.004,9633
0.004,9682
0.004,9184
0.004,9803
0.004,9681
0.004,9215
0.004,9803
0.004,8339
0.004,9602
0.004,9917
0.004,7250
0.004,9633
0.004,9762
0.004,9139
0.004,9966
0.004,9906
0.004,9514
0.004,9762
0.004,9600
0.004,9806
0.004,9519
0.004,9486
0.004,9885
0.004,9529
0.004,9908
0.004,9775
0.004,9445
0.004,7182
0.004,7391
0.004,9763
0.004,9783
0.004,6021
0.004,9873
0.004,10021
0.004,9748
0.004,9304
0.004,9846
0.004,9823
0.004,8362
0.004,9894
0.004,9666
0.004,9662
0.004,9963
0.004,9742
0.004,8732
0.004,9094
0.004,9801
0.004,9767
0.004,9766
0.004,9393
0.004,9623
0.004,9857
0.004,9606
0.004,9330
0.004,9865
0.004,9891
0.004,9426
0.004,9539
0.004,9700
0.004,9742
0.004,9571
0.004,9486
0.004,9088
0.004,9812
0.004,9911
0.004,9787
0.004,9694
0.004,9667
0.004,9725
0.004,9786
0.004,9309
0.004,9772
0.004,8172
0.004,9836
0.004,9672
0.004,9554
0.004,9475
0.004,9531
0.004,8608
0.004,9676
0.004,9780
0.004,9853
0.004,9845
0.004,9495
0.004,9584
0.004,9442
0.004,9691
0.004,9769
0.004,9678
0.004,9347
0.004,6521
0.004,9735
0.004,9686
0.004,8658
0.004,9760
0.004,9788
0.004,9341
0.004,8774
0.004,9817
0.004,9421
0.004,5891
0.004,6112
0.004,9598
0.004,9618
0.004,9637
0.004,9619
0.004,8963
0.004,9815
0.004,8956
0.004,1118
0.004,8265
0.004,9971
0.004,9655
0.004,8822
0.004,9299
0.004,9802
0.004,9775
0.004,9712
0.004,8148
0.004,9668
0.004,9607
0.004,9913
0.004,9983
0.004,7301
0.004,9653
0.004,9760
0.004,9994
0.004,9634
0.004,9595
0.004,7749
0.004,9878
0.004,8341
0.004,9662
0.004,9197
0.004,9744
0.004,9355
0.004,9997
0.004,9977
0.004,9767
0.004,9748
0.004,8852
0.004,9655
0.004,9193
0.004,9431
0.004,9518
0.004,5467
0.004,10091
0.004,9506
0.004,8501
0.004,8570
0.004,9817
0.004,9163
0.004,9590
0.004,9779
0.004,9618
0.004,9479
0.004,9842
0.004,9782
0.004,9847
0.004,9556
0.004,9779
0.004,9728
0.004,8837
0.004,9873
0.004,9964
0.004,9765
0.004,9794
0.004,9305
0.004,9836
0.004,8881
0.004,10036
0.004,9536
0.004,9446
0.004,9921
0.004,8758
0.004,8174
0.004,9665
0.004,4604
0.004,9502
0.004,9367
0.004,9734
0.004,8361
0.004,9477
0.004,7338
0.004,2435
0.004,9775
0.004,9735
0.004,9409
0.004,9815
0.004,9797
0.004,8542
0.004,9765
0.004,9527
0.004,9547
0.004,9743
0.004,9667
0.004,9654
0.004,9660
0.004,9858
0.004,9646
0.004,9665
0.004,9883
0.004,9688
0.004,9700
0.004,9714
0.004,9765
0.004,8659
0.004,9429
0.004,9893
0.004,9826
0.004,9862
0.004,10073
0.004,9987
0.004,9669
0.004,9089
0.004,9151
0.004,9830
0.004,9844
0.004,9816
0.004,9757
0.004,8799
0.004,9716
0.004,9465
0.004,9290
0.004,9663
0.004,9749
0.004,9532
0.004,9891
0.004,9759
0.004,8697
0.004,9187
0.004,8887
0.004,9895
0.004,9148
0.004,9279
0.004,9803
0.004,8657
0.004,9868
0.004,9859
0.004,9109
0.004,9388
0.004,8480
0.004,9771
0.004,9697
0.004,9767
0.004,9952
0.004,9603
0.004,9469
0.004,9883
0.004,2570
0.004,9121
0.004,7616
0.004,9785
0.004,9544
0.004,9633
0.004,9701
0.004,9600
0.004,8999
0.004,9445
0.004,9747
0.004,9847
0.004,10065
0.004,9836
0.004,9494
0.004,9808
0.004,9636
0.004,9094
0.004,9486
0.004,9744
0.004,9697
0.004,8881
0.004,8845
0.004,9930
0.004,9752
0.004,9766
0.004,9733
0.004,9458
0.004,8158
0.004,9704
0.004,9589
0.004,9897
0.004,9430
0.004,10066
0.004,7641
0.004,9751
0.004,8961
0.004,9775
0.004,9775
0.004,9357
0.004,9747
0.004,10066
0.004,10081
0.004,8817
0.004,9480
0.004,9558
0.004,9820
0.004,9652
0.004,10065
0.004,10037
0.004,9596
0.004,9898
0.004,8816
0.004,9726
0.004,9458
0.004,8934
0.004,9885
0.004,8098
0.004,7152
0.004,9729
0.004,9790
0.004,9688
0.004,9550
0.004,9875
0.004,9827
0.004,9843
0.004,9797
0.004,9904
0.004,8510
0.004,9461
0.004,9560
0.004,9687
0.004,9869
0.004,9875
0.004,8735
0.004,9902
0.004,9260
0.004,9704
0.004,8825
0.004,9823
0.004,9922
0.004,9878
0.004,9630
0.004,4758
0.004,7329
0.004,9258
0.004,9784
0.004,9987
0.004,9894
0.004,9652
0.004,9943
0.004,8774
0.004,6322
0.004,6874
0.004,9624
0.004,9365
0.004,6354
0.004,10079
0.004,9629
0.004,9470
0.004,9777
0.004,9826
0.004,9850
0.004,9631
0.004,8773
0.004,9834
0.004,8935
0.004,9812
0.004,9856
0.004,8677
0.004,9114
0.004,9171
0.004,9939
0.004,9334
0.004,9750
0.004,9862
0.004,9558
0.004,9561
0.004,9696
0.004,7725
0.004,7173
0.004,9528
0.004,9249
0.004,9255
0.004,4294
0.004,9781
0.004,9869
0.004,9548
0.004,8967
0.004,9356
0.004,9849
0.004,9808
0.004,8790
0.004,9807
0.004,8893
0.004,9849
0.004,9842
0.004,8941
0.004,9820
0.004,9781
0.004,9756
0.004,9666
0.004,8022
0.004,9718
0.004,9834
0.004,9769
0.004,9558
0.004,9502
0.004,9883
0.004,9949
0.004,9738
0.004,9424
0.004,9274
0.004,9777
0.004,9476
0.004,9678
0.004,9752
0.004,9310
0.004,8859
0.004,10015
0.004,9047
0.004,9195
0.004,9540
0.004,9848
0.004,9522
0.004,9390
0.004,7108
0.004,9909
0.004,9872
0.004,9802
0.004,9507
0.004,9250
0.004,8511
0.004,7424
0.004,9750
0.004,9629
0.004,9285
0.004,6506
0.004,9807
0.004,7714
0.004,10037
0.004,8657
0.004,9923
0.004,8992
0.004,8279
0.004,9034
0.004,9419
0.004,9461
0.004,9339
0.004,9725
0.004,8061
0.004,9698
0.004,9439
0.004,9937
0.004,9703
0.004,9034
0.004,9784
0.004,9904
0.004,9613
0.004,9805
0.004,9881
0.004,9894
0.004,9726
0.004,9057
0.004,9826
0.004,9824
0.004,9719
0.004,9606
0.004,8884
0.004,8459
0.004,9881
0.004,9749
0.004,9673
0.004,9626
0.004,9230
0.004,9878
0.004,9439
0.004,9827
0.004,8984
0.004,9691
0.004,9955
0.004,9654
0.004,9804
0.004,9763
0.004,9589
0.004,9046
0.004,3389
0.004,9331
0.004,9739
0.004,9913
0.004,9559
0.004,9444
0.004,9973
0.004,9918
0.004,9794
0.004,9935
0.004,5323
0.004,9642
0.004,8707
0.004,9767
0.004,9698
0.004,9549
0.004,9711
0.004,9853
0.004,6880
0.004,9904
0.004,9723
0.004,449
0.004,9538
0.004,9769
0.004,9791
0.004,6686
0.004,6978
0.004,8385
0.004,9553
0.004,9674
0.004,9654
0.004,9538
0.004,9572
0.004,9726
0.004,9383
0.004,9597
0.004,7129
0.004,9864
0.004,9870
0.004,9825
0.004,9448
0.004,7646
0.004,9222
0.004,9684
0.004,9599
0.004,9878
0.004,9897
0.004,9802
0.004,9532
0.004,9789
0.004,9624
0.004,9697
0.004,9450
0.004,7097
0.004,10164
0.004,9678
0.004,6186
0.004,9780
0.004,9651
0.004,9741
0.004,9651
0.004,9589
0.004,9567
0.004,8946
0.004,9830
0.004,8462
0.004,9527
0.004,9710
0.004,8805
0.004,9385
0.004,9647
0.004,8667
0.004,9823
0.004,9793
0.004,9813
0.004,9359
0.004,9519
0.004,9596
0.004,9052
0.004,8941
0.004,6497
0.004,9833
0.004,9687
0.004,9820
0.004,9920
0.004,8414
0.004,9529
0.004,9745
0.004,9686
0.004,7971
0.004,8368
0.004,9521
0.004,9954
0.004,9616
0.004,9906
0.004,9596
0.004,9562
0.004,617
0.004,8561
0.004,9860
0.004,9692
0.004,8381
0.004,9188
0.004,9649
0.004,6493
0.004,9864
0.004,9839
0.004,5161
0.004,9786
0.004,5217
0.004,9215
0.004,9347
0.004,9772
0.004,9716
0.004,9988
0.004,9715
0.004,9335
0.004,9742
0.004,9963
0.004,8717
0.004,5992
0.004,9672
0.004,9738
0.004,9881
0.004,9712
0.004,9761
0.004,9594
0.004,9561
0.004,9582
0.004,9866
0.004,9726
0.004,9489
0.004,9686
0.004,9306
0.004,9639
0.004,9875
0.004,9837
0.004,9768
0.004,9615
0.004,9878
0.004,9761
0.004,9557
0.004,10035
0.004,8956
0.004,9652
0.004,8999
0.004,8538
0.004,6759
0.004,9579
0.004,9054
0.004,9837
0.004,9850
0.004,9563
0.004,4459
0.004,9725
0.004,2410
0.004,9918
0.004,9771
0.004,9596
0.004,8703
