0.01,9089
0.01,9238
0.01,9056
0.01,8932
0.01,9036
0.01,9083
0.01,9061
0.01,9172
0.01,9298
0.01,8990
0.01,9136
0.01,9107
0.01,9132
0.01,9075
0.01,9303
0.01,9329
0.01,8976
0.01,9062
0.01,9148
0.01,9172
0.01,9228
0.01,9122
0.01,9116
0.01,9101
0.01,9044
0.01,9139
0.01,9067
0.01,8986
0.01,9001
0.01,9024
0.01,8969
0.01,9094
0.01,9179
0.01,9248
0.01,9129
0.01,9091
0.01,9312
0.01,8987
0.01,9040
0.01,9137
0.01,9117
0.01,9132
0.01,8992
0.01,9087
0.01,8956
0.01,9245
0.01,9199
0.01,9331
0.01,8992
0.01,8888
0.01,8999
0.01,9046
0.01,9135
0.01,9101
0.01,9253
0.01,9282
0.01,9094
0.01,9214
0.01,9069
0.01,9182
0.01,8922
0.01,9197
0.01,9112
0.01,9242
0.01,9175
0.01,9213
0.01,9155
0.01,8805
0.01,9125
0.01,9087
0.01,9132
0.01,9114
0.01,9066
0.01,9130
0.01,9175
0.01,9311
0.01,9044
0.01,9110
0.01,9149
0.01,9193
0.01,9167
0.01,9221
0.01,9110
0.01,9205
0.01,9146
0.01,8951
0.01,9205
0.01,9126
0.01,9080
0.01,9170
0.01,9276
0.01,9176
0.01,9146
0.01,9123
0.01,9048
0.01,9050
0.01,9122
0.01,9162
0.01,9196
0.01,9158
0.01,9171
0.01,8993
0.01,9015
0.01,8970
0.01,9006
0.01,9284
0.01,9119
0.01,9030
0.01,9295
0.01,9138
0.01,9109
0.01,9098
0.01,9124
0.01,9333
0.01,9072
0.01,8996
0.01,9148
0.01,8988
0.01,9032
0.01,9151
0.01,9099
0.01,9117
0.01,9249
0.01,8976
0.01,9071
0.01,8983
0.01,9056
0.01,9043
0.01,9070
0.01,9120
0.01,8954
0.01,9105
0.01,8996
0.01,9035
0.01,9244
0.01,9127
0.01,8973
0.01,9157
0.01,9026
0.01,9033
0.01,9155
0.01,9043
0.01,9240
0.01,9118
0.01,9080
0.01,9035
0.01,9023
0.01,9038
0.01,9250
0.01,9072
0.01,9077
0.01,9097
0.01,9058
0.01,9169
0.01,9213
0.01,9220
0.01,9154
0.01,9140
0.01,9101
0.01,9199
0.01,9106
0.01,9144
0.01,8934
0.01,8914
0.01,9108
0.01,9040
0.01,9048
0.01,9215
0.01,9199
0.01,9043
0.01,9051
0.01,8942
0.01,9230
0.01,9052
0.01,9130
0.01,9060
0.01,9232
0.01,9065
0.01,9202
0.01,8975
0.01,9233
0.01,9124
0.01,9028
0.01,8912
0.01,9252
0.01,9107
0.01,9016
0.01,9185
0.01,9069
0.01,9076
0.01,9111
0.01,9049
0.01,9100
0.01,9035
0.01,9239
0.01,9102
0.01,9040
0.01,9183
0.01,8922
0.01,9183
0.01,9228
0.01,9073
0.01,8980
0.01,9087
0.01,9048
0.01,9153
0.01,9070
0.01,9068
0.01,9230
0.01,9174
0.01,9049
0.01,9287
0.01,9055
0.01,9102
0.01,9020
0.01,9029
0.01,9150
0.01,9120
0.01,9123
0.01,9052
0.01,8989
0.01,9165
0.01,9135
0.01,9052
0.01,9101
0.01,9160
0.01,9082
0.01,9195
0.01,9263
0.01,9003
0.01,9052
0.01,9223
0.01,9202
0.01,9131
0.01,8981
0.01,9252
0.01,8938
0.01,9233
0.01,9074
0.01,9153
0.01,9076
0.01,9098
0.01,9206
0.01,9133
0.01,9163
0.01,9196
0.01,9219
0.01,9115
0.01,9266
0.01,9250
0.01,9185
0.01,9221
0.01,9089
0.01,9139
0.01,9136
0.01,9325
0.01,9247
0.01,9017
0.01,9014
0.01,9121
0.01,9083
0.01,9040
0.01,9106
0.01,9141
0.01,9081
0.01,9145
0.01,9112
0.01,9125
0.01,9277
0.01,9138
0.01,9275
0.01,9177
0.01,9057
0.01,9080
0.01,8965
0.01,9181
0.01,9104
0.01,9143
0.01,9147
0.01,9059
0.01,9037
0.01,9122
0.01,9026
0.01,8952
0.01,9072
0.01,9085
0.01,9166
0.01,9115
0.01,9052
0.01,9067
0.01,9113
0.01,9222
0.01,9138
0.01,9086
0.01,9114
0.01,8951
0.01,9196
0.01,9151
0.01,8982
0.01,9148
0.01,9011
0.01,9279
0.01,9066
0.01,9090
0.01,8979
0.01,9076
0.01,9124
0.01,9108
0.01,9047
0.01,9014
0.01,8971
0.01,9104
0.01,9090
0.01,9063
0.01,9084
0.01,8979
0.01,9277
0.01,9054
0.01,9236
0.01,9164
0.01,9040
0.01,9072
0.01,9119
0.01,9030
0.01,9064
0.01,8958
0.01,9168
0.01,9008
0.01,8911
0.01,9048
0.01,8983
0.01,9042
0.01,9134
0.01,9059
0.01,9024
0.01,8954
0.01,9221
0.01,9123
0.01,8950
0.01,9199
0.01,9175
0.01,9076
0.01,9166
0.01,8898
0.01,9048
0.01,9159
0.01,9053
0.01,8924
0.01,9053
0.01,9098
0.01,9035
0.01,9181
0.01,9064
0.01,9316
0.01,9180
0.01,9176
0.01,9149
0.01,9144
0.01,9140
0.01,9191
0.01,9232
0.01,9139
0.01,9277
0.01,9145
0.01,8980
0.01,8954
0.01,9045
0.01,9001
0.01,9190
0.01,9272
0.01,9318
0.01,8882
0.01,9213
0.01,9067
0.01,9115
0.01,9226
0.01,9156
0.01,8922
0.01,9189
0.01,9218
0.01,9135
0.01,9001
0.01,9237
0.01,8978
0.01,9028
0.01,8956
0.01,9001
0.01,8960
0.01,8878
0.01,9091
0.01,9086
0.01,9019
0.01,9102
0.01,9017
0.01,9029
0.01,9178
0.01,9124
0.01,8987
0.01,9100
0.01,9129
0.01,8866
0.01,9217
0.01,9325
0.01,9019
0.01,9010
0.01,9005
0.01,9086
0.01,9148
0.01,9379
0.01,9160
0.01,9112
0.01,9178
0.01,9050
0.01,9128
0.01,9238
0.01,8986
0.01,9133
0.01,9017
0.01,9024
0.01,9012
0.01,9244
0.01,9252
0.01,9112
0.01,9161
0.01,9103
0.01,9172
0.01,8974
0.01,9219
0.01,9135
0.01,8949
0.01,9168
0.01,9148
0.01,9256
0.01,9109
0.01,9198
0.01,9194
0.01,8965
0.01,9072
0.01,9202
0.01,9275
0.01,9098
0.01,9147
0.01,9055
0.01,8988
0.01,9082
0.01,9272
0.01,9231
0.01,9044
0.01,9025
0.01,8988
0.01,9026
0.01,9139
0.01,9393
0.01,9125
0.01,8883
0.01,9120
0.01,9157
0.01,9123
0.01,9272
0.01,8961
0.01,9039
0.01,8978
0.01,8998
0.01,9138
0.01,9116
0.01,8948
0.01,8997
0.01,9169
0.01,9236
0.01,9051
0.01,9213
0.01,8946
0.01,9208
0.01,9083
0.01,9016
0.01,8880
0.01,9095
0.01,9246
0.01,9238
0.01,9162
0.01,9180
0.01,9270
0.01,9122
0.01,8994
0.01,9194
0.01,9073
0.01,9272
0.01,9208
0.01,8989
0.01,9291
0.01,9104
0.01,9103
0.01,8925
0.01,9088
0.01,9100
0.01,9104
0.01,9151
0.01,9119
0.01,9294
0.01,9051
0.01,9062
0.01,8992
0.01,9104
0.01,9120
0.01,8935
0.01,9210
0.01,9104
0.01,9039
0.01,9228
0.01,9165
0.01,9119
0.01,8983
0.01,9041
0.01,9274
0.01,9078
0.01,9155
0.01,9254
0.01,9081
0.01,9041
0.01,9070
0.01,8873
0.01,9081
0.01,9050
0.01,9137
0.01,9081
0.01,9200
0.01,9146
0.01,8875
0.01,9001
0.01,8895
0.01,9107
0.01,9245
0.01,9162
0.01,9194
0.01,9078
0.01,8972
0.01,9108
0.01,9127
0.01,9052
0.01,9143
0.01,8992
0.01,9027
0.01,9101
0.01,9244
0.01,9188
0.01,9119
0.01,9048
0.01,8995
0.01,9155
0.01,9129
0.01,9031
0.01,9024
0.01,9204
0.01,8956
0.01,9151
0.01,9022
0.01,9060
0.01,9100
0.01,9218
0.01,8949
0.01,9077
0.01,9151
0.01,9155
0.01,9115
0.01,9241
0.01,9285
0.01,9221
0.01,9038
0.01,9040
0.01,9092
0.01,9000
0.01,9087
0.01,9131
0.01,9265
0.01,9179
0.01,8899
0.01,9072
0.01,9133
0.01,9210
0.01,8997
0.01,9080
0.01,9053
0.01,9223
0.01,9039
0.01,9168
0.01,9144
0.01,9019
0.01,8970
0.01,9078
0.01,9011
0.01,9040
0.01,9170
0.01,9055
0.01,9268
0.01,9196
0.01,8994
0.01,9183
0.01,9157
0.01,9070
0.01,9059
0.01,9074
0.01,9044
0.01,8946
0.01,9116
0.01,9156
0.01,8937
0.01,9097
0.01,9220
0.01,8949
0.01,9102
0.01,9098
0.01,9079
0.01,9087
0.01,9122
0.01,9070
0.01,9055
0.01,9074
0.01,8970
0.01,8928
0.01,9156
0.01,9141
0.01,9061
0.01,9048
0.01,8996
0.01,9193
0.01,9285
0.01,9025
0.01,9113
0.01,9277
0.01,8901
0.01,9116
0.01,9157
0.01,9210
0.01,9070
0.01,9079
0.01,8978
0.01,9233
0.01,9027
0.01,9026
0.01,9021
0.01,9064
0.01,9181
0.01,8969
0.01,9036
0.01,8998
0.01,9143
0.01,9147
0.01,9098
0.01,9009
0.01,9171
0.01,8995
0.01,8996
0.01,9105
0.01,9118
0.01,9188
0.01,9063
0.01,9193
0.01,9067
0.01,9065
0.01,9095
0.01,9189
0.01,8970
0.01,9196
0.01,9234
0.01,9062
0.01,9083
0.01,8896
0.01,9190
0.01,9142
0.01,9006
0.01,9121
0.01,9086
0.01,9186
0.01,9121
0.01,8996
0.01,9234
0.01,9165
0.01,9128
0.01,9141
0.01,9192
0.01,8868
0.01,9131
0.01,9192
0.01,9104
0.01,9206
0.01,9079
0.01,9211
0.01,9155
0.01,9106
0.01,8789
0.01,9082
0.01,9155
0.01,9168
0.01,9129
0.01,9046
0.01,8994
0.01,9173
0.01,9018
0.01,9038
0.01,9156
0.01,9148
0.01,9024
0.01,9118
0.01,9056
0.01,9040
0.01,8987
0.01,9224
0.01,9113
0.01,9053
0.01,8976
0.01,8992
0.01,8967
0.01,9196
0.01,9077
0.01,9022
0.01,9045
0.01,9137
0.01,9153
0.01,9124
0.01,9270
0.01,9203
0.01,9109
0.01,9163
0.01,9169
0.01,9090
0.01,9003
0.01,9257
0.01,9245
0.01,8993
0.01,9197
0.01,9094
0.01,9093
0.01,9067
0.01,9098
0.01,9037
0.01,9108
0.01,9244
0.01,9174
0.01,9069
0.01,9115
0.01,9157
0.01,9127
0.01,9046
0.01,9016
0.01,9090
0.01,9062
0.01,9135
0.01,9011
0.01,9066
0.01,9100
0.01,9075
0.01,9093
0.01,9134
0.01,9179
0.01,9123
0.01,9156
0.01,8996
0.01,9162
0.01,8972
0.01,9429
0.01,9257
0.01,9003
0.01,9212
0.01,9163
0.01,9061
0.01,8993
0.01,9192
0.01,8881
0.01,9224
0.01,8946
0.01,9202
0.01,9183
0.01,8985
0.01,8933
0.01,9096
0.01,9179
0.01,9170
0.01,9255
0.01,9125
0.01,9206
0.01,9271
0.01,9034
0.01,9214
0.01,9153
0.01,9199
0.01,8991
0.01,9261
0.01,8976
0.01,9147
0.01,9386
0.01,9252
0.01,9181
0.01,8993
0.01,9170
0.01,9034
0.01,9125
0.01,9216
0.01,9063
0.01,9116
0.01,9069
0.01,9134
0.01,9178
0.01,9232
0.01,9113
0.01,9131
0.01,9043
0.01,9054
0.01,9070
0.01,9054
0.01,9264
0.01,9162
0.01,9220
0.01,9193
0.01,9118
0.01,9052
0.01,9164
0.01,9096
0.01,9183
0.01,9132
0.01,9126
0.01,9194
0.01,9157
0.01,9102
0.01,9026
0.01,9099
0.01,8956
0.01,9293
0.01,9060
0.01,8987
0.01,9294
0.01,9232
0.01,8978
0.01,9134
0.01,9246
0.01,9143
0.01,9085
0.01,9013
0.01,9105
0.01,8965
0.01,9166
0.01,9153
0.01,9034
0.01,9121
0.01,9237
0.01,9030
0.01,9204
0.01,9085
0.01,9157
0.01,9048
0.01,9245
0.01,9235
0.01,9048
0.01,9148
0.01,9038
0.01,9193
0.01,8899
0.01,9240
0.01,9200
0.01,9035
0.01,9171
0.01,9081
0.01,9130
0.01,9196
0.01,9260
0.01,9170
0.01,9039
0.01,9207
0.01,9109
0.01,9382
0.01,9080
0.01,9245
0.01,9195
0.01,9079
0.01,9057
0.01,8928
0.01,8987
0.01,9240
0.01,9155
0.01,9180
0.01,9148
0.01,9118
0.01,9124
0.01,9179
0.01,9196
0.01,8933
0.01,9068
0.01,9006
0.01,9083
0.01,9125
0.01,9072
0.01,9115
0.01,9169
0.01,9133
0.01,9092
0.01,9175
0.01,9147
0.01,9056
0.01,8986
0.01,9184
0.01,9123
0.01,9127
0.01,9036
0.01,9180
0.01,9061
0.01,9246
0.01,9065
0.01,9156
0.01,9332
0.01,9217
0.01,9171
0.01,9184
0.01,9096
0.01,9101
0.01,9059
0.01,9194
0.01,9190
0.01,9158
0.01,9007
0.01,9134
0.01,9346
0.01,9195
0.01,9135
0.01,9022
0.01,9112
0.01,8917
0.01,9051
0.01,8939
0.01,9180
0.01,9021
0.01,9203
0.01,9082
0.01,9173
0.01,9275
0.01,9141
0.01,9069
0.01,8968
0.01,9044
0.01,9229
0.01,9051
0.01,9183
0.01,9130
0.01,9230
0.01,9191
0.01,9282
0.01,9103
0.01,9023
0.01,9298
0.01,9043
0.01,9277
0.01,9058
0.01,8966
0.01,9046
0.01,8960
0.01,9180
0.01,9156
0.01,9063
0.01,9030
0.01,9085
0.01,9085
0.01,9087
0.01,9313
0.01,9269
0.01,9118
0.01,9013
0.01,9100
0.01,9156
0.01,8944
0.01,9220
0.01,9130
0.01,9179
0.01,9151
0.01,9013
0.01,9257
0.01,9092
0.01,9062
0.01,9205
0.01,9167
0.01,9190
0.01,9308
0.01,9095
0.01,9116
0.01,9060
0.01,9317
0.01,9180
0.01,8995
0.01,9139
0.01,9097
0.01,9104
0.01,9003
0.01,9181
0.01,9093
0.01,9202
0.01,9184
0.01,9330
0.01,9016
0.01,9113
0.01,9055
0.01,9113
0.01,9011
0.01,8972
