0.001,7
0.001,141
0.001,44
0.001,83
0.001,169
0.001,272
0.001,146
0.001,46
0.001,137
0.001,154
0.001,38
0.001,21
0.001,70
0.001,39
0.001,160
0.001,21
0.001,11
0.001,54
0.001,149
0.001,32
0.001,13
0.001,1
0.001,7
0.001,23
0.001,111
0.001,48
0.001,87
0.001,219
0.001,22
0.001,27
0.001,4
0.001,9
0.001,6
0.001,138
0.001,199
0.001,151
0.001,131
0.001,22
0.001,4
0.001,33
0.001,16
0.001,105
0.001,75
0.001,10
0.001,51
0.001,82
0.001,180
0.001,35
0.001,368
0.001,7
0.001,26
0.001,66
0.001,32
0.001,1
0.001,78
0.001,403
0.001,1
0.001,83
0.001,47
0.001,6
0.001,69
0.001,168
0.001,428
0.001,60
0.001,229
0.001,359
0.001,113
0.001,32
0.001,63
0.001,153
0.001,76
0.001,190
0.001,11
0.001,24
0.001,70
0.001,139
0.001,4
0.001,132
0.001,33
0.001,48
0.001,69
0.001,76
0.001,5
0.001,2
0.001,38
0.001,75
0.001,36
0.001,63
0.001,39
0.001,2
0.001,343
0.001,300
0.001,78
0.001,23
0.001,39
0.001,191
0.001,1
0.001,14
0.001,13
0.001,93
0.001,407
0.001,8
0.001,230
0.001,65
0.001,159
0.001,117
0.001,41
0.001,30
0.001,94
0.001,225
0.001,206
0.001,228
0.001,30
0.001,14
0.001,124
0.001,53
0.001,189
0.001,166
0.001,4
0.001,64
0.001,135
0.001,170
0.001,269
0.001,95
0.001,302
0.001,70
0.001,53
0.001,1
0.001,148
0.001,19
0.001,4
0.001,61
0.001,231
0.001,92
0.001,3
0.001,47
0.001,5
0.001,247
0.001,5
0.001,103
0.001,3
0.001,47
0.001,50
0.001,115
0.001,13
0.001,73
0.001,42
0.001,252
0.001,50
0.001,191
0.001,60
0.001,75
0.001,19
0.001,96
0.001,253
0.001,84
0.001,125
0.001,51
0.001,32
0.001,44
0.001,11
0.001,9
0.001,91
0.001,151
0.001,11
0.001,406
0.001,6
0.001,4
0.001,28
0.001,38
0.001,7
0.001,7
0.001,41
0.001,45
0.001,11
0.001,132
0.001,92
0.001,7
0.001,57
0.001,4
0.001,100
0.001,103
0.001,13
0.001,22
0.001,150
0.001,14
0.001,13
0.001,56
0.001,16
0.001,19
0.001,19
0.001,47
0.001,9
0.001,42
0.001,15
0.001,84
0.001,231
0.001,240
0.001,31
0.001,71
0.001,29
0.001,6
0.001,6
0.001,104
0.001,372
0.001,48
0.001,36
0.001,53
0.001,15
0.001,59
0.001,76
0.001,166
0.001,71
0.001,23
0.001,4
0.001,12
0.001,18
0.001,60
0.001,41
0.001,206
0.001,14
0.001,30
0.001,128
0.001,119
0.001,283
0.001,134
0.001,89
0.001,172
0.001,11
0.001,39
0.001,23
0.001,15
0.001,39
0.001,143
0.001,130
0.001,98
0.001,59
0.001,29
0.001,286
0.001,72
0.001,4
0.001,35
0.001,199
0.001,24
0.001,50
0.001,87
0.001,2
0.001,163
0.001,103
0.001,135
0.001,213
0.001,124
0.001,107
0.001,36
0.001,42
0.001,219
0.001,66
0.001,16
0.001,214
0.001,365
0.001,136
0.001,18
0.001,67
0.001,196
0.001,32
0.001,44
0.001,12
0.001,118
0.001,78
0.001,25
0.001,36
0.001,113
0.001,24
0.001,34
0.001,5
0.001,36
0.001,64
0.001,21
0.001,22
0.001,10
0.001,120
0.001,131
0.001,8
0.001,82
0.001,37
0.001,10
0.001,15
0.001,53
0.001,34
0.001,282
0.001,39
0.001,95
0.001,19
0.001,139
0.001,53
0.001,14
0.001,72
0.001,11
0.001,26
0.001,45
0.001,166
0.001,1
0.001,79
0.001,18
0.001,75
0.001,31
0.001,16
0.001,9
0.001,10
0.001,16
0.001,158
0.001,55
0.001,85
0.001,131
0.001,2
0.001,9
0.001,73
0.001,87
0.001,362
0.001,3
0.001,114
0.001,69
0.001,237
0.001,139
0.001,92
0.001,40
0.001,161
0.001,103
0.001,18
0.001,7
0.001,62
0.001,10
0.001,72
0.001,23
0.001,77
0.001,104
0.001,40
0.001,27
0.001,56
0.001,23
0.001,16
0.001,21
0.001,132
0.001,106
0.001,20
0.001,16
0.001,82
0.001,72
0.001,7
0.001,325
0.001,143
0.001,228
0.001,162
0.001,671
0.001,17
0.001,16
0.001,307
0.001,54
0.001,34
0.001,114
0.001,492
0.001,9
0.001,3
0.001,33
0.001,92
0.001,69
0.001,24
0.001,44
0.001,7
0.001,35
0.001,28
0.001,11
0.001,52
0.001,1
0.001,203
0.001,140
0.001,41
0.001,235
0.001,191
0.001,22
0.001,5
0.001,34
0.001,49
0.001,76
0.001,18
0.001,170
0.001,95
0.001,42
0.001,137
0.001,17
0.001,118
0.001,12
0.001,14
0.001,14
0.001,58
0.001,111
0.001,6
0.001,31
0.001,4
0.001,62
0.001,70
0.001,247
0.001,16
0.001,49
0.001,23
0.001,39
0.001,29
0.001,31
0.001,10
0.001,14
0.001,145
0.001,197
0.001,84
0.001,95
0.001,8
0.001,21
0.001,30
0.001,3
0.001,52
0.001,223
0.001,106
0.001,292
0.001,16
0.001,175
0.001,80
0.001,48
0.001,31
0.001,129
0.001,110
0.001,90
0.001,147
0.001,11
0.001,41
0.001,56
0.001,103
0.001,140
0.001,115
0.001,18
0.001,50
0.001,13
0.001,333
0.001,19
0.001,84
0.001,52
0.001,20
0.001,102
0.001,35
0.001,92
0.001,98
0.001,379
0.001,17
0.001,142
0.001,15
0.001,159
0.001,101
0.001,148
0.001,68
0.001,52
0.001,29
0.001,26
0.001,172
0.001,2
0.001,152
0.001,78
0.001,173
0.001,6
0.001,16
0.001,13
0.001,63
0.001,23
0.001,131
0.001,71
0.001,118
0.001,217
0.001,109
0.001,40
0.001,17
0.001,12
0.001,30
0.001,29
0.001,55
0.001,248
0.001,164
0.001,72
0.001,43
0.001,18
0.001,345
0.001,58
0.001,28
0.001,340
0.001,34
0.001,116
0.001,130
0.001,194
0.001,101
0.001,165
0.001,2
0.001,145
0.001,66
0.001,246
0.001,28
0.001,8
0.001,174
0.001,6
0.001,421
0.001,22
0.001,2
0.001,22
0.001,5
0.001,139
0.001,57
0.001,41
0.001,3
0.001,89
0.001,57
0.001,79
0.001,90
0.001,104
0.001,13
0.001,3
0.001,30
0.001,86
0.001,69
0.001,101
0.001,41
0.001,71
0.001,92
0.001,58
0.001,14
0.001,36
0.001,133
0.001,16
0.001,88
0.001,132
0.001,40
0.001,247
0.001,116
0.001,206
0.001,3
0.001,33
0.001,13
0.001,103
0.001,161
0.001,89
0.001,8
0.001,63
0.001,186
0.001,49
0.001,194
0.001,66
0.001,69
0.001,111
0.001,130
0.001,45
0.001,220
0.001,45
0.001,69
0.001,88
0.001,7
0.001,223
0.001,215
0.001,27
0.001,117
0.001,118
0.001,97
0.001,441
0.001,94
0.001,51
0.001,9
0.001,10
0.001,87
0.001,338
0.001,126
0.001,79
0.001,74
0.001,86
0.001,5
0.001,50
0.001,13
0.001,11
0.001,4
0.001,114
0.001,4
0.001,61
0.001,20
0.001,55
0.001,47
0.001,373
0.001,85
0.001,72
0.001,35
0.001,26
0.001,4
0.001,32
0.001,9
0.001,7
0.001,137
0.001,302
0.001,9
0.001,154
0.001,18
0.001,52
0.001,169
0.001,1
0.001,290
0.001,140
0.001,29
0.001,108
0.001,253
0.001,45
0.001,9
0.001,109
0.001,1
0.001,37
0.001,40
0.001,191
0.001,4
0.001,129
0.001,42
0.001,109
0.001,45
0.001,36
0.001,13
0.001,66
0.001,3
0.001,84
0.001,26
0.001,28
0.001,39
0.001,90
0.001,159
0.001,149
0.001,100
0.001,192
0.001,12
0.001,118
0.001,7
0.001,92
0.001,46
0.001,242
0.001,143
0.001,274
0.001,108
0.001,14
0.001,4
0.001,23
0.001,152
0.001,258
0.001,53
0.001,8
0.001,104
0.001,42
0.001,311
0.001,162
0.001,38
0.001,47
0.001,367
0.001,253
0.001,6
0.001,72
0.001,4
0.001,11
0.001,13
0.001,85
0.001,57
0.001,93
0.001,21
0.001,65
0.001,85
0.001,121
0.001,141
0.001,60
0.001,134
0.001,73
0.001,41
0.001,140
0.001,5
0.001,18
0.001,4
0.001,24
0.001,1
0.001,72
0.001,62
0.001,6
0.001,35
0.001,75
0.001,86
0.001,51
0.001,102
0.001,419
0.001,30
0.001,247
0.001,74
0.001,32
0.001,9
0.001,4
0.001,24
0.001,272
0.001,70
0.001,59
0.001,25
0.001,58
0.001,108
0.001,80
0.001,290
0.001,70
0.001,62
0.001,43
0.001,139
0.001,5
0.001,119
0.001,3
0.001,152
0.001,93
0.001,35
0.001,88
0.001,155
0.001,34
0.001,64
0.001,27
0.001,166
0.001,156
0.001,60
0.001,125
0.001,149
0.001,103
0.001,55
0.001,110
0.001,51
0.001,58
0.001,38
0.001,32
0.001,8
0.001,340
0.001,216
0.001,56
0.001,90
0.001,99
0.001,6
0.001,164
0.001,79
0.001,28
0.001,54
0.001,41
0.001,67
0.001,79
0.001,215
0.001,22
0.001,82
0.001,152
0.001,9
0.001,22
0.001,98
0.001,66
0.001,56
0.001,28
0.001,82
0.001,84
0.001,16
0.001,161
0.001,35
0.001,32
0.001,289
0.001,110
0.001,25
0.001,82
0.001,49
0.001,28
0.001,16
0.001,106
0.001,22
0.001,19
0.001,7
0.001,66
0.001,58
0.001,50
0.001,108
0.001,214
0.001,142
0.001,24
0.001,65
0.001,94
0.001,111
0.001,18
0.001,103
0.001,10
0.001,182
0.001,388
0.001,35
0.001,16
0.001,89
0.001,15
0.001,93
0.001,50
0.001,7
0.001,112
0.001,132
0.001,105
0.001,50
0.001,82
0.001,19
0.001,147
0.001,33
0.001,20
0.001,58
0.001,149
0.001,32
0.001,99
0.001,27
0.001,26
0.001,71
0.001,55
0.001,26
0.001,38
0.001,88
0.001,8
0.001,38
0.001,189
0.001,82
0.001,7
0.001,182
0.001,191
0.001,47
0.001,64
0.001,16
0.001,33
0.001,93
0.001,220
0.001,8
0.001,131
0.001,1
0.001,26
0.001,27
0.001,77
0.001,25
0.001,7
0.001,35
0.001,54
0.001,31
0.001,8
0.001,9
0.001,32
0.001,19
0.001,19
0.001,159
0.001,149
0.001,8
0.001,15
0.001,160
0.001,140
0.001,67
0.001,13
0.001,13
0.001,141
0.001,51
0.001,111
0.001,62
0.001,42
0.001,18
0.001,117
0.001,74
0.001,83
0.001,60
0.001,291
0.001,20
0.001,103
0.001,30
0.001,79
0.001,7
0.001,308
0.001,5
0.001,132
0.001,8
0.001,95
0.001,44
0.001,36
0.001,37
0.001,30
0.001,6
0.001,353
0.001,98
0.001,206
0.001,10
0.001,277
0.001,3
0.001,56
0.001,13
0.001,72
0.001,220
0.001,27
0.001,38
0.001,93
0.001,32
0.001,180
0.001,13
0.001,91
0.001,64
0.001,8
0.001,2
0.001,138
0.001,75
0.001,182
0.001,112
0.001,109
0.001,54
0.001,125
0.001,2
0.001,8
0.001,102
0.001,44
0.001,360
0.001,60
0.001,33
0.001,55
0.001,118
0.001,41
0.001,32
0.001,155
0.001,49
0.001,66
0.001,46
0.001,41
0.001,63
0.001,32
0.001,63
0.001,78
0.001,109
0.001,6
0.001,27
0.001,79
0.001,82
0.001,17
0.001,11
0.001,94
0.001,37
0.001,123
0.001,38
0.001,82
0.001,1
0.001,46
0.001,135
0.001,6
0.001,229
0.001,294
0.001,12
0.001,7
0.001,16
0.001,9
0.001,26
0.001,264
0.001,165
0.001,20
0.001,31
0.001,391
0.001,23
0.001,97
0.001,28
0.001,165
0.001,15
0.001,11
0.001,32
0.001,67
0.001,111
0.001,150
0.001,16
0.001,37
0.001,72
0.001,26
0.001,21
0.001,88
0.001,47
0.001,13
0.001,89
0.001,64
0.001,41
0.001,24
0.001,130
0.001,52
0.001,196
0.001,12
0.001,156
0.001,162
0.001,31
0.001,3
0.001,146
0.001,59
0.001,171
0.001,114
0.001,175
0.001,3
0.001,50
0.001,58
0.001,40
0.001,209
0.001,73
0.001,6
0.001,62
0.001,28
0.001,62
0.001,21
