0.01,9566
0.01,9708
0.01,9620
0.01,9600
0.01,9568
0.01,9611
0.01,9793
0.01,9794
0.01,9661
0.01,9760
0.01,9587
0.01,9677
0.01,9820
0.01,9723
0.01,9514
0.01,9594
0.01,9562
0.01,9556
0.01,9626
0.01,9601
0.01,9592
0.01,9550
0.01,9579
0.01,9578
0.01,9726
0.01,9638
0.01,9562
0.01,9525
0.01,9695
0.01,9806
0.01,9471
0.01,9665
0.01,9347
0.01,9784
0.01,9582
0.01,9639
0.01,9670
0.01,9652
0.01,9629
0.01,9791
0.01,9882
0.01,9545
0.01,9626
0.01,9499
0.01,9730
0.01,9665
0.01,9608
0.01,9549
0.01,9598
0.01,9682
0.01,9578
0.01,9711
0.01,9862
0.01,9693
0.01,9643
0.01,9590
0.01,9810
0.01,9644
0.01,9614
0.01,9732
0.01,9598
0.01,9745
0.01,9499
0.01,9677
0.01,9579
0.01,9754
0.01,9607
0.01,9558
0.01,9589
0.01,9675
0.01,9667
0.01,9580
0.01,9509
0.01,9745
0.01,9726
0.01,9729
0.01,9609
0.01,9512
0.01,9761
0.01,9717
0.01,9675
0.01,9686
0.01,9530
0.01,9623
0.01,9605
0.01,9648
0.01,9560
0.01,9622
0.01,9499
0.01,9626
0.01,9751
0.01,9579
0.01,9575
0.01,9603
0.01,9646
0.01,9700
0.01,9617
0.01,9490
0.01,9513
0.01,9612
0.01,9663
0.01,9800
0.01,9719
0.01,9589
0.01,9606
0.01,9512
0.01,9449
0.01,9612
0.01,9609
0.01,9830
0.01,9596
0.01,9612
0.01,9538
0.01,9813
0.01,9731
0.01,9744
0.01,9564
0.01,9599
0.01,9639
0.01,9670
0.01,9553
0.01,9654
0.01,9652
0.01,9728
0.01,9431
0.01,9621
0.01,9618
0.01,9681
0.01,9644
0.01,9597
0.01,9799
0.01,9556
0.01,9757
0.01,9543
0.01,9603
0.01,9685
0.01,9639
0.01,9738
0.01,9777
0.01,9597
0.01,9706
0.01,9838
0.01,9442
0.01,9658
0.01,9519
0.01,9756
0.01,9664
0.01,9552
0.01,9811
0.01,9496
0.01,9874
0.01,9462
0.01,9639
0.01,9799
0.01,9588
0.01,9836
0.01,9616
0.01,9584
0.01,9611
0.01,9577
0.01,9675
0.01,9519
0.01,9949
0.01,9869
0.01,9545
0.01,9624
0.01,9560
0.01,9656
0.01,9753
0.01,9534
0.01,9634
0.01,9608
0.01,9599
0.01,9600
0.01,9677
0.01,9548
0.01,9557
0.01,9711
0.01,9732
0.01,9752
0.01,9792
0.01,9677
0.01,9548
0.01,9884
0.01,9550
0.01,9595
0.01,9655
0.01,9421
0.01,9735
0.01,9619
0.01,9543
0.01,9662
0.01,9816
0.01,9749
0.01,9820
0.01,9766
0.01,9839
0.01,9543
0.01,9649
0.01,9627
0.01,9721
0.01,9665
0.01,9554
0.01,9816
0.01,9698
0.01,9476
0.01,9592
0.01,9924
0.01,9467
0.01,9569
0.01,9774
0.01,9516
0.01,9743
0.01,9743
0.01,9753
0.01,9622
0.01,9670
0.01,9717
0.01,9609
0.01,9608
0.01,9665
0.01,9662
0.01,9751
0.01,9807
0.01,9521
0.01,9547
0.01,9698
0.01,9508
0.01,9542
0.01,9398
0.01,9585
0.01,9577
0.01,9651
0.01,9722
0.01,9492
0.01,9691
0.01,9564
0.01,9733
0.01,9717
0.01,9643
0.01,9610
0.01,9698
0.01,9433
0.01,9626
0.01,9735
0.01,9690
0.01,9691
0.01,9464
0.01,9682
0.01,9573
0.01,9636
0.01,9907
0.01,9665
0.01,9695
0.01,9636
0.01,9708
0.01,9528
0.01,9419
0.01,9484
0.01,9597
0.01,9637
0.01,9546
0.01,9703
0.01,9615
0.01,9835
0.01,9562
0.01,9515
0.01,9447
0.01,9840
0.01,9740
0.01,9856
0.01,9669
0.01,9542
0.01,9579
0.01,9572
0.01,9578
0.01,9632
0.01,9577
0.01,9682
0.01,9476
0.01,9584
0.01,9749
0.01,9702
0.01,9682
0.01,9645
0.01,9496
0.01,9725
0.01,9757
0.01,9679
0.01,9560
0.01,9600
0.01,9628
0.01,9583
0.01,9548
0.01,9705
0.01,9750
0.01,9557
0.01,9757
0.01,9707
0.01,9654
0.01,9755
0.01,9597
0.01,9527
0.01,9652
0.01,9591
0.01,9712
0.01,9719
0.01,9827
0.01,9699
0.01,9721
0.01,9548
0.01,9634
0.01,9532
0.01,9762
0.01,9643
0.01,9634
0.01,9664
0.01,9477
0.01,9579
0.01,9572
0.01,9610
0.01,9700
0.01,9539
0.01,9621
0.01,9667
0.01,9601
0.01,9627
0.01,9610
0.01,9719
0.01,9788
0.01,9527
0.01,9568
0.01,9444
0.01,9568
0.01,9615
0.01,9692
0.01,9802
0.01,9758
0.01,9636
0.01,9592
0.01,9566
0.01,9621
0.01,9641
0.01,9495
0.01,9605
0.01,9644
0.01,9429
0.01,9502
0.01,9531
0.01,9612
0.01,9795
0.01,9463
0.01,9522
0.01,9558
0.01,9692
0.01,9724
0.01,9635
0.01,9590
0.01,9628
0.01,9644
0.01,9436
0.01,9609
0.01,9648
0.01,9609
0.01,9599
0.01,9507
0.01,9563
0.01,9727
0.01,9700
0.01,9626
0.01,9712
0.01,9658
0.01,9573
0.01,9567
0.01,9594
0.01,9727
0.01,9591
0.01,9653
0.01,9659
0.01,9478
0.01,9417
0.01,9538
0.01,9657
0.01,9736
0.01,9855
0.01,9688
0.01,9782
0.01,9675
0.01,9669
0.01,9447
0.01,9843
0.01,9715
0.01,9794
0.01,9785
0.01,9788
0.01,9740
0.01,9648
0.01,9484
0.01,9617
0.01,9578
0.01,9715
0.01,9640
0.01,9507
0.01,9593
0.01,9655
0.01,9563
0.01,9556
0.01,9709
0.01,9761
0.01,9697
0.01,9521
0.01,9692
0.01,9524
0.01,9654
0.01,9653
0.01,9561
0.01,9689
0.01,9602
0.01,9637
0.01,9666
0.01,9822
0.01,9732
0.01,9538
0.01,9536
0.01,9744
0.01,9513
0.01,9650
0.01,9651
0.01,9519
0.01,9585
0.01,9574
0.01,9623
0.01,9905
0.01,9598
0.01,9512
0.01,9565
0.01,9566
0.01,9578
0.01,9629
0.01,9598
0.01,9663
0.01,9634
0.01,9602
0.01,9641
0.01,9554
0.01,9670
0.01,9593
0.01,9701
0.01,9799
0.01,9665
0.01,9658
0.01,9931
0.01,9631
0.01,9442
0.01,9536
0.01,9716
0.01,9473
0.01,9455
0.01,9654
0.01,9644
0.01,9682
0.01,9654
0.01,9632
0.01,9668
0.01,9620
0.01,9707
0.01,9627
0.01,9659
0.01,9525
0.01,9730
0.01,9534
0.01,9731
0.01,9641
0.01,9522
0.01,9665
0.01,9609
0.01,9755
0.01,9751
0.01,9587
0.01,9866
0.01,9806
0.01,9822
0.01,9699
0.01,9456
0.01,9657
0.01,9701
0.01,9644
0.01,9572
0.01,9689
0.01,9564
0.01,9795
0.01,9603
0.01,9669
0.01,9770
0.01,9690
0.01,9527
0.01,9805
0.01,9607
0.01,9688
0.01,9687
0.01,9612
0.01,9553
0.01,9588
0.01,9668
0.01,9604
0.01,9536
0.01,9787
0.01,9518
0.01,9611
0.01,9584
0.01,9607
0.01,9777
0.01,9664
0.01,9606
0.01,9711
0.01,9829
0.01,9563
0.01,9624
0.01,9709
0.01,9578
0.01,9505
0.01,9437
0.01,9735
0.01,9650
0.01,9648
0.01,9474
0.01,9676
0.01,9508
0.01,9574
0.01,9675
0.01,9662
0.01,9742
0.01,9734
0.01,9665
0.01,9699
0.01,9612
0.01,9580
0.01,9610
0.01,9570
0.01,9563
0.01,9532
0.01,9713
0.01,9508
0.01,9617
0.01,9460
0.01,9500
0.01,9512
0.01,9723
0.01,9577
0.01,9599
0.01,9594
0.01,9413
0.01,9508
0.01,9740
0.01,9544
0.01,9603
0.01,9578
0.01,9785
0.01,9562
0.01,9691
0.01,9537
0.01,9642
0.01,9656
0.01,9607
0.01,9630
0.01,9465
0.01,9663
0.01,9756
0.01,9622
0.01,9638
0.01,9601
0.01,9549
0.01,9976
0.01,9470
0.01,9668
0.01,9636
0.01,9512
0.01,9601
0.01,9589
0.01,9652
0.01,9607
0.01,9588
0.01,9905
0.01,9490
0.01,9763
0.01,9558
0.01,9635
0.01,9732
0.01,9680
0.01,9601
0.01,9597
0.01,9704
0.01,9487
0.01,9643
0.01,9480
0.01,9618
0.01,9627
0.01,9668
0.01,9568
0.01,9634
0.01,9676
0.01,9529
0.01,9658
0.01,9633
0.01,9755
0.01,9777
0.01,9571
0.01,9697
0.01,9637
0.01,9518
0.01,9510
0.01,9735
0.01,9695
0.01,9573
0.01,9668
0.01,9740
0.01,9558
0.01,9443
0.01,9530
0.01,9487
0.01,9362
0.01,9673
0.01,9550
0.01,9526
0.01,9617
0.01,9606
0.01,9654
0.01,9731
0.01,9613
0.01,9402
0.01,9744
0.01,9535
0.01,9612
0.01,9468
0.01,9612
0.01,9707
0.01,9653
0.01,9549
0.01,9858
0.01,9709
0.01,9774
0.01,9612
0.01,9473
0.01,9605
0.01,9707
0.01,9689
0.01,9631
0.01,9548
0.01,9812
0.01,9647
0.01,9707
0.01,9511
0.01,9551
0.01,9637
0.01,9601
0.01,9731
0.01,9720
0.01,9764
0.01,9632
0.01,9562
0.01,9662
0.01,9588
0.01,9731
0.01,9502
0.01,9587
0.01,9618
0.01,9494
0.01,9758
0.01,9530
0.01,9769
0.01,9516
0.01,9696
0.01,9586
0.01,9695
0.01,9590
0.01,9963
0.01,9547
0.01,9790
0.01,9531
0.01,9699
0.01,9857
0.01,9737
0.01,9496
0.01,9705
0.01,9696
0.01,9354
0.01,9653
0.01,9588
0.01,9630
0.01,9608
0.01,9541
0.01,9525
0.01,9542
0.01,9541
0.01,9857
0.01,9659
0.01,9555
0.01,9582
0.01,9499
0.01,9680
0.01,9556
0.01,9812
0.01,9517
0.01,9659
0.01,9787
0.01,9503
0.01,9758
0.01,9682
0.01,9652
0.01,9757
0.01,9722
0.01,9571
0.01,9638
0.01,9416
0.01,9538
0.01,9843
0.01,9561
0.01,9665
0.01,9565
0.01,9456
0.01,9603
0.01,9818
0.01,9639
0.01,9411
0.01,9706
0.01,9441
0.01,9536
0.01,9697
0.01,9656
0.01,9748
0.01,9666
0.01,9801
0.01,9554
0.01,9743
0.01,9665
0.01,9615
0.01,9643
0.01,9465
0.01,9826
0.01,9490
0.01,9557
0.01,9663
0.01,9677
0.01,9565
0.01,9588
0.01,9708
0.01,9755
0.01,9601
0.01,9752
0.01,9590
0.01,9616
0.01,9478
0.01,9626
0.01,9657
0.01,9597
0.01,9631
0.01,9782
0.01,9517
0.01,9520
0.01,9595
0.01,9513
0.01,9650
0.01,9747
0.01,9512
0.01,9739
0.01,9767
0.01,9452
0.01,9689
0.01,9818
0.01,9446
0.01,9527
0.01,9743
0.01,9624
0.01,9573
0.01,9781
0.01,9666
0.01,9753
0.01,9498
0.01,9656
0.01,9553
0.01,9610
0.01,9601
0.01,9568
0.01,9646
0.01,9686
0.01,9808
0.01,9688
0.01,9709
0.01,9731
0.01,9669
0.01,9609
0.01,9597
0.01,9537
0.01,9596
0.01,9793
0.01,9648
0.01,9578
0.01,9607
0.01,9841
0.01,9452
0.01,9729
0.01,9818
0.01,9343
0.01,9607
0.01,9488
0.01,9560
0.01,9565
0.01,9612
0.01,9590
0.01,9475
0.01,9774
0.01,9758
0.01,9491
0.01,9560
0.01,9559
0.01,9527
0.01,9494
0.01,9618
0.01,9543
0.01,9485
0.01,9488
0.01,9472
0.01,9614
0.01,9599
0.01,9483
0.01,9645
0.01,9478
0.01,9675
0.01,9631
0.01,9742
0.01,9628
0.01,9501
0.01,9706
0.01,9520
0.01,9678
0.01,9542
0.01,9527
0.01,9664
0.01,9789
0.01,9520
0.01,9687
0.01,9752
0.01,9699
0.01,9676
0.01,9740
0.01,9568
0.01,9627
0.01,9710
0.01,9633
0.01,9497
0.01,9520
0.01,9546
0.01,9563
0.01,9654
0.01,9768
0.01,9649
0.01,9770
0.01,9541
0.01,9518
0.01,9531
0.01,9433
0.01,9670
0.01,9543
0.01,9596
0.01,9677
0.01,9503
0.01,9681
0.01,9504
0.01,9923
0.01,9653
0.01,9556
0.01,9542
0.01,9698
0.01,9692
0.01,9630
0.01,9582
0.01,9701
0.01,9754
0.01,9727
0.01,9598
0.01,9727
0.01,9754
0.01,9842
0.01,9720
0.01,9700
0.01,9639
0.01,9625
0.01,9534
0.01,9576
0.01,9687
0.01,9586
0.01,9529
0.01,9706
0.01,9558
0.01,9539
0.01,9534
0.01,9622
0.01,9696
0.01,9712
0.01,9753
0.01,9661
0.01,9694
0.01,9468
0.01,9844
0.01,9568
0.01,9609
0.01,9660
0.01,9514
0.01,9447
0.01,9617
0.01,9678
0.01,9780
0.01,9812
0.01,9655
0.01,9343
0.01,9594
0.01,9604
0.01,9709
0.01,9615
0.01,9621
0.01,9573
0.01,9424
0.01,9469
0.01,9614
0.01,9568
0.01,9734
0.01,9744
0.01,9447
0.01,9602
0.01,9652
0.01,9676
0.01,9510
0.01,9580
0.01,9622
0.01,9767
0.01,9578
0.01,9615
0.01,9588
0.01,9551
0.01,9549
0.01,9775
0.01,9641
0.01,9482
0.01,9762
0.01,9524
0.01,9737
0.01,9542
0.01,9744
0.01,9645
0.01,9507
0.01,9733
0.01,9674
0.01,9664
0.01,9712
0.01,9840
0.01,9809
0.01,9713
0.01,9702
0.01,9671
0.01,9646
0.01,9616
0.01,9559
0.01,9556
0.01,9631
0.01,9597
0.01,9543
0.01,9649
0.01,9746
0.01,9647
0.01,9591
0.01,9747
0.01,9660
0.01,9771
0.01,9729
0.01,9725
0.01,9235
0.01,9699
0.01,9557
0.01,9788
0.01,9842
0.01,9699
0.01,9666
0.01,9711
0.01,9407
0.01,9631
0.01,9626
0.01,9483
0.01,9699
0.01,9587
0.01,9448
0.01,9671
0.01,9707
0.01,9676
0.01,9701
0.01,9677
0.01,9604
0.01,9839
0.01,9560
0.01,9661
0.01,9566
