0.004,9921
0.004,9906
0.004,9246
0.004,10011
0.004,10101
0.004,9446
0.004,10021
0.004,7307
0.004,9933
0.004,9978
0.004,9853
0.004,10055
0.004,9937
0.004,9881
0.004,10081
0.004,10077
0.004,9696
0.004,9780
0.004,10155
0.004,9858
0.004,10082
0.004,9744
0.004,9899
0.004,9882
0.004,9723
0.004,9840
0.004,10022
0.004,10021
0.004,9941
0.004,9325
0.004,10054
0.004,9803
0.004,9428
0.004,9964
0.004,9997
0.004,9813
0.004,9773
0.004,9776
0.004,9909
0.004,9675
0.004,10087
0.004,6693
0.004,7575
0.004,9532
0.004,9838
0.004,9293
0.004,9843
0.004,9254
0.004,9647
0.004,9600
0.004,9556
0.004,10110
0.004,9559
0.004,9306
0.004,9937
0.004,8489
0.004,10035
0.004,9544
0.004,9868
0.004,9737
0.004,9465
0.004,10165
0.004,9889
0.004,9723
0.004,9861
0.004,9840
0.004,9760
0.004,9832
0.004,10122
0.004,9885
0.004,9840
0.004,10031
0.004,9704
0.004,9852
0.004,9898
0.004,9454
0.004,9608
0.004,9955
0.004,9862
0.004,9966
0.004,9769
0.004,9967
0.004,9448
0.004,9778
0.004,9989
0.004,9494
0.004,9280
0.004,10040
0.004,9986
0.004,10026
0.004,1751
0.004,10001
0.004,9825
0.004,9457
0.004,9969
0.004,8841
0.004,9776
0.004,9877
0.004,9786
0.004,9790
0.004,10035
0.004,9821
0.004,9974
0.004,9831
0.004,9894
0.004,9801
0.004,9541
0.004,9863
0.004,3873
0.004,9853
0.004,9870
0.004,9716
0.004,10027
0.004,9580
0.004,5904
0.004,9787
0.004,9911
0.004,9876
0.004,10008
0.004,9943
0.004,9851
0.004,9560
0.004,9880
0.004,10017
0.004,10011
0.004,9944
0.004,9614
0.004,7940
0.004,9775
0.004,9489
0.004,9987
0.004,10142
0.004,9528
0.004,8314
0.004,10044
0.004,9979
0.004,9982
0.004,9836
0.004,9788
0.004,10037
0.004,10011
0.004,9991
0.004,9941
0.004,9856
0.004,9312
0.004,10041
0.004,9907
0.004,9938
0.004,9045
0.004,9784
0.004,9692
0.004,9845
0.004,9720
0.004,10029
0.004,9717
0.004,8846
0.004,9989
0.004,9968
0.004,9789
0.004,9979
0.004,10025
0.004,9845
0.004,9767
0.004,10109
0.004,9962
0.004,9180
0.004,9876
0.004,9633
0.004,9878
0.004,9917
0.004,8830
0.004,10003
0.004,9699
0.004,10150
0.004,9822
0.004,10048
0.004,9983
0.004,10013
0.004,9544
0.004,10002
0.004,6092
0.004,9254
0.004,9623
0.004,9817
0.004,9842
0.004,8973
0.004,9867
0.004,9613
0.004,9997
0.004,9888
0.004,10203
0.004,9964
0.004,9710
0.004,9520
0.004,5003
0.004,9754
0.004,9816
0.004,10070
0.004,9995
0.004,9964
0.004,10093
0.004,9943
0.004,9912
0.004,9656
0.004,9715
0.004,10074
0.004,9968
0.004,3329
0.004,9915
0.004,10010
0.004,6596
0.004,9823
0.004,10110
0.004,9880
0.004,9937
0.004,9948
0.004,9413
0.004,9909
0.004,9373
0.004,9744
0.004,8547
0.004,9524
0.004,9722
0.004,9691
0.004,10134
0.004,9995
0.004,9144
0.004,9977
0.004,10080
0.004,9343
0.004,9871
0.004,9844
0.004,9761
0.004,9911
0.004,10113
0.004,9893
0.004,9821
0.004,9890
0.004,9563
0.004,9887
0.004,9577
0.004,9711
0.004,10010
0.004,4060
0.004,9894
0.004,9752
0.004,9616
0.004,9548
0.004,9761
0.004,9689
0.004,9144
0.004,9839
0.004,9568
0.004,9418
0.004,9955
0.004,9749
0.004,9995
0.004,9897
0.004,9731
0.004,10131
0.004,9790
0.004,9414
0.004,10012
0.004,10151
0.004,9972
0.004,10023
0.004,10022
0.004,9571
0.004,9667
0.004,8979
0.004,9727
0.004,9944
0.004,9445
0.004,10078
0.004,9382
0.004,9970
0.004,9032
0.004,9852
0.004,10142
0.004,10100
0.004,9663
0.004,9680
0.004,8882
0.004,9153
0.004,9935
0.004,9527
0.004,9974
0.004,9565
0.004,7201
0.004,8625
0.004,10036
0.004,9352
0.004,9497
0.004,9658
0.004,9827
0.004,9476
0.004,9919
0.004,9736
0.004,10019
0.004,10148
0.004,9989
0.004,4095
0.004,9815
0.004,8847
0.004,9996
0.004,10053
0.004,9702
0.004,9887
0.004,9559
0.004,9847
0.004,9629
0.004,9316
0.004,9693
0.004,9867
0.004,9405
0.004,9401
0.004,9985
0.004,9783
0.004,9880
0.004,9753
0.004,9916
0.004,10015
0.004,9943
0.004,10014
0.004,9574
0.004,4879
0.004,10235
0.004,9719
0.004,9589
0.004,9711
0.004,10071
0.004,10028
0.004,9725
0.004,10041
0.004,9753
0.004,9996
0.004,9172
0.004,9950
0.004,9865
0.004,10037
0.004,9687
0.004,8597
0.004,9696
0.004,10023
0.004,9860
0.004,9821
0.004,9923
0.004,9740
0.004,9835
0.004,9908
0.004,10035
0.004,9846
0.004,8932
0.004,9882
0.004,9867
0.004,10051
0.004,9968
0.004,9943
0.004,9110
0.004,9191
0.004,9435
0.004,9711
0.004,9789
0.004,10050
0.004,9859
0.004,9950
0.004,9787
0.004,9963
0.004,9928
0.004,9853
0.004,9993
0.004,10036
0.004,10088
0.004,10019
0.004,9973
0.004,9736
0.004,9877
0.004,9472
0.004,9473
0.004,9908
0.004,9926
0.004,9524
0.004,9963
0.004,9709
0.004,9869
0.004,9933
0.004,8846
0.004,9806
0.004,9700
0.004,9919
0.004,9956
0.004,10007
0.004,9899
0.004,10026
0.004,9933
0.004,9942
0.004,9860
0.004,7579
0.004,9574
0.004,10114
0.004,9652
0.004,9868
0.004,10029
0.004,9971
0.004,9958
0.004,9719
0.004,9944
0.004,9745
0.004,6470
0.004,9591
0.004,9974
0.004,5423
0.004,10013
0.004,9874
0.004,9672
0.004,9367
0.004,9973
0.004,9794
0.004,9235
0.004,9718
0.004,9936
0.004,10055
0.004,9680
0.004,8424
0.004,9969
0.004,9622
0.004,9534
0.004,9802
0.004,9927
0.004,9552
0.004,9857
0.004,9584
0.004,10239
0.004,10005
0.004,9567
0.004,9633
0.004,9788
0.004,9853
0.004,9989
0.004,9520
0.004,9914
0.004,9628
0.004,9842
0.004,9935
0.004,9855
0.004,9644
0.004,9651
0.004,9918
0.004,10076
0.004,9600
0.004,9884
0.004,9701
0.004,9944
0.004,9035
0.004,9762
0.004,9815
0.004,10038
0.004,9741
0.004,9683
0.004,10193
0.004,10029
0.004,9798
0.004,9820
0.004,10016
0.004,10096
0.004,9839
0.004,9647
0.004,9327
0.004,9576
0.004,9285
0.004,10017
0.004,8991
0.004,9308
0.004,9875
0.004,9861
0.004,9889
0.004,9701
0.004,9933
0.004,9946
0.004,9533
0.004,10085
0.004,9846
0.004,9913
0.004,9591
0.004,9348
0.004,10069
0.004,9976
0.004,9784
0.004,9695
0.004,9265
0.004,10021
0.004,9804
0.004,9791
0.004,9687
0.004,3954
0.004,10115
0.004,10024
0.004,7087
0.004,10015
0.004,9881
0.004,9898
0.004,9769
0.004,9920
0.004,9819
0.004,9872
0.004,9897
0.004,9852
0.004,10073
0.004,10059
0.004,9993
0.004,10046
0.004,9831
0.004,10067
0.004,9638
0.004,10065
0.004,9718
0.004,9732
0.004,9736
0.004,5296
0.004,9586
0.004,8719
0.004,9687
0.004,9903
0.004,9839
0.004,9962
0.004,10018
0.004,9900
0.004,10038
0.004,6497
0.004,9880
0.004,9847
0.004,9975
0.004,9714
0.004,7487
0.004,9905
0.004,9227
0.004,9819
0.004,9972
0.004,8942
0.004,9329
0.004,9802
0.004,9958
0.004,9824
0.004,10119
0.004,9769
0.004,9293
0.004,9719
0.004,9701
0.004,9688
0.004,10057
0.004,9951
0.004,10044
0.004,9817
0.004,10057
0.004,9427
0.004,9790
0.004,9977
0.004,9494
0.004,9982
0.004,10089
0.004,9760
0.004,8861
0.004,4468
0.004,10171
0.004,9950
0.004,10194
0.004,9567
0.004,8996
0.004,9608
0.004,9336
0.004,9975
0.004,9503
0.004,9796
0.004,9957
0.004,9850
0.004,10002
0.004,10008
0.004,10056
0.004,10107
0.004,9940
0.004,9684
0.004,7534
0.004,10221
0.004,9931
0.004,8674
0.004,9826
0.004,9362
0.004,9902
0.004,10096
0.004,10088
0.004,10066
0.004,9907
0.004,9725
0.004,9693
0.004,9322
0.004,9803
0.004,10165
0.004,9497
0.004,8956
0.004,9503
0.004,9944
0.004,9632
0.004,9908
0.004,9263
0.004,9026
0.004,9430
0.004,9419
0.004,9979
0.004,9136
0.004,6962
0.004,9577
0.004,9769
0.004,9636
0.004,5112
0.004,9913
0.004,9768
0.004,10021
0.004,9737
0.004,9999
0.004,9854
0.004,9878
0.004,10100
0.004,9463
0.004,8178
0.004,8863
0.004,9772
0.004,9864
0.004,9804
0.004,4998
0.004,9769
0.004,9772
0.004,9983
0.004,9742
0.004,9784
0.004,10085
0.004,9021
0.004,9889
0.004,9857
0.004,9902
0.004,9724
0.004,9500
0.004,9679
0.004,9875
0.004,10024
0.004,9436
0.004,9291
0.004,9849
0.004,10136
0.004,9932
0.004,9389
0.004,9000
0.004,9917
0.004,9910
0.004,10003
0.004,9375
0.004,9825
0.004,9992
0.004,9953
0.004,9933
0.004,9616
0.004,9913
0.004,9754
0.004,9800
0.004,10010
0.004,10005
0.004,9990
0.004,7087
0.004,10084
0.004,9978
0.004,10044
0.004,9397
0.004,9787
0.004,9762
0.004,9495
0.004,9579
0.004,6848
0.004,9763
0.004,9844
0.004,9107
0.004,8984
0.004,9905
0.004,9424
0.004,9871
0.004,9672
0.004,9812
0.004,9126
0.004,10056
0.004,9961
0.004,9935
0.004,10024
0.004,10007
0.004,9271
0.004,9827
0.004,10031
0.004,9608
0.004,9959
0.004,10010
0.004,9508
0.004,6735
0.004,9646
0.004,9679
0.004,9973
0.004,9990
0.004,9943
0.004,9912
0.004,9890
0.004,10048
0.004,9475
0.004,9547
0.004,9836
0.004,9486
0.004,9935
0.004,10026
0.004,9160
0.004,9888
0.004,9685
0.004,9669
0.004,9739
0.004,10001
0.004,9457
0.004,9379
0.004,10006
0.004,9060
0.004,9925
0.004,9602
0.004,9827
0.004,9593
0.004,9865
0.004,9819
0.004,9866
0.004,9060
0.004,10073
0.004,10038
0.004,10117
0.004,9914
0.004,10069
0.004,9487
0.004,9451
0.004,9963
0.004,9594
0.004,10004
0.004,9837
0.004,9932
0.004,10115
0.004,10056
0.004,9896
0.004,9984
0.004,9628
0.004,9997
0.004,9762
0.004,9934
0.004,9843
0.004,9852
0.004,9790
0.004,9239
0.004,8713
0.004,10266
0.004,8728
0.004,10046
0.004,10006
0.004,9915
0.004,9677
0.004,10177
0.004,9706
0.004,9910
0.004,9718
0.004,9960
0.004,9834
0.004,9085
0.004,9762
0.004,9555
0.004,9842
0.004,9852
0.004,9459
0.004,9755
0.004,7592
0.004,9480
0.004,9800
0.004,9897
0.004,10000
0.004,9491
0.004,10149
0.004,9880
0.004,10001
0.004,9862
0.004,9875
0.004,9717
0.004,9846
0.004,8521
0.004,9370
0.004,9840
0.004,6963
0.004,9849
0.004,9635
0.004,9916
0.004,9973
0.004,5597
0.004,9928
0.004,10223
0.004,9770
0.004,9733
0.004,9406
0.004,9759
0.004,9719
0.004,9991
0.004,9701
0.004,10051
0.004,9736
0.004,9953
0.004,9883
0.004,9866
0.004,9761
0.004,9780
0.004,10004
0.004,9956
0.004,9990
0.004,9120
0.004,9884
0.004,9902
0.004,10070
0.004,10006
0.004,9451
0.004,9893
0.004,9995
0.004,9516
0.004,9918
0.004,9848
0.004,9803
0.004,9615
0.004,9602
0.004,9638
0.004,10019
0.004,8983
0.004,10096
0.004,9596
0.004,10131
0.004,10097
0.004,10035
0.004,9893
0.004,10062
0.004,9875
0.004,9826
0.004,9965
0.004,10166
0.004,9922
0.004,9802
0.004,5623
0.004,10132
0.004,9850
0.004,9412
0.004,8545
0.004,9040
0.004,10009
0.004,8515
0.004,9791
0.004,9789
0.004,9917
0.004,9791
0.004,9940
0.004,9835
0.004,9876
0.004,9310
0.004,9765
0.004,10010
0.004,9801
0.004,9915
0.004,9557
0.004,9639
0.004,10118
0.004,9289
0.004,10051
0.004,9003
0.004,9949
0.004,9820
0.004,8785
0.004,9626
0.004,10022
0.004,9868
0.004,10022
0.004,9829
0.004,9921
0.004,10041
0.004,9353
0.004,8251
0.004,9793
0.004,9395
0.004,9240
0.004,9434
0.004,9817
0.004,9946
0.004,6568
0.004,9827
0.004,10019
0.004,9699
0.004,9759
0.004,6527
0.004,9803
0.004,9812
0.004,9998
0.004,9887
0.004,9836
0.004,9504
0.004,9593
0.004,9817
0.004,9918
0.004,9823
0.004,9620
0.004,10032
0.004,9852
0.004,9816
0.004,10035
0.004,9663
0.004,9156
0.004,9328
0.004,9877
0.004,9133
0.004,9703
0.004,9930
0.004,9718
0.004,10034
0.004,9839
0.004,10001
0.004,9900
0.004,9857
0.004,9931
0.004,9758
0.004,9965
0.004,10018
0.004,9808
0.004,5007
0.004,9771
0.004,9889
0.004,9857
0.004,8291
0.004,10052
0.004,9876
0.004,9418
0.004,9990
0.004,9962
0.004,9837
0.004,9702
0.004,9767
0.004,9809
0.004,9341
0.004,10040
0.004,9663
0.004,9942
0.004,9981
0.004,1868
0.004,9972
0.004,9916
0.004,9844
0.004,9646
0.004,8777
0.004,9993
0.004,9915
0.004,9904
0.004,9920
0.004,10221
0.004,9755
0.004,8779
0.004,9921
0.004,9621
0.004,9621
0.004,10107
0.004,9782
0.004,9653
0.004,9935
0.004,9058
0.004,9806
0.004,9718
0.004,9495
0.004,9640
0.004,9865
0.004,8971
0.004,7615
0.004,9860
0.004,10145
0.004,9633
0.004,10033
0.004,9860
0.004,8839
0.004,9745
0.004,10000
0.004,9687
0.004,9871
0.004,9839
0.004,8947
0.004,9919
0.004,9900
0.004,9698
0.004,9801
0.004,10040
0.004,10160
0.004,9735
0.004,9949
0.004,9714
0.004,10022
0.004,9667
0.004,10053
