0.004,9593
0.004,9816
0.004,9779
0.004,9578
0.004,8668
0.004,9860
0.004,8846
0.004,9082
0.004,9778
0.004,6878
0.004,9764
0.004,9855
0.004,9314
0.004,9847
0.004,8916
0.004,9994
0.004,8480
0.004,9667
0.004,9887
0.004,9709
0.004,9887
0.004,9086
0.004,9629
0.004,9798
0.004,9762
0.004,9501
0.004,9682
0.004,9407
0.004,9609
0.004,9036
0.004,10045
0.004,8988
0.004,9819
0.004,9882
0.004,8972
0.004,9393
0.004,9610
0.004,5858
0.004,9441
0.004,9138
0.004,9727
0.004,9736
0.004,8114
0.004,9196
0.004,8831
0.004,9437
0.004,9105
0.004,9709
0.004,8099
0.004,9601
0.004,9939
0.004,9532
0.004,9526
0.004,9117
0.004,9932
0.004,9732
0.004,9647
0.004,10025
0.004,9674
0.004,9783
0.004,9791
0.004,9829
0.004,9629
0.004,9776
0.004,9438
0.004,9659
0.004,9483
0.004,9832
0.004,9749
0.004,9208
0.004,8613
0.004,9807
0.004,9624
0.004,9822
0.004,9668
0.004,8742
0.004,9549
0.004,9842
0.004,7472
0.004,9949
0.004,9644
0.004,9806
0.004,7513
0.004,9904
0.004,9750
0.004,8862
0.004,9437
0.004,8901
0.004,2876
0.004,9673
0.004,9633
0.004,9700
0.004,9873
0.004,9813
0.004,8478
0.004,9995
0.004,9661
0.004,9658
0.004,9563
0.004,9712
0.004,9248
0.004,9715
0.004,9743
0.004,9769
0.004,7799
0.004,9488
0.004,5363
0.004,9473
0.004,9665
0.004,9644
0.004,9901
0.004,9713
0.004,9702
0.004,9407
0.004,8847
0.004,9703
0.004,9885
0.004,9840
0.004,9534
0.004,9301
0.004,9420
0.004,9237
0.004,9877
0.004,9979
0.004,9270
0.004,8012
0.004,9676
0.004,9798
0.004,9897
0.004,9697
0.004,9795
0.004,9957
0.004,8867
0.004,9918
0.004,8957
0.004,9826
0.004,9683
0.004,9865
0.004,9545
0.004,9605
0.004,9121
0.004,6578
0.004,9662
0.004,9459
0.004,9419
0.004,7406
0.004,9883
0.004,9828
0.004,3642
0.004,9835
0.004,9729
0.004,9590
0.004,9503
0.004,9985
0.004,9693
0.004,9678
0.004,9785
0.004,9314
0.004,9550
0.004,9765
0.004,8491
0.004,9958
0.004,9603
0.004,10142
0.004,9765
0.004,9913
0.004,9892
0.004,9827
0.004,9246
0.004,9916
0.004,9179
0.004,9497
0.004,9882
0.004,9750
0.004,5353
0.004,9447
0.004,9687
0.004,9844
0.004,10067
0.004,9489
0.004,9227
0.004,6198
0.004,9657
0.004,9866
0.004,9906
0.004,9846
0.004,9898
0.004,9641
0.004,9678
0.004,9518
0.004,9573
0.004,10043
0.004,9665
0.004,9833
0.004,1101
0.004,9743
0.004,9931
0.004,5533
0.004,9716
0.004,9924
0.004,9722
0.004,9667
0.004,9755
0.004,9206
0.004,9754
0.004,8947
0.004,9590
0.004,7813
0.004,9446
0.004,9527
0.004,9566
0.004,9871
0.004,9885
0.004,9796
0.004,10021
0.004,8998
0.004,9689
0.004,9667
0.004,9601
0.004,9622
0.004,9971
0.004,9709
0.004,9717
0.004,8002
0.004,8291
0.004,9753
0.004,9423
0.004,6796
0.004,9813
0.004,3054
0.004,9642
0.004,9366
0.004,8782
0.004,9587
0.004,9448
0.004,8565
0.004,9497
0.004,9572
0.004,8984
0.004,9740
0.004,9715
0.004,9308
0.004,9797
0.004,9683
0.004,9835
0.004,9231
0.004,9251
0.004,9638
0.004,9972
0.004,9805
0.004,9984
0.004,9177
0.004,9597
0.004,9057
0.004,8716
0.004,9695
0.004,5896
0.004,9824
0.004,9935
0.004,9226
0.004,9601
0.004,8762
0.004,9493
0.004,10123
0.004,9797
0.004,9735
0.004,9627
0.004,9016
0.004,8915
0.004,9797
0.004,9257
0.004,9439
0.004,6627
0.004,7518
0.004,9884
0.004,8741
0.004,9019
0.004,9683
0.004,9284
0.004,9885
0.004,9264
0.004,9955
0.004,9842
0.004,891
0.004,3816
0.004,9673
0.004,8581
0.004,10061
0.004,9783
0.004,9576
0.004,9342
0.004,9894
0.004,9453
0.004,8563
0.004,9531
0.004,8691
0.004,9398
0.004,9272
0.004,9900
0.004,9301
0.004,9670
0.004,9724
0.004,9789
0.004,9632
0.004,9312
0.004,4233
0.004,9905
0.004,9604
0.004,9125
0.004,9130
0.004,9888
0.004,9844
0.004,9698
0.004,9939
0.004,9844
0.004,8781
0.004,9601
0.004,9750
0.004,9699
0.004,9476
0.004,8215
0.004,9445
0.004,9776
0.004,9584
0.004,9491
0.004,9755
0.004,9744
0.004,9553
0.004,9749
0.004,9749
0.004,9683
0.004,8665
0.004,9792
0.004,9570
0.004,7884
0.004,9719
0.004,9591
0.004,9785
0.004,8678
0.004,7940
0.004,9386
0.004,9672
0.004,9954
0.004,9735
0.004,9794
0.004,9600
0.004,9793
0.004,9801
0.004,9764
0.004,9817
0.004,8966
0.004,9878
0.004,9444
0.004,9553
0.004,9765
0.004,9275
0.004,8889
0.004,9617
0.004,9400
0.004,9870
0.004,6165
0.004,9614
0.004,9856
0.004,8261
0.004,9415
0.004,9896
0.004,9795
0.004,9679
0.004,9847
0.004,9835
0.004,9892
0.004,9688
0.004,9892
0.004,6963
0.004,8356
0.004,9747
0.004,9328
0.004,9096
0.004,9738
0.004,9872
0.004,7069
0.004,9450
0.004,9747
0.004,9759
0.004,9516
0.004,9772
0.004,9762
0.004,9086
0.004,9283
0.004,9978
0.004,9814
0.004,9881
0.004,9607
0.004,9825
0.004,9619
0.004,9457
0.004,8046
0.004,9854
0.004,9544
0.004,9106
0.004,9484
0.004,9821
0.004,9232
0.004,9840
0.004,9314
0.004,9838
0.004,9925
0.004,8567
0.004,9446
0.004,9712
0.004,9306
0.004,9282
0.004,9781
0.004,9358
0.004,9660
0.004,9705
0.004,6749
0.004,9740
0.004,9391
0.004,9432
0.004,7909
0.004,10007
0.004,9650
0.004,9797
0.004,9591
0.004,8770
0.004,9294
0.004,9665
0.004,9677
0.004,9720
0.004,9636
0.004,9604
0.004,9341
0.004,9756
0.004,9759
0.004,9774
0.004,9928
0.004,9881
0.004,9760
0.004,8972
0.004,9305
0.004,9215
0.004,9646
0.004,8635
0.004,8992
0.004,9485
0.004,9763
0.004,9777
0.004,9412
0.004,9773
0.004,9225
0.004,9235
0.004,9918
0.004,9771
0.004,9642
0.004,9298
0.004,8194
0.004,9927
0.004,9988
0.004,9722
0.004,9565
0.004,9424
0.004,9864
0.004,9323
0.004,9706
0.004,9474
0.004,7671
0.004,9518
0.004,9934
0.004,9965
0.004,5893
0.004,9850
0.004,9743
0.004,9746
0.004,9535
0.004,9838
0.004,9263
0.004,9573
0.004,9894
0.004,10093
0.004,9868
0.004,9855
0.004,9794
0.004,9333
0.004,9688
0.004,9633
0.004,9472
0.004,4670
0.004,8710
0.004,9007
0.004,9183
0.004,9702
0.004,9213
0.004,9836
0.004,9724
0.004,9672
0.004,9773
0.004,5540
0.004,9784
0.004,9708
0.004,9911
0.004,9422
0.004,9679
0.004,8660
0.004,9506
0.004,9181
0.004,8569
0.004,9714
0.004,9490
0.004,9788
0.004,9583
0.004,9680
0.004,10009
0.004,9632
0.004,8943
0.004,9022
0.004,9616
0.004,9533
0.004,9836
0.004,9903
0.004,9390
0.004,9898
0.004,9359
0.004,9717
0.004,9767
0.004,9322
0.004,9829
0.004,9845
0.004,9743
0.004,7905
0.004,5022
0.004,9908
0.004,9911
0.004,9968
0.004,9108
0.004,8147
0.004,9431
0.004,8988
0.004,9937
0.004,9192
0.004,8283
0.004,9825
0.004,9741
0.004,9727
0.004,9689
0.004,9941
0.004,9714
0.004,9800
0.004,9866
0.004,8529
0.004,7123
0.004,9767
0.004,9793
0.004,9761
0.004,9115
0.004,9703
0.004,9986
0.004,9892
0.004,9755
0.004,9297
0.004,9596
0.004,9168
0.004,9790
0.004,9952
0.004,9249
0.004,133
0.004,9734
0.004,9380
0.004,8930
0.004,9758
0.004,8666
0.004,9868
0.004,3578
0.004,9877
0.004,8773
0.004,9348
0.004,9633
0.004,8015
0.004,1186
0.004,9809
0.004,9931
0.004,9622
0.004,9342
0.004,9760
0.004,9530
0.004,8993
0.004,7674
0.004,9341
0.004,9654
0.004,9721
0.004,9738
0.004,9547
0.004,9674
0.004,9775
0.004,9701
0.004,9622
0.004,9948
0.004,8337
0.004,9846
0.004,9746
0.004,9786
0.004,9585
0.004,8175
0.004,9507
0.004,9618
0.004,9133
0.004,8921
0.004,9673
0.004,10055
0.004,9864
0.004,9649
0.004,9300
0.004,9763
0.004,9771
0.004,9822
0.004,9689
0.004,8809
0.004,9582
0.004,9804
0.004,9640
0.004,9806
0.004,9455
0.004,9843
0.004,9655
0.004,9600
0.004,9889
0.004,9417
0.004,9682
0.004,9911
0.004,9622
0.004,9727
0.004,9899
0.004,9137
0.004,9722
0.004,9648
0.004,9664
0.004,9319
0.004,9380
0.004,6549
0.004,9617
0.004,6639
0.004,8844
0.004,9772
0.004,9329
0.004,9856
0.004,9539
0.004,8449
0.004,9648
0.004,9832
0.004,9929
0.004,9839
0.004,8564
0.004,9775
0.004,9691
0.004,9305
0.004,9921
0.004,9255
0.004,9694
0.004,5439
0.004,9502
0.004,8465
0.004,9929
0.004,9619
0.004,9741
0.004,9184
0.004,9910
0.004,9432
0.004,8849
0.004,9116
0.004,9154
0.004,9721
0.004,9521
0.004,9678
0.004,9773
0.004,8688
0.004,9620
0.004,9307
0.004,9071
0.004,9709
0.004,9797
0.004,545
0.004,9807
0.004,9796
0.004,7880
0.004,9279
0.004,8029
0.004,9160
0.004,9671
0.004,9523
0.004,9808
0.004,9884
0.004,8511
0.004,9775
0.004,9858
0.004,9871
0.004,9934
0.004,9778
0.004,8975
0.004,9860
0.004,9079
0.004,5290
0.004,9503
0.004,9213
0.004,9886
0.004,9799
0.004,9156
0.004,9794
0.004,9879
0.004,9788
0.004,9386
0.004,9963
0.004,9490
0.004,9596
0.004,9702
0.004,9709
0.004,8876
0.004,8058
0.004,8332
0.004,9987
0.004,9815
0.004,10086
0.004,9021
0.004,9219
0.004,9637
0.004,6176
0.004,9956
0.004,9736
0.004,8735
0.004,9651
0.004,9545
0.004,9459
0.004,8863
0.004,9611
0.004,2940
0.004,7058
0.004,9615
0.004,9648
0.004,9779
0.004,9729
0.004,6970
0.004,9942
0.004,9769
0.004,9862
0.004,9887
0.004,9497
0.004,9330
0.004,9413
0.004,9462
0.004,9576
0.004,8831
0.004,9725
0.004,6579
0.004,9651
0.004,9540
0.004,9809
0.004,9937
0.004,5033
0.004,9858
0.004,9741
0.004,9655
0.004,9639
0.004,9792
0.004,8976
0.004,9720
0.004,9839
0.004,9561
0.004,9773
0.004,9327
0.004,9921
0.004,9703
0.004,9709
0.004,8057
0.004,8605
0.004,8186
0.004,9892
0.004,9896
0.004,8917
0.004,9087
0.004,9826
0.004,9862
0.004,9404
0.004,9274
0.004,9819
0.004,9874
0.004,9226
0.004,9249
0.004,9704
0.004,8586
0.004,9439
0.004,9354
0.004,9492
0.004,9890
0.004,8717
0.004,9868
0.004,8960
0.004,9964
0.004,9934
0.004,9803
0.004,9797
0.004,9665
0.004,9980
0.004,9987
0.004,9795
0.004,9787
0.004,8849
0.004,10004
0.004,9465
0.004,9188
0.004,7978
0.004,8444
0.004,9773
0.004,9703
0.004,9439
0.004,9620
0.004,9423
0.004,9829
0.004,9594
0.004,9665
0.004,8849
0.004,9710
0.004,1946
0.004,9484
0.004,8563
0.004,9072
0.004,9971
0.004,8719
0.004,9597
0.004,6482
0.004,7289
0.004,9779
0.004,8361
0.004,9526
0.004,9863
0.004,9769
0.004,9912
0.004,9832
0.004,9751
0.004,9829
0.004,8868
0.004,9531
0.004,9728
0.004,9179
0.004,8612
0.004,9835
0.004,9876
0.004,9923
0.004,5693
0.004,9671
0.004,9807
0.004,4050
0.004,9712
0.004,8818
0.004,9740
0.004,8899
0.004,9487
0.004,9742
0.004,9871
0.004,9755
0.004,9264
0.004,6581
0.004,9792
0.004,9946
0.004,10054
0.004,9436
0.004,9977
0.004,8611
0.004,9678
0.004,9303
0.004,9841
0.004,9252
0.004,8568
0.004,9767
0.004,9023
0.004,9460
0.004,8901
0.004,9342
0.004,9400
0.004,9329
0.004,10014
0.004,9367
0.004,9933
0.004,9491
0.004,9769
0.004,9693
0.004,9896
0.004,9340
0.004,9667
0.004,4220
0.004,9745
0.004,9937
0.004,9792
0.004,9859
0.004,9644
0.004,9660
0.004,8449
0.004,9647
0.004,8683
0.004,9790
0.004,9663
0.004,9763
0.004,9793
0.004,1530
0.004,9642
0.004,9440
0.004,9693
0.004,8876
0.004,7648
0.004,9956
0.004,9988
0.004,9709
0.004,9698
0.004,10017
0.004,9710
0.004,8589
0.004,9602
0.004,9366
0.004,9382
0.004,9791
0.004,9445
0.004,9694
0.004,9626
0.004,9761
0.004,9658
0.004,9773
0.004,9391
0.004,8908
0.004,7612
0.004,6339
0.004,9732
0.004,10024
0.004,9313
0.004,9900
0.004,9522
0.004,7946
0.004,9619
0.004,9878
0.004,9151
0.004,9785
0.004,9543
0.004,9871
0.004,9762
0.004,9788
0.004,9399
0.004,9999
0.004,9843
0.004,9440
0.004,9854
0.004,9929
0.004,9867
0.004,9431
0.004,9857
0.004,9793
0.004,9689
0.004,9679
0.004,805
0.004,9892
0.004,9766
0.004,9602
0.004,10048
0.004,7203
0.004,9062
0.004,9999
0.004,9740
0.004,9719
0.004,9339
0.004,9754
0.004,8879
0.004,8654
0.004,9927
0.004,8424
0.004,8644
0.004,9781
0.004,5029
0.004,9907
0.004,8734
0.004,9884
0.004,9596
0.004,9742
0.004,9984
0.004,9701
0.004,9622
0.004,9469
0.004,9743
0.004,9277
0.004,9855
0.004,8668
0.004,9628
0.004,9918
0.004,9861
0.004,9824
0.004,9427
0.004,9668
0.004,9584
0.004,9690
0.004,9925
0.004,9129
0.004,9643
0.004,9817
0.004,9582
0.004,9761
