0.02,7861
0.02,7973
0.02,8060
0.02,8054
0.02,7878
0.02,8007
0.02,7973
0.02,8188
0.02,8001
0.02,7950
0.02,8097
0.02,8071
0.02,7959
0.02,7894
0.02,8058
0.02,7971
0.02,7963
0.02,7990
0.02,8025
0.02,8066
0.02,7996
0.02,8014
0.02,8159
0.02,8096
0.02,7949
0.02,8025
0.02,8047
0.02,7977
0.02,8000
0.02,7959
0.02,7947
0.02,8031
0.02,8106
0.02,8016
0.02,7885
0.02,7847
0.02,8089
0.02,8064
0.02,7921
0.02,7979
0.02,8063
0.02,7929
0.02,8021
0.02,7926
0.02,7991
0.02,7798
0.02,7969
0.02,7924
0.02,8145
0.02,7973
0.02,7919
0.02,8022
0.02,8154
0.02,8042
0.02,8008
0.02,8227
0.02,8183
0.02,7995
0.02,8035
0.02,7985
0.02,7842
0.02,8060
0.02,8034
0.02,8045
0.02,8042
0.02,7884
0.02,8040
0.02,8050
0.02,7916
0.02,7988
0.02,7916
0.02,7943
0.02,8134
0.02,8091
0.02,7973
0.02,7980
0.02,7849
0.02,7880
0.02,8076
0.02,7861
0.02,7892
0.02,8086
0.02,7951
0.02,8044
0.02,7983
0.02,7916
0.02,7987
0.02,8155
0.02,7873
0.02,8024
0.02,7710
0.02,7817
0.02,7957
0.02,8139
0.02,7964
0.02,7983
0.02,8042
0.02,8101
0.02,8152
0.02,7916
0.02,7938
0.02,7986
0.02,8014
0.02,8074
0.02,8106
0.02,7928
0.02,8126
0.02,7895
0.02,7977
0.02,7899
0.02,7944
0.02,8031
0.02,8004
0.02,7839
0.02,8046
0.02,7973
0.02,7991
0.02,8064
0.02,7994
0.02,7921
0.02,8131
0.02,8089
0.02,8114
0.02,7881
0.02,8093
0.02,8106
0.02,8062
0.02,7983
0.02,8003
0.02,7914
0.02,7864
0.02,8183
0.02,8002
0.02,7954
0.02,7957
0.02,7949
0.02,7992
0.02,7946
0.02,7931
0.02,7877
0.02,7881
0.02,7946
0.02,7982
0.02,7946
0.02,7804
0.02,8079
0.02,7876
0.02,7908
0.02,7975
0.02,7926
0.02,7805
0.02,7861
0.02,7938
0.02,7869
0.02,8025
0.02,8161
0.02,8040
0.02,7982
0.02,8111
0.02,7833
0.02,7972
0.02,7878
0.02,7916
0.02,8065
0.02,7991
0.02,8102
0.02,8030
0.02,7918
0.02,7957
0.02,8090
0.02,7991
0.02,8004
0.02,8143
0.02,7995
0.02,8092
0.02,7963
0.02,7933
0.02,7907
0.02,8051
0.02,7863
0.02,8072
0.02,8113
0.02,8035
0.02,7885
0.02,7896
0.02,7889
0.02,7989
0.02,8113
0.02,7941
0.02,8144
0.02,8097
0.02,7928
0.02,7895
0.02,7756
0.02,7993
0.02,7933
0.02,8054
0.02,8153
0.02,7960
0.02,8145
0.02,8111
0.02,8036
0.02,8076
0.02,8075
0.02,8017
0.02,8011
0.02,8006
0.02,8065
0.02,8055
0.02,8059
0.02,8073
0.02,7837
0.02,7890
0.02,8147
0.02,8124
0.02,8091
0.02,8063
0.02,8059
0.02,7856
0.02,7903
0.02,7984
0.02,8023
0.02,8059
0.02,7799
0.02,8033
0.02,7872
0.02,7826
0.02,8010
0.02,8082
0.02,7914
0.02,7974
0.02,8214
0.02,7965
0.02,7851
0.02,7939
0.02,7939
0.02,8019
0.02,8077
0.02,7995
0.02,8083
0.02,8008
0.02,7990
0.02,7933
0.02,7955
0.02,8058
0.02,8040
0.02,8000
0.02,8142
0.02,7967
0.02,8212
0.02,8014
0.02,8143
0.02,8025
0.02,7963
0.02,7925
0.02,7954
0.02,7967
0.02,7832
0.02,7946
0.02,8016
0.02,7797
0.02,7980
0.02,8009
0.02,8083
0.02,8060
0.02,7977
0.02,8053
0.02,7853
0.02,8039
0.02,8029
0.02,7951
0.02,7889
0.02,7855
0.02,8014
0.02,8001
0.02,7938
0.02,8002
0.02,8036
0.02,8073
0.02,8020
0.02,8008
0.02,8080
0.02,8005
0.02,7947
0.02,8130
0.02,7951
0.02,8088
0.02,8103
0.02,8129
0.02,7941
0.02,7983
0.02,8110
0.02,8085
0.02,8144
0.02,7996
0.02,8078
0.02,7877
0.02,8250
0.02,8047
0.02,7862
0.02,8070
0.02,7930
0.02,8080
0.02,7997
0.02,7999
0.02,8012
0.02,7859
0.02,8101
0.02,8002
0.02,7944
0.02,8061
0.02,8088
0.02,7933
0.02,8103
0.02,8010
0.02,7974
0.02,8030
0.02,7929
0.02,7934
0.02,7956
0.02,8012
0.02,8108
0.02,7913
0.02,7952
0.02,7787
0.02,7922
0.02,8057
0.02,7956
0.02,8061
0.02,8290
0.02,8011
0.02,8064
0.02,7948
0.02,8012
0.02,8060
0.02,8063
0.02,8037
0.02,8091
0.02,7930
0.02,8118
0.02,7932
0.02,8027
0.02,7975
0.02,7984
0.02,7955
0.02,7841
0.02,8027
0.02,8221
0.02,8141
0.02,8039
0.02,7978
0.02,8021
0.02,7959
0.02,8065
0.02,8111
0.02,7894
0.02,8141
0.02,7937
0.02,8042
0.02,8018
0.02,8172
0.02,7927
0.02,8010
0.02,7785
0.02,8137
0.02,7994
0.02,8151
0.02,8034
0.02,8104
0.02,8041
0.02,7957
0.02,7928
0.02,8150
0.02,7937
0.02,8011
0.02,8055
0.02,7942
0.02,8084
0.02,7866
0.02,8048
0.02,7875
0.02,8004
0.02,8017
0.02,7907
0.02,7931
0.02,7977
0.02,7952
0.02,7938
0.02,7923
0.02,7986
0.02,8043
0.02,8149
0.02,7887
0.02,8055
0.02,8037
0.02,8189
0.02,8024
0.02,7950
0.02,7864
0.02,7902
0.02,7932
0.02,7959
0.02,7912
0.02,8107
0.02,7901
0.02,8166
0.02,7863
0.02,8020
0.02,7977
0.02,8009
0.02,8128
0.02,7886
0.02,8002
0.02,7944
0.02,8088
0.02,7811
0.02,8007
0.02,7896
0.02,8034
0.02,7995
0.02,8063
0.02,8127
0.02,7835
0.02,7931
0.02,7927
0.02,7971
0.02,7924
0.02,8001
0.02,7944
0.02,8003
0.02,8065
0.02,7917
0.02,7998
0.02,8022
0.02,8014
0.02,7976
0.02,8072
0.02,7871
0.02,8148
0.02,7948
0.02,7832
0.02,8049
0.02,8112
0.02,8078
0.02,8032
0.02,7978
0.02,7941
0.02,8006
0.02,7869
0.02,7920
0.02,8000
0.02,7964
0.02,7926
0.02,7806
0.02,8063
0.02,7969
0.02,7969
0.02,7932
0.02,7990
0.02,7891
0.02,7950
0.02,8118
0.02,7918
0.02,7813
0.02,8053
0.02,8066
0.02,8008
0.02,7767
0.02,7992
0.02,7939
0.02,7976
0.02,7992
0.02,8120
0.02,8114
0.02,7909
0.02,7906
0.02,7904
0.02,8157
0.02,8012
0.02,7770
0.02,7847
0.02,7953
0.02,7782
0.02,7899
0.02,8008
0.02,8124
0.02,8110
0.02,8006
0.02,7963
0.02,8072
0.02,7948
0.02,7977
0.02,7851
0.02,7882
0.02,7989
0.02,8051
0.02,8157
0.02,7986
0.02,7991
0.02,8003
0.02,7897
0.02,7744
0.02,8145
0.02,7890
0.02,8106
0.02,8015
0.02,8166
0.02,8063
0.02,8119
0.02,8002
0.02,8110
0.02,8020
0.02,8135
0.02,7955
0.02,7883
0.02,8145
0.02,7873
0.02,8142
0.02,8161
0.02,7993
0.02,7971
0.02,8099
0.02,7977
0.02,7926
0.02,7890
0.02,8024
0.02,8034
0.02,7959
0.02,7874
0.02,8144
0.02,8071
0.02,8085
0.02,8044
0.02,7842
0.02,8027
0.02,7932
0.02,7819
0.02,8016
0.02,7994
0.02,8004
0.02,7811
0.02,7897
0.02,8070
0.02,8101
0.02,7925
0.02,7920
0.02,7884
0.02,8084
0.02,7986
0.02,7962
0.02,7753
0.02,7985
0.02,8106
0.02,8011
0.02,7954
0.02,7918
0.02,7995
0.02,8127
0.02,8096
0.02,7930
0.02,8121
0.02,8124
0.02,8040
0.02,7988
0.02,7911
0.02,7944
0.02,7942
0.02,8076
0.02,7855
0.02,7947
0.02,8055
0.02,8071
0.02,8098
0.02,8032
0.02,7937
0.02,7949
0.02,8070
0.02,8037
0.02,8041
0.02,8158
0.02,7919
0.02,8039
0.02,7856
0.02,7984
0.02,7922
0.02,7986
0.02,7959
0.02,8065
0.02,7881
0.02,8004
0.02,8044
0.02,8118
0.02,8002
0.02,7949
0.02,8068
0.02,7972
0.02,7984
0.02,7971
0.02,7926
0.02,8015
0.02,8032
0.02,7958
0.02,7896
0.02,8001
0.02,7856
0.02,8092
0.02,7995
0.02,7803
0.02,8102
0.02,8192
0.02,8058
0.02,8056
0.02,8110
0.02,8085
0.02,7922
0.02,8108
0.02,7979
0.02,7984
0.02,8017
0.02,8137
0.02,7915
0.02,7791
0.02,7861
0.02,8051
0.02,8091
0.02,7934
0.02,8102
0.02,7998
0.02,7963
0.02,7809
0.02,8315
0.02,7978
0.02,7896
0.02,7918
0.02,7824
0.02,8136
0.02,7929
0.02,7990
0.02,8211
0.02,7848
0.02,7992
0.02,7724
0.02,7840
0.02,8036
0.02,8008
0.02,7975
0.02,7927
0.02,7909
0.02,8002
0.02,8102
0.02,7963
0.02,8025
0.02,8141
0.02,8023
0.02,8079
0.02,7990
0.02,8131
0.02,8055
0.02,8111
0.02,7959
0.02,7859
0.02,8196
0.02,7966
0.02,8114
0.02,8110
0.02,8024
0.02,7949
0.02,8152
0.02,8089
0.02,7985
0.02,8151
0.02,8093
0.02,7814
0.02,7895
0.02,7955
0.02,8078
0.02,7930
0.02,7846
0.02,7833
0.02,7908
0.02,8122
0.02,8065
0.02,7767
0.02,7998
0.02,8004
0.02,7937
0.02,7989
0.02,8041
0.02,8302
0.02,7994
0.02,7799
0.02,7966
0.02,8076
0.02,7909
0.02,8031
0.02,8101
0.02,8107
0.02,8152
0.02,8056
0.02,7938
0.02,7902
0.02,7949
0.02,8058
0.02,8072
0.02,8107
0.02,7999
0.02,7938
0.02,7906
0.02,8014
0.02,8151
0.02,7981
0.02,8126
0.02,7952
0.02,7936
0.02,8053
0.02,7870
0.02,7980
0.02,8077
0.02,7996
0.02,8078
0.02,8132
0.02,8215
0.02,7980
0.02,8051
0.02,8098
0.02,7986
0.02,7854
0.02,8012
0.02,8081
0.02,8114
0.02,7985
0.02,7882
0.02,7923
0.02,8031
0.02,7952
0.02,8189
0.02,8038
0.02,8060
0.02,8091
0.02,8002
0.02,7997
0.02,8066
0.02,8047
0.02,7965
0.02,7986
0.02,8048
0.02,7944
0.02,8079
0.02,7938
0.02,7883
0.02,7947
0.02,8003
0.02,8032
0.02,8018
0.02,8131
0.02,8013
0.02,8117
0.02,7854
0.02,8150
0.02,8053
0.02,7966
0.02,7940
0.02,8177
0.02,7851
0.02,8103
0.02,7960
0.02,8079
0.02,8036
0.02,8072
0.02,7931
0.02,8127
0.02,8077
0.02,7883
0.02,7845
0.02,7922
0.02,8106
0.02,7918
0.02,7978
0.02,8138
0.02,8225
0.02,7987
0.02,8005
0.02,7900
0.02,7971
0.02,8068
0.02,8059
0.02,8121
0.02,8040
0.02,8032
0.02,8063
0.02,7975
0.02,7998
0.02,7990
0.02,8006
0.02,7883
0.02,8151
0.02,8007
0.02,8045
0.02,8130
0.02,8021
0.02,7889
0.02,8008
0.02,8133
0.02,8042
0.02,8159
0.02,7974
0.02,7911
0.02,8058
0.02,8097
0.02,7768
0.02,8174
0.02,8128
0.02,7975
0.02,8016
0.02,7858
0.02,7860
0.02,8002
0.02,8074
0.02,7933
0.02,8157
0.02,7920
0.02,7962
0.02,8146
0.02,8028
0.02,7996
0.02,8042
0.02,7856
0.02,8048
0.02,7872
0.02,7889
0.02,7969
0.02,7991
0.02,8016
0.02,8095
0.02,8171
0.02,7987
0.02,7895
0.02,8001
0.02,7914
0.02,7942
0.02,8037
0.02,7868
0.02,8016
0.02,8074
0.02,8015
0.02,7931
0.02,7999
0.02,8059
0.02,7908
0.02,8009
0.02,8122
0.02,7935
0.02,7794
0.02,8045
0.02,8069
0.02,7890
0.02,8007
0.02,8055
0.02,8208
0.02,8024
0.02,8079
0.02,8095
0.02,7908
0.02,7994
0.02,7963
0.02,8002
0.02,8033
0.02,8024
0.02,7965
0.02,7932
0.02,7845
0.02,7946
0.02,8200
0.02,8113
0.02,7934
0.02,8014
0.02,7935
0.02,7967
0.02,7924
0.02,7912
0.02,7917
0.02,8156
0.02,8061
0.02,8135
0.02,7907
0.02,7936
0.02,7905
0.02,7890
0.02,8137
0.02,8012
0.02,8090
0.02,7989
0.02,8024
0.02,7991
0.02,7955
0.02,8066
0.02,8138
0.02,7869
0.02,8086
0.02,7892
0.02,8054
0.02,7971
0.02,7866
0.02,7829
0.02,8031
0.02,7983
0.02,8041
0.02,8058
0.02,8112
0.02,8095
0.02,8002
0.02,7874
0.02,8073
0.02,8069
0.02,7963
0.02,8222
0.02,8135
0.02,8008
0.02,8116
0.02,7807
0.02,8032
0.02,7933
0.02,7994
0.02,8017
0.02,8003
0.02,8012
0.02,7872
0.02,7967
0.02,7997
0.02,8054
0.02,8072
0.02,7965
0.02,8030
0.02,8069
0.02,7890
0.02,7805
0.02,7943
0.02,8097
0.02,8116
0.02,8054
0.02,8088
0.02,7950
0.02,8164
0.02,8142
0.02,8182
0.02,7967
0.02,8069
0.02,7924
0.02,7876
0.02,8087
0.02,7999
0.02,8086
0.02,7934
0.02,8075
0.02,8084
0.02,8021
0.02,7810
0.02,8024
0.02,8057
0.02,8026
0.02,7882
0.02,8003
0.02,7932
0.02,7964
0.02,8018
0.02,8064
0.02,8071
0.02,8091
0.02,8030
0.02,7906
0.02,8015
0.02,7893
0.02,7919
0.02,7962
0.02,8251
0.02,7819
0.02,8046
0.02,8152
0.02,8037
0.02,8023
0.02,8018
0.02,7974
0.02,7901
0.02,7884
0.02,7997
0.02,8013
0.02,7916
0.02,7894
0.02,8026
0.02,8142
0.02,8027
0.02,7971
0.02,8030
0.02,8142
0.02,7934
0.02,8083
0.02,8045
0.02,8118
0.02,7947
0.02,7943
