0.002,454
0.002,648
0.002,504
0.002,169
0.002,81
0.002,874
0.002,400
0.002,306
0.002,904
0.002,1258
0.002,27
0.002,51
0.002,388
0.002,77
0.002,139
0.002,232
0.002,1086
0.002,227
0.002,73
0.002,339
0.002,197
0.002,521
0.002,273
0.002,1660
0.002,542
0.002,15
0.002,199
0.002,598
0.002,246
0.002,503
0.002,277
0.002,77
0.002,812
0.002,164
0.002,126
0.002,624
0.002,278
0.002,373
0.002,2004
0.002,1939
0.002,743
0.002,64
0.002,467
0.002,60
0.002,257
0.002,160
0.002,332
0.002,816
0.002,1062
0.002,62
0.002,1186
0.002,680
0.002,247
0.002,526
0.002,1294
0.002,502
0.002,730
0.002,1045
0.002,489
0.002,86
0.002,984
0.002,1423
0.002,84
0.002,1534
0.002,733
0.002,381
0.002,673
0.002,88
0.002,206
0.002,460
0.002,488
0.002,948
0.002,993
0.002,1666
0.002,451
0.002,135
0.002,1476
0.002,2161
0.002,1225
0.002,799
0.002,914
0.002,445
0.002,590
0.002,212
0.002,129
0.002,37
0.002,241
0.002,173
0.002,476
0.002,18
0.002,1146
0.002,931
0.002,448
0.002,652
0.002,816
0.002,344
0.002,149
0.002,352
0.002,183
0.002,682
0.002,342
0.002,388
0.002,74
0.002,916
0.002,654
0.002,2124
0.002,492
0.002,369
0.002,635
0.002,703
0.002,144
0.002,226
0.002,448
0.002,397
0.002,44
0.002,944
0.002,635
0.002,140
0.002,530
0.002,1
0.002,272
0.002,347
0.002,468
0.002,305
0.002,525
0.002,207
0.002,277
0.002,101
0.002,656
0.002,72
0.002,47
0.002,903
0.002,442
0.002,32
0.002,271
0.002,1807
0.002,914
0.002,780
0.002,54
0.002,1533
0.002,352
0.002,850
0.002,510
0.002,430
0.002,572
0.002,343
0.002,812
0.002,339
0.002,228
0.002,64
0.002,997
0.002,895
0.002,555
0.002,577
0.002,14
0.002,586
0.002,527
0.002,1208
0.002,679
0.002,3
0.002,1
0.002,360
0.002,52
0.002,127
0.002,263
0.002,289
0.002,622
0.002,725
0.002,18
0.002,14
0.002,627
0.002,90
0.002,137
0.002,172
0.002,1474
0.002,1484
0.002,140
0.002,481
0.002,386
0.002,207
0.002,239
0.002,120
0.002,78
0.002,40
0.002,44
0.002,51
0.002,76
0.002,269
0.002,432
0.002,379
0.002,579
0.002,1926
0.002,30
0.002,313
0.002,352
0.002,267
0.002,253
0.002,131
0.002,31
0.002,1484
0.002,740
0.002,177
0.002,345
0.002,797
0.002,589
0.002,309
0.002,834
0.002,1058
0.002,852
0.002,473
0.002,23
0.002,577
0.002,313
0.002,433
0.002,857
0.002,211
0.002,305
0.002,34
0.002,690
0.002,355
0.002,116
0.002,54
0.002,177
0.002,648
0.002,47
0.002,281
0.002,517
0.002,25
0.002,219
0.002,632
0.002,244
0.002,187
0.002,430
0.002,108
0.002,410
0.002,648
0.002,124
0.002,621
0.002,276
0.002,296
0.002,71
0.002,491
0.002,34
0.002,7
0.002,1552
0.002,312
0.002,234
0.002,138
0.002,618
0.002,258
0.002,23
0.002,273
0.002,235
0.002,434
0.002,628
0.002,236
0.002,202
0.002,661
0.002,747
0.002,200
0.002,54
0.002,87
0.002,380
0.002,6
0.002,270
0.002,51
0.002,207
0.002,530
0.002,237
0.002,410
0.002,505
0.002,115
0.002,464
0.002,368
0.002,614
0.002,59
0.002,1270
0.002,253
0.002,355
0.002,494
0.002,560
0.002,834
0.002,1
0.002,218
0.002,231
0.002,131
0.002,502
0.002,309
0.002,145
0.002,1366
0.002,900
0.002,139
0.002,435
0.002,262
0.002,103
0.002,320
0.002,101
0.002,197
0.002,545
0.002,929
0.002,389
0.002,166
0.002,72
0.002,285
0.002,298
0.002,49
0.002,275
0.002,244
0.002,34
0.002,637
0.002,457
0.002,65
0.002,906
0.002,1055
0.002,400
0.002,92
0.002,136
0.002,518
0.002,700
0.002,2
0.002,1494
0.002,356
0.002,1335
0.002,1143
0.002,201
0.002,284
0.002,65
0.002,143
0.002,962
0.002,279
0.002,187
0.002,686
0.002,1169
0.002,319
0.002,277
0.002,210
0.002,272
0.002,1116
0.002,239
0.002,412
0.002,75
0.002,1018
0.002,870
0.002,779
0.002,117
0.002,549
0.002,414
0.002,920
0.002,291
0.002,87
0.002,582
0.002,668
0.002,34
0.002,231
0.002,657
0.002,484
0.002,112
0.002,293
0.002,56
0.002,852
0.002,934
0.002,419
0.002,761
0.002,577
0.002,565
0.002,1054
0.002,614
0.002,1432
0.002,101
0.002,100
0.002,1320
0.002,354
0.002,100
0.002,183
0.002,6
0.002,411
0.002,466
0.002,652
0.002,79
0.002,220
0.002,32
0.002,210
0.002,249
0.002,1011
0.002,358
0.002,520
0.002,228
0.002,139
0.002,706
0.002,166
0.002,196
0.002,271
0.002,170
0.002,68
0.002,501
0.002,787
0.002,830
0.002,870
0.002,52
0.002,587
0.002,113
0.002,1111
0.002,1973
0.002,1159
0.002,66
0.002,519
0.002,1150
0.002,11
0.002,322
0.002,359
0.002,53
0.002,121
0.002,75
0.002,281
0.002,1262
0.002,478
0.002,765
0.002,379
0.002,476
0.002,265
0.002,763
0.002,395
0.002,335
0.002,578
0.002,13
0.002,122
0.002,589
0.002,615
0.002,647
0.002,1
0.002,2121
0.002,151
0.002,512
0.002,76
0.002,538
0.002,474
0.002,203
0.002,225
0.002,721
0.002,44
0.002,1442
0.002,1230
0.002,276
0.002,1119
0.002,361
0.002,103
0.002,536
0.002,239
0.002,385
0.002,480
0.002,433
0.002,6
0.002,345
0.002,1443
0.002,209
0.002,1592
0.002,279
0.002,711
0.002,125
0.002,371
0.002,960
0.002,241
0.002,37
0.002,132
0.002,748
0.002,1328
0.002,151
0.002,2292
0.002,155
0.002,592
0.002,669
0.002,202
0.002,1158
0.002,931
0.002,309
0.002,32
0.002,524
0.002,845
0.002,94
0.002,108
0.002,103
0.002,126
0.002,847
0.002,129
0.002,64
0.002,225
0.002,230
0.002,2
0.002,192
0.002,880
0.002,549
0.002,123
0.002,111
0.002,1903
0.002,1116
0.002,112
0.002,67
0.002,443
0.002,396
0.002,751
0.002,61
0.002,430
0.002,830
0.002,48
0.002,243
0.002,982
0.002,484
0.002,221
0.002,746
0.002,183
0.002,116
0.002,202
0.002,202
0.002,105
0.002,745
0.002,46
0.002,347
0.002,332
0.002,638
0.002,1721
0.002,8
0.002,128
0.002,50
0.002,969
0.002,214
0.002,491
0.002,643
0.002,229
0.002,380
0.002,51
0.002,212
0.002,202
0.002,279
0.002,1309
0.002,763
0.002,47
0.002,1282
0.002,421
0.002,52
0.002,959
0.002,56
0.002,551
0.002,134
0.002,142
0.002,1236
0.002,165
0.002,1539
0.002,217
0.002,22
0.002,30
0.002,87
0.002,588
0.002,863
0.002,565
0.002,62
0.002,562
0.002,16
0.002,456
0.002,61
0.002,715
0.002,362
0.002,303
0.002,375
0.002,198
0.002,616
0.002,52
0.002,564
0.002,716
0.002,128
0.002,953
0.002,210
0.002,407
0.002,800
0.002,37
0.002,333
0.002,16
0.002,622
0.002,560
0.002,240
0.002,398
0.002,131
0.002,79
0.002,702
0.002,674
0.002,350
0.002,391
0.002,482
0.002,409
0.002,294
0.002,189
0.002,103
0.002,207
0.002,42
0.002,104
0.002,5
0.002,120
0.002,1257
0.002,273
0.002,535
0.002,38
0.002,646
0.002,84
0.002,275
0.002,422
0.002,160
0.002,1608
0.002,237
0.002,55
0.002,81
0.002,124
0.002,317
0.002,84
0.002,1306
0.002,414
0.002,270
0.002,104
0.002,1044
0.002,474
0.002,70
0.002,42
0.002,692
0.002,407
0.002,580
0.002,216
0.002,314
0.002,971
0.002,43
0.002,536
0.002,23
0.002,1467
0.002,224
0.002,271
0.002,15
0.002,430
0.002,461
0.002,184
0.002,790
0.002,54
0.002,1
0.002,944
0.002,118
0.002,1115
0.002,32
0.002,389
0.002,209
0.002,2384
0.002,629
0.002,54
0.002,407
0.002,281
0.002,293
0.002,1048
0.002,712
0.002,375
0.002,22
0.002,774
0.002,755
0.002,164
0.002,376
0.002,146
0.002,34
0.002,698
0.002,34
0.002,323
0.002,3
0.002,116
0.002,389
0.002,75
0.002,761
0.002,205
0.002,747
0.002,272
0.002,477
0.002,65
0.002,207
0.002,79
0.002,79
0.002,461
0.002,150
0.002,475
0.002,126
0.002,14
0.002,374
0.002,438
0.002,42
0.002,467
0.002,466
0.002,518
0.002,561
0.002,76
0.002,354
0.002,384
0.002,176
0.002,90
0.002,266
0.002,273
0.002,209
0.002,328
0.002,204
0.002,170
0.002,1511
0.002,1509
0.002,63
0.002,234
0.002,165
0.002,1409
0.002,301
0.002,180
0.002,415
0.002,84
0.002,265
0.002,1370
0.002,1
0.002,1707
0.002,546
0.002,760
0.002,66
0.002,160
0.002,537
0.002,371
0.002,434
0.002,12
0.002,149
0.002,144
0.002,225
0.002,521
0.002,133
0.002,68
0.002,127
0.002,39
0.002,165
0.002,123
0.002,230
0.002,100
0.002,1022
0.002,225
0.002,119
0.002,447
0.002,284
0.002,399
0.002,713
0.002,277
0.002,524
0.002,66
0.002,100
0.002,552
0.002,824
0.002,294
0.002,192
0.002,626
0.002,672
0.002,863
0.002,569
0.002,516
0.002,472
0.002,147
0.002,65
0.002,161
0.002,595
0.002,33
0.002,86
0.002,113
0.002,22
0.002,601
0.002,355
0.002,3564
0.002,1140
0.002,1215
0.002,1497
0.002,135
0.002,1097
0.002,57
0.002,36
0.002,409
0.002,175
0.002,1157
0.002,341
0.002,343
0.002,890
0.002,68
0.002,475
0.002,272
0.002,24
0.002,43
0.002,94
0.002,96
0.002,86
0.002,253
0.002,488
0.002,1138
0.002,735
0.002,1747
0.002,882
0.002,1717
0.002,1188
0.002,195
0.002,844
0.002,945
0.002,892
0.002,881
0.002,370
0.002,30
0.002,893
0.002,665
0.002,615
0.002,197
0.002,566
0.002,80
0.002,167
0.002,560
0.002,33
0.002,236
0.002,11
0.002,789
0.002,619
0.002,80
0.002,34
0.002,103
0.002,421
0.002,1
0.002,155
0.002,974
0.002,432
0.002,53
0.002,42
0.002,49
0.002,118
0.002,13
0.002,397
0.002,683
0.002,467
0.002,848
0.002,467
0.002,702
0.002,40
0.002,2347
0.002,107
0.002,714
0.002,931
0.002,416
0.002,88
0.002,636
0.002,111
0.002,716
0.002,79
0.002,142
0.002,99
0.002,218
0.002,282
0.002,271
0.002,961
0.002,1329
0.002,348
0.002,143
0.002,111
0.002,75
0.002,462
0.002,212
0.002,4
0.002,133
0.002,241
0.002,136
0.002,18
0.002,275
0.002,1873
0.002,840
0.002,1113
0.002,260
0.002,168
0.002,63
0.002,1083
0.002,829
0.002,1
0.002,683
0.002,121
0.002,318
0.002,445
0.002,198
0.002,18
0.002,22
0.002,279
0.002,2099
0.002,363
0.002,1139
0.002,549
0.002,1564
0.002,205
0.002,406
0.002,489
0.002,1046
0.002,242
0.002,1275
0.002,13
0.002,61
0.002,431
0.002,459
0.002,793
0.002,144
0.002,30
0.002,1122
0.002,515
0.002,443
0.002,421
0.002,844
0.002,5
0.002,485
0.002,82
0.002,438
0.002,498
0.002,68
0.002,161
0.002,399
0.002,897
0.002,364
0.002,32
0.002,1173
0.002,363
0.002,579
0.002,1157
0.002,759
0.002,168
0.002,943
0.002,250
0.002,67
0.002,1572
0.002,531
0.002,535
0.002,344
0.002,157
0.002,3
0.002,1021
0.002,708
0.002,413
0.002,404
0.002,786
0.002,140
0.002,1479
0.002,762
0.002,216
0.002,160
0.002,93
0.002,86
0.002,823
0.002,154
0.002,816
0.002,325
0.002,88
0.002,136
0.002,419
0.002,782
0.002,1197
0.002,154
0.002,101
0.002,44
0.002,357
0.002,414
0.002,2
0.002,21
0.002,21
0.002,109
0.002,425
0.002,1031
0.002,718
0.002,631
0.002,490
0.002,25
0.002,300
0.002,116
0.002,18
0.002,224
0.002,953
0.002,74
0.002,93
0.002,1382
0.002,404
0.002,1508
0.002,380
0.002,729
0.002,473
0.002,188
0.002,469
0.002,573
0.002,712
0.002,875
0.002,193
0.002,188
0.002,475
0.002,50
0.002,593
0.002,553
0.002,187
0.002,254
0.002,179
0.002,335
0.002,772
0.002,268
0.002,436
0.002,533
0.002,242
0.002,41
