0.004,9368
0.004,8239
0.004,9478
0.004,9295
0.004,7525
0.004,7570
0.004,9080
0.004,9516
0.004,9280
0.004,9348
0.004,9030
0.004,9583
0.004,6090
0.004,7687
0.004,8961
0.004,8806
0.004,8379
0.004,9445
0.004,9142
0.004,9145
0.004,9417
0.004,7719
0.004,9029
0.004,8337
0.004,974
0.004,8094
0.004,5771
0.004,9640
0.004,538
0.004,7841
0.004,9177
0.004,8714
0.004,6639
0.004,9083
0.004,9311
0.004,6577
0.004,6820
0.004,8909
0.004,6938
0.004,7401
0.004,8547
0.004,8497
0.004,8509
0.004,6531
0.004,9236
0.004,267
0.004,9257
0.004,8928
0.004,9579
0.004,7547
0.004,9571
0.004,8701
0.004,8543
0.004,9164
0.004,9065
0.004,9069
0.004,9280
0.004,6910
0.004,9404
0.004,8658
0.004,9192
0.004,9247
0.004,8941
0.004,9565
0.004,7612
0.004,6953
0.004,9273
0.004,9040
0.004,9047
0.004,9325
0.004,9374
0.004,9249
0.004,9082
0.004,9614
0.004,6437
0.004,9011
0.004,9658
0.004,9198
0.004,7131
0.004,9234
0.004,8975
0.004,5346
0.004,9510
0.004,6275
0.004,9490
0.004,9075
0.004,8931
0.004,9392
0.004,6572
0.004,6856
0.004,677
0.004,9290
0.004,9341
0.004,9254
0.004,5661
0.004,9425
0.004,9277
0.004,9025
0.004,9037
0.004,9613
0.004,9445
0.004,8795
0.004,8448
0.004,7263
0.004,7536
0.004,9330
0.004,9246
0.004,8751
0.004,8536
0.004,9513
0.004,9629
0.004,8414
0.004,3723
0.004,8466
0.004,9130
0.004,9029
0.004,9241
0.004,9653
0.004,2501
0.004,7698
0.004,9075
0.004,9391
0.004,9029
0.004,9086
0.004,8581
0.004,9646
0.004,9236
0.004,9447
0.004,8956
0.004,8761
0.004,6530
0.004,2545
0.004,8800
0.004,9212
0.004,9084
0.004,7973
0.004,9109
0.004,7862
0.004,8176
0.004,9091
0.004,8270
0.004,8856
0.004,9171
0.004,6321
0.004,9566
0.004,8934
0.004,9486
0.004,9558
0.004,7526
0.004,8395
0.004,9393
0.004,8330
0.004,8711
0.004,9638
0.004,9358
0.004,7962
0.004,4308
0.004,9292
0.004,8247
0.004,9788
0.004,9271
0.004,9462
0.004,8819
0.004,9272
0.004,9586
0.004,9439
0.004,8872
0.004,9566
0.004,8921
0.004,9008
0.004,5794
0.004,5628
0.004,9590
0.004,9407
0.004,9088
0.004,9717
0.004,7663
0.004,3604
0.004,7725
0.004,9328
0.004,8747
0.004,9448
0.004,1835
0.004,9414
0.004,1758
0.004,9288
0.004,8999
0.004,8698
0.004,9266
0.004,5055
0.004,9449
0.004,7745
0.004,9346
0.004,9211
0.004,8025
0.004,9679
0.004,9100
0.004,9465
0.004,6690
0.004,8947
0.004,8527
0.004,9222
0.004,1411
0.004,8958
0.004,8044
0.004,8109
0.004,9094
0.004,8004
0.004,1668
0.004,8431
0.004,9439
0.004,9213
0.004,8665
0.004,9082
0.004,8244
0.004,8825
0.004,9213
0.004,9553
0.004,9557
0.004,8228
0.004,8682
0.004,7140
0.004,9603
0.004,7466
0.004,8807
0.004,8657
0.004,7724
0.004,7566
0.004,9682
0.004,9150
0.004,9094
0.004,8948
0.004,6516
0.004,7774
0.004,8527
0.004,5579
0.004,8553
0.004,9006
0.004,7251
0.004,9300
0.004,9239
0.004,8857
0.004,8560
0.004,9382
0.004,5671
0.004,5195
0.004,1557
0.004,9822
0.004,9146
0.004,9518
0.004,9377
0.004,9209
0.004,6572
0.004,9564
0.004,8456
0.004,5667
0.004,7370
0.004,8593
0.004,8358
0.004,7769
0.004,9117
0.004,8865
0.004,9434
0.004,9101
0.004,8496
0.004,3055
0.004,9130
0.004,8749
0.004,8455
0.004,9314
0.004,7094
0.004,9401
0.004,9486
0.004,5413
0.004,7014
0.004,9639
0.004,8827
0.004,6930
0.004,9066
0.004,9317
0.004,7099
0.004,9165
0.004,9314
0.004,9342
0.004,8861
0.004,9531
0.004,8445
0.004,5199
0.004,8911
0.004,9233
0.004,6845
0.004,7504
0.004,8984
0.004,9535
0.004,2781
0.004,9581
0.004,8229
0.004,9023
0.004,9679
0.004,7797
0.004,8987
0.004,7228
0.004,9156
0.004,9161
0.004,9286
0.004,9659
0.004,8901
0.004,9033
0.004,9253
0.004,7802
0.004,8037
0.004,9238
0.004,9501
0.004,4035
0.004,8778
0.004,9599
0.004,8688
0.004,6886
0.004,9406
0.004,8982
0.004,9079
0.004,9257
0.004,9454
0.004,6491
0.004,9180
0.004,6171
0.004,8619
0.004,7376
0.004,9445
0.004,9023
0.004,9242
0.004,8847
0.004,8672
0.004,7579
0.004,9048
0.004,8470
0.004,9444
0.004,8053
0.004,6354
0.004,8394
0.004,9569
0.004,9043
0.004,9209
0.004,9075
0.004,7528
0.004,6434
0.004,8836
0.004,8941
0.004,7758
0.004,2342
0.004,9531
0.004,8398
0.004,9257
0.004,9233
0.004,8538
0.004,9448
0.004,9709
0.004,7565
0.004,9199
0.004,8554
0.004,9343
0.004,8989
0.004,8348
0.004,8950
0.004,9166
0.004,4903
0.004,7906
0.004,4434
0.004,5387
0.004,8662
0.004,9503
0.004,7282
0.004,9333
0.004,9188
0.004,8270
0.004,8796
0.004,9392
0.004,2175
0.004,9484
0.004,8377
0.004,9268
0.004,9489
0.004,9647
0.004,9765
0.004,9341
0.004,7902
0.004,7439
0.004,8406
0.004,9618
0.004,7737
0.004,9051
0.004,9393
0.004,878
0.004,9173
0.004,9421
0.004,8972
0.004,8863
0.004,9390
0.004,9505
0.004,8708
0.004,7905
0.004,5926
0.004,7678
0.004,9358
0.004,9091
0.004,9140
0.004,5550
0.004,6957
0.004,7624
0.004,9416
0.004,9323
0.004,8822
0.004,6491
0.004,9503
0.004,9238
0.004,9645
0.004,9516
0.004,9459
0.004,9172
0.004,8983
0.004,9431
0.004,9038
0.004,9222
0.004,9588
0.004,9435
0.004,9273
0.004,9081
0.004,9062
0.004,8828
0.004,7944
0.004,7664
0.004,8373
0.004,9216
0.004,7049
0.004,9356
0.004,5145
0.004,4680
0.004,8941
0.004,8439
0.004,7332
0.004,8860
0.004,8988
0.004,4329
0.004,9005
0.004,3645
0.004,7692
0.004,9627
0.004,9269
0.004,9211
0.004,747
0.004,9648
0.004,8776
0.004,3078
0.004,7050
0.004,8588
0.004,9164
0.004,8595
0.004,9366
0.004,9169
0.004,7558
0.004,9415
0.004,4088
0.004,9294
0.004,9394
0.004,9389
0.004,3675
0.004,9350
0.004,9161
0.004,6808
0.004,2193
0.004,9333
0.004,9170
0.004,4851
0.004,7513
0.004,4808
0.004,9431
0.004,9449
0.004,9009
0.004,3854
0.004,9207
0.004,9168
0.004,9518
0.004,9606
0.004,8654
0.004,9311
0.004,9717
0.004,8965
0.004,9645
0.004,9395
0.004,7790
0.004,9356
0.004,7795
0.004,8501
0.004,7292
0.004,9534
0.004,9166
0.004,7331
0.004,5144
0.004,8040
0.004,2074
0.004,9265
0.004,8426
0.004,8956
0.004,7033
0.004,829
0.004,9645
0.004,9139
0.004,8564
0.004,9445
0.004,8311
0.004,7824
0.004,4015
0.004,6815
0.004,9437
0.004,9156
0.004,7227
0.004,9055
0.004,9083
0.004,8839
0.004,9527
0.004,9325
0.004,9284
0.004,8597
0.004,6850
0.004,9039
0.004,5245
0.004,9127
0.004,8903
0.004,7815
0.004,9487
0.004,9262
0.004,8076
0.004,7773
0.004,8111
0.004,9104
0.004,6264
0.004,9188
0.004,9313
0.004,7691
0.004,9148
0.004,9494
0.004,9089
0.004,9344
0.004,8925
0.004,8228
0.004,8062
0.004,8776
0.004,8915
0.004,9118
0.004,558
0.004,8668
0.004,7556
0.004,9135
0.004,9435
0.004,9171
0.004,9415
0.004,9404
0.004,7925
0.004,8981
0.004,9328
0.004,8803
0.004,8558
0.004,7177
0.004,9191
0.004,4991
0.004,5880
0.004,8778
0.004,7843
0.004,9324
0.004,8759
0.004,8906
0.004,8588
0.004,8408
0.004,8626
0.004,9027
0.004,9077
0.004,9351
0.004,9550
0.004,3974
0.004,8650
0.004,9158
0.004,9303
0.004,8303
0.004,9424
0.004,9457
0.004,9093
0.004,4088
0.004,7138
0.004,9689
0.004,9273
0.004,9525
0.004,7746
0.004,8645
0.004,9223
0.004,7753
0.004,9115
0.004,9215
0.004,7402
0.004,9451
0.004,9277
0.004,9377
0.004,7112
0.004,6775
0.004,8748
0.004,9512
0.004,9239
0.004,7990
0.004,6758
0.004,7981
0.004,9593
0.004,9217
0.004,8854
0.004,9461
0.004,8841
0.004,7614
0.004,5173
0.004,9406
0.004,9543
0.004,8455
0.004,8340
0.004,9563
0.004,9317
0.004,8730
0.004,7922
0.004,9467
0.004,9509
0.004,7620
0.004,9584
0.004,9053
0.004,9057
0.004,9541
0.004,7936
0.004,6934
0.004,9303
0.004,9172
0.004,9227
0.004,9344
0.004,8826
0.004,8642
0.004,8935
0.004,9661
0.004,9458
0.004,8680
0.004,8273
0.004,8013
0.004,3373
0.004,8905
0.004,9332
0.004,7943
0.004,9480
0.004,9265
0.004,9493
0.004,7863
0.004,8481
0.004,8428
0.004,9199
0.004,9173
0.004,7617
0.004,8545
0.004,3748
0.004,8333
0.004,8837
0.004,8518
0.004,9397
0.004,9165
0.004,9520
0.004,9385
0.004,8023
0.004,9277
0.004,9239
0.004,1062
0.004,9352
0.004,9159
0.004,9133
0.004,8764
0.004,6306
0.004,8996
0.004,9483
0.004,9368
0.004,8122
0.004,8881
0.004,9408
0.004,9810
0.004,8286
0.004,8404
0.004,9389
0.004,9596
0.004,9230
0.004,8477
0.004,8988
0.004,8633
0.004,9511
0.004,9503
0.004,7635
0.004,9191
0.004,8774
0.004,9734
0.004,7777
0.004,9492
0.004,9404
0.004,9615
0.004,9333
0.004,9658
0.004,9514
0.004,9302
0.004,9360
0.004,9074
0.004,7079
0.004,9527
0.004,8019
0.004,9250
0.004,8250
0.004,7800
0.004,8812
0.004,8539
0.004,9130
0.004,4819
0.004,9416
0.004,6875
0.004,7433
0.004,9533
0.004,9013
0.004,9036
0.004,3201
0.004,9391
0.004,9365
0.004,6717
0.004,9036
0.004,9537
0.004,8714
0.004,9389
0.004,8724
0.004,9426
0.004,7441
0.004,8916
0.004,8827
0.004,8079
0.004,6975
0.004,7695
0.004,7816
0.004,9678
0.004,9199
0.004,3987
0.004,6480
0.004,2782
0.004,9070
0.004,9237
0.004,9449
0.004,8067
0.004,8462
0.004,9371
0.004,9417
0.004,4882
0.004,8582
0.004,4564
0.004,9383
0.004,9173
0.004,9668
0.004,3252
0.004,9007
0.004,9051
0.004,9569
0.004,4802
0.004,9231
0.004,8141
0.004,9147
0.004,8510
0.004,9261
0.004,6059
0.004,7525
0.004,8833
0.004,9646
0.004,8667
0.004,9342
0.004,8416
0.004,8617
0.004,9618
0.004,8267
0.004,9077
0.004,3547
0.004,9224
0.004,9243
0.004,9377
0.004,9045
0.004,9266
0.004,9184
0.004,7585
0.004,7328
0.004,7393
0.004,9602
0.004,9433
0.004,9516
0.004,9542
0.004,1031
0.004,8824
0.004,9456
0.004,9154
0.004,9449
0.004,7242
0.004,9343
0.004,9377
0.004,9385
0.004,328
0.004,9162
0.004,9803
0.004,9489
0.004,6341
0.004,8736
0.004,9415
0.004,1351
0.004,9057
0.004,8986
0.004,9341
0.004,9463
0.004,8817
0.004,9113
0.004,8164
0.004,8689
0.004,7370
0.004,5373
0.004,9156
0.004,9783
0.004,8298
0.004,9449
0.004,8539
0.004,3640
0.004,9227
0.004,9459
0.004,8476
0.004,9354
0.004,8851
0.004,9515
0.004,9161
0.004,9404
0.004,8950
0.004,8374
0.004,8834
0.004,8458
0.004,9014
0.004,9540
0.004,8866
0.004,9482
0.004,8677
0.004,9372
0.004,9185
0.004,9226
0.004,9110
0.004,7736
0.004,9243
0.004,9556
0.004,9145
0.004,9157
0.004,9088
0.004,5119
0.004,4640
0.004,3530
0.004,8035
0.004,9325
0.004,9540
0.004,7661
0.004,7277
0.004,9319
0.004,7657
0.004,8030
0.004,6436
0.004,9463
0.004,8458
0.004,9507
0.004,9300
0.004,7551
0.004,9123
0.004,8910
0.004,9382
0.004,9400
0.004,7791
0.004,9026
0.004,9316
0.004,9448
0.004,9651
0.004,8966
0.004,8893
0.004,8050
0.004,9381
0.004,9470
0.004,4638
0.004,9331
0.004,9317
0.004,8652
0.004,8477
0.004,9415
0.004,9420
0.004,9272
0.004,9707
0.004,9326
0.004,8670
0.004,9163
0.004,8224
0.004,9701
0.004,9353
0.004,8301
0.004,7023
0.004,7590
0.004,9484
0.004,7419
0.004,8671
0.004,9184
0.004,9256
0.004,8766
0.004,9422
0.004,6029
0.004,9321
0.004,3557
0.004,9140
0.004,7263
0.004,7908
0.004,9446
0.004,9508
0.004,9208
0.004,9431
0.004,9425
0.004,9106
0.004,7943
0.004,9105
0.004,8874
0.004,9408
0.004,8300
0.004,7448
0.004,9534
0.004,8647
0.004,9650
0.004,8182
0.004,8920
0.004,8628
0.004,9479
0.004,9361
0.004,8676
0.004,9635
0.004,8943
0.004,4789
0.004,8686
0.004,9444
0.004,6568
0.004,9230
0.004,8512
0.004,4724
0.004,8641
0.004,6280
0.004,9348
0.004,7068
0.004,9354
0.004,9581
0.004,9505
0.004,8822
0.004,9611
0.004,7932
0.004,9095
0.004,9704
0.004,6550
0.004,9483
0.004,9317
0.004,9721
0.004,8392
0.004,8083
0.004,7982
0.004,5950
0.004,7937
0.004,8988
0.004,9109
0.004,8915
0.004,9816
0.004,3661
0.004,8819
0.004,8456
0.004,9632
0.004,9432
0.004,6619
0.004,9672
0.004,9075
0.004,9233
0.004,6619
0.004,7431
0.004,9464
0.004,9296
0.004,8429
0.004,9332
0.004,9230
0.004,9225
0.004,53
0.004,7069
0.004,9669
0.004,9485
0.004,8483
0.004,8449
0.004,9030
0.004,9677
0.004,9519
0.004,8943
0.004,8807
0.004,8988
0.004,8998
