0.004,8703
0.004,7407
0.004,8477
0.004,8461
0.004,9736
0.004,9622
0.004,9342
0.004,8912
0.004,8440
0.004,5133
0.004,9418
0.004,9596
0.004,9081
0.004,8094
0.004,8509
0.004,9542
0.004,7618
0.004,8798
0.004,8457
0.004,9264
0.004,6975
0.004,8999
0.004,9087
0.004,6900
0.004,9657
0.004,8555
0.004,8169
0.004,8973
0.004,8971
0.004,9516
0.004,9162
0.004,7056
0.004,8685
0.004,9031
0.004,8919
0.004,9342
0.004,8461
0.004,9117
0.004,7681
0.004,9208
0.004,8372
0.004,9246
0.004,8934
0.004,7232
0.004,6225
0.004,7964
0.004,8074
0.004,9154
0.004,5866
0.004,8721
0.004,6942
0.004,7765
0.004,9284
0.004,8654
0.004,9490
0.004,9071
0.004,8736
0.004,9342
0.004,9334
0.004,8791
0.004,9153
0.004,8499
0.004,8883
0.004,9399
0.004,9511
0.004,9388
0.004,9599
0.004,8936
0.004,9650
0.004,9433
0.004,9568
0.004,8950
0.004,9168
0.004,9494
0.004,4629
0.004,5576
0.004,9435
0.004,7420
0.004,9517
0.004,9027
0.004,7151
0.004,6968
0.004,2876
0.004,8546
0.004,8780
0.004,9399
0.004,8212
0.004,9470
0.004,8389
0.004,9592
0.004,9555
0.004,8769
0.004,8931
0.004,9206
0.004,8954
0.004,9165
0.004,9469
0.004,9187
0.004,9520
0.004,9485
0.004,7506
0.004,9247
0.004,9054
0.004,8330
0.004,8705
0.004,9236
0.004,9531
0.004,9581
0.004,8771
0.004,9514
0.004,9607
0.004,8869
0.004,9228
0.004,8732
0.004,9036
0.004,9429
0.004,8101
0.004,8020
0.004,9046
0.004,8657
0.004,9445
0.004,8171
0.004,8951
0.004,9355
0.004,7144
0.004,3179
0.004,6775
0.004,9144
0.004,6264
0.004,5507
0.004,8879
0.004,3062
0.004,8283
0.004,5826
0.004,9308
0.004,6485
0.004,8923
0.004,8171
0.004,8374
0.004,8947
0.004,9298
0.004,6785
0.004,9656
0.004,4254
0.004,7974
0.004,8413
0.004,9351
0.004,8704
0.004,9014
0.004,9454
0.004,9091
0.004,9204
0.004,8499
0.004,8908
0.004,5345
0.004,9061
0.004,8997
0.004,8035
0.004,7921
0.004,7639
0.004,9339
0.004,8185
0.004,8989
0.004,9167
0.004,6574
0.004,9496
0.004,7827
0.004,8635
0.004,9172
0.004,8614
0.004,9574
0.004,3615
0.004,7077
0.004,9497
0.004,7710
0.004,8839
0.004,9499
0.004,9131
0.004,9450
0.004,9330
0.004,9478
0.004,6803
0.004,8238
0.004,9603
0.004,8954
0.004,8032
0.004,7637
0.004,9660
0.004,9462
0.004,9339
0.004,9508
0.004,8637
0.004,6868
0.004,8484
0.004,8988
0.004,8723
0.004,9417
0.004,9634
0.004,6667
0.004,8769
0.004,9521
0.004,9259
0.004,8406
0.004,9415
0.004,9110
0.004,7989
0.004,8668
0.004,9010
0.004,9468
0.004,8802
0.004,3718
0.004,9721
0.004,6810
0.004,9359
0.004,7984
0.004,9310
0.004,9359
0.004,8026
0.004,5447
0.004,8749
0.004,8505
0.004,8724
0.004,9641
0.004,7267
0.004,8551
0.004,9267
0.004,6464
0.004,4230
0.004,8565
0.004,9635
0.004,8317
0.004,1753
0.004,9399
0.004,9190
0.004,9471
0.004,9258
0.004,8701
0.004,9542
0.004,7174
0.004,9438
0.004,9146
0.004,6344
0.004,4559
0.004,8228
0.004,1846
0.004,9121
0.004,9521
0.004,1401
0.004,9581
0.004,8872
0.004,9610
0.004,9088
0.004,7281
0.004,3682
0.004,9015
0.004,6508
0.004,9147
0.004,8404
0.004,8772
0.004,8919
0.004,1986
0.004,9577
0.004,9537
0.004,8241
0.004,9513
0.004,8669
0.004,5132
0.004,2186
0.004,9290
0.004,9208
0.004,9487
0.004,7433
0.004,5915
0.004,8902
0.004,9322
0.004,9294
0.004,9535
0.004,6000
0.004,8146
0.004,8217
0.004,9279
0.004,9341
0.004,9466
0.004,8429
0.004,8525
0.004,9464
0.004,9145
0.004,5733
0.004,8568
0.004,9341
0.004,8602
0.004,9335
0.004,9536
0.004,2746
0.004,7867
0.004,8061
0.004,9049
0.004,9588
0.004,7742
0.004,8193
0.004,9224
0.004,8870
0.004,9481
0.004,9053
0.004,9001
0.004,8075
0.004,8182
0.004,7000
0.004,9043
0.004,3324
0.004,7560
0.004,4877
0.004,8572
0.004,3864
0.004,7185
0.004,8457
0.004,8050
0.004,5647
0.004,7896
0.004,9406
0.004,6418
0.004,8585
0.004,6374
0.004,9141
0.004,8826
0.004,9405
0.004,9543
0.004,9179
0.004,8317
0.004,8794
0.004,9177
0.004,8142
0.004,8838
0.004,7539
0.004,8758
0.004,9571
0.004,7783
0.004,9287
0.004,8422
0.004,9276
0.004,9662
0.004,8795
0.004,9376
0.004,6008
0.004,8855
0.004,8769
0.004,9263
0.004,9253
0.004,9311
0.004,9564
0.004,8814
0.004,5556
0.004,9447
0.004,7629
0.004,9287
0.004,9054
0.004,7173
0.004,9184
0.004,9402
0.004,7009
0.004,9548
0.004,9280
0.004,9415
0.004,9377
0.004,3142
0.004,8526
0.004,9366
0.004,9391
0.004,8884
0.004,5811
0.004,8712
0.004,9400
0.004,9354
0.004,8612
0.004,9412
0.004,9202
0.004,8825
0.004,9317
0.004,9364
0.004,8929
0.004,9324
0.004,8587
0.004,9566
0.004,8366
0.004,9483
0.004,8636
0.004,9558
0.004,9046
0.004,7086
0.004,9501
0.004,9373
0.004,9190
0.004,8360
0.004,9037
0.004,8848
0.004,9592
0.004,9415
0.004,9637
0.004,9217
0.004,8885
0.004,9326
0.004,8432
0.004,9393
0.004,8925
0.004,5100
0.004,9374
0.004,2609
0.004,9523
0.004,6824
0.004,7457
0.004,9300
0.004,8278
0.004,5080
0.004,9224
0.004,8872
0.004,8843
0.004,9274
0.004,7473
0.004,9160
0.004,8184
0.004,896
0.004,7064
0.004,8610
0.004,8454
0.004,7371
0.004,7991
0.004,7139
0.004,9307
0.004,8552
0.004,9426
0.004,5836
0.004,9467
0.004,5736
0.004,8812
0.004,9035
0.004,9688
0.004,8237
0.004,8647
0.004,9476
0.004,6938
0.004,8810
0.004,1982
0.004,8860
0.004,9616
0.004,9223
0.004,9173
0.004,9453
0.004,7892
0.004,9064
0.004,8589
0.004,8541
0.004,2627
0.004,9610
0.004,8238
0.004,4557
0.004,8785
0.004,8164
0.004,9370
0.004,8900
0.004,7559
0.004,8937
0.004,9117
0.004,9252
0.004,7919
0.004,8788
0.004,9019
0.004,9032
0.004,7319
0.004,9803
0.004,9597
0.004,8343
0.004,9537
0.004,8350
0.004,8611
0.004,8596
0.004,9265
0.004,4617
0.004,5222
0.004,9376
0.004,2610
0.004,7639
0.004,8653
0.004,9224
0.004,6211
0.004,9217
0.004,9333
0.004,2021
0.004,9482
0.004,9473
0.004,9480
0.004,9530
0.004,2699
0.004,8985
0.004,8473
0.004,9161
0.004,9600
0.004,9445
0.004,8975
0.004,8768
0.004,9386
0.004,8878
0.004,9163
0.004,7435
0.004,9272
0.004,7065
0.004,9082
0.004,8951
0.004,9510
0.004,9241
0.004,9258
0.004,9452
0.004,9055
0.004,7674
0.004,8097
0.004,8204
0.004,8954
0.004,9152
0.004,7082
0.004,8818
0.004,8021
0.004,9211
0.004,9208
0.004,8810
0.004,8768
0.004,9344
0.004,5511
0.004,9311
0.004,6245
0.004,8413
0.004,9484
0.004,7153
0.004,9239
0.004,9628
0.004,8056
0.004,8588
0.004,7785
0.004,9439
0.004,9208
0.004,9524
0.004,9253
0.004,7747
0.004,8979
0.004,9567
0.004,6089
0.004,6212
0.004,9284
0.004,9183
0.004,8585
0.004,8221
0.004,6734
0.004,8895
0.004,9722
0.004,9173
0.004,4090
0.004,9278
0.004,8926
0.004,8217
0.004,7304
0.004,9119
0.004,9531
0.004,7780
0.004,9620
0.004,8907
0.004,9093
0.004,9337
0.004,6137
0.004,6543
0.004,9439
0.004,9125
0.004,8070
0.004,8313
0.004,5369
0.004,9658
0.004,9546
0.004,8999
0.004,8606
0.004,8138
0.004,9331
0.004,9407
0.004,7626
0.004,7582
0.004,9241
0.004,9510
0.004,9530
0.004,9609
0.004,8885
0.004,9247
0.004,9361
0.004,8498
0.004,8289
0.004,9504
0.004,7017
0.004,6264
0.004,9248
0.004,9322
0.004,8906
0.004,9153
0.004,9314
0.004,9484
0.004,9139
0.004,9475
0.004,7482
0.004,8965
0.004,8754
0.004,9125
0.004,9155
0.004,9744
0.004,8081
0.004,9358
0.004,7911
0.004,9294
0.004,6372
0.004,9682
0.004,8799
0.004,5073
0.004,3705
0.004,5399
0.004,9168
0.004,9465
0.004,7548
0.004,6165
0.004,9288
0.004,6141
0.004,5713
0.004,8039
0.004,8283
0.004,5342
0.004,9739
0.004,9269
0.004,3634
0.004,9190
0.004,9581
0.004,9578
0.004,8678
0.004,8624
0.004,7552
0.004,9403
0.004,9339
0.004,3648
0.004,9301
0.004,9089
0.004,7120
0.004,8026
0.004,8782
0.004,9612
0.004,7315
0.004,9487
0.004,9624
0.004,3460
0.004,9152
0.004,8693
0.004,8850
0.004,8372
0.004,8362
0.004,7800
0.004,8757
0.004,2528
0.004,9511
0.004,9416
0.004,9341
0.004,6305
0.004,7575
0.004,8953
0.004,9223
0.004,9402
0.004,913
0.004,8342
0.004,7650
0.004,9314
0.004,9181
0.004,9492
0.004,9393
0.004,9254
0.004,6519
0.004,7392
0.004,9249
0.004,9386
0.004,9104
0.004,8731
0.004,9017
0.004,9337
0.004,9609
0.004,8485
0.004,8706
0.004,8528
0.004,9344
0.004,9087
0.004,9455
0.004,9464
0.004,8974
0.004,7566
0.004,9205
0.004,8570
0.004,8688
0.004,9547
0.004,5892
0.004,8451
0.004,9400
0.004,9464
0.004,7400
0.004,8392
0.004,4384
0.004,9353
0.004,8663
0.004,8523
0.004,4323
0.004,3410
0.004,8645
0.004,9575
0.004,9292
0.004,7045
0.004,8234
0.004,8875
0.004,8535
0.004,6560
0.004,7788
0.004,5363
0.004,8538
0.004,7811
0.004,9388
0.004,8174
0.004,9536
0.004,9604
0.004,8916
0.004,8910
0.004,6530
0.004,427
0.004,9770
0.004,9344
0.004,9480
0.004,8984
0.004,9011
0.004,1718
0.004,7307
0.004,9396
0.004,9242
0.004,9077
0.004,8352
0.004,9100
0.004,8995
0.004,9477
0.004,6415
0.004,9393
0.004,9176
0.004,9030
0.004,8841
0.004,3108
0.004,8635
0.004,8944
0.004,8242
0.004,9595
0.004,8751
0.004,8539
0.004,9554
0.004,9515
0.004,8833
0.004,9268
0.004,3180
0.004,9231
0.004,9492
0.004,9220
0.004,8826
0.004,9361
0.004,9315
0.004,9019
0.004,9422
0.004,9344
0.004,8691
0.004,9434
0.004,5684
0.004,6837
0.004,9302
0.004,9227
0.004,9275
0.004,9372
0.004,9324
0.004,8814
0.004,9046
0.004,4371
0.004,9344
0.004,9491
0.004,3131
0.004,6839
0.004,7921
0.004,8960
0.004,9660
0.004,9432
0.004,8938
0.004,9214
0.004,8362
0.004,8750
0.004,8941
0.004,9491
0.004,4312
0.004,9628
0.004,9148
0.004,9266
0.004,7178
0.004,9209
0.004,8843
0.004,6691
0.004,9299
0.004,7689
0.004,5942
0.004,8251
0.004,7754
0.004,8827
0.004,7826
0.004,9415
0.004,8748
0.004,7910
0.004,8838
0.004,7908
0.004,7655
0.004,5192
0.004,9428
0.004,8744
0.004,9412
0.004,9370
0.004,7430
0.004,8979
0.004,9440
0.004,9077
0.004,6071
0.004,9621
0.004,8688
0.004,9235
0.004,9390
0.004,8511
0.004,455
0.004,7934
0.004,9369
0.004,9462
0.004,7465
0.004,9026
0.004,9204
0.004,4597
0.004,8329
0.004,9461
0.004,4100
0.004,9404
0.004,8665
0.004,8361
0.004,8618
0.004,9686
0.004,9535
0.004,9621
0.004,9001
0.004,8599
0.004,9456
0.004,9232
0.004,8140
0.004,4378
0.004,9568
0.004,9464
0.004,9143
0.004,8585
0.004,9100
0.004,9435
0.004,8943
0.004,8887
0.004,9609
0.004,9348
0.004,8632
0.004,9266
0.004,8574
0.004,9101
0.004,9683
0.004,8716
0.004,9436
0.004,9339
0.004,6955
0.004,9215
0.004,9467
0.004,7788
0.004,8878
0.004,8275
0.004,5202
0.004,9012
0.004,7876
0.004,9560
0.004,8902
0.004,9386
0.004,3568
0.004,9390
0.004,8938
0.004,9225
0.004,9623
0.004,6790
0.004,8957
0.004,9130
0.004,3916
0.004,7662
0.004,8449
0.004,9594
0.004,9441
0.004,8555
0.004,2103
0.004,8140
0.004,9198
0.004,9022
0.004,7368
0.004,7309
0.004,6981
0.004,7459
0.004,5797
0.004,9226
0.004,9212
0.004,9459
0.004,8785
0.004,7661
0.004,8637
0.004,8223
0.004,4674
0.004,9375
0.004,9151
0.004,9579
0.004,8518
0.004,6060
0.004,9546
0.004,8184
0.004,9389
0.004,9295
0.004,9030
0.004,8548
0.004,9100
0.004,9476
0.004,9041
0.004,9152
0.004,9329
0.004,9370
0.004,9151
0.004,8080
0.004,9387
0.004,9491
0.004,8661
0.004,9308
0.004,9573
0.004,8410
0.004,9667
0.004,7254
0.004,9535
0.004,9675
0.004,9447
0.004,9319
0.004,4115
0.004,8780
0.004,7858
0.004,9551
0.004,9012
0.004,9219
0.004,9449
0.004,9648
0.004,5520
0.004,6602
0.004,6127
0.004,9449
0.004,9263
0.004,8869
0.004,8044
0.004,9365
0.004,9122
0.004,9027
0.004,9628
0.004,2455
0.004,9235
0.004,7533
0.004,9393
0.004,9205
0.004,9363
0.004,6983
0.004,6698
0.004,9503
0.004,8482
0.004,8437
0.004,8763
0.004,8831
0.004,9409
0.004,6646
0.004,9283
0.004,8773
0.004,9669
0.004,9392
0.004,9571
0.004,9237
0.004,7753
0.004,8830
0.004,8893
0.004,9076
0.004,9227
0.004,8474
0.004,9076
0.004,9318
0.004,9295
0.004,8882
0.004,8976
0.004,8172
0.004,9422
0.004,9603
0.004,1383
