0.02,1684
0.02,1700
0.02,1632
0.02,723
0.02,1463
0.02,1632
0.02,1553
0.02,1699
0.02,1544
0.02,1653
0.02,1577
0.02,1620
0.02,1679
0.02,1751
0.02,1651
0.02,1535
0.02,1661
0.02,1522
0.02,1579
0.02,1589
0.02,1652
0.02,1539
0.02,1677
0.02,1658
0.02,1601
0.02,792
0.02,1614
0.02,1568
0.02,1636
0.02,1633
0.02,1533
0.02,1584
0.02,1591
0.02,1588
0.02,1620
0.02,1643
0.02,1673
0.02,1676
0.02,1632
0.02,1599
0.02,1606
0.02,1625
0.02,1659
0.02,1699
0.02,1647
0.02,1436
0.02,1548
0.02,1665
0.02,960
0.02,1549
0.02,1669
0.02,1616
0.02,1671
0.02,1055
0.02,1587
0.02,1673
0.02,1662
0.02,1658
0.02,1166
0.02,1584
0.02,1726
0.02,1631
0.02,1558
0.02,1662
0.02,1578
0.02,1384
0.02,1637
0.02,1704
0.02,1609
0.02,1299
0.02,1683
0.02,1625
0.02,1592
0.02,1521
0.02,1679
0.02,1658
0.02,1630
0.02,1440
0.02,1713
0.02,1704
0.02,1705
0.02,1174
0.02,1712
0.02,1573
0.02,1696
0.02,1182
0.02,1357
0.02,1576
0.02,1622
0.02,1685
0.02,1608
0.02,1482
0.02,1596
0.02,1576
0.02,1569
0.02,1543
0.02,1546
0.02,1379
0.02,1610
0.02,1702
0.02,1687
0.02,1667
0.02,1687
0.02,1615
0.02,1541
0.02,1691
0.02,1597
0.02,1572
0.02,1657
0.02,1705
0.02,1568
0.02,1681
0.02,1589
0.02,1640
0.02,1652
0.02,1588
0.02,1633
0.02,1635
0.02,1631
0.02,1075
0.02,1593
0.02,1583
0.02,1605
0.02,1646
0.02,1487
0.02,1588
0.02,1604
0.02,1702
0.02,1651
0.02,1684
0.02,1683
0.02,1531
0.02,1581
0.02,1625
0.02,1628
0.02,1511
0.02,1681
0.02,1646
0.02,1512
0.02,1808
0.02,1674
0.02,1723
0.02,1642
0.02,1611
0.02,1664
0.02,1705
0.02,1646
0.02,1643
0.02,1658
0.02,1659
0.02,1684
0.02,1669
0.02,1607
0.02,1661
0.02,1472
0.02,1555
0.02,1637
0.02,1707
0.02,1716
0.02,1638
0.02,1765
0.02,1657
0.02,1726
0.02,1688
0.02,1541
0.02,1494
0.02,1639
0.02,1705
0.02,1553
0.02,1667
0.02,1657
0.02,1647
0.02,1631
0.02,1669
0.02,1654
0.02,1691
0.02,1629
0.02,1646
0.02,1240
0.02,1571
0.02,1637
0.02,1520
0.02,1515
0.02,1611
0.02,1633
0.02,1663
0.02,1639
0.02,1693
0.02,1628
0.02,1546
0.02,1623
0.02,1670
0.02,1639
0.02,1558
0.02,1641
0.02,1377
0.02,1569
0.02,1635
0.02,1657
0.02,1646
0.02,1378
0.02,1556
0.02,1742
0.02,1634
0.02,1579
0.02,1643
0.02,1628
0.02,1668
0.02,1613
0.02,1625
0.02,1695
0.02,1604
0.02,1625
0.02,1401
0.02,1650
0.02,1650
0.02,1622
0.02,1560
0.02,1690
0.02,1595
0.02,1471
0.02,1556
0.02,1652
0.02,1692
0.02,1698
0.02,1642
0.02,1584
0.02,1517
0.02,1704
0.02,1111
0.02,1600
0.02,1587
0.02,1543
0.02,1724
0.02,1726
0.02,1658
0.02,1665
0.02,1597
0.02,1629
0.02,1614
0.02,1551
0.02,1647
0.02,1587
0.02,1574
0.02,1555
0.02,1625
0.02,1664
0.02,1663
0.02,1556
0.02,1656
0.02,1650
0.02,1710
0.02,1400
0.02,1580
0.02,1570
0.02,1683
0.02,1652
0.02,1572
0.02,1556
0.02,1591
0.02,1561
0.02,1623
0.02,1573
0.02,1664
0.02,1588
0.02,1646
0.02,1593
0.02,1544
0.02,1548
0.02,1608
0.02,1634
0.02,1613
0.02,1523
0.02,1594
0.02,1644
0.02,1637
0.02,1092
0.02,1633
0.02,1725
0.02,1607
0.02,1566
0.02,1589
0.02,1721
0.02,1460
0.02,1733
0.02,1661
0.02,1629
0.02,174
0.02,1621
0.02,1567
0.02,1594
0.02,1579
0.02,1574
0.02,1558
0.02,1577
0.02,1710
0.02,1609
0.02,1613
0.02,1308
0.02,1721
0.02,1527
0.02,1643
0.02,1030
0.02,349
0.02,1607
0.02,1624
0.02,1532
0.02,1549
0.02,1415
0.02,1679
0.02,1641
0.02,1696
0.02,1720
0.02,1668
0.02,1689
0.02,1602
0.02,1721
0.02,1654
0.02,1704
0.02,1620
0.02,1696
0.02,1710
0.02,1489
0.02,1645
0.02,1668
0.02,1649
0.02,1588
0.02,1621
0.02,1710
0.02,1726
0.02,1685
0.02,1630
0.02,1754
0.02,1574
0.02,1606
0.02,1732
0.02,1629
0.02,1608
0.02,1569
0.02,1644
0.02,1645
0.02,1651
0.02,1692
0.02,1694
0.02,1658
0.02,1717
0.02,1769
0.02,1601
0.02,1678
0.02,1467
0.02,1613
0.02,1525
0.02,1553
0.02,1575
0.02,1677
0.02,1654
0.02,1657
0.02,1511
0.02,1606
0.02,1673
0.02,1637
0.02,1752
0.02,1658
0.02,1581
0.02,1690
0.02,1666
0.02,1543
0.02,1642
0.02,1503
0.02,1514
0.02,1613
0.02,1627
0.02,1656
0.02,1578
0.02,1662
0.02,1694
0.02,1666
0.02,1292
0.02,1682
0.02,1631
0.02,1633
0.02,1592
0.02,1784
0.02,1530
0.02,1602
0.02,1721
0.02,1646
0.02,1583
0.02,1033
0.02,1484
0.02,1648
0.02,1637
0.02,1594
0.02,1637
0.02,1699
0.02,1582
0.02,1673
0.02,1749
0.02,1384
0.02,1697
0.02,1492
0.02,1673
0.02,1691
0.02,1613
0.02,1576
0.02,1617
0.02,1643
0.02,594
0.02,1558
0.02,1697
0.02,1686
0.02,1571
0.02,1468
0.02,1665
0.02,1642
0.02,1579
0.02,1658
0.02,1091
0.02,1583
0.02,1666
0.02,1519
0.02,1675
0.02,1698
0.02,1644
0.02,1631
0.02,1597
0.02,1600
0.02,1565
0.02,1637
0.02,1677
0.02,1547
0.02,1536
0.02,1633
0.02,1608
0.02,1423
0.02,1038
0.02,1695
0.02,1696
0.02,1694
0.02,1603
0.02,1692
0.02,1585
0.02,1662
0.02,1472
0.02,1319
0.02,1278
0.02,1548
0.02,1624
0.02,1717
0.02,1670
0.02,1218
0.02,1592
0.02,1670
0.02,1626
0.02,1624
0.02,1631
0.02,1354
0.02,1612
0.02,1632
0.02,1695
0.02,1667
0.02,1624
0.02,1627
0.02,1643
0.02,1673
0.02,1657
0.02,1696
0.02,1659
0.02,1685
0.02,1655
0.02,1634
0.02,1560
0.02,1568
0.02,1643
0.02,1627
0.02,1546
0.02,1721
0.02,1568
0.02,1391
0.02,1591
0.02,1688
0.02,1659
0.02,1698
0.02,1722
0.02,1650
0.02,1714
0.02,297
0.02,1672
0.02,1639
0.02,1651
0.02,1685
0.02,1651
0.02,1692
0.02,1601
0.02,1677
0.02,1609
0.02,1622
0.02,1686
0.02,1623
0.02,1670
0.02,1570
0.02,1717
0.02,1630
0.02,1640
0.02,1677
0.02,1634
0.02,1579
0.02,1650
0.02,1591
0.02,1462
0.02,1337
0.02,1614
0.02,1278
0.02,1536
0.02,1587
0.02,1628
0.02,1632
0.02,1597
0.02,1605
0.02,1646
0.02,1573
0.02,1586
0.02,1596
0.02,1557
0.02,1489
0.02,1741
0.02,1646
0.02,1656
0.02,1574
0.02,1378
0.02,1583
0.02,1629
0.02,1620
0.02,1630
0.02,1582
0.02,989
0.02,1550
0.02,1667
0.02,1329
0.02,1640
0.02,1656
0.02,1711
0.02,1658
0.02,1697
0.02,1576
0.02,1713
0.02,1409
0.02,1676
0.02,1446
0.02,1525
0.02,1582
0.02,1620
0.02,1611
0.02,1598
0.02,1601
0.02,1685
0.02,1620
0.02,1638
0.02,1608
0.02,1634
0.02,1642
0.02,1693
0.02,1053
0.02,1604
0.02,1718
0.02,1626
0.02,1582
0.02,1662
0.02,1652
0.02,1644
0.02,1626
0.02,1317
0.02,1694
0.02,1667
0.02,1645
0.02,1628
0.02,1527
0.02,1643
0.02,1665
0.02,1640
0.02,1628
0.02,1673
0.02,1713
0.02,1611
0.02,1597
0.02,1124
0.02,1633
0.02,1632
0.02,1550
0.02,1678
0.02,1594
0.02,1724
0.02,1686
0.02,1564
0.02,1535
0.02,1553
0.02,1594
0.02,1739
0.02,1661
0.02,1549
0.02,1506
0.02,1627
0.02,1668
0.02,1655
0.02,1618
0.02,1664
0.02,1605
0.02,1619
0.02,1701
0.02,1704
0.02,1557
0.02,1653
0.02,1631
0.02,1574
0.02,1581
0.02,1580
0.02,1712
0.02,1682
0.02,1615
0.02,1632
0.02,1633
0.02,1691
0.02,1608
0.02,1523
0.02,1703
0.02,1591
0.02,1278
0.02,1594
0.02,1668
0.02,1693
0.02,1530
0.02,1648
0.02,1616
0.02,1652
0.02,1564
0.02,1641
0.02,1568
0.02,1379
0.02,1492
0.02,1734
0.02,1623
0.02,1516
0.02,1594
0.02,1577
0.02,1612
0.02,1626
0.02,1595
0.02,1636
0.02,1714
0.02,1592
0.02,1631
0.02,1693
0.02,1634
0.02,1714
0.02,211
0.02,1591
0.02,1660
0.02,1607
0.02,1639
0.02,1601
0.02,1509
0.02,1603
0.02,1497
0.02,1590
0.02,1682
0.02,1691
0.02,1699
0.02,1626
0.02,1695
0.02,1653
0.02,1070
0.02,1644
0.02,1555
0.02,1696
0.02,1645
0.02,1480
0.02,1626
0.02,1584
0.02,1583
0.02,1549
0.02,1570
0.02,1732
0.02,1605
0.02,1717
0.02,1650
0.02,1634
0.02,1620
0.02,1551
0.02,1654
0.02,1623
0.02,1658
0.02,1709
0.02,1675
0.02,1698
0.02,1539
0.02,1680
0.02,1623
0.02,1580
0.02,1595
0.02,1540
0.02,1610
0.02,1584
0.02,1619
0.02,1594
0.02,1642
0.02,1453
0.02,1652
0.02,1604
0.02,1479
0.02,1579
0.02,1616
0.02,1523
0.02,1587
0.02,1560
0.02,1711
0.02,1587
0.02,1545
0.02,1638
0.02,1626
0.02,1702
0.02,1565
0.02,1657
0.02,1684
0.02,1537
0.02,1607
0.02,1593
0.02,1706
0.02,1652
0.02,1580
0.02,1672
0.02,1601
0.02,1508
0.02,1684
0.02,1691
0.02,1576
0.02,1671
0.02,1594
0.02,1669
0.02,1571
0.02,1607
0.02,1602
0.02,1638
0.02,1485
0.02,1691
0.02,1111
0.02,1500
0.02,1694
0.02,1633
0.02,1518
0.02,1439
0.02,1575
0.02,1740
0.02,1573
0.02,1594
0.02,1589
0.02,1638
0.02,1644
0.02,1421
0.02,1662
0.02,1613
0.02,1673
0.02,1653
0.02,1560
0.02,1619
0.02,1645
0.02,1724
0.02,1609
0.02,1607
0.02,1646
0.02,1595
0.02,1645
0.02,1546
0.02,1656
0.02,1669
0.02,1708
0.02,1586
0.02,1631
0.02,1649
0.02,1557
0.02,1554
0.02,1608
0.02,1646
0.02,1605
0.02,1660
0.02,1703
0.02,1628
0.02,1442
0.02,1644
0.02,1585
0.02,1375
0.02,1659
0.02,1413
0.02,1668
0.02,1577
0.02,1603
0.02,1628
0.02,1591
0.02,1649
0.02,1730
0.02,1590
0.02,1638
0.02,1601
0.02,1757
0.02,1624
0.02,1702
0.02,1639
0.02,1703
0.02,1442
0.02,1535
0.02,1557
0.02,1065
0.02,1483
0.02,1630
0.02,1566
0.02,1643
0.02,1635
0.02,1681
0.02,1704
0.02,1622
0.02,1401
0.02,1726
0.02,1570
0.02,1754
0.02,1652
0.02,1630
0.02,1644
0.02,1646
0.02,1654
0.02,1066
0.02,1718
0.02,1576
0.02,1663
0.02,1635
0.02,1548
0.02,1209
0.02,1727
0.02,1711
0.02,1723
0.02,1617
0.02,1620
0.02,1430
0.02,1597
0.02,1572
0.02,1540
0.02,1567
0.02,1664
0.02,1023
0.02,1570
0.02,1624
0.02,1572
0.02,1629
0.02,1613
0.02,1657
0.02,1721
0.02,1653
0.02,1674
0.02,1670
0.02,1685
0.02,1583
0.02,1635
0.02,1480
0.02,1677
0.02,1699
0.02,1660
0.02,1730
0.02,1613
0.02,1530
0.02,681
0.02,1659
0.02,1663
0.02,1615
0.02,1661
0.02,1649
0.02,1596
0.02,1628
0.02,1606
0.02,1579
0.02,1434
0.02,1638
0.02,1276
0.02,1566
0.02,1568
0.02,1661
0.02,1638
0.02,1664
0.02,1581
0.02,1688
0.02,1590
0.02,1585
0.02,1319
0.02,1728
0.02,1500
0.02,1023
0.02,1625
0.02,1577
0.02,1354
0.02,1599
0.02,1692
0.02,1548
0.02,1364
0.02,1642
0.02,1583
0.02,1519
0.02,1305
0.02,1499
0.02,1603
0.02,1610
0.02,1655
0.02,1712
0.02,1563
0.02,1547
0.02,1611
0.02,1745
0.02,1590
0.02,1602
0.02,1379
0.02,738
0.02,1266
0.02,1653
0.02,1677
0.02,1678
0.02,1469
0.02,1660
0.02,1626
0.02,1633
0.02,1631
0.02,1631
0.02,1630
0.02,1759
0.02,1638
0.02,1541
0.02,1596
0.02,1568
0.02,1633
0.02,1654
0.02,1613
0.02,1660
0.02,1628
0.02,1656
0.02,1587
0.02,1685
0.02,1557
0.02,1683
0.02,1541
0.02,1670
0.02,1494
0.02,1632
0.02,1667
0.02,1379
0.02,1657
0.02,1621
0.02,1565
0.02,1606
0.02,1577
0.02,1618
0.02,1574
0.02,1605
0.02,1668
0.02,1704
0.02,1545
0.02,1667
0.02,1626
0.02,1636
0.02,1273
0.02,1597
0.02,1665
0.02,1623
0.02,1579
0.02,1634
0.02,1566
0.02,1697
0.02,1626
0.02,1668
0.02,1636
0.02,1586
0.02,1671
0.02,1643
0.02,1419
0.02,1656
0.02,1059
0.02,1527
0.02,1578
0.02,1634
0.02,1677
0.02,1620
0.02,1456
0.02,1641
0.02,1387
0.02,1638
0.02,1650
0.02,1683
0.02,1612
0.02,1533
0.02,1513
0.02,1628
0.02,1699
0.02,1568
0.02,1621
0.02,1655
0.02,1649
