0.01,383
0.01,300
0.01,697
0.01,209
0.01,424
0.01,44
0.01,498
0.01,333
0.01,781
0.01,918
0.01,782
0.01,828
0.01,182
0.01,715
0.01,410
0.01,866
0.01,66
0.01,868
0.01,317
0.01,113
0.01,448
0.01,59
0.01,446
0.01,78
0.01,1012
0.01,749
0.01,461
0.01,287
0.01,1219
0.01,391
0.01,598
0.01,526
0.01,682
0.01,205
0.01,466
0.01,216
0.01,952
0.01,301
0.01,413
0.01,803
0.01,694
0.01,292
0.01,886
0.01,730
0.01,296
0.01,420
0.01,357
0.01,270
0.01,476
0.01,120
0.01,620
0.01,596
0.01,127
0.01,512
0.01,270
0.01,1048
0.01,707
0.01,500
0.01,712
0.01,735
0.01,732
0.01,929
0.01,584
0.01,967
0.01,566
0.01,382
0.01,441
0.01,742
0.01,130
0.01,85
0.01,823
0.01,723
0.01,157
0.01,165
0.01,617
0.01,422
0.01,467
0.01,469
0.01,787
0.01,79
0.01,694
0.01,538
0.01,890
0.01,363
0.01,650
0.01,826
0.01,303
0.01,1035
0.01,838
0.01,274
0.01,575
0.01,694
0.01,231
0.01,510
0.01,514
0.01,887
0.01,705
0.01,585
0.01,506
0.01,1030
0.01,363
0.01,681
0.01,793
0.01,413
0.01,590
0.01,907
0.01,268
0.01,448
0.01,246
0.01,619
0.01,671
0.01,6
0.01,292
0.01,441
0.01,566
0.01,610
0.01,205
0.01,144
0.01,351
0.01,134
0.01,221
0.01,606
0.01,144
0.01,288
0.01,802
0.01,296
0.01,66
0.01,667
0.01,697
0.01,593
0.01,820
0.01,487
0.01,748
0.01,1037
0.01,334
0.01,44
0.01,718
0.01,100
0.01,97
0.01,1238
0.01,347
0.01,353
0.01,1134
0.01,829
0.01,989
0.01,945
0.01,53
0.01,794
0.01,823
0.01,283
0.01,203
0.01,610
0.01,699
0.01,387
0.01,465
0.01,582
0.01,410
0.01,443
0.01,490
0.01,137
0.01,678
0.01,234
0.01,349
0.01,77
0.01,373
0.01,803
0.01,396
0.01,518
0.01,134
0.01,141
0.01,911
0.01,795
0.01,199
0.01,733
0.01,748
0.01,1215
0.01,805
0.01,920
0.01,816
0.01,196
0.01,600
0.01,1025
0.01,765
0.01,858
0.01,450
0.01,683
0.01,318
0.01,587
0.01,1091
0.01,980
0.01,1016
0.01,392
0.01,671
0.01,897
0.01,370
0.01,537
0.01,555
0.01,442
0.01,143
0.01,301
0.01,316
0.01,358
0.01,952
0.01,750
0.01,774
0.01,177
0.01,750
0.01,329
0.01,359
0.01,893
0.01,444
0.01,497
0.01,945
0.01,595
0.01,1059
0.01,592
0.01,259
0.01,361
0.01,623
0.01,715
0.01,298
0.01,263
0.01,236
0.01,689
0.01,600
0.01,648
0.01,1059
0.01,833
0.01,736
0.01,174
0.01,746
0.01,737
0.01,16
0.01,329
0.01,760
0.01,184
0.01,579
0.01,371
0.01,233
0.01,980
0.01,122
0.01,694
0.01,897
0.01,659
0.01,459
0.01,529
0.01,365
0.01,1097
0.01,608
0.01,173
0.01,382
0.01,589
0.01,288
0.01,590
0.01,401
0.01,1023
0.01,517
0.01,467
0.01,446
0.01,1052
0.01,713
0.01,911
0.01,44
0.01,291
0.01,418
0.01,602
0.01,325
0.01,842
0.01,321
0.01,366
0.01,240
0.01,1180
0.01,220
0.01,1088
0.01,609
0.01,810
0.01,416
0.01,511
0.01,782
0.01,650
0.01,429
0.01,345
0.01,122
0.01,505
0.01,909
0.01,483
0.01,701
0.01,1005
0.01,241
0.01,396
0.01,1064
0.01,414
0.01,1101
0.01,1242
0.01,444
0.01,465
0.01,287
0.01,236
0.01,890
0.01,99
0.01,1138
0.01,152
0.01,963
0.01,1077
0.01,924
0.01,264
0.01,761
0.01,1063
0.01,321
0.01,1003
0.01,115
0.01,946
0.01,474
0.01,736
0.01,524
0.01,701
0.01,105
0.01,315
0.01,349
0.01,621
0.01,661
0.01,493
0.01,1149
0.01,152
0.01,341
0.01,189
0.01,707
0.01,244
0.01,318
0.01,657
0.01,516
0.01,464
0.01,403
0.01,318
0.01,220
0.01,258
0.01,357
0.01,357
0.01,247
0.01,50
0.01,433
0.01,103
0.01,396
0.01,456
0.01,537
0.01,616
0.01,308
0.01,740
0.01,189
0.01,440
0.01,616
0.01,682
0.01,568
0.01,682
0.01,900
0.01,453
0.01,705
0.01,588
0.01,597
0.01,420
0.01,403
0.01,214
0.01,644
0.01,633
0.01,499
0.01,302
0.01,640
0.01,630
0.01,204
0.01,942
0.01,474
0.01,872
0.01,180
0.01,522
0.01,478
0.01,235
0.01,563
0.01,289
0.01,333
0.01,555
0.01,312
0.01,376
0.01,146
0.01,544
0.01,547
0.01,235
0.01,261
0.01,88
0.01,140
0.01,779
0.01,847
0.01,562
0.01,782
0.01,658
0.01,443
0.01,652
0.01,480
0.01,685
0.01,329
0.01,662
0.01,875
0.01,727
0.01,167
0.01,819
0.01,894
0.01,777
0.01,134
0.01,235
0.01,1058
0.01,186
0.01,1215
0.01,758
0.01,30
0.01,612
0.01,784
0.01,304
0.01,488
0.01,1244
0.01,76
0.01,794
0.01,246
0.01,699
0.01,554
0.01,1080
0.01,196
0.01,540
0.01,364
0.01,32
0.01,524
0.01,303
0.01,164
0.01,443
0.01,120
0.01,659
0.01,719
0.01,1055
0.01,813
0.01,658
0.01,747
0.01,384
0.01,799
0.01,136
0.01,194
0.01,951
0.01,987
0.01,454
0.01,769
0.01,786
0.01,189
0.01,1000
0.01,907
0.01,512
0.01,777
0.01,476
0.01,778
0.01,492
0.01,561
0.01,1091
0.01,600
0.01,434
0.01,73
0.01,762
0.01,754
0.01,884
0.01,1045
0.01,498
0.01,669
0.01,516
0.01,258
0.01,700
0.01,363
0.01,422
0.01,1008
0.01,1044
0.01,213
0.01,625
0.01,977
0.01,990
0.01,956
0.01,1038
0.01,520
0.01,377
0.01,366
0.01,536
0.01,367
0.01,808
0.01,397
0.01,709
0.01,1087
0.01,721
0.01,602
0.01,813
0.01,649
0.01,886
0.01,324
0.01,441
0.01,767
0.01,460
0.01,673
0.01,157
0.01,775
0.01,637
0.01,279
0.01,577
0.01,522
0.01,374
0.01,917
0.01,1015
0.01,203
0.01,973
0.01,364
0.01,174
0.01,524
0.01,870
0.01,305
0.01,574
0.01,154
0.01,285
0.01,166
0.01,355
0.01,446
0.01,762
0.01,306
0.01,369
0.01,574
0.01,741
0.01,848
0.01,872
0.01,226
0.01,499
0.01,862
0.01,322
0.01,412
0.01,583
0.01,1041
0.01,612
0.01,982
0.01,1084
0.01,98
0.01,898
0.01,584
0.01,724
0.01,226
0.01,579
0.01,496
0.01,793
0.01,488
0.01,751
0.01,677
0.01,587
0.01,775
0.01,717
0.01,126
0.01,733
0.01,739
0.01,644
0.01,536
0.01,831
0.01,436
0.01,651
0.01,116
0.01,412
0.01,623
0.01,1118
0.01,877
0.01,945
0.01,34
0.01,673
0.01,565
0.01,773
0.01,661
0.01,587
0.01,220
0.01,828
0.01,786
0.01,291
0.01,629
0.01,288
0.01,719
0.01,81
0.01,633
0.01,866
0.01,916
0.01,324
0.01,756
0.01,920
0.01,454
0.01,549
0.01,321
0.01,98
0.01,647
0.01,343
0.01,444
0.01,442
0.01,1025
0.01,323
0.01,1287
0.01,758
0.01,716
0.01,184
0.01,1083
0.01,708
0.01,86
0.01,809
0.01,483
0.01,594
0.01,630
0.01,655
0.01,292
0.01,367
0.01,525
0.01,465
0.01,222
0.01,920
0.01,243
0.01,480
0.01,335
0.01,261
0.01,523
0.01,451
0.01,382
0.01,295
0.01,274
0.01,664
0.01,452
0.01,169
0.01,615
0.01,310
0.01,690
0.01,672
0.01,7
0.01,622
0.01,1115
0.01,952
0.01,578
0.01,973
0.01,266
0.01,499
0.01,891
0.01,794
0.01,789
0.01,789
0.01,212
0.01,188
0.01,321
0.01,91
0.01,509
0.01,770
0.01,645
0.01,748
0.01,485
0.01,269
0.01,853
0.01,766
0.01,731
0.01,711
0.01,642
0.01,231
0.01,294
0.01,518
0.01,1010
0.01,1084
0.01,359
0.01,192
0.01,827
0.01,635
0.01,424
0.01,518
0.01,802
0.01,635
0.01,381
0.01,253
0.01,938
0.01,769
0.01,656
0.01,102
0.01,236
0.01,5
0.01,794
0.01,703
0.01,870
0.01,1037
0.01,717
0.01,678
0.01,386
0.01,427
0.01,863
0.01,370
0.01,981
0.01,682
0.01,359
0.01,331
0.01,281
0.01,155
0.01,953
0.01,730
0.01,845
0.01,994
0.01,327
0.01,887
0.01,1183
0.01,421
0.01,949
0.01,321
0.01,483
0.01,363
0.01,315
0.01,468
0.01,695
0.01,611
0.01,850
0.01,330
0.01,1028
0.01,225
0.01,337
0.01,440
0.01,354
0.01,983
0.01,355
0.01,673
0.01,812
0.01,370
0.01,562
0.01,393
0.01,853
0.01,379
0.01,490
0.01,456
0.01,563
0.01,913
0.01,236
0.01,625
0.01,915
0.01,1093
0.01,553
0.01,914
0.01,593
0.01,609
0.01,331
0.01,506
0.01,255
0.01,545
0.01,807
0.01,455
0.01,1076
0.01,1182
0.01,945
0.01,459
0.01,129
0.01,944
0.01,528
0.01,1186
0.01,1080
0.01,768
0.01,814
0.01,20
0.01,54
0.01,84
0.01,837
0.01,778
0.01,655
0.01,313
0.01,604
0.01,837
0.01,304
0.01,940
0.01,457
0.01,414
0.01,194
0.01,262
0.01,157
0.01,383
0.01,906
0.01,710
0.01,767
0.01,997
0.01,417
0.01,405
0.01,761
0.01,483
0.01,866
0.01,559
0.01,317
0.01,436
0.01,644
0.01,297
0.01,483
0.01,784
0.01,779
0.01,638
0.01,549
0.01,803
0.01,930
0.01,577
0.01,674
0.01,330
0.01,541
0.01,724
0.01,986
0.01,706
0.01,470
0.01,349
0.01,1207
0.01,927
0.01,692
0.01,853
0.01,723
0.01,451
0.01,868
0.01,292
0.01,616
0.01,106
0.01,234
0.01,437
0.01,528
0.01,438
0.01,578
0.01,694
0.01,1048
0.01,570
0.01,183
0.01,591
0.01,650
0.01,330
0.01,481
0.01,546
0.01,205
0.01,949
0.01,515
0.01,281
0.01,150
0.01,561
0.01,826
0.01,1090
0.01,467
0.01,672
0.01,525
0.01,753
0.01,97
0.01,659
0.01,313
0.01,752
0.01,495
0.01,983
0.01,404
0.01,132
0.01,368
0.01,453
0.01,520
0.01,960
0.01,602
0.01,596
0.01,631
0.01,651
0.01,607
0.01,266
0.01,495
0.01,677
0.01,645
0.01,653
0.01,569
0.01,726
0.01,828
0.01,367
0.01,115
0.01,1273
0.01,326
0.01,271
0.01,598
0.01,367
0.01,512
0.01,431
0.01,289
0.01,1047
0.01,668
0.01,348
0.01,247
0.01,824
0.01,549
0.01,777
0.01,285
0.01,339
0.01,273
0.01,440
0.01,557
0.01,634
0.01,464
0.01,677
0.01,1003
0.01,83
0.01,642
0.01,901
0.01,493
0.01,705
0.01,485
0.01,930
0.01,440
0.01,747
0.01,743
0.01,261
0.01,538
0.01,542
0.01,538
0.01,748
0.01,571
0.01,364
0.01,365
0.01,635
0.01,805
0.01,811
0.01,594
0.01,292
0.01,192
0.01,698
0.01,808
0.01,720
0.01,666
0.01,453
0.01,802
0.01,226
0.01,738
0.01,586
0.01,308
0.01,278
0.01,502
0.01,357
0.01,513
0.01,498
0.01,414
0.01,925
0.01,938
0.01,632
0.01,1153
0.01,517
0.01,856
0.01,115
0.01,456
0.01,626
0.01,850
0.01,395
0.01,564
0.01,693
0.01,793
0.01,79
0.01,305
0.01,607
0.01,740
0.01,903
0.01,167
0.01,779
0.01,946
0.01,17
0.01,667
0.01,1004
0.01,562
0.01,1025
0.01,577
0.01,671
0.01,721
0.01,1024
0.01,857
0.01,579
0.01,718
0.01,611
0.01,833
0.01,547
0.01,503
0.01,468
0.01,433
0.01,227
0.01,57
0.01,306
0.01,731
0.01,677
0.01,855
0.01,1004
0.01,145
0.01,334
0.01,1030
0.01,558
0.01,631
0.01,338
0.01,642
0.01,376
0.01,571
0.01,921
0.01,638
0.01,695
0.01,620
0.01,461
0.01,110
0.01,895
0.01,413
0.01,718
0.01,328
0.01,818
0.01,30
0.01,716
0.01,553
0.01,588
