0.0002,24
0.0002,5
0.0002,23
0.0002,12
0.0002,11
0.0002,6
0.0002,13
0.0002,36
0.0002,29
0.0002,28
0.0002,16
0.0002,24
0.0002,4
0.0002,5
0.0002,21
0.0002,25
0.0002,9
0.0002,19
0.0002,16
0.0002,5
0.0002,28
0.0002,20
0.0002,16
0.0002,11
0.0002,7
0.0002,29
0.0002,17
0.0002,13
0.0002,10
0.0002,43
0.0002,3
0.0002,27
0.0002,18
0.0002,17
0.0002,15
0.0002,22
0.0002,23
0.0002,5
0.0002,54
0.0002,18
0.0002,11
0.0002,27
0.0002,11
0.0002,10
0.0002,19
0.0002,33
0.0002,70
0.0002,3
0.0002,6
0.0002,40
0.0002,8
0.0002,16
0.0002,47
0.0002,25
0.0002,14
0.0002,4
0.0002,4
0.0002,40
0.0002,4
0.0002,7
0.0002,13
0.0002,40
0.0002,4
0.0002,16
0.0002,42
0.0002,46
0.0002,14
0.0002,15
0.0002,4
0.0002,15
0.0002,4
0.0002,12
0.0002,27
0.0002,24
0.0002,24
0.0002,15
0.0002,43
0.0002,19
0.0002,13
0.0002,27
0.0002,18
0.0002,9
0.0002,11
0.0002,11
0.0002,6
0.0002,16
0.0002,31
0.0002,48
0.0002,12
0.0002,9
0.0002,36
0.0002,5
0.0002,26
0.0002,7
0.0002,20
0.0002,30
0.0002,43
0.0002,7
0.0002,36
0.0002,18
0.0002,13
0.0002,18
0.0002,20
0.0002,18
0.0002,15
0.0002,23
0.0002,17
0.0002,43
0.0002,17
0.0002,39
0.0002,9
0.0002,30
0.0002,22
0.0002,32
0.0002,11
0.0002,17
0.0002,20
0.0002,15
0.0002,16
0.0002,34
0.0002,23
0.0002,11
0.0002,46
0.0002,6
0.0002,3
0.0002,26
0.0002,30
0.0002,14
0.0002,38
0.0002,7
0.0002,56
0.0002,17
0.0002,12
0.0002,22
0.0002,37
0.0002,14
0.0002,45
0.0002,8
0.0002,20
0.0002,10
0.0002,12
0.0002,25
0.0002,75
0.0002,2
0.0002,12
0.0002,11
0.0002,32
0.0002,6
0.0002,24
0.0002,10
0.0002,24
0.0002,14
0.0002,4
0.0002,19
0.0002,5
0.0002,8
0.0002,27
0.0002,18
0.0002,7
0.0002,3
0.0002,9
0.0002,5
0.0002,6
0.0002,11
0.0002,22
0.0002,11
0.0002,14
0.0002,53
0.0002,13
0.0002,15
0.0002,6
0.0002,7
0.0002,13
0.0002,54
0.0002,32
0.0002,19
0.0002,14
0.0002,60
0.0002,21
0.0002,40
0.0002,22
0.0002,13
0.0002,16
0.0002,14
0.0002,37
0.0002,25
0.0002,21
0.0002,16
0.0002,36
0.0002,36
0.0002,8
0.0002,17
0.0002,17
0.0002,7
0.0002,9
0.0002,8
0.0002,11
0.0002,4
0.0002,8
0.0002,12
0.0002,17
0.0002,2
0.0002,6
0.0002,8
0.0002,25
0.0002,22
0.0002,10
0.0002,4
0.0002,33
0.0002,31
0.0002,30
0.0002,31
0.0002,9
0.0002,17
0.0002,25
0.0002,11
0.0002,29
0.0002,22
0.0002,14
0.0002,19
0.0002,22
0.0002,20
0.0002,4
0.0002,40
0.0002,20
0.0002,8
0.0002,19
0.0002,28
0.0002,15
0.0002,16
0.0002,13
0.0002,16
0.0002,28
0.0002,13
0.0002,25
0.0002,5
0.0002,38
0.0002,12
0.0002,77
0.0002,41
0.0002,5
0.0002,31
0.0002,35
0.0002,6
0.0002,29
0.0002,27
0.0002,5
0.0002,24
0.0002,3
0.0002,12
0.0002,13
0.0002,18
0.0002,18
0.0002,36
0.0002,8
0.0002,7
0.0002,3
0.0002,43
0.0002,9
0.0002,33
0.0002,12
0.0002,8
0.0002,25
0.0002,8
0.0002,29
0.0002,22
0.0002,16
0.0002,19
0.0002,20
0.0002,16
0.0002,16
0.0002,25
0.0002,11
0.0002,16
0.0002,32
0.0002,14
0.0002,24
0.0002,36
0.0002,6
0.0002,15
0.0002,5
0.0002,25
0.0002,6
0.0002,11
0.0002,3
0.0002,4
0.0002,28
0.0002,3
0.0002,2
0.0002,30
0.0002,10
0.0002,17
0.0002,4
0.0002,11
0.0002,4
0.0002,20
0.0002,8
0.0002,11
0.0002,14
0.0002,12
0.0002,24
0.0002,9
0.0002,34
0.0002,10
0.0002,19
0.0002,35
0.0002,6
0.0002,12
0.0002,46
0.0002,5
0.0002,5
0.0002,47
0.0002,42
0.0002,32
0.0002,43
0.0002,12
0.0002,12
0.0002,23
0.0002,7
0.0002,7
0.0002,7
0.0002,11
0.0002,55
0.0002,2
0.0002,10
0.0002,32
0.0002,14
0.0002,9
0.0002,12
0.0002,11
0.0002,7
0.0002,3
0.0002,15
0.0002,4
0.0002,14
0.0002,15
0.0002,16
0.0002,17
0.0002,7
0.0002,18
0.0002,24
0.0002,36
0.0002,26
0.0002,15
0.0002,36
0.0002,37
0.0002,12
0.0002,31
0.0002,16
0.0002,1
0.0002,12
0.0002,29
0.0002,11
0.0002,11
0.0002,14
0.0002,23
0.0002,15
0.0002,2
0.0002,17
0.0002,21
0.0002,14
0.0002,8
0.0002,14
0.0002,18
0.0002,8
0.0002,14
0.0002,23
0.0002,41
0.0002,11
0.0002,2
0.0002,13
0.0002,28
0.0002,30
0.0002,5
0.0002,19
0.0002,23
0.0002,19
0.0002,41
0.0002,10
0.0002,31
0.0002,3
0.0002,8
0.0002,25
0.0002,38
0.0002,15
0.0002,11
0.0002,12
0.0002,20
0.0002,7
0.0002,10
0.0002,12
0.0002,23
0.0002,18
0.0002,18
0.0002,23
0.0002,25
0.0002,8
0.0002,10
0.0002,5
0.0002,22
0.0002,41
0.0002,5
0.0002,19
0.0002,20
0.0002,30
0.0002,32
0.0002,11
0.0002,10
0.0002,14
0.0002,23
0.0002,24
0.0002,16
0.0002,28
0.0002,28
0.0002,5
0.0002,38
0.0002,1
0.0002,26
0.0002,9
0.0002,17
0.0002,10
0.0002,26
0.0002,29
0.0002,22
0.0002,15
0.0002,89
0.0002,8
0.0002,11
0.0002,4
0.0002,8
0.0002,5
0.0002,17
0.0002,60
0.0002,15
0.0002,23
0.0002,27
0.0002,12
0.0002,34
0.0002,11
0.0002,10
0.0002,4
0.0002,16
0.0002,11
0.0002,15
0.0002,11
0.0002,14
0.0002,18
0.0002,16
0.0002,30
0.0002,34
0.0002,17
0.0002,11
0.0002,20
0.0002,17
0.0002,29
0.0002,14
0.0002,17
0.0002,76
0.0002,14
0.0002,31
0.0002,9
0.0002,42
0.0002,5
0.0002,11
0.0002,8
0.0002,14
0.0002,38
0.0002,11
0.0002,11
0.0002,10
0.0002,3
0.0002,20
0.0002,19
0.0002,4
0.0002,12
0.0002,37
0.0002,11
0.0002,15
0.0002,12
0.0002,34
0.0002,14
0.0002,15
0.0002,3
0.0002,22
0.0002,22
0.0002,21
0.0002,16
0.0002,24
0.0002,9
0.0002,18
0.0002,14
0.0002,55
0.0002,9
0.0002,22
0.0002,9
0.0002,14
0.0002,14
0.0002,9
0.0002,28
0.0002,14
0.0002,16
0.0002,7
0.0002,17
0.0002,14
0.0002,31
0.0002,18
0.0002,6
0.0002,14
0.0002,22
0.0002,16
0.0002,6
0.0002,4
0.0002,25
0.0002,21
0.0002,10
0.0002,17
0.0002,23
0.0002,35
0.0002,26
0.0002,25
0.0002,23
0.0002,6
0.0002,17
0.0002,63
0.0002,10
0.0002,11
0.0002,11
0.0002,7
0.0002,31
0.0002,15
0.0002,10
0.0002,17
0.0002,12
0.0002,12
0.0002,18
0.0002,13
0.0002,19
0.0002,33
0.0002,12
0.0002,64
0.0002,34
0.0002,25
0.0002,31
0.0002,34
0.0002,20
0.0002,11
0.0002,34
0.0002,9
0.0002,12
0.0002,29
0.0002,9
0.0002,14
0.0002,13
0.0002,8
0.0002,21
0.0002,6
0.0002,38
0.0002,27
0.0002,33
0.0002,21
0.0002,10
0.0002,22
0.0002,23
0.0002,4
0.0002,26
0.0002,45
0.0002,26
0.0002,14
0.0002,15
0.0002,9
0.0002,8
0.0002,13
0.0002,9
0.0002,20
0.0002,5
0.0002,18
0.0002,9
0.0002,15
0.0002,13
0.0002,25
0.0002,22
0.0002,9
0.0002,28
0.0002,12
0.0002,31
0.0002,22
0.0002,22
0.0002,23
0.0002,10
0.0002,22
0.0002,16
0.0002,49
0.0002,6
0.0002,35
0.0002,7
0.0002,26
0.0002,8
0.0002,26
0.0002,42
0.0002,9
0.0002,15
0.0002,36
0.0002,22
0.0002,28
0.0002,15
0.0002,23
0.0002,4
0.0002,31
0.0002,15
0.0002,20
0.0002,22
0.0002,23
0.0002,19
0.0002,14
0.0002,19
0.0002,20
0.0002,1
0.0002,43
0.0002,7
0.0002,2
0.0002,11
0.0002,11
0.0002,23
0.0002,11
0.0002,30
0.0002,11
0.0002,16
0.0002,27
0.0002,14
0.0002,31
0.0002,17
0.0002,17
0.0002,38
0.0002,6
0.0002,7
0.0002,39
0.0002,8
0.0002,13
0.0002,8
0.0002,21
0.0002,29
0.0002,10
0.0002,17
0.0002,12
0.0002,19
0.0002,6
0.0002,27
0.0002,9
0.0002,12
0.0002,11
0.0002,20
0.0002,8
0.0002,15
0.0002,23
0.0002,23
0.0002,19
0.0002,14
0.0002,45
0.0002,25
0.0002,9
0.0002,23
0.0002,10
0.0002,18
0.0002,3
0.0002,9
0.0002,73
0.0002,30
0.0002,8
0.0002,24
0.0002,14
0.0002,26
0.0002,22
0.0002,10
0.0002,42
0.0002,7
0.0002,47
0.0002,25
0.0002,8
0.0002,7
0.0002,10
0.0002,18
0.0002,14
0.0002,24
0.0002,12
0.0002,52
0.0002,20
0.0002,19
0.0002,15
0.0002,6
0.0002,26
0.0002,20
0.0002,37
0.0002,13
0.0002,7
0.0002,27
0.0002,19
0.0002,13
0.0002,3
0.0002,42
0.0002,12
0.0002,13
0.0002,50
0.0002,12
0.0002,11
0.0002,4
0.0002,12
0.0002,12
0.0002,14
0.0002,9
0.0002,21
0.0002,20
0.0002,21
0.0002,40
0.0002,19
0.0002,6
0.0002,13
0.0002,28
0.0002,22
0.0002,22
0.0002,4
0.0002,20
0.0002,6
0.0002,31
0.0002,25
0.0002,4
0.0002,25
0.0002,19
0.0002,4
0.0002,44
0.0002,2
0.0002,32
0.0002,28
0.0002,22
0.0002,9
0.0002,8
0.0002,24
0.0002,19
0.0002,19
0.0002,23
0.0002,15
0.0002,12
0.0002,3
0.0002,11
0.0002,9
0.0002,10
0.0002,6
0.0002,2
0.0002,9
0.0002,7
0.0002,1
0.0002,8
0.0002,62
0.0002,4
0.0002,26
0.0002,9
0.0002,31
0.0002,5
0.0002,26
0.0002,7
0.0002,8
0.0002,35
0.0002,27
0.0002,15
0.0002,32
0.0002,16
0.0002,13
0.0002,12
0.0002,16
0.0002,25
0.0002,23
0.0002,30
0.0002,4
0.0002,6
0.0002,9
0.0002,33
0.0002,50
0.0002,7
0.0002,17
0.0002,28
0.0002,35
0.0002,24
0.0002,4
0.0002,36
0.0002,24
0.0002,13
0.0002,16
0.0002,36
0.0002,25
0.0002,11
0.0002,13
0.0002,26
0.0002,17
0.0002,8
0.0002,13
0.0002,10
0.0002,9
0.0002,21
0.0002,14
0.0002,26
0.0002,17
0.0002,13
0.0002,22
0.0002,19
0.0002,13
0.0002,25
0.0002,9
0.0002,16
0.0002,14
0.0002,28
0.0002,29
0.0002,11
0.0002,16
0.0002,16
0.0002,12
0.0002,37
0.0002,20
0.0002,15
0.0002,9
0.0002,20
0.0002,43
0.0002,11
0.0002,10
0.0002,36
0.0002,7
0.0002,4
0.0002,13
0.0002,17
0.0002,21
0.0002,42
0.0002,13
0.0002,6
0.0002,24
0.0002,11
0.0002,33
0.0002,12
0.0002,38
0.0002,13
0.0002,34
0.0002,8
0.0002,33
0.0002,14
0.0002,32
0.0002,16
0.0002,44
0.0002,1
0.0002,16
0.0002,20
0.0002,6
0.0002,16
0.0002,62
0.0002,98
0.0002,14
0.0002,11
0.0002,14
0.0002,7
0.0002,24
0.0002,29
0.0002,24
0.0002,14
0.0002,5
0.0002,13
0.0002,32
0.0002,11
0.0002,13
0.0002,10
0.0002,4
0.0002,67
0.0002,31
0.0002,22
0.0002,23
0.0002,33
0.0002,16
0.0002,17
0.0002,31
0.0002,45
0.0002,16
0.0002,41
0.0002,31
0.0002,13
0.0002,5
0.0002,13
0.0002,34
0.0002,9
0.0002,9
0.0002,10
0.0002,4
0.0002,16
0.0002,8
0.0002,4
0.0002,21
0.0002,6
0.0002,6
0.0002,11
0.0002,25
0.0002,22
0.0002,31
0.0002,14
0.0002,26
0.0002,8
0.0002,25
0.0002,41
0.0002,7
0.0002,15
0.0002,30
0.0002,7
0.0002,17
0.0002,20
0.0002,12
0.0002,12
0.0002,21
0.0002,8
0.0002,9
0.0002,19
0.0002,4
0.0002,29
0.0002,22
0.0002,38
0.0002,19
0.0002,11
0.0002,30
0.0002,18
0.0002,6
0.0002,11
0.0002,12
0.0002,9
0.0002,7
0.0002,10
0.0002,8
0.0002,10
0.0002,19
0.0002,12
0.0002,45
0.0002,24
0.0002,48
0.0002,19
0.0002,32
0.0002,18
0.0002,30
0.0002,12
0.0002,6
0.0002,4
0.0002,9
0.0002,11
0.0002,8
0.0002,7
0.0002,28
0.0002,30
0.0002,8
0.0002,138
0.0002,11
0.0002,6
0.0002,22
0.0002,36
0.0002,10
0.0002,41
0.0002,20
0.0002,18
0.0002,6
0.0002,16
0.0002,3
0.0002,4
0.0002,20
0.0002,41
0.0002,17
0.0002,13
0.0002,18
0.0002,14
0.0002,3
0.0002,1
0.0002,13
0.0002,16
0.0002,12
0.0002,26
0.0002,24
0.0002,47
0.0002,11
0.0002,13
0.0002,29
0.0002,19
0.0002,26
0.0002,45
0.0002,38
0.0002,7
0.0002,17
0.0002,28
0.0002,20
0.0002,2
0.0002,27
0.0002,26
0.0002,22
0.0002,28
0.0002,49
0.0002,12
0.0002,16
0.0002,6
0.0002,22
0.0002,26
0.0002,13
0.0002,27
0.0002,28
