0.006,102
0.006,137
0.006,48
0.006,15
0.006,33
0.006,63
0.006,82
0.006,297
0.006,26
0.006,75
0.006,54
0.006,160
0.006,35
0.006,68
0.006,112
0.006,133
0.006,81
0.006,277
0.006,13
0.006,292
0.006,64
0.006,39
0.006,165
0.006,5
0.006,63
0.006,263
0.006,18
0.006,80
0.006,282
0.006,144
0.006,194
0.006,81
0.006,65
0.006,69
0.006,79
0.006,118
0.006,8
0.006,501
0.006,361
0.006,52
0.006,131
0.006,61
0.006,156
0.006,111
0.006,135
0.006,65
0.006,16
0.006,83
0.006,130
0.006,87
0.006,182
0.006,148
0.006,104
0.006,119
0.006,109
0.006,285
0.006,33
0.006,206
0.006,49
0.006,114
0.006,85
0.006,38
0.006,26
0.006,115
0.006,84
0.006,66
0.006,75
0.006,87
0.006,43
0.006,104
0.006,69
0.006,61
0.006,139
0.006,34
0.006,107
0.006,77
0.006,8
0.006,97
0.006,99
0.006,64
0.006,265
0.006,239
0.006,139
0.006,69
0.006,111
0.006,6
0.006,40
0.006,151
0.006,29
0.006,56
0.006,178
0.006,257
0.006,64
0.006,47
0.006,36
0.006,96
0.006,24
0.006,55
0.006,51
0.006,17
0.006,247
0.006,21
0.006,235
0.006,102
0.006,14
0.006,110
0.006,40
0.006,23
0.006,112
0.006,117
0.006,96
0.006,52
0.006,63
0.006,200
0.006,266
0.006,307
0.006,141
0.006,100
0.006,179
0.006,139
0.006,112
0.006,21
0.006,51
0.006,67
0.006,65
0.006,47
0.006,75
0.006,89
0.006,43
0.006,135
0.006,21
0.006,38
0.006,72
0.006,135
0.006,146
0.006,30
0.006,91
0.006,18
0.006,48
0.006,208
0.006,49
0.006,80
0.006,92
0.006,206
0.006,130
0.006,160
0.006,33
0.006,52
0.006,161
0.006,75
0.006,47
0.006,72
0.006,75
0.006,253
0.006,15
0.006,77
0.006,69
0.006,107
0.006,194
0.006,61
0.006,37
0.006,104
0.006,63
0.006,95
0.006,117
0.006,204
0.006,9
0.006,303
0.006,32
0.006,77
0.006,125
0.006,258
0.006,162
0.006,143
0.006,25
0.006,127
0.006,21
0.006,158
0.006,135
0.006,64
0.006,261
0.006,56
0.006,88
0.006,147
0.006,160
0.006,34
0.006,129
0.006,92
0.006,73
0.006,97
0.006,94
0.006,70
0.006,219
0.006,122
0.006,148
0.006,124
0.006,129
0.006,83
0.006,143
0.006,2
0.006,226
0.006,84
0.006,40
0.006,85
0.006,34
0.006,218
0.006,19
0.006,207
0.006,86
0.006,81
0.006,93
0.006,80
0.006,226
0.006,65
0.006,86
0.006,199
0.006,5
0.006,195
0.006,83
0.006,210
0.006,393
0.006,108
0.006,8
0.006,326
0.006,23
0.006,43
0.006,71
0.006,188
0.006,18
0.006,22
0.006,108
0.006,77
0.006,31
0.006,140
0.006,118
0.006,73
0.006,115
0.006,197
0.006,91
0.006,39
0.006,31
0.006,270
0.006,153
0.006,108
0.006,48
0.006,67
0.006,129
0.006,330
0.006,387
0.006,114
0.006,137
0.006,79
0.006,164
0.006,49
0.006,47
0.006,40
0.006,18
0.006,267
0.006,61
0.006,143
0.006,74
0.006,27
0.006,64
0.006,92
0.006,45
0.006,93
0.006,38
0.006,40
0.006,70
0.006,75
0.006,116
0.006,48
0.006,96
0.006,113
0.006,71
0.006,192
0.006,76
0.006,102
0.006,69
0.006,41
0.006,37
0.006,11
0.006,80
0.006,145
0.006,79
0.006,25
0.006,268
0.006,39
0.006,282
0.006,179
0.006,48
0.006,43
0.006,32
0.006,155
0.006,39
0.006,154
0.006,47
0.006,59
0.006,210
0.006,122
0.006,49
0.006,44
0.006,295
0.006,59
0.006,10
0.006,142
0.006,25
0.006,146
0.006,29
0.006,32
0.006,83
0.006,146
0.006,33
0.006,109
0.006,148
0.006,39
0.006,67
0.006,11
0.006,24
0.006,47
0.006,27
0.006,62
0.006,102
0.006,174
0.006,54
0.006,132
0.006,169
0.006,119
0.006,99
0.006,130
0.006,72
0.006,125
0.006,44
0.006,18
0.006,12
0.006,102
0.006,307
0.006,72
0.006,33
0.006,76
0.006,56
0.006,408
0.006,26
0.006,153
0.006,230
0.006,63
0.006,67
0.006,32
0.006,150
0.006,34
0.006,86
0.006,87
0.006,90
0.006,32
0.006,137
0.006,89
0.006,225
0.006,89
0.006,82
0.006,299
0.006,82
0.006,36
0.006,104
0.006,248
0.006,63
0.006,128
0.006,238
0.006,87
0.006,89
0.006,90
0.006,106
0.006,188
0.006,235
0.006,190
0.006,5
0.006,32
0.006,68
0.006,300
0.006,222
0.006,133
0.006,216
0.006,44
0.006,191
0.006,75
0.006,163
0.006,9
0.006,46
0.006,315
0.006,116
0.006,66
0.006,100
0.006,224
0.006,135
0.006,179
0.006,31
0.006,203
0.006,79
0.006,38
0.006,15
0.006,301
0.006,47
0.006,44
0.006,22
0.006,32
0.006,83
0.006,202
0.006,172
0.006,85
0.006,181
0.006,62
0.006,145
0.006,26
0.006,196
0.006,36
0.006,99
0.006,211
0.006,71
0.006,39
0.006,34
0.006,33
0.006,44
0.006,53
0.006,188
0.006,56
0.006,14
0.006,127
0.006,187
0.006,36
0.006,45
0.006,1
0.006,50
0.006,50
0.006,62
0.006,130
0.006,50
0.006,27
0.006,75
0.006,42
0.006,23
0.006,251
0.006,56
0.006,99
0.006,37
0.006,88
0.006,73
0.006,95
0.006,82
0.006,46
0.006,54
0.006,109
0.006,257
0.006,182
0.006,79
0.006,138
0.006,86
0.006,44
0.006,10
0.006,89
0.006,153
0.006,47
0.006,242
0.006,102
0.006,47
0.006,33
0.006,118
0.006,251
0.006,275
0.006,126
0.006,84
0.006,59
0.006,78
0.006,106
0.006,86
0.006,81
0.006,162
0.006,331
0.006,134
0.006,178
0.006,69
0.006,396
0.006,25
0.006,44
0.006,160
0.006,38
0.006,98
0.006,284
0.006,103
0.006,363
0.006,304
0.006,240
0.006,78
0.006,39
0.006,67
0.006,167
0.006,52
0.006,43
0.006,46
0.006,64
0.006,10
0.006,240
0.006,168
0.006,148
0.006,29
0.006,106
0.006,99
0.006,104
0.006,157
0.006,165
0.006,89
0.006,66
0.006,44
0.006,76
0.006,256
0.006,164
0.006,168
0.006,181
0.006,75
0.006,66
0.006,145
0.006,81
0.006,208
0.006,51
0.006,124
0.006,221
0.006,233
0.006,152
0.006,36
0.006,155
0.006,13
0.006,373
0.006,170
0.006,305
0.006,158
0.006,63
0.006,80
0.006,129
0.006,118
0.006,77
0.006,42
0.006,195
0.006,195
0.006,380
0.006,156
0.006,146
0.006,49
0.006,121
0.006,42
0.006,83
0.006,76
0.006,257
0.006,45
0.006,60
0.006,319
0.006,93
0.006,120
0.006,43
0.006,44
0.006,107
0.006,7
0.006,194
0.006,30
0.006,161
0.006,216
0.006,113
0.006,239
0.006,102
0.006,150
0.006,163
0.006,172
0.006,25
0.006,36
0.006,64
0.006,24
0.006,178
0.006,51
0.006,226
0.006,19
0.006,89
0.006,63
0.006,185
0.006,17
0.006,83
0.006,308
0.006,112
0.006,140
0.006,95
0.006,111
0.006,138
0.006,79
0.006,137
0.006,20
0.006,169
0.006,144
0.006,161
0.006,248
0.006,87
0.006,143
0.006,305
0.006,82
0.006,62
0.006,171
0.006,439
0.006,74
0.006,32
0.006,38
0.006,22
0.006,83
0.006,143
0.006,220
0.006,24
0.006,6
0.006,276
0.006,36
0.006,93
0.006,38
0.006,13
0.006,242
0.006,24
0.006,59
0.006,13
0.006,97
0.006,52
0.006,69
0.006,75
0.006,151
0.006,42
0.006,204
0.006,172
0.006,50
0.006,139
0.006,99
0.006,56
0.006,4
0.006,99
0.006,70
0.006,138
0.006,66
0.006,137
0.006,72
0.006,331
0.006,22
0.006,134
0.006,14
0.006,63
0.006,77
0.006,132
0.006,120
0.006,148
0.006,160
0.006,65
0.006,23
0.006,126
0.006,222
0.006,293
0.006,67
0.006,99
0.006,46
0.006,28
0.006,209
0.006,73
0.006,58
0.006,22
0.006,50
0.006,181
0.006,9
0.006,88
0.006,7
0.006,226
0.006,19
0.006,105
0.006,25
0.006,170
0.006,308
0.006,151
0.006,14
0.006,72
0.006,181
0.006,102
0.006,42
0.006,431
0.006,259
0.006,173
0.006,127
0.006,44
0.006,114
0.006,16
0.006,19
0.006,27
0.006,51
0.006,144
0.006,12
0.006,65
0.006,248
0.006,219
0.006,22
0.006,33
0.006,87
0.006,136
0.006,192
0.006,77
0.006,72
0.006,105
0.006,275
0.006,121
0.006,259
0.006,140
0.006,13
0.006,110
0.006,6
0.006,62
0.006,276
0.006,53
0.006,15
0.006,232
0.006,97
0.006,119
0.006,66
0.006,10
0.006,94
0.006,134
0.006,222
0.006,39
0.006,93
0.006,121
0.006,129
0.006,91
0.006,157
0.006,66
0.006,89
0.006,162
0.006,50
0.006,69
0.006,11
0.006,132
0.006,120
0.006,63
0.006,80
0.006,31
0.006,50
0.006,126
0.006,176
0.006,64
0.006,13
0.006,276
0.006,91
0.006,125
0.006,132
0.006,8
0.006,50
0.006,15
0.006,149
0.006,169
0.006,68
0.006,155
0.006,129
0.006,130
0.006,107
0.006,15
0.006,188
0.006,31
0.006,133
0.006,184
0.006,315
0.006,134
0.006,35
0.006,96
0.006,115
0.006,114
0.006,249
0.006,46
0.006,11
0.006,113
0.006,132
0.006,4
0.006,64
0.006,108
0.006,54
0.006,249
0.006,67
0.006,267
0.006,53
0.006,60
0.006,164
0.006,5
0.006,105
0.006,189
0.006,42
0.006,206
0.006,170
0.006,73
0.006,45
0.006,49
0.006,261
0.006,97
0.006,124
0.006,20
0.006,121
0.006,21
0.006,14
0.006,167
0.006,151
0.006,92
0.006,145
0.006,133
0.006,247
0.006,119
0.006,36
0.006,267
0.006,96
0.006,179
0.006,137
0.006,76
0.006,118
0.006,287
0.006,266
0.006,33
0.006,37
0.006,93
0.006,6
0.006,92
0.006,116
0.006,18
0.006,54
0.006,107
0.006,124
0.006,163
0.006,107
0.006,198
0.006,63
0.006,59
0.006,227
0.006,123
0.006,101
0.006,55
0.006,15
0.006,155
0.006,76
0.006,155
0.006,29
0.006,83
0.006,80
0.006,60
0.006,42
0.006,229
0.006,58
0.006,8
0.006,85
0.006,66
0.006,98
0.006,33
0.006,178
0.006,192
0.006,23
0.006,54
0.006,155
0.006,162
0.006,88
0.006,49
0.006,93
0.006,358
0.006,135
0.006,155
0.006,116
0.006,81
0.006,73
0.006,80
0.006,50
0.006,73
0.006,136
0.006,85
0.006,51
0.006,92
0.006,36
0.006,75
0.006,90
0.006,167
0.006,176
0.006,128
0.006,102
0.006,194
0.006,240
0.006,91
0.006,44
0.006,159
0.006,257
0.006,95
0.006,76
0.006,63
0.006,99
0.006,243
0.006,154
0.006,117
0.006,36
0.006,72
0.006,64
0.006,145
0.006,127
0.006,39
0.006,99
0.006,165
0.006,9
0.006,157
0.006,99
0.006,113
0.006,168
0.006,114
0.006,58
0.006,13
0.006,172
0.006,47
0.006,204
0.006,64
0.006,12
0.006,115
0.006,211
0.006,59
0.006,90
0.006,214
0.006,69
0.006,68
0.006,171
0.006,145
0.006,100
0.006,111
0.006,10
0.006,77
0.006,38
0.006,67
0.006,35
0.006,45
0.006,64
0.006,219
0.006,106
0.006,175
0.006,83
0.006,97
0.006,107
0.006,81
0.006,31
0.006,124
0.006,49
0.006,137
0.006,236
0.006,48
0.006,55
0.006,88
0.006,44
0.006,172
0.006,107
0.006,49
0.006,6
0.006,137
0.006,191
0.006,62
0.006,50
0.006,168
0.006,14
0.006,100
0.006,65
0.006,83
0.006,150
0.006,228
0.006,53
0.006,70
0.006,371
0.006,5
0.006,63
0.006,49
0.006,43
0.006,180
0.006,172
0.006,23
0.006,161
0.006,132
0.006,38
0.006,199
0.006,164
0.006,151
0.006,41
0.006,115
0.006,100
0.006,47
0.006,278
0.006,63
0.006,131
0.006,51
0.006,18
0.006,169
0.006,99
0.006,26
0.006,126
0.006,334
0.006,258
0.006,50
0.006,50
0.006,103
0.006,227
0.006,152
0.006,96
0.006,154
