0.02,1247
0.02,3
0.02,1291
0.02,1458
0.02,12
0.02,1226
0.02,1473
0.02,687
0.02,181
0.02,36
0.02,1490
0.02,1244
0.02,539
0.02,423
0.02,1582
0.02,1558
0.02,467
0.02,1425
0.02,185
0.02,845
0.02,1083
0.02,1464
0.02,1431
0.02,1447
0.02,663
0.02,1471
0.02,1296
0.02,1532
0.02,718
0.02,1532
0.02,943
0.02,1478
0.02,1559
0.02,1571
0.02,1235
0.02,422
0.02,28
0.02,995
0.02,6
0.02,1398
0.02,6
0.02,1505
0.02,1176
0.02,1292
0.02,244
0.02,1423
0.02,248
0.02,1620
0.02,471
0.02,834
0.02,1072
0.02,242
0.02,1556
0.02,23
0.02,211
0.02,1434
0.02,1491
0.02,1129
0.02,1522
0.02,1466
0.02,1153
0.02,1397
0.02,1387
0.02,954
0.02,1210
0.02,279
0.02,1307
0.02,1051
0.02,437
0.02,498
0.02,1441
0.02,1199
0.02,1497
0.02,528
0.02,173
0.02,1459
0.02,521
0.02,758
0.02,185
0.02,1233
0.02,1578
0.02,735
0.02,1211
0.02,1516
0.02,1108
0.02,1441
0.02,1410
0.02,1525
0.02,87
0.02,1507
0.02,1347
0.02,656
0.02,1469
0.02,78
0.02,839
0.02,728
0.02,744
0.02,869
0.02,185
0.02,39
0.02,1480
0.02,1544
0.02,86
0.02,1430
0.02,1312
0.02,1437
0.02,1250
0.02,318
0.02,1336
0.02,1367
0.02,676
0.02,168
0.02,527
0.02,1455
0.02,1
0.02,4
0.02,1520
0.02,124
0.02,1318
0.02,1430
0.02,645
0.02,1485
0.02,1189
0.02,1443
0.02,1417
0.02,1264
0.02,1424
0.02,1189
0.02,23
0.02,962
0.02,1023
0.02,168
0.02,1458
0.02,1150
0.02,1003
0.02,1421
0.02,1183
0.02,110
0.02,7
0.02,1425
0.02,314
0.02,867
0.02,95
0.02,1430
0.02,1586
0.02,1061
0.02,253
0.02,1397
0.02,1552
0.02,1384
0.02,3
0.02,1495
0.02,1190
0.02,884
0.02,1126
0.02,1255
0.02,602
0.02,1056
0.02,1464
0.02,550
0.02,887
0.02,1251
0.02,251
0.02,771
0.02,1435
0.02,1207
0.02,933
0.02,3
0.02,989
0.02,45
0.02,1549
0.02,1071
0.02,312
0.02,1435
0.02,1291
0.02,401
0.02,1604
0.02,1296
0.02,1496
0.02,1417
0.02,1486
0.02,648
0.02,1298
0.02,1498
0.02,1595
0.02,1084
0.02,540
0.02,881
0.02,1345
0.02,1285
0.02,1099
0.02,1362
0.02,117
0.02,1298
0.02,1474
0.02,803
0.02,1462
0.02,1545
0.02,683
0.02,1467
0.02,1545
0.02,1461
0.02,52
0.02,1004
0.02,825
0.02,828
0.02,1213
0.02,1026
0.02,1336
0.02,491
0.02,1109
0.02,1336
0.02,1503
0.02,906
0.02,1058
0.02,1432
0.02,1
0.02,955
0.02,1514
0.02,80
0.02,1433
0.02,1341
0.02,747
0.02,1160
0.02,969
0.02,1292
0.02,1292
0.02,1092
0.02,1069
0.02,1
0.02,809
0.02,663
0.02,1394
0.02,341
0.02,1455
0.02,17
0.02,1334
0.02,1375
0.02,347
0.02,1194
0.02,1
0.02,510
0.02,1459
0.02,1186
0.02,1038
0.02,1319
0.02,859
0.02,439
0.02,1496
0.02,535
0.02,1234
0.02,1025
0.02,12
0.02,552
0.02,1530
0.02,42
0.02,1252
0.02,1558
0.02,880
0.02,1315
0.02,7
0.02,850
0.02,1328
0.02,1469
0.02,756
0.02,300
0.02,28
0.02,1491
0.02,1490
0.02,1521
0.02,886
0.02,963
0.02,253
0.02,1382
0.02,1268
0.02,4
0.02,1226
0.02,1483
0.02,1613
0.02,1350
0.02,567
0.02,1306
0.02,2
0.02,961
0.02,1216
0.02,454
0.02,1437
0.02,1494
0.02,770
0.02,51
0.02,993
0.02,1379
0.02,778
0.02,76
0.02,3
0.02,638
0.02,1382
0.02,4
0.02,1521
0.02,794
0.02,290
0.02,1487
0.02,474
0.02,1010
0.02,1494
0.02,1336
0.02,1302
0.02,1377
0.02,1272
0.02,1481
0.02,903
0.02,1280
0.02,62
0.02,807
0.02,1535
0.02,1606
0.02,1527
0.02,1313
0.02,1395
0.02,1533
0.02,1265
0.02,1430
0.02,198
0.02,1520
0.02,487
0.02,1468
0.02,1558
0.02,1468
0.02,171
0.02,879
0.02,747
0.02,703
0.02,1532
0.02,888
0.02,626
0.02,1380
0.02,166
0.02,480
0.02,1429
0.02,1021
0.02,1238
0.02,1477
0.02,1222
0.02,1206
0.02,588
0.02,1417
0.02,254
0.02,1201
0.02,1053
0.02,1005
0.02,153
0.02,1456
0.02,1232
0.02,1450
0.02,1368
0.02,21
0.02,41
0.02,1453
0.02,1086
0.02,79
0.02,1559
0.02,1448
0.02,1403
0.02,1521
0.02,23
0.02,786
0.02,1398
0.02,949
0.02,1130
0.02,6
0.02,960
0.02,131
0.02,1252
0.02,546
0.02,1515
0.02,435
0.02,1122
0.02,1298
0.02,1472
0.02,3
0.02,285
0.02,982
0.02,1364
0.02,5
0.02,1522
0.02,1461
0.02,837
0.02,644
0.02,1234
0.02,549
0.02,1207
0.02,196
0.02,1451
0.02,798
0.02,1192
0.02,1443
0.02,787
0.02,52
0.02,278
0.02,672
0.02,1340
0.02,1378
0.02,732
0.02,1296
0.02,1494
0.02,1622
0.02,1503
0.02,1582
0.02,1387
0.02,1337
0.02,1516
0.02,1000
0.02,173
0.02,907
0.02,318
0.02,687
0.02,1523
0.02,665
0.02,76
0.02,1374
0.02,861
0.02,493
0.02,584
0.02,496
0.02,1382
0.02,334
0.02,1490
0.02,1215
0.02,182
0.02,1251
0.02,1612
0.02,1404
0.02,1449
0.02,1141
0.02,1000
0.02,1288
0.02,3
0.02,1430
0.02,5
0.02,388
0.02,1337
0.02,913
0.02,1529
0.02,1178
0.02,662
0.02,11
0.02,1495
0.02,1556
0.02,1291
0.02,1
0.02,984
0.02,1
0.02,1421
0.02,38
0.02,1080
0.02,999
0.02,236
0.02,1466
0.02,1287
0.02,851
0.02,5
0.02,925
0.02,1239
0.02,1347
0.02,1252
0.02,1451
0.02,1320
0.02,9
0.02,1227
0.02,1235
0.02,1546
0.02,946
0.02,2
0.02,1463
0.02,1187
0.02,1428
0.02,1335
0.02,36
0.02,206
0.02,1030
0.02,1584
0.02,1462
0.02,547
0.02,1507
0.02,1504
0.02,95
0.02,639
0.02,1533
0.02,514
0.02,1052
0.02,1510
0.02,466
0.02,1484
0.02,1035
0.02,1113
0.02,1426
0.02,13
0.02,1617
0.02,11
0.02,665
0.02,1475
0.02,1315
0.02,14
0.02,1418
0.02,1274
0.02,1204
0.02,1395
0.02,1540
0.02,3
0.02,1461
0.02,10
0.02,1
0.02,1480
0.02,1410
0.02,1540
0.02,1448
0.02,1306
0.02,1428
0.02,1243
0.02,1502
0.02,1501
0.02,1567
0.02,65
0.02,170
0.02,1219
0.02,1464
0.02,743
0.02,1407
0.02,520
0.02,456
0.02,1528
0.02,1246
0.02,1504
0.02,1400
0.02,121
0.02,1560
0.02,1502
0.02,428
0.02,856
0.02,900
0.02,1450
0.02,1259
0.02,1267
0.02,306
0.02,1547
0.02,1569
0.02,1431
0.02,1434
0.02,176
0.02,1346
0.02,684
0.02,762
0.02,1129
0.02,1402
0.02,923
0.02,977
0.02,1427
0.02,1405
0.02,603
0.02,11
0.02,497
0.02,1425
0.02,1560
0.02,1475
0.02,245
0.02,14
0.02,617
0.02,43
0.02,1395
0.02,118
0.02,196
0.02,1357
0.02,1549
0.02,1338
0.02,987
0.02,18
0.02,1512
0.02,1515
0.02,141
0.02,1
0.02,1340
0.02,1331
0.02,1451
0.02,1447
0.02,1344
0.02,1216
0.02,1517
0.02,26
0.02,1484
0.02,671
0.02,1414
0.02,1138
0.02,245
0.02,1570
0.02,1506
0.02,1306
0.02,340
0.02,1276
0.02,159
0.02,1479
0.02,964
0.02,1276
0.02,695
0.02,130
0.02,1426
0.02,982
0.02,9
0.02,7
0.02,247
0.02,1438
0.02,20
0.02,1499
0.02,1406
0.02,1417
0.02,492
0.02,1182
0.02,925
0.02,1405
0.02,1209
0.02,1475
0.02,1385
0.02,1503
0.02,1401
0.02,1485
0.02,10
0.02,1336
0.02,116
0.02,1457
0.02,1000
0.02,1460
0.02,767
0.02,971
0.02,21
0.02,1412
0.02,192
0.02,369
0.02,1504
0.02,1346
0.02,1208
0.02,407
0.02,1460
0.02,1498
0.02,863
0.02,633
0.02,906
0.02,1444
0.02,1481
0.02,722
0.02,1467
0.02,1495
0.02,6
0.02,320
0.02,357
0.02,1342
0.02,301
0.02,1005
0.02,1403
0.02,1579
0.02,1318
0.02,1490
0.02,62
0.02,1512
0.02,1625
0.02,50
0.02,217
0.02,1426
0.02,1449
0.02,1367
0.02,1488
0.02,18
0.02,21
0.02,1540
0.02,746
0.02,407
0.02,1128
0.02,1153
0.02,1158
0.02,23
0.02,1113
0.02,1134
0.02,154
0.02,1421
0.02,1433
0.02,1154
0.02,1500
0.02,1313
0.02,1444
0.02,1339
0.02,1195
0.02,1239
0.02,1541
0.02,26
0.02,150
0.02,1138
0.02,8
0.02,1581
0.02,1180
0.02,1104
0.02,1432
0.02,1452
0.02,1493
0.02,402
0.02,1458
0.02,52
0.02,4
0.02,1174
0.02,579
0.02,9
0.02,546
0.02,1440
0.02,1241
0.02,234
0.02,1455
0.02,1508
0.02,1489
0.02,852
0.02,541
0.02,1524
0.02,154
0.02,1044
0.02,1385
0.02,272
0.02,1477
0.02,1395
0.02,1189
0.02,1512
0.02,1279
0.02,1221
0.02,1536
0.02,1365
0.02,1273
0.02,1178
0.02,1116
0.02,1179
0.02,1441
0.02,1334
0.02,4
0.02,1444
0.02,1
0.02,1329
0.02,1479
0.02,112
0.02,213
0.02,674
0.02,1455
0.02,361
0.02,1076
0.02,2
0.02,58
0.02,1079
0.02,246
0.02,1479
0.02,1272
0.02,1354
0.02,1472
0.02,1312
0.02,23
0.02,33
0.02,14
0.02,1083
0.02,1082
0.02,1371
0.02,324
0.02,595
0.02,1364
0.02,1303
0.02,1428
0.02,1441
0.02,19
0.02,1334
0.02,959
0.02,1322
0.02,733
0.02,54
0.02,1226
0.02,28
0.02,1381
0.02,1411
0.02,1112
0.02,568
0.02,682
0.02,168
0.02,836
0.02,1504
0.02,1245
0.02,591
0.02,27
0.02,1476
0.02,488
0.02,1541
0.02,1199
0.02,501
0.02,1525
0.02,914
0.02,1422
0.02,1357
0.02,1
0.02,1237
0.02,17
0.02,1291
0.02,1550
0.02,40
0.02,692
0.02,1302
0.02,1512
0.02,897
0.02,1489
0.02,1139
0.02,1451
0.02,1243
0.02,553
0.02,1121
0.02,7
0.02,488
0.02,642
0.02,1474
0.02,34
0.02,1506
0.02,1447
0.02,1402
0.02,1438
0.02,981
0.02,1472
0.02,1343
0.02,946
0.02,1139
0.02,1375
0.02,1422
0.02,1468
0.02,1446
0.02,877
0.02,429
0.02,36
0.02,9
0.02,1362
0.02,5
0.02,1452
0.02,1301
0.02,865
0.02,365
0.02,1403
0.02,1292
0.02,156
0.02,1404
0.02,1407
0.02,1032
0.02,1484
0.02,699
0.02,1496
0.02,1455
0.02,83
0.02,1203
0.02,1237
0.02,1287
0.02,299
0.02,987
0.02,1382
0.02,1156
0.02,281
0.02,897
0.02,947
0.02,950
0.02,61
0.02,1163
0.02,1396
0.02,1474
0.02,284
0.02,1168
0.02,975
0.02,10
0.02,64
0.02,1320
0.02,48
0.02,436
0.02,1330
0.02,1055
0.02,1463
0.02,365
0.02,52
0.02,1440
0.02,1473
0.02,1352
0.02,297
0.02,1230
0.02,478
0.02,1413
0.02,1563
0.02,924
0.02,986
0.02,32
0.02,536
0.02,5
0.02,1433
0.02,1547
0.02,1529
0.02,313
0.02,1026
0.02,862
0.02,1465
0.02,1098
0.02,1381
0.02,999
0.02,912
0.02,1184
0.02,1337
0.02,4
0.02,1408
0.02,605
0.02,94
0.02,1266
0.02,72
0.02,1357
0.02,1472
0.02,1268
0.02,1595
0.02,1058
0.02,965
0.02,56
0.02,542
0.02,882
0.02,1449
0.02,135
0.02,1567
0.02,1485
0.02,4
0.02,22
0.02,1491
0.02,296
0.02,1307
0.02,1325
0.02,38
0.02,144
0.02,1483
0.02,311
0.02,1426
0.02,801
0.02,1119
0.02,1511
0.02,241
0.02,1383
0.02,1394
0.02,1386
0.02,1319
0.02,719
0.02,1536
0.02,18
0.02,1390
0.02,801
0.02,1289
0.02,1193
0.02,1322
0.02,1527
0.02,389
0.02,422
0.02,635
0.02,314
0.02,78
0.02,649
0.02,1471
0.02,476
0.02,84
0.02,987
0.02,63
0.02,1186
0.02,769
0.02,983
0.02,658
0.02,1460
0.02,1496
0.02,1491
0.02,1050
0.02,102
0.02,1145
0.02,134
0.02,1022
0.02,1116
0.02,771
0.02,1477
0.02,119
0.02,850
0.02,1108
0.02,1351
0.02,1126
0.02,1243
0.02,1564
0.02,1552
0.02,1465
0.02,578
0.02,81
0.02,818
0.02,1227
0.02,1389
0.02,1499
0.02,1455
0.02,1419
0.02,891
0.02,1554
0.02,1492
0.02,1239
0.02,1319
