0.01,367
0.01,970
0.01,656
0.01,478
0.01,261
0.01,209
0.01,337
0.01,742
0.01,1101
0.01,67
0.01,646
0.01,583
0.01,602
0.01,297
0.01,366
0.01,393
0.01,38
0.01,134
0.01,425
0.01,509
0.01,631
0.01,583
0.01,291
0.01,108
0.01,471
0.01,361
0.01,988
0.01,858
0.01,713
0.01,916
0.01,576
0.01,673
0.01,280
0.01,550
0.01,285
0.01,69
0.01,453
0.01,784
0.01,183
0.01,252
0.01,342
0.01,510
0.01,88
0.01,678
0.01,511
0.01,350
0.01,240
0.01,334
0.01,153
0.01,362
0.01,421
0.01,490
0.01,30
0.01,685
0.01,334
0.01,356
0.01,382
0.01,211
0.01,794
0.01,1078
0.01,164
0.01,341
0.01,865
0.01,202
0.01,487
0.01,398
0.01,979
0.01,222
0.01,885
0.01,704
0.01,406
0.01,754
0.01,347
0.01,866
0.01,621
0.01,223
0.01,366
0.01,658
0.01,503
0.01,12
0.01,954
0.01,647
0.01,532
0.01,647
0.01,753
0.01,316
0.01,234
0.01,650
0.01,279
0.01,12
0.01,441
0.01,217
0.01,740
0.01,580
0.01,280
0.01,143
0.01,674
0.01,271
0.01,1174
0.01,1138
0.01,501
0.01,170
0.01,1032
0.01,471
0.01,688
0.01,448
0.01,56
0.01,267
0.01,115
0.01,503
0.01,707
0.01,431
0.01,417
0.01,297
0.01,353
0.01,509
0.01,708
0.01,716
0.01,182
0.01,391
0.01,400
0.01,391
0.01,975
0.01,909
0.01,225
0.01,69
0.01,104
0.01,387
0.01,75
0.01,141
0.01,355
0.01,1078
0.01,507
0.01,1132
0.01,188
0.01,178
0.01,274
0.01,567
0.01,433
0.01,402
0.01,388
0.01,206
0.01,401
0.01,782
0.01,128
0.01,602
0.01,960
0.01,275
0.01,672
0.01,319
0.01,461
0.01,1040
0.01,662
0.01,1105
0.01,567
0.01,235
0.01,727
0.01,354
0.01,273
0.01,171
0.01,430
0.01,279
0.01,91
0.01,386
0.01,400
0.01,756
0.01,200
0.01,600
0.01,396
0.01,398
0.01,679
0.01,878
0.01,375
0.01,463
0.01,390
0.01,438
0.01,155
0.01,637
0.01,842
0.01,391
0.01,19
0.01,278
0.01,182
0.01,404
0.01,811
0.01,485
0.01,575
0.01,415
0.01,374
0.01,348
0.01,254
0.01,85
0.01,73
0.01,653
0.01,221
0.01,729
0.01,231
0.01,331
0.01,475
0.01,160
0.01,556
0.01,700
0.01,134
0.01,190
0.01,710
0.01,45
0.01,63
0.01,406
0.01,491
0.01,282
0.01,617
0.01,594
0.01,65
0.01,126
0.01,453
0.01,545
0.01,319
0.01,573
0.01,64
0.01,459
0.01,1016
0.01,415
0.01,77
0.01,359
0.01,246
0.01,283
0.01,90
0.01,247
0.01,612
0.01,495
0.01,57
0.01,405
0.01,440
0.01,815
0.01,205
0.01,693
0.01,336
0.01,454
0.01,379
0.01,975
0.01,408
0.01,762
0.01,579
0.01,925
0.01,666
0.01,885
0.01,634
0.01,507
0.01,631
0.01,876
0.01,551
0.01,725
0.01,174
0.01,501
0.01,1011
0.01,529
0.01,427
0.01,151
0.01,380
0.01,616
0.01,637
0.01,832
0.01,424
0.01,468
0.01,337
0.01,367
0.01,182
0.01,294
0.01,605
0.01,14
0.01,718
0.01,238
0.01,726
0.01,99
0.01,243
0.01,535
0.01,156
0.01,142
0.01,498
0.01,343
0.01,190
0.01,440
0.01,566
0.01,68
0.01,268
0.01,31
0.01,31
0.01,929
0.01,380
0.01,98
0.01,246
0.01,148
0.01,748
0.01,269
0.01,461
0.01,163
0.01,415
0.01,733
0.01,174
0.01,477
0.01,596
0.01,237
0.01,942
0.01,434
0.01,637
0.01,307
0.01,508
0.01,1011
0.01,454
0.01,705
0.01,283
0.01,431
0.01,493
0.01,718
0.01,681
0.01,339
0.01,533
0.01,303
0.01,687
0.01,140
0.01,43
0.01,157
0.01,423
0.01,263
0.01,478
0.01,212
0.01,830
0.01,477
0.01,1060
0.01,274
0.01,59
0.01,658
0.01,206
0.01,72
0.01,447
0.01,291
0.01,355
0.01,187
0.01,472
0.01,954
0.01,420
0.01,953
0.01,524
0.01,27
0.01,348
0.01,124
0.01,312
0.01,1021
0.01,547
0.01,563
0.01,485
0.01,283
0.01,179
0.01,264
0.01,535
0.01,348
0.01,459
0.01,261
0.01,654
0.01,289
0.01,116
0.01,518
0.01,250
0.01,420
0.01,334
0.01,280
0.01,493
0.01,905
0.01,165
0.01,14
0.01,464
0.01,801
0.01,213
0.01,348
0.01,360
0.01,103
0.01,802
0.01,464
0.01,622
0.01,449
0.01,64
0.01,574
0.01,242
0.01,603
0.01,841
0.01,157
0.01,316
0.01,951
0.01,582
0.01,591
0.01,221
0.01,722
0.01,912
0.01,429
0.01,938
0.01,645
0.01,197
0.01,930
0.01,606
0.01,564
0.01,219
0.01,566
0.01,437
0.01,599
0.01,493
0.01,508
0.01,846
0.01,170
0.01,717
0.01,176
0.01,583
0.01,378
0.01,613
0.01,497
0.01,840
0.01,568
0.01,136
0.01,235
0.01,219
0.01,392
0.01,600
0.01,158
0.01,177
0.01,458
0.01,337
0.01,464
0.01,541
0.01,335
0.01,161
0.01,572
0.01,568
0.01,605
0.01,429
0.01,688
0.01,520
0.01,74
0.01,1034
0.01,205
0.01,707
0.01,714
0.01,332
0.01,294
0.01,205
0.01,194
0.01,112
0.01,433
0.01,515
0.01,214
0.01,263
0.01,845
0.01,135
0.01,780
0.01,621
0.01,457
0.01,51
0.01,508
0.01,678
0.01,345
0.01,90
0.01,397
0.01,942
0.01,390
0.01,964
0.01,413
0.01,563
0.01,340
0.01,633
0.01,321
0.01,26
0.01,360
0.01,987
0.01,85
0.01,419
0.01,471
0.01,42
0.01,502
0.01,783
0.01,728
0.01,124
0.01,167
0.01,236
0.01,494
0.01,686
0.01,631
0.01,593
0.01,698
0.01,987
0.01,210
0.01,784
0.01,155
0.01,279
0.01,267
0.01,746
0.01,97
0.01,657
0.01,102
0.01,947
0.01,288
0.01,579
0.01,382
0.01,814
0.01,227
0.01,441
0.01,425
0.01,319
0.01,359
0.01,556
0.01,239
0.01,763
0.01,817
0.01,1044
0.01,143
0.01,607
0.01,544
0.01,494
0.01,290
0.01,487
0.01,636
0.01,333
0.01,334
0.01,546
0.01,790
0.01,701
0.01,370
0.01,955
0.01,631
0.01,601
0.01,881
0.01,482
0.01,306
0.01,100
0.01,562
0.01,366
0.01,102
0.01,519
0.01,346
0.01,814
0.01,1062
0.01,203
0.01,875
0.01,722
0.01,826
0.01,497
0.01,134
0.01,326
0.01,422
0.01,562
0.01,368
0.01,465
0.01,262
0.01,395
0.01,350
0.01,698
0.01,281
0.01,26
0.01,454
0.01,435
0.01,36
0.01,82
0.01,232
0.01,602
0.01,454
0.01,174
0.01,168
0.01,51
0.01,940
0.01,545
0.01,771
0.01,656
0.01,181
0.01,570
0.01,685
0.01,873
0.01,454
0.01,607
0.01,1044
0.01,730
0.01,984
0.01,445
0.01,289
0.01,82
0.01,513
0.01,594
0.01,552
0.01,261
0.01,212
0.01,581
0.01,1216
0.01,101
0.01,185
0.01,714
0.01,832
0.01,150
0.01,809
0.01,138
0.01,26
0.01,686
0.01,418
0.01,189
0.01,452
0.01,419
0.01,204
0.01,407
0.01,346
0.01,774
0.01,138
0.01,861
0.01,612
0.01,378
0.01,170
0.01,267
0.01,228
0.01,326
0.01,627
0.01,66
0.01,673
0.01,371
0.01,551
0.01,206
0.01,644
0.01,409
0.01,546
0.01,1103
0.01,335
0.01,340
0.01,476
0.01,734
0.01,502
0.01,522
0.01,521
0.01,649
0.01,264
0.01,96
0.01,783
0.01,323
0.01,126
0.01,811
0.01,934
0.01,859
0.01,157
0.01,171
0.01,801
0.01,264
0.01,374
0.01,397
0.01,509
0.01,198
0.01,427
0.01,429
0.01,735
0.01,82
0.01,76
0.01,415
0.01,260
0.01,834
0.01,384
0.01,440
0.01,584
0.01,533
0.01,322
0.01,1049
0.01,652
0.01,404
0.01,637
0.01,534
0.01,995
0.01,559
0.01,247
0.01,713
0.01,358
0.01,63
0.01,1055
0.01,44
0.01,398
0.01,414
0.01,560
0.01,384
0.01,205
0.01,422
0.01,494
0.01,852
0.01,125
0.01,262
0.01,211
0.01,355
0.01,329
0.01,81
0.01,497
0.01,280
0.01,861
0.01,438
0.01,17
0.01,554
0.01,80
0.01,409
0.01,26
0.01,57
0.01,452
0.01,672
0.01,45
0.01,466
0.01,342
0.01,189
0.01,897
0.01,132
0.01,325
0.01,859
0.01,378
0.01,508
0.01,338
0.01,467
0.01,832
0.01,22
0.01,662
0.01,159
0.01,177
0.01,147
0.01,13
0.01,259
0.01,231
0.01,377
0.01,122
0.01,826
0.01,599
0.01,38
0.01,1273
0.01,205
0.01,884
0.01,162
0.01,316
0.01,439
0.01,67
0.01,430
0.01,768
0.01,154
0.01,508
0.01,850
0.01,169
0.01,445
0.01,446
0.01,652
0.01,332
0.01,216
0.01,557
0.01,757
0.01,610
0.01,102
0.01,13
0.01,650
0.01,187
0.01,560
0.01,520
0.01,809
0.01,229
0.01,785
0.01,74
0.01,629
0.01,57
0.01,305
0.01,228
0.01,465
0.01,246
0.01,585
0.01,604
0.01,122
0.01,731
0.01,1099
0.01,454
0.01,371
0.01,423
0.01,226
0.01,919
0.01,609
0.01,699
0.01,303
0.01,1046
0.01,485
0.01,506
0.01,643
0.01,529
0.01,709
0.01,583
0.01,593
0.01,222
0.01,105
0.01,204
0.01,442
0.01,117
0.01,1062
0.01,447
0.01,680
0.01,160
0.01,589
0.01,312
0.01,420
0.01,297
0.01,678
0.01,376
0.01,1030
0.01,96
0.01,581
0.01,215
0.01,377
0.01,817
0.01,263
0.01,578
0.01,370
0.01,379
0.01,868
0.01,333
0.01,89
0.01,551
0.01,433
0.01,146
0.01,225
0.01,213
0.01,790
0.01,452
0.01,279
0.01,372
0.01,724
0.01,978
0.01,486
0.01,84
0.01,743
0.01,229
0.01,851
0.01,747
0.01,425
0.01,122
0.01,75
0.01,369
0.01,199
0.01,294
0.01,209
0.01,97
0.01,410
0.01,185
0.01,580
0.01,134
0.01,771
0.01,266
0.01,405
0.01,239
0.01,749
0.01,218
0.01,975
0.01,734
0.01,449
0.01,271
0.01,397
0.01,161
0.01,317
0.01,754
0.01,432
0.01,488
0.01,650
0.01,302
0.01,632
0.01,1022
0.01,752
0.01,88
0.01,82
0.01,363
0.01,198
0.01,434
0.01,218
0.01,668
0.01,797
0.01,801
0.01,749
0.01,21
0.01,48
0.01,858
0.01,95
0.01,734
0.01,373
0.01,314
0.01,425
0.01,825
0.01,673
0.01,6
0.01,607
0.01,719
0.01,748
0.01,203
0.01,193
0.01,802
0.01,370
0.01,201
0.01,110
0.01,1055
0.01,172
0.01,343
0.01,196
0.01,909
0.01,280
0.01,545
0.01,270
0.01,19
0.01,969
0.01,255
0.01,354
0.01,10
0.01,680
0.01,870
0.01,186
0.01,652
0.01,88
0.01,585
0.01,862
0.01,26
0.01,443
0.01,262
0.01,410
0.01,324
0.01,465
0.01,619
0.01,460
0.01,641
0.01,425
0.01,552
0.01,299
0.01,125
0.01,110
0.01,160
0.01,543
0.01,397
0.01,106
0.01,684
0.01,459
0.01,281
0.01,709
0.01,420
0.01,629
0.01,189
0.01,693
0.01,177
0.01,237
0.01,680
0.01,140
0.01,430
0.01,691
0.01,563
0.01,398
0.01,765
0.01,264
0.01,306
0.01,255
0.01,154
0.01,926
0.01,452
0.01,1204
0.01,108
0.01,169
0.01,53
0.01,143
0.01,230
0.01,316
0.01,105
0.01,608
0.01,363
0.01,214
0.01,463
0.01,974
0.01,864
0.01,475
0.01,72
0.01,362
0.01,673
0.01,422
0.01,351
0.01,486
0.01,890
0.01,1055
0.01,199
0.01,774
0.01,548
0.01,541
0.01,549
0.01,720
0.01,253
0.01,106
0.01,502
0.01,809
0.01,41
0.01,207
0.01,542
0.01,474
0.01,595
0.01,780
0.01,788
0.01,97
0.01,785
0.01,741
0.01,637
0.01,94
0.01,682
0.01,1006
0.01,245
