0.04,1391
0.04,1328
0.04,1061
0.04,1335
0.04,719
0.04,740
0.04,1196
0.04,1326
0.04,1400
0.04,1335
0.04,1310
0.04,1386
0.04,1106
0.04,1304
0.04,1190
0.04,1297
0.04,1139
0.04,1329
0.04,1283
0.04,1393
0.04,1224
0.04,1281
0.04,1251
0.04,1275
0.04,1176
0.04,1003
0.04,1325
0.04,1283
0.04,482
0.04,1356
0.04,1324
0.04,1267
0.04,1397
0.04,1326
0.04,1307
0.04,1308
0.04,1330
0.04,1139
0.04,1342
0.04,1265
0.04,1364
0.04,956
0.04,1114
0.04,1211
0.04,1386
0.04,1427
0.04,1361
0.04,271
0.04,1410
0.04,1208
0.04,1124
0.04,1379
0.04,1401
0.04,1379
0.04,1452
0.04,1379
0.04,1300
0.04,1402
0.04,757
0.04,1297
0.04,182
0.04,1327
0.04,1306
0.04,1100
0.04,1246
0.04,726
0.04,814
0.04,1035
0.04,1183
0.04,1332
0.04,1425
0.04,915
0.04,1248
0.04,1344
0.04,1269
0.04,1416
0.04,1329
0.04,1159
0.04,1345
0.04,1362
0.04,1216
0.04,1250
0.04,1410
0.04,1342
0.04,1401
0.04,1359
0.04,1332
0.04,356
0.04,1149
0.04,1116
0.04,1387
0.04,1266
0.04,1404
0.04,1322
0.04,1396
0.04,1369
0.04,1246
0.04,1049
0.04,1452
0.04,1381
0.04,1336
0.04,1307
0.04,1271
0.04,1344
0.04,1364
0.04,974
0.04,1377
0.04,784
0.04,1395
0.04,1289
0.04,1337
0.04,1391
0.04,1282
0.04,1126
0.04,648
0.04,1352
0.04,154
0.04,1320
0.04,1477
0.04,1231
0.04,1292
0.04,993
0.04,1016
0.04,1438
0.04,1042
0.04,1403
0.04,1147
0.04,701
0.04,1245
0.04,1351
0.04,1321
0.04,290
0.04,1388
0.04,1296
0.04,1341
0.04,1350
0.04,1429
0.04,1379
0.04,1388
0.04,872
0.04,1308
0.04,1323
0.04,1397
0.04,1282
0.04,1315
0.04,1303
0.04,715
0.04,1387
0.04,1262
0.04,1339
0.04,1239
0.04,1330
0.04,1323
0.04,1308
0.04,1372
0.04,1261
0.04,1439
0.04,1409
0.04,1191
0.04,1335
0.04,1249
0.04,1032
0.04,405
0.04,1294
0.04,1253
0.04,1359
0.04,1309
0.04,1240
0.04,375
0.04,1296
0.04,1330
0.04,1000
0.04,1335
0.04,1198
0.04,1373
0.04,677
0.04,1237
0.04,962
0.04,1137
0.04,1291
0.04,1287
0.04,1008
0.04,1333
0.04,1247
0.04,1387
0.04,1273
0.04,1346
0.04,1227
0.04,1153
0.04,1295
0.04,1396
0.04,1358
0.04,1262
0.04,1322
0.04,1348
0.04,1321
0.04,1364
0.04,1302
0.04,1313
0.04,1381
0.04,1297
0.04,1258
0.04,1424
0.04,1381
0.04,1424
0.04,1445
0.04,1295
0.04,1421
0.04,173
0.04,1337
0.04,1429
0.04,1329
0.04,1321
0.04,1356
0.04,1195
0.04,320
0.04,1314
0.04,1317
0.04,1371
0.04,1287
0.04,1275
0.04,1370
0.04,166
0.04,869
0.04,1035
0.04,1297
0.04,1155
0.04,1010
0.04,1259
0.04,1261
0.04,1376
0.04,1237
0.04,1025
0.04,951
0.04,1220
0.04,1330
0.04,1386
0.04,1379
0.04,1366
0.04,1323
0.04,1298
0.04,1392
0.04,1355
0.04,1367
0.04,1223
0.04,1067
0.04,1364
0.04,1368
0.04,1328
0.04,1278
0.04,1147
0.04,1292
0.04,1362
0.04,1329
0.04,1258
0.04,1395
0.04,1221
0.04,1282
0.04,1300
0.04,1280
0.04,1176
0.04,1467
0.04,1340
0.04,1267
0.04,1367
0.04,805
0.04,1190
0.04,1377
0.04,1408
0.04,1404
0.04,1372
0.04,1046
0.04,1336
0.04,1346
0.04,1289
0.04,1391
0.04,1332
0.04,1341
0.04,969
0.04,1388
0.04,1303
0.04,1204
0.04,1205
0.04,1362
0.04,1363
0.04,1365
0.04,1338
0.04,1204
0.04,1103
0.04,1356
0.04,1268
0.04,749
0.04,1336
0.04,1421
0.04,924
0.04,1339
0.04,1281
0.04,1047
0.04,1300
0.04,1410
0.04,1275
0.04,1323
0.04,1160
0.04,1371
0.04,1387
0.04,1411
0.04,1348
0.04,1332
0.04,1349
0.04,1249
0.04,985
0.04,1279
0.04,1344
0.04,1066
0.04,852
0.04,794
0.04,1354
0.04,1144
0.04,1129
0.04,1238
0.04,1335
0.04,1312
0.04,1263
0.04,1366
0.04,1329
0.04,1235
0.04,1313
0.04,1303
0.04,727
0.04,675
0.04,991
0.04,1367
0.04,1342
0.04,1447
0.04,1416
0.04,1158
0.04,1372
0.04,1389
0.04,1387
0.04,1362
0.04,1336
0.04,1124
0.04,1209
0.04,1398
0.04,1341
0.04,1352
0.04,1344
0.04,995
0.04,1358
0.04,1308
0.04,1049
0.04,1334
0.04,1344
0.04,1318
0.04,1275
0.04,1271
0.04,1330
0.04,1235
0.04,1330
0.04,1057
0.04,1238
0.04,1292
0.04,675
0.04,1382
0.04,537
0.04,1416
0.04,1405
0.04,1387
0.04,1306
0.04,1401
0.04,1332
0.04,1292
0.04,1329
0.04,1398
0.04,1284
0.04,1114
0.04,1482
0.04,68
0.04,1468
0.04,1308
0.04,1086
0.04,1067
0.04,1363
0.04,1378
0.04,970
0.04,1243
0.04,1335
0.04,890
0.04,1270
0.04,1348
0.04,828
0.04,1436
0.04,1015
0.04,1255
0.04,176
0.04,1276
0.04,1330
0.04,1376
0.04,1201
0.04,1266
0.04,1299
0.04,1199
0.04,1118
0.04,1360
0.04,1266
0.04,1355
0.04,1238
0.04,1364
0.04,726
0.04,1238
0.04,1246
0.04,1245
0.04,1242
0.04,1312
0.04,1344
0.04,1370
0.04,1355
0.04,1260
0.04,1344
0.04,1262
0.04,1302
0.04,1372
0.04,1358
0.04,1351
0.04,1320
0.04,1399
0.04,1383
0.04,1339
0.04,966
0.04,1369
0.04,1367
0.04,1100
0.04,1365
0.04,1374
0.04,1385
0.04,1255
0.04,1408
0.04,975
0.04,1352
0.04,1327
0.04,1313
0.04,1358
0.04,1042
0.04,1117
0.04,1172
0.04,1312
0.04,1313
0.04,996
0.04,1157
0.04,1260
0.04,1304
0.04,1329
0.04,1442
0.04,1339
0.04,1269
0.04,1341
0.04,1371
0.04,570
0.04,1271
0.04,1324
0.04,1334
0.04,1445
0.04,1219
0.04,428
0.04,1344
0.04,1260
0.04,1241
0.04,1345
0.04,1396
0.04,1347
0.04,1209
0.04,1363
0.04,1343
0.04,1399
0.04,1279
0.04,1090
0.04,1326
0.04,1191
0.04,1243
0.04,1305
0.04,651
0.04,1371
0.04,1389
0.04,1253
0.04,1051
0.04,1255
0.04,1373
0.04,1313
0.04,1272
0.04,1318
0.04,1296
0.04,1261
0.04,1173
0.04,1334
0.04,1346
0.04,1043
0.04,1326
0.04,1313
0.04,1374
0.04,1293
0.04,1120
0.04,1398
0.04,1336
0.04,1324
0.04,1315
0.04,1274
0.04,1253
0.04,1258
0.04,1271
0.04,1366
0.04,1311
0.04,1315
0.04,1319
0.04,1386
0.04,1422
0.04,1216
0.04,1385
0.04,1265
0.04,1430
0.04,1307
0.04,1320
0.04,1294
0.04,1357
0.04,1379
0.04,1356
0.04,1360
0.04,1227
0.04,1389
0.04,1330
0.04,1318
0.04,1262
0.04,1344
0.04,1302
0.04,1278
0.04,1399
0.04,1313
0.04,1273
0.04,1206
0.04,1338
0.04,1280
0.04,1367
0.04,946
0.04,1387
0.04,1312
0.04,1222
0.04,1069
0.04,1399
0.04,1300
0.04,1259
0.04,1323
0.04,1161
0.04,1276
0.04,1134
0.04,1200
0.04,1312
0.04,1235
0.04,1437
0.04,1235
0.04,1067
0.04,508
0.04,1290
0.04,1312
0.04,870
0.04,1319
0.04,1245
0.04,926
0.04,1372
0.04,1281
0.04,1210
0.04,1308
0.04,1270
0.04,1361
0.04,1362
0.04,1278
0.04,1052
0.04,43
0.04,1229
0.04,1312
0.04,1392
0.04,1360
0.04,1347
0.04,1440
0.04,1046
0.04,1244
0.04,1385
0.04,1347
0.04,1205
0.04,1413
0.04,1367
0.04,1183
0.04,1364
0.04,1308
0.04,1447
0.04,1325
0.04,560
0.04,805
0.04,1402
0.04,1228
0.04,1269
0.04,1452
0.04,131
0.04,1139
0.04,916
0.04,1283
0.04,1310
0.04,1368
0.04,1020
0.04,1435
0.04,1283
0.04,716
0.04,1361
0.04,30
0.04,1270
0.04,1299
0.04,1416
0.04,1265
0.04,1260
0.04,1355
0.04,1285
0.04,1368
0.04,1240
0.04,1426
0.04,1345
0.04,1396
0.04,1318
0.04,1273
0.04,1217
0.04,1406
0.04,1270
0.04,789
0.04,1370
0.04,569
0.04,1298
0.04,1167
0.04,1209
0.04,1312
0.04,1367
0.04,1279
0.04,985
0.04,820
0.04,1387
0.04,1272
0.04,1120
0.04,518
0.04,1310
0.04,964
0.04,1342
0.04,1379
0.04,1316
0.04,1132
0.04,1393
0.04,1309
0.04,1305
0.04,1097
0.04,1338
0.04,1397
0.04,1033
0.04,1075
0.04,1350
0.04,879
0.04,1368
0.04,1350
0.04,1386
0.04,1381
0.04,1356
0.04,1338
0.04,1242
0.04,1043
0.04,1362
0.04,1307
0.04,1245
0.04,1339
0.04,1328
0.04,1346
0.04,1291
0.04,1292
0.04,1200
0.04,1395
0.04,1342
0.04,1380
0.04,1258
0.04,1335
0.04,1154
0.04,1330
0.04,1270
0.04,1320
0.04,1373
0.04,1254
0.04,1364
0.04,1317
0.04,1351
0.04,1330
0.04,1188
0.04,1003
0.04,264
0.04,813
0.04,1334
0.04,1360
0.04,1461
0.04,1354
0.04,1044
0.04,966
0.04,1266
0.04,1339
0.04,1240
0.04,1304
0.04,1012
0.04,1337
0.04,1401
0.04,1168
0.04,1033
0.04,1231
0.04,1263
0.04,1380
0.04,1368
0.04,1335
0.04,1093
0.04,1405
0.04,1303
0.04,202
0.04,1215
0.04,1171
0.04,1330
0.04,1438
0.04,1193
0.04,1308
0.04,1354
0.04,1372
0.04,1340
0.04,1202
0.04,1263
0.04,1243
0.04,1278
0.04,1247
0.04,1263
0.04,1262
0.04,1359
0.04,1338
0.04,1321
0.04,1353
0.04,1129
0.04,416
0.04,1417
0.04,1278
0.04,1309
0.04,1188
0.04,1327
0.04,1341
0.04,134
0.04,398
0.04,1333
0.04,1365
0.04,1059
0.04,1309
0.04,1336
0.04,1469
0.04,1350
0.04,1313
0.04,1397
0.04,1268
0.04,1016
0.04,1274
0.04,1304
0.04,1162
0.04,1251
0.04,1290
0.04,973
0.04,1265
0.04,1344
0.04,1326
0.04,1022
0.04,1168
0.04,1191
0.04,336
0.04,1318
0.04,1339
0.04,1123
0.04,1337
0.04,1271
0.04,1302
0.04,1175
0.04,1362
0.04,1264
0.04,1364
0.04,1303
0.04,1341
0.04,1316
0.04,1340
0.04,1300
0.04,1293
0.04,1287
0.04,1303
0.04,1249
0.04,1104
0.04,1386
0.04,1358
0.04,1338
0.04,1263
0.04,1331
0.04,1317
0.04,1110
0.04,1376
0.04,1253
0.04,1287
0.04,1127
0.04,1332
0.04,1225
0.04,1258
0.04,1411
0.04,1375
0.04,1320
0.04,1419
0.04,1344
0.04,1371
0.04,1229
0.04,1380
0.04,1356
0.04,1279
0.04,1393
0.04,1329
0.04,1279
0.04,1169
0.04,1043
0.04,1293
0.04,1334
0.04,1361
0.04,1302
0.04,886
0.04,1302
0.04,1331
0.04,1428
0.04,1318
0.04,1261
0.04,1085
0.04,1314
0.04,1263
0.04,1302
0.04,1330
0.04,1322
0.04,1267
0.04,1290
0.04,1258
0.04,1293
0.04,1388
0.04,1391
0.04,1133
0.04,1332
0.04,1236
0.04,876
0.04,1133
0.04,1376
0.04,1362
0.04,1313
0.04,1258
0.04,1305
0.04,1211
0.04,1239
0.04,1413
0.04,1341
0.04,1310
0.04,1407
0.04,1164
0.04,1252
0.04,1273
0.04,1298
0.04,1365
0.04,1362
0.04,1347
0.04,1331
0.04,1365
0.04,1379
0.04,1271
0.04,1380
0.04,1335
0.04,1318
0.04,1340
0.04,1306
0.04,392
0.04,1343
0.04,1403
0.04,1450
0.04,1221
0.04,1357
0.04,1295
0.04,1329
0.04,1291
0.04,966
0.04,1284
0.04,1298
0.04,1402
0.04,1311
0.04,1260
0.04,1305
0.04,1211
0.04,674
0.04,894
0.04,1120
0.04,1274
0.04,1032
0.04,1275
0.04,1355
0.04,433
0.04,1167
0.04,1336
0.04,1264
0.04,1199
0.04,1179
0.04,1227
0.04,1217
0.04,1336
0.04,630
0.04,1341
0.04,1304
0.04,1245
0.04,1168
0.04,1280
0.04,1359
0.04,1310
0.04,1091
0.04,1282
0.04,1048
0.04,1336
0.04,1200
0.04,1210
0.04,605
0.04,1354
0.04,1371
0.04,1364
0.04,1285
0.04,1334
0.04,388
0.04,1424
0.04,1303
0.04,1298
0.04,1295
0.04,1372
0.04,1286
0.04,1054
0.04,1226
0.04,28
0.04,1245
0.04,1204
0.04,1271
0.04,1320
0.04,1112
0.04,1354
0.04,1420
0.04,1327
0.04,1279
0.04,1253
0.04,1436
0.04,582
0.04,1352
0.04,1163
0.04,1053
0.04,1447
0.04,1384
0.04,1347
0.04,1380
0.04,1364
0.04,1408
0.04,1208
0.04,1436
0.04,1256
0.04,1340
0.04,1338
0.04,1359
0.04,1334
0.04,1302
0.04,1322
0.04,1337
0.04,1368
0.04,1271
0.04,1165
0.04,855
0.04,1455
0.04,1365
0.04,1463
0.04,1272
0.04,1239
0.04,1107
0.04,1323
0.04,1413
0.04,1058
0.04,1349
0.04,1386
0.04,1257
0.04,1280
0.04,1249
0.04,1350
0.04,1326
0.04,1391
0.04,1285
0.04,1320
0.04,1338
0.04,1319
0.04,1395
0.04,1176
0.04,1256
0.04,1247
