0.02,1022
0.02,1255
0.02,1299
0.02,985
0.02,922
0.02,1241
0.02,869
0.02,1313
0.02,1009
0.02,1329
0.02,1264
0.02,1226
0.02,1245
0.02,1176
0.02,1327
0.02,564
0.02,1274
0.02,634
0.02,1298
0.02,1404
0.02,1120
0.02,818
0.02,1220
0.02,1273
0.02,1090
0.02,1311
0.02,1130
0.02,1326
0.02,721
0.02,1310
0.02,1300
0.02,1322
0.02,1252
0.02,1337
0.02,1402
0.02,1297
0.02,1304
0.02,809
0.02,1399
0.02,450
0.02,517
0.02,1332
0.02,1155
0.02,1423
0.02,1339
0.02,1232
0.02,1254
0.02,1359
0.02,1294
0.02,1157
0.02,1044
0.02,721
0.02,1337
0.02,1181
0.02,1305
0.02,1384
0.02,933
0.02,1189
0.02,1001
0.02,1171
0.02,1386
0.02,1335
0.02,913
0.02,1441
0.02,1348
0.02,685
0.02,1318
0.02,1294
0.02,1383
0.02,1388
0.02,1291
0.02,920
0.02,805
0.02,1050
0.02,1329
0.02,1140
0.02,873
0.02,1020
0.02,1419
0.02,1079
0.02,1350
0.02,1425
0.02,1239
0.02,1209
0.02,989
0.02,1287
0.02,1099
0.02,1184
0.02,1176
0.02,1296
0.02,1262
0.02,1114
0.02,1245
0.02,1327
0.02,1298
0.02,1320
0.02,1224
0.02,1268
0.02,1313
0.02,1306
0.02,1170
0.02,1226
0.02,969
0.02,1152
0.02,1036
0.02,1352
0.02,1243
0.02,1372
0.02,1167
0.02,698
0.02,1278
0.02,1067
0.02,1299
0.02,1084
0.02,888
0.02,1140
0.02,1387
0.02,1016
0.02,1259
0.02,1210
0.02,1362
0.02,1276
0.02,1178
0.02,592
0.02,1174
0.02,1320
0.02,1199
0.02,1147
0.02,1150
0.02,1198
0.02,1301
0.02,1350
0.02,1316
0.02,875
0.02,1369
0.02,1180
0.02,1253
0.02,1237
0.02,1024
0.02,1271
0.02,1183
0.02,1298
0.02,1284
0.02,1377
0.02,785
0.02,1230
0.02,804
0.02,1347
0.02,612
0.02,1044
0.02,1273
0.02,1029
0.02,1310
0.02,1248
0.02,1414
0.02,1133
0.02,1163
0.02,1360
0.02,773
0.02,1049
0.02,1142
0.02,1426
0.02,1173
0.02,83
0.02,1242
0.02,1127
0.02,1295
0.02,938
0.02,1071
0.02,1378
0.02,1199
0.02,1211
0.02,1285
0.02,1195
0.02,765
0.02,1323
0.02,1292
0.02,1266
0.02,979
0.02,1119
0.02,1323
0.02,1236
0.02,1071
0.02,1121
0.02,995
0.02,1329
0.02,1329
0.02,1325
0.02,1290
0.02,1280
0.02,970
0.02,1337
0.02,781
0.02,1263
0.02,1125
0.02,1153
0.02,1350
0.02,1056
0.02,1331
0.02,1101
0.02,1296
0.02,1365
0.02,1117
0.02,1221
0.02,1411
0.02,1221
0.02,1088
0.02,1194
0.02,1347
0.02,1294
0.02,1297
0.02,1201
0.02,1291
0.02,1413
0.02,1275
0.02,1035
0.02,1100
0.02,1218
0.02,957
0.02,793
0.02,1193
0.02,1250
0.02,1226
0.02,1305
0.02,1362
0.02,1385
0.02,1104
0.02,1259
0.02,1329
0.02,1281
0.02,988
0.02,1281
0.02,1236
0.02,1090
0.02,137
0.02,759
0.02,1111
0.02,1279
0.02,769
0.02,1132
0.02,1330
0.02,1359
0.02,1224
0.02,1250
0.02,68
0.02,1252
0.02,1298
0.02,973
0.02,1301
0.02,1019
0.02,1223
0.02,1223
0.02,1228
0.02,771
0.02,1290
0.02,938
0.02,91
0.02,1341
0.02,1309
0.02,1296
0.02,283
0.02,1195
0.02,1352
0.02,1425
0.02,73
0.02,518
0.02,1378
0.02,1319
0.02,1287
0.02,1022
0.02,907
0.02,1154
0.02,545
0.02,1234
0.02,1071
0.02,1133
0.02,1407
0.02,1398
0.02,1098
0.02,756
0.02,1299
0.02,1334
0.02,1303
0.02,1232
0.02,1436
0.02,1388
0.02,276
0.02,1238
0.02,1329
0.02,1336
0.02,1344
0.02,1210
0.02,1387
0.02,1282
0.02,1330
0.02,1282
0.02,1266
0.02,1229
0.02,1355
0.02,1386
0.02,1215
0.02,938
0.02,1345
0.02,1116
0.02,1226
0.02,1341
0.02,1276
0.02,1072
0.02,1347
0.02,1264
0.02,1298
0.02,1031
0.02,1283
0.02,1220
0.02,1217
0.02,1038
0.02,1319
0.02,1345
0.02,1361
0.02,1307
0.02,529
0.02,1229
0.02,1084
0.02,1331
0.02,1213
0.02,1329
0.02,1297
0.02,649
0.02,1319
0.02,599
0.02,1312
0.02,1147
0.02,1108
0.02,1176
0.02,810
0.02,1173
0.02,1355
0.02,1096
0.02,1405
0.02,1304
0.02,1337
0.02,1303
0.02,484
0.02,269
0.02,1210
0.02,1277
0.02,808
0.02,1170
0.02,1424
0.02,1329
0.02,1324
0.02,1283
0.02,1383
0.02,1363
0.02,1066
0.02,1297
0.02,1115
0.02,1384
0.02,1276
0.02,1301
0.02,870
0.02,1082
0.02,1272
0.02,1337
0.02,1148
0.02,1143
0.02,1010
0.02,1239
0.02,1342
0.02,1323
0.02,584
0.02,1194
0.02,1149
0.02,1409
0.02,1331
0.02,1279
0.02,1341
0.02,909
0.02,1110
0.02,1254
0.02,1333
0.02,1410
0.02,1394
0.02,1389
0.02,1273
0.02,1248
0.02,1095
0.02,559
0.02,1081
0.02,1267
0.02,1356
0.02,1363
0.02,1337
0.02,550
0.02,1306
0.02,1249
0.02,1389
0.02,1226
0.02,1166
0.02,1302
0.02,873
0.02,1267
0.02,1086
0.02,1294
0.02,1254
0.02,1342
0.02,1106
0.02,1411
0.02,1354
0.02,1283
0.02,1322
0.02,1388
0.02,1039
0.02,1374
0.02,1134
0.02,1405
0.02,1325
0.02,1149
0.02,1314
0.02,1353
0.02,311
0.02,1261
0.02,1360
0.02,982
0.02,1320
0.02,1230
0.02,1121
0.02,1063
0.02,1291
0.02,1291
0.02,1278
0.02,1252
0.02,1260
0.02,1293
0.02,1239
0.02,394
0.02,1331
0.02,1199
0.02,1213
0.02,1231
0.02,1289
0.02,1297
0.02,1294
0.02,1121
0.02,1310
0.02,1289
0.02,1278
0.02,1230
0.02,1327
0.02,674
0.02,1269
0.02,272
0.02,1333
0.02,793
0.02,954
0.02,1257
0.02,1027
0.02,1246
0.02,523
0.02,1252
0.02,1145
0.02,1202
0.02,927
0.02,1235
0.02,1200
0.02,1272
0.02,1060
0.02,1322
0.02,1081
0.02,1194
0.02,1090
0.02,1207
0.02,1222
0.02,1418
0.02,1259
0.02,115
0.02,1306
0.02,1387
0.02,813
0.02,1366
0.02,1303
0.02,1339
0.02,196
0.02,1255
0.02,1270
0.02,1279
0.02,1037
0.02,1383
0.02,1365
0.02,1171
0.02,1314
0.02,1221
0.02,1328
0.02,1121
0.02,1208
0.02,1099
0.02,1210
0.02,1226
0.02,1201
0.02,1266
0.02,1220
0.02,1190
0.02,1321
0.02,981
0.02,1266
0.02,1257
0.02,1014
0.02,1351
0.02,1315
0.02,1369
0.02,864
0.02,1255
0.02,250
0.02,1300
0.02,1219
0.02,1206
0.02,1295
0.02,1322
0.02,1247
0.02,939
0.02,1230
0.02,1290
0.02,1208
0.02,1313
0.02,1259
0.02,1163
0.02,1234
0.02,1289
0.02,1025
0.02,223
0.02,1377
0.02,1318
0.02,1263
0.02,1095
0.02,50
0.02,1168
0.02,1348
0.02,1086
0.02,1003
0.02,1387
0.02,1355
0.02,1285
0.02,1077
0.02,1076
0.02,1344
0.02,1270
0.02,1281
0.02,1271
0.02,1220
0.02,1141
0.02,1382
0.02,1297
0.02,1354
0.02,1170
0.02,975
0.02,1315
0.02,804
0.02,1256
0.02,1309
0.02,207
0.02,1239
0.02,1325
0.02,1214
0.02,784
0.02,1376
0.02,1419
0.02,1316
0.02,1158
0.02,1320
0.02,1368
0.02,1176
0.02,1375
0.02,1058
0.02,1162
0.02,1358
0.02,1281
0.02,1285
0.02,1215
0.02,1268
0.02,1113
0.02,482
0.02,1182
0.02,1276
0.02,1159
0.02,1208
0.02,157
0.02,650
0.02,1211
0.02,1171
0.02,1250
0.02,1116
0.02,1338
0.02,1036
0.02,1209
0.02,1316
0.02,1359
0.02,1229
0.02,1288
0.02,969
0.02,612
0.02,843
0.02,1298
0.02,969
0.02,1427
0.02,1215
0.02,1352
0.02,1088
0.02,1307
0.02,599
0.02,1352
0.02,1276
0.02,1152
0.02,1271
0.02,1444
0.02,1231
0.02,730
0.02,1383
0.02,1082
0.02,1237
0.02,1129
0.02,498
0.02,1276
0.02,1299
0.02,886
0.02,1393
0.02,1328
0.02,1257
0.02,1179
0.02,794
0.02,1214
0.02,1254
0.02,1390
0.02,1340
0.02,1253
0.02,1316
0.02,1279
0.02,935
0.02,595
0.02,508
0.02,1161
0.02,1276
0.02,1403
0.02,1316
0.02,1069
0.02,1245
0.02,1310
0.02,1150
0.02,1305
0.02,1278
0.02,1253
0.02,1015
0.02,1216
0.02,836
0.02,1306
0.02,1391
0.02,1321
0.02,1291
0.02,1011
0.02,1034
0.02,1297
0.02,1269
0.02,1313
0.02,1393
0.02,878
0.02,1206
0.02,1261
0.02,305
0.02,1106
0.02,961
0.02,1097
0.02,800
0.02,935
0.02,1290
0.02,1032
0.02,883
0.02,1204
0.02,1312
0.02,611
0.02,1378
0.02,1339
0.02,952
0.02,1326
0.02,948
0.02,1349
0.02,1304
0.02,1354
0.02,688
0.02,1033
0.02,1291
0.02,1244
0.02,1326
0.02,1037
0.02,1078
0.02,1145
0.02,1303
0.02,1206
0.02,1177
0.02,1107
0.02,1347
0.02,1129
0.02,1006
0.02,1376
0.02,1334
0.02,1288
0.02,1252
0.02,1373
0.02,998
0.02,1141
0.02,1223
0.02,827
0.02,1365
0.02,1156
0.02,1263
0.02,1314
0.02,1473
0.02,1313
0.02,1190
0.02,997
0.02,1267
0.02,1311
0.02,1300
0.02,1357
0.02,366
0.02,1249
0.02,824
0.02,1108
0.02,1078
0.02,902
0.02,304
0.02,877
0.02,844
0.02,1246
0.02,1396
0.02,1108
0.02,1277
0.02,948
0.02,769
0.02,1338
0.02,1354
0.02,1327
0.02,1306
0.02,1270
0.02,980
0.02,1237
0.02,1235
0.02,1401
0.02,1182
0.02,1249
0.02,1328
0.02,1159
0.02,837
0.02,1352
0.02,1372
0.02,1379
0.02,1219
0.02,1040
0.02,1260
0.02,1007
0.02,1182
0.02,1404
0.02,983
0.02,1293
0.02,1115
0.02,249
0.02,1246
0.02,1381
0.02,1387
0.02,1140
0.02,1177
0.02,1340
0.02,1348
0.02,1202
0.02,1282
0.02,1345
0.02,1412
0.02,1299
0.02,1334
0.02,1201
0.02,522
0.02,1278
0.02,1355
0.02,986
0.02,1204
0.02,1370
0.02,856
0.02,916
0.02,1280
0.02,1138
0.02,929
0.02,1232
0.02,1187
0.02,1238
0.02,1220
0.02,1063
0.02,1344
0.02,1140
0.02,1390
0.02,1234
0.02,1262
0.02,1308
0.02,1107
0.02,252
0.02,1164
0.02,1218
0.02,1214
0.02,484
0.02,1278
0.02,1298
0.02,1354
0.02,1326
0.02,1299
0.02,1340
0.02,1227
0.02,1265
0.02,1043
0.02,1287
0.02,1294
0.02,1246
0.02,938
0.02,780
0.02,1269
0.02,1102
0.02,986
0.02,871
0.02,1185
0.02,1352
0.02,1237
0.02,1301
0.02,1043
0.02,1302
0.02,1281
0.02,1165
0.02,1205
0.02,1370
0.02,1279
0.02,1337
0.02,1287
0.02,1119
0.02,1185
0.02,1233
0.02,1134
0.02,1325
0.02,1308
0.02,1386
0.02,1303
0.02,1268
0.02,1346
0.02,799
0.02,1224
0.02,1273
0.02,1183
0.02,1137
0.02,1058
0.02,1230
0.02,813
0.02,1043
0.02,606
0.02,1266
0.02,1320
0.02,1162
0.02,1028
0.02,1270
0.02,1301
0.02,1315
0.02,1263
0.02,1328
0.02,1227
0.02,642
0.02,1300
0.02,1322
0.02,1173
0.02,1077
0.02,1144
0.02,1370
0.02,1170
0.02,1200
0.02,1005
0.02,1388
0.02,996
0.02,1040
0.02,1249
0.02,1298
0.02,1125
0.02,823
0.02,1150
0.02,1168
0.02,1224
0.02,1024
0.02,1061
0.02,1388
0.02,1282
0.02,1184
0.02,1323
0.02,1293
0.02,1300
0.02,1116
0.02,1234
0.02,856
0.02,1264
0.02,1279
0.02,1338
0.02,1367
0.02,1286
0.02,1288
0.02,1377
0.02,1337
0.02,1284
0.02,1265
0.02,1115
0.02,1391
0.02,1379
0.02,1347
0.02,1280
0.02,1242
0.02,733
0.02,1195
0.02,921
0.02,1261
0.02,1287
0.02,1272
0.02,1322
0.02,1245
0.02,1225
0.02,1318
0.02,1140
0.02,122
0.02,1192
0.02,1263
0.02,1101
0.02,1120
0.02,1022
0.02,1331
0.02,1093
0.02,1294
0.02,1160
0.02,1352
0.02,1439
0.02,1078
0.02,1393
0.02,1330
0.02,1202
0.02,1125
0.02,1343
0.02,1131
0.02,1025
0.02,1400
0.02,1315
0.02,1098
0.02,1069
0.02,1321
0.02,1378
0.02,1263
0.02,1357
0.02,1151
0.02,384
0.02,1314
0.02,1063
0.02,1017
0.02,1259
0.02,1251
0.02,1121
0.02,1282
0.02,1418
0.02,536
0.02,1248
0.02,1148
0.02,592
0.02,1083
0.02,1030
0.02,666
0.02,1244
0.02,1306
0.02,1171
0.02,1406
0.02,1320
0.02,1239
0.02,1112
0.02,1357
0.02,1170
0.02,1271
0.02,1297
0.02,990
0.02,1100
0.02,1377
0.02,1077
0.02,1100
0.02,1345
0.02,906
0.02,1105
0.02,1218
0.02,1097
0.02,972
0.02,1229
0.02,1169
0.02,694
0.02,1369
0.02,888
0.02,1227
0.02,1312
0.02,1133
