0.02,1520
0.02,1494
0.02,1005
0.02,1423
0.02,602
0.02,1443
0.02,1324
0.02,1031
0.02,1476
0.02,1140
0.02,1385
0.02,1301
0.02,1561
0.02,1439
0.02,1356
0.02,1417
0.02,1064
0.02,1496
0.02,19
0.02,1474
0.02,1503
0.02,1465
0.02,1560
0.02,1485
0.02,1475
0.02,1464
0.02,1396
0.02,1495
0.02,78
0.02,1587
0.02,1497
0.02,892
0.02,1464
0.02,1501
0.02,1148
0.02,1084
0.02,1499
0.02,1550
0.02,1452
0.02,55
0.02,637
0.02,1502
0.02,802
0.02,1333
0.02,1409
0.02,1450
0.02,1551
0.02,1177
0.02,1330
0.02,1494
0.02,474
0.02,1442
0.02,1367
0.02,560
0.02,110
0.02,1418
0.02,1299
0.02,249
0.02,1509
0.02,1416
0.02,1400
0.02,1431
0.02,1354
0.02,1491
0.02,1477
0.02,1337
0.02,1506
0.02,1304
0.02,943
0.02,1539
0.02,654
0.02,1447
0.02,1341
0.02,1426
0.02,942
0.02,1521
0.02,1538
0.02,1491
0.02,1445
0.02,1472
0.02,1376
0.02,1290
0.02,1396
0.02,1618
0.02,1230
0.02,1600
0.02,810
0.02,1480
0.02,1400
0.02,1355
0.02,1335
0.02,1498
0.02,1565
0.02,1428
0.02,1235
0.02,1398
0.02,1462
0.02,1600
0.02,1259
0.02,1455
0.02,585
0.02,1478
0.02,1409
0.02,931
0.02,1450
0.02,1370
0.02,1256
0.02,1399
0.02,837
0.02,1569
0.02,1599
0.02,1532
0.02,1214
0.02,1108
0.02,957
0.02,1592
0.02,1514
0.02,1294
0.02,1504
0.02,3
0.02,927
0.02,1391
0.02,1494
0.02,1387
0.02,1033
0.02,84
0.02,1278
0.02,1446
0.02,672
0.02,1484
0.02,1389
0.02,1089
0.02,1497
0.02,1333
0.02,1530
0.02,1521
0.02,1434
0.02,1470
0.02,1558
0.02,1215
0.02,1148
0.02,198
0.02,1474
0.02,837
0.02,1566
0.02,1273
0.02,1456
0.02,1340
0.02,1409
0.02,584
0.02,1490
0.02,1382
0.02,1444
0.02,1413
0.02,1319
0.02,1459
0.02,1302
0.02,1350
0.02,1308
0.02,1320
0.02,1200
0.02,1475
0.02,1127
0.02,1400
0.02,1394
0.02,1372
0.02,1512
0.02,170
0.02,1472
0.02,64
0.02,1044
0.02,1497
0.02,1440
0.02,1545
0.02,1404
0.02,32
0.02,1183
0.02,1472
0.02,1124
0.02,1518
0.02,6
0.02,1492
0.02,1501
0.02,1344
0.02,1509
0.02,1485
0.02,1405
0.02,1466
0.02,947
0.02,1023
0.02,1568
0.02,954
0.02,1125
0.02,1336
0.02,1205
0.02,1255
0.02,1248
0.02,1397
0.02,1648
0.02,1399
0.02,1486
0.02,1258
0.02,438
0.02,1472
0.02,837
0.02,1570
0.02,1415
0.02,1397
0.02,1367
0.02,1433
0.02,1517
0.02,1176
0.02,1535
0.02,1484
0.02,652
0.02,477
0.02,1295
0.02,1385
0.02,1355
0.02,1431
0.02,22
0.02,1135
0.02,677
0.02,1208
0.02,627
0.02,1457
0.02,230
0.02,9
0.02,1400
0.02,1149
0.02,1216
0.02,453
0.02,1129
0.02,1436
0.02,892
0.02,1315
0.02,946
0.02,1433
0.02,1292
0.02,271
0.02,1423
0.02,1586
0.02,635
0.02,1305
0.02,1390
0.02,791
0.02,880
0.02,1457
0.02,19
0.02,1382
0.02,1364
0.02,1072
0.02,1354
0.02,1431
0.02,1325
0.02,1522
0.02,1413
0.02,1386
0.02,1352
0.02,1420
0.02,1494
0.02,1494
0.02,1044
0.02,1501
0.02,1138
0.02,378
0.02,20
0.02,1591
0.02,1510
0.02,813
0.02,595
0.02,1372
0.02,1507
0.02,1369
0.02,1222
0.02,1395
0.02,1096
0.02,1372
0.02,1560
0.02,1497
0.02,1359
0.02,468
0.02,1410
0.02,1420
0.02,27
0.02,1344
0.02,1602
0.02,1225
0.02,1301
0.02,891
0.02,1505
0.02,920
0.02,1527
0.02,1469
0.02,1411
0.02,1535
0.02,1350
0.02,1589
0.02,1453
0.02,1582
0.02,1172
0.02,752
0.02,1299
0.02,1188
0.02,1446
0.02,1440
0.02,1371
0.02,1131
0.02,1495
0.02,1454
0.02,1507
0.02,1353
0.02,1393
0.02,1492
0.02,1313
0.02,1370
0.02,1502
0.02,1455
0.02,1244
0.02,1580
0.02,1432
0.02,1440
0.02,1232
0.02,1127
0.02,14
0.02,1430
0.02,1551
0.02,1517
0.02,1414
0.02,1423
0.02,1405
0.02,1395
0.02,1563
0.02,1477
0.02,1477
0.02,1502
0.02,1363
0.02,1327
0.02,1071
0.02,573
0.02,1428
0.02,1303
0.02,1417
0.02,1543
0.02,1545
0.02,1419
0.02,1377
0.02,551
0.02,1451
0.02,1455
0.02,1490
0.02,1210
0.02,1419
0.02,1404
0.02,1444
0.02,1421
0.02,1328
0.02,1173
0.02,466
0.02,1397
0.02,1474
0.02,1266
0.02,1495
0.02,1511
0.02,1528
0.02,1448
0.02,1467
0.02,1303
0.02,1178
0.02,1429
0.02,1350
0.02,1285
0.02,1440
0.02,1424
0.02,1548
0.02,1317
0.02,229
0.02,1308
0.02,1475
0.02,1418
0.02,1289
0.02,1295
0.02,1134
0.02,1400
0.02,1452
0.02,1155
0.02,1311
0.02,224
0.02,1177
0.02,35
0.02,1187
0.02,1476
0.02,1317
0.02,1381
0.02,1101
0.02,616
0.02,1485
0.02,1322
0.02,872
0.02,1371
0.02,1441
0.02,1243
0.02,1495
0.02,1468
0.02,1386
0.02,1404
0.02,1426
0.02,1482
0.02,1533
0.02,1361
0.02,1408
0.02,1504
0.02,70
0.02,468
0.02,1580
0.02,1489
0.02,3
0.02,1082
0.02,1328
0.02,1416
0.02,905
0.02,1006
0.02,1546
0.02,1239
0.02,1303
0.02,1493
0.02,1461
0.02,1379
0.02,1054
0.02,1086
0.02,1429
0.02,1224
0.02,1318
0.02,130
0.02,1297
0.02,1547
0.02,1534
0.02,953
0.02,1520
0.02,1468
0.02,28
0.02,1399
0.02,1546
0.02,1139
0.02,1291
0.02,1481
0.02,1425
0.02,1475
0.02,321
0.02,1102
0.02,1394
0.02,1451
0.02,1394
0.02,1400
0.02,1439
0.02,1226
0.02,1297
0.02,1188
0.02,1378
0.02,1447
0.02,1482
0.02,1513
0.02,1254
0.02,1489
0.02,1357
0.02,1367
0.02,1464
0.02,792
0.02,1309
0.02,1287
0.02,1535
0.02,1482
0.02,785
0.02,1150
0.02,1183
0.02,74
0.02,1568
0.02,1350
0.02,1487
0.02,297
0.02,1542
0.02,147
0.02,1482
0.02,1145
0.02,1416
0.02,640
0.02,1623
0.02,1520
0.02,1365
0.02,1477
0.02,1397
0.02,1611
0.02,1313
0.02,1213
0.02,514
0.02,1366
0.02,1418
0.02,1346
0.02,1338
0.02,977
0.02,1256
0.02,1458
0.02,1440
0.02,1085
0.02,162
0.02,82
0.02,1496
0.02,1578
0.02,1429
0.02,20
0.02,1546
0.02,269
0.02,1322
0.02,1581
0.02,1529
0.02,1520
0.02,1541
0.02,1446
0.02,1530
0.02,1289
0.02,1376
0.02,1395
0.02,1340
0.02,1231
0.02,1547
0.02,1126
0.02,1405
0.02,1608
0.02,918
0.02,1449
0.02,1383
0.02,1347
0.02,1357
0.02,1453
0.02,178
0.02,1130
0.02,1426
0.02,1340
0.02,1435
0.02,1328
0.02,1358
0.02,1137
0.02,1426
0.02,1307
0.02,1560
0.02,1398
0.02,49
0.02,1491
0.02,1411
0.02,1535
0.02,1495
0.02,1608
0.02,1562
0.02,1457
0.02,636
0.02,1532
0.02,1371
0.02,1382
0.02,1159
0.02,1436
0.02,1437
0.02,1622
0.02,842
0.02,1513
0.02,858
0.02,1494
0.02,1459
0.02,1299
0.02,1307
0.02,1528
0.02,1207
0.02,1469
0.02,1362
0.02,920
0.02,1494
0.02,922
0.02,680
0.02,1442
0.02,332
0.02,766
0.02,1257
0.02,547
0.02,1424
0.02,1571
0.02,1333
0.02,1221
0.02,1458
0.02,1377
0.02,1404
0.02,1425
0.02,835
0.02,1467
0.02,1490
0.02,1398
0.02,1286
0.02,588
0.02,1585
0.02,1521
0.02,1307
0.02,1398
0.02,1101
0.02,1318
0.02,971
0.02,1241
0.02,135
0.02,515
0.02,1555
0.02,1504
0.02,1308
0.02,1533
0.02,1472
0.02,1220
0.02,1453
0.02,1252
0.02,395
0.02,1453
0.02,1506
0.02,1445
0.02,1390
0.02,6
0.02,1427
0.02,324
0.02,1207
0.02,1524
0.02,1482
0.02,1452
0.02,1573
0.02,1548
0.02,1388
0.02,1440
0.02,931
0.02,1146
0.02,1538
0.02,855
0.02,1273
0.02,1297
0.02,1146
0.02,1453
0.02,1432
0.02,1230
0.02,1494
0.02,1090
0.02,863
0.02,2
0.02,106
0.02,1511
0.02,1354
0.02,1440
0.02,1331
0.02,794
0.02,1510
0.02,1544
0.02,1353
0.02,1417
0.02,1533
0.02,1492
0.02,1473
0.02,1366
0.02,1041
0.02,1461
0.02,1452
0.02,1454
0.02,1433
0.02,41
0.02,1485
0.02,1291
0.02,900
0.02,1266
0.02,1340
0.02,1476
0.02,1462
0.02,931
0.02,1541
0.02,1148
0.02,1471
0.02,1447
0.02,1278
0.02,827
0.02,1118
0.02,1431
0.02,1245
0.02,1222
0.02,738
0.02,1539
0.02,1513
0.02,1460
0.02,955
0.02,652
0.02,1320
0.02,1366
0.02,1294
0.02,1557
0.02,1261
0.02,1216
0.02,1482
0.02,1237
0.02,1447
0.02,1547
0.02,1316
0.02,11
0.02,897
0.02,1490
0.02,1574
0.02,1450
0.02,1395
0.02,1513
0.02,1476
0.02,1480
0.02,1430
0.02,1532
0.02,829
0.02,1530
0.02,1361
0.02,1474
0.02,65
0.02,1166
0.02,1332
0.02,4
0.02,1106
0.02,1508
0.02,1535
0.02,882
0.02,1007
0.02,1431
0.02,1424
0.02,1553
0.02,1466
0.02,1574
0.02,1518
0.02,1341
0.02,1586
0.02,1280
0.02,136
0.02,1101
0.02,1234
0.02,1578
0.02,1523
0.02,1557
0.02,1041
0.02,1309
0.02,1006
0.02,1440
0.02,1479
0.02,1481
0.02,47
0.02,186
0.02,1517
0.02,1466
0.02,1345
0.02,1301
0.02,1297
0.02,1397
0.02,107
0.02,1417
0.02,1411
0.02,1455
0.02,928
0.02,1242
0.02,1332
0.02,527
0.02,1065
0.02,1232
0.02,1532
0.02,1313
0.02,1191
0.02,1189
0.02,451
0.02,928
0.02,1421
0.02,1451
0.02,1487
0.02,1091
0.02,1498
0.02,1410
0.02,1057
0.02,1326
0.02,1336
0.02,1501
0.02,1361
0.02,1395
0.02,330
0.02,1121
0.02,1540
0.02,1472
0.02,1577
0.02,1467
0.02,1440
0.02,486
0.02,641
0.02,1410
0.02,1331
0.02,1049
0.02,1204
0.02,1497
0.02,1055
0.02,735
0.02,1172
0.02,643
0.02,1123
0.02,1362
0.02,1068
0.02,1427
0.02,1538
0.02,1184
0.02,1208
0.02,1397
0.02,1223
0.02,1319
0.02,1491
0.02,1247
0.02,1216
0.02,1274
0.02,1466
0.02,345
0.02,1520
0.02,790
0.02,1312
0.02,1226
0.02,1255
0.02,1535
0.02,1488
0.02,1143
0.02,1373
0.02,1424
0.02,462
0.02,1329
0.02,1434
0.02,1417
0.02,1539
0.02,1435
0.02,1370
0.02,987
0.02,1444
0.02,1316
0.02,1108
0.02,799
0.02,1455
0.02,1204
0.02,1385
0.02,1269
0.02,861
0.02,1581
0.02,1381
0.02,1406
0.02,1505
0.02,1520
0.02,1313
0.02,1467
0.02,1371
0.02,1130
0.02,1147
0.02,1546
0.02,1487
0.02,1333
0.02,1210
0.02,436
0.02,1300
0.02,166
0.02,1420
0.02,1430
0.02,1456
0.02,14
0.02,1519
0.02,1388
0.02,1167
0.02,1303
0.02,1034
0.02,1279
0.02,971
0.02,1530
0.02,1271
0.02,1505
0.02,1421
0.02,29
0.02,119
0.02,1437
0.02,1553
0.02,75
0.02,882
0.02,1522
0.02,1503
0.02,1203
0.02,809
0.02,1555
0.02,1565
0.02,1341
0.02,1432
0.02,1421
0.02,1394
0.02,1319
0.02,259
0.02,1169
0.02,714
0.02,1378
0.02,859
0.02,1173
0.02,1529
0.02,1403
0.02,1482
0.02,1457
0.02,1495
0.02,1430
0.02,1481
0.02,1491
0.02,1440
0.02,1436
0.02,1143
0.02,695
0.02,1193
0.02,1020
0.02,1535
0.02,989
0.02,1218
0.02,1352
0.02,10
0.02,1521
0.02,1415
0.02,1526
0.02,1501
0.02,1238
0.02,1412
0.02,1432
0.02,158
0.02,1060
0.02,1647
0.02,1189
0.02,4
0.02,1415
0.02,52
0.02,1471
0.02,1448
0.02,1285
0.02,1476
0.02,1093
0.02,1367
0.02,460
0.02,1419
0.02,1332
0.02,1513
0.02,549
0.02,1352
0.02,947
0.02,1386
0.02,1326
0.02,1283
0.02,1453
0.02,1009
0.02,1012
0.02,1554
0.02,1495
0.02,1345
0.02,1368
0.02,1153
0.02,1427
0.02,1545
0.02,1551
0.02,1223
0.02,1435
0.02,1565
0.02,510
0.02,1513
0.02,1555
0.02,1305
0.02,239
0.02,1398
0.02,1508
0.02,1242
0.02,1000
0.02,1038
0.02,22
0.02,1507
0.02,1455
0.02,1502
0.02,1490
0.02,1106
0.02,1390
0.02,1560
0.02,1465
0.02,1242
0.02,1373
0.02,1439
0.02,1
0.02,1317
0.02,1341
0.02,1342
0.02,1289
0.02,1366
0.02,997
0.02,236
0.02,827
0.02,1248
0.02,1494
0.02,833
0.02,1051
0.02,1224
0.02,1561
0.02,1406
0.02,1473
0.02,1310
0.02,229
