0.02,1444
0.02,3
0.02,1509
0.02,1558
0.02,17
0.02,1470
0.02,1553
0.02,1070
0.02,228
0.02,116
0.02,1604
0.02,1448
0.02,1364
0.02,589
0.02,1681
0.02,1641
0.02,567
0.02,1534
0.02,228
0.02,1019
0.02,1261
0.02,444
0.02,1553
0.02,1613
0.02,1572
0.02,809
0.02,1548
0.02,1484
0.02,1629
0.02,1286
0.02,1605
0.02,1051
0.02,1633
0.02,1644
0.02,1626
0.02,1380
0.02,491
0.02,54
0.02,1541
0.02,7
0.02,1502
0.02,6
0.02,1650
0.02,1335
0.02,1508
0.02,258
0.02,1522
0.02,346
0.02,1724
0.02,548
0.02,899
0.02,1246
0.02,301
0.02,1470
0.02,1627
0.02,31
0.02,234
0.02,1509
0.02,1572
0.02,1506
0.02,1595
0.02,1517
0.02,1348
0.02,1467
0.02,1336
0.02,1490
0.02,1127
0.02,1457
0.02,514
0.02,1411
0.02,1278
0.02,515
0.02,594
0.02,1584
0.02,1352
0.02,1691
0.02,654
0.02,182
0.02,1519
0.02,649
0.02,899
0.02,271
0.02,1375
0.02,1483
0.02,859
0.02,1423
0.02,1593
0.02,1292
0.02,1601
0.02,1551
0.02,1600
0.02,98
0.02,1640
0.02,1492
0.02,915
0.02,1581
0.02,84
0.02,964
0.02,848
0.02,841
0.02,972
0.02,224
0.02,47
0.02,1557
0.02,1661
0.02,166
0.02,1616
0.02,1563
0.02,1496
0.02,1490
0.02,555
0.02,1537
0.02,1496
0.02,959
0.02,288
0.02,701
0.02,1625
0.02,1
0.02,8
0.02,1646
0.02,154
0.02,1372
0.02,1537
0.02,1285
0.02,1528
0.02,1365
0.02,1523
0.02,1502
0.02,1379
0.02,1494
0.02,1289
0.02,51
0.02,1043
0.02,1271
0.02,180
0.02,1558
0.02,1268
0.02,1142
0.02,1496
0.02,1349
0.02,98
0.02,7
0.02,1490
0.02,367
0.02,1162
0.02,126
0.02,1527
0.02,1641
0.02,1234
0.02,1592
0.02,1599
0.02,1656
0.02,1373
0.02,1462
0.02,3
0.02,1649
0.02,1371
0.02,1038
0.02,1593
0.02,1296
0.02,1411
0.02,697
0.02,1388
0.02,1530
0.02,649
0.02,1035
0.02,1385
0.02,611
0.02,874
0.02,1543
0.02,1413
0.02,1098
0.02,3
0.02,1050
0.02,48
0.02,1623
0.02,1283
0.02,1431
0.02,1524
0.02,1562
0.02,491
0.02,1701
0.02,1539
0.02,1637
0.02,1537
0.02,1595
0.02,1058
0.02,1489
0.02,1566
0.02,1646
0.02,1199
0.02,1316
0.02,1103
0.02,1501
0.02,1415
0.02,1287
0.02,1515
0.02,128
0.02,1423
0.02,1538
0.02,1566
0.02,955
0.02,1564
0.02,1679
0.02,785
0.02,1563
0.02,1716
0.02,1537
0.02,53
0.02,1139
0.02,951
0.02,899
0.02,1466
0.02,1172
0.02,1503
0.02,846
0.02,1300
0.02,1398
0.02,1591
0.02,1041
0.02,1294
0.02,1652
0.02,1
0.02,1180
0.02,1583
0.02,114
0.02,1569
0.02,1518
0.02,944
0.02,1318
0.02,1154
0.02,1594
0.02,1486
0.02,1235
0.02,1216
0.02,1
0.02,1156
0.02,1632
0.02,1439
0.02,293
0.02,1600
0.02,18
0.02,1543
0.02,1638
0.02,368
0.02,1511
0.02,1351
0.02,1
0.02,1622
0.02,583
0.02,1601
0.02,1357
0.02,1548
0.02,1507
0.02,984
0.02,511
0.02,1623
0.02,628
0.02,1439
0.02,1186
0.02,13
0.02,676
0.02,1644
0.02,163
0.02,1399
0.02,1688
0.02,1190
0.02,1528
0.02,7
0.02,1042
0.02,1443
0.02,1595
0.02,901
0.02,377
0.02,30
0.02,1656
0.02,1626
0.02,1590
0.02,931
0.02,1109
0.02,344
0.02,1515
0.02,1337
0.02,3
0.02,1424
0.02,1562
0.02,1691
0.02,1481
0.02,239
0.02,650
0.02,1525
0.02,2
0.02,1065
0.02,1360
0.02,548
0.02,381
0.02,1499
0.02,1612
0.02,991
0.02,58
0.02,1488
0.02,1377
0.02,971
0.02,77
0.02,3
0.02,725
0.02,1545
0.02,3
0.02,1690
0.02,908
0.02,378
0.02,1496
0.02,1608
0.02,552
0.02,1171
0.02,1636
0.02,1536
0.02,1557
0.02,1512
0.02,1477
0.02,1606
0.02,993
0.02,1460
0.02,105
0.02,967
0.02,1694
0.02,1713
0.02,1599
0.02,1554
0.02,1482
0.02,1661
0.02,1430
0.02,1488
0.02,769
0.02,1590
0.02,738
0.02,1609
0.02,1614
0.02,1521
0.02,302
0.02,992
0.02,1076
0.02,817
0.02,1614
0.02,1133
0.02,754
0.02,1483
0.02,449
0.02,599
0.02,1490
0.02,1439
0.02,1365
0.02,1572
0.02,1418
0.02,1426
0.02,663
0.02,1545
0.02,586
0.02,1564
0.02,1172
0.02,1148
0.02,166
0.02,1485
0.02,1339
0.02,1523
0.02,1487
0.02,25
0.02,1444
0.02,46
0.02,1652
0.02,1200
0.02,294
0.02,1624
0.02,1552
0.02,1544
0.02,1598
0.02,48
0.02,905
0.02,1559
0.02,1340
0.02,1500
0.02,6
0.02,1190
0.02,191
0.02,1478
0.02,669
0.02,1628
0.02,467
0.02,1586
0.02,1519
0.02,1531
0.02,3
0.02,334
0.02,1529
0.02,1505
0.02,5
0.02,1602
0.02,1635
0.02,1070
0.02,814
0.02,648
0.02,1337
0.02,245
0.02,1519
0.02,997
0.02,1305
0.02,1592
0.02,928
0.02,40
0.02,527
0.02,776
0.02,1475
0.02,1513
0.02,821
0.02,1411
0.02,1624
0.02,1698
0.02,1559
0.02,1668
0.02,1586
0.02,1510
0.02,1667
0.02,1528
0.02,67
0.02,194
0.02,334
0.02,1324
0.02,450
0.02,811
0.02,1631
0.02,773
0.02,81
0.02,1437
0.02,1008
0.02,558
0.02,777
0.02,608
0.02,1515
0.02,444
0.02,1562
0.02,1352
0.02,202
0.02,1450
0.02,1608
0.02,1616
0.02,1677
0.02,1246
0.02,1219
0.02,1376
0.02,3
0.02,1602
0.02,5
0.02,810
0.02,1437
0.02,1116
0.02,1624
0.02,1553
0.02,1425
0.02,803
0.02,13
0.02,1631
0.02,1688
0.02,1343
0.02,1
0.02,1125
0.02,1
0.02,1492
0.02,56
0.02,1188
0.02,1145
0.02,302
0.02,1566
0.02,1499
0.02,940
0.02,5
0.02,1184
0.02,1471
0.02,1495
0.02,1437
0.02,1525
0.02,1583
0.02,9
0.02,1714
0.02,1464
0.02,1639
0.02,1079
0.02,2
0.02,1551
0.02,1334
0.02,1523
0.02,684
0.02,36
0.02,227
0.02,1255
0.02,1668
0.02,1565
0.02,654
0.02,1646
0.02,1600
0.02,106
0.02,924
0.02,1615
0.02,723
0.02,1624
0.02,1610
0.02,534
0.02,1571
0.02,1624
0.02,1524
0.02,1557
0.02,14
0.02,1603
0.02,19
0.02,842
0.02,1553
0.02,1485
0.02,19
0.02,1516
0.02,1547
0.02,1357
0.02,1618
0.02,5
0.02,1575
0.02,10
0.02,1
0.02,1578
0.02,1556
0.02,1668
0.02,1566
0.02,1460
0.02,1502
0.02,1364
0.02,1620
0.02,1580
0.02,1643
0.02,168
0.02,178
0.02,1414
0.02,1522
0.02,846
0.02,1532
0.02,747
0.02,565
0.02,1605
0.02,1413
0.02,1569
0.02,1562
0.02,136
0.02,1635
0.02,1590
0.02,509
0.02,1202
0.02,1062
0.02,1547
0.02,1468
0.02,1343
0.02,419
0.02,1627
0.02,1718
0.02,1601
0.02,1567
0.02,199
0.02,1503
0.02,1015
0.02,901
0.02,1263
0.02,1169
0.02,1460
0.02,1270
0.02,1073
0.02,1486
0.02,1525
0.02,12
0.02,618
0.02,1509
0.02,1686
0.02,1561
0.02,404
0.02,14
0.02,631
0.02,854
0.02,47
0.02,1551
0.02,1260
0.02,263
0.02,1462
0.02,1661
0.02,1463
0.02,1141
0.02,19
0.02,1557
0.02,1655
0.02,243
0.02,1
0.02,1509
0.02,1482
0.02,1586
0.02,1519
0.02,1431
0.02,1310
0.02,1583
0.02,198
0.02,1562
0.02,859
0.02,1483
0.02,1357
0.02,321
0.02,1660
0.02,1691
0.02,1448
0.02,419
0.02,1412
0.02,231
0.02,1553
0.02,1091
0.02,1407
0.02,890
0.02,141
0.02,1529
0.02,1111
0.02,9
0.02,7
0.02,325
0.02,1514
0.02,28
0.02,1618
0.02,1538
0.02,1558
0.02,1335
0.02,860
0.02,1380
0.02,1108
0.02,1548
0.02,1405
0.02,1637
0.02,1548
0.02,1572
0.02,1482
0.02,1562
0.02,10
0.02,1489
0.02,483
0.02,1552
0.02,1106
0.02,1546
0.02,1003
0.02,1126
0.02,29
0.02,1527
0.02,167
0.02,506
0.02,1652
0.02,1509
0.02,1363
0.02,404
0.02,1660
0.02,1632
0.02,1055
0.02,999
0.02,1064
0.02,1592
0.02,1566
0.02,853
0.02,937
0.02,1588
0.02,56
0.02,390
0.02,423
0.02,1497
0.02,330
0.02,1207
0.02,1519
0.02,1659
0.02,1454
0.02,1606
0.02,64
0.02,1608
0.02,1653
0.02,64
0.02,296
0.02,1520
0.02,1496
0.02,1554
0.02,1561
0.02,19
0.02,30
0.02,1630
0.02,1171
0.02,482
0.02,1302
0.02,1268
0.02,1333
0.02,24
0.02,1342
0.02,1250
0.02,1484
0.02,1514
0.02,171
0.02,1690
0.02,1542
0.02,1550
0.02,1286
0.02,1574
0.02,1437
0.02,1544
0.02,1535
0.02,1336
0.02,1443
0.02,1646
0.02,32
0.02,259
0.02,1357
0.02,14
0.02,1650
0.02,1337
0.02,1277
0.02,1505
0.02,1591
0.02,1668
0.02,504
0.02,1524
0.02,60
0.02,4
0.02,1339
0.02,835
0.02,10
0.02,1017
0.02,1591
0.02,1346
0.02,278
0.02,1544
0.02,1596
0.02,1569
0.02,961
0.02,626
0.02,1600
0.02,186
0.02,1206
0.02,1447
0.02,1454
0.02,1558
0.02,1527
0.02,1319
0.02,1609
0.02,1694
0.02,1568
0.02,1461
0.02,1619
0.02,1621
0.02,1407
0.02,1536
0.02,1283
0.02,1491
0.02,1513
0.02,1577
0.02,4
0.02,1522
0.02,1
0.02,1482
0.02,1499
0.02,131
0.02,275
0.02,1037
0.02,1518
0.02,463
0.02,1544
0.02,1231
0.02,2
0.02,64
0.02,1246
0.02,260
0.02,1601
0.02,1332
0.02,1485
0.02,1665
0.02,1455
0.02,40
0.02,36
0.02,13
0.02,1046
0.02,1310
0.02,1494
0.02,475
0.02,699
0.02,1491
0.02,1481
0.02,1501
0.02,1582
0.02,20
0.02,1409
0.02,1076
0.02,1602
0.02,843
0.02,51
0.02,1368
0.02,48
0.02,1575
0.02,1507
0.02,1253
0.02,679
0.02,804
0.02,183
0.02,1044
0.02,1551
0.02,1567
0.02,820
0.02,28
0.02,1643
0.02,1664
0.02,901
0.02,1624
0.02,1309
0.02,657
0.02,1623
0.02,1213
0.02,12
0.02,1649
0.02,1426
0.02,1
0.02,1403
0.02,136
0.02,19
0.02,1434
0.02,1676
0.02,47
0.02,471
0.02,1500
0.02,1603
0.02,1003
0.02,1571
0.02,1267
0.02,1572
0.02,1423
0.02,662
0.02,1395
0.02,7
0.02,697
0.02,705
0.02,1617
0.02,52
0.02,1587
0.02,1638
0.02,1578
0.02,1563
0.02,1127
0.02,1546
0.02,1418
0.02,1159
0.02,1295
0.02,1502
0.02,1565
0.02,1567
0.02,449
0.02,1538
0.02,1040
0.02,104
0.02,42
0.02,10
0.02,1570
0.02,5
0.02,1572
0.02,1610
0.02,998
0.02,489
0.02,1467
0.02,1470
0.02,181
0.02,1515
0.02,1534
0.02,1160
0.02,1573
0.02,781
0.02,1682
0.02,1532
0.02,97
0.02,1324
0.02,1391
0.02,1459
0.02,357
0.02,1226
0.02,1544
0.02,1361
0.02,321
0.02,1043
0.02,1072
0.02,1141
0.02,80
0.02,1322
0.02,1595
0.02,1641
0.02,680
0.02,1277
0.02,1230
0.02,15
0.02,76
0.02,1414
0.02,63
0.02,529
0.02,1488
0.02,1294
0.02,1659
0.02,478
0.02,53
0.02,1629
0.02,1600
0.02,1553
0.02,1138
0.02,1503
0.02,613
0.02,1471
0.02,1510
0.02,999
0.02,1405
0.02,1202
0.02,32
0.02,655
0.02,6
0.02,1547
0.02,1478
0.02,1614
0.02,354
0.02,1249
0.02,1065
0.02,1556
0.02,1371
0.02,1517
0.02,1243
0.02,1142
0.02,1292
0.02,1437
0.02,4
0.02,1503
0.02,709
0.02,127
0.02,1350
0.02,82
0.02,1424
0.02,1613
0.02,1408
0.02,1593
0.02,1246
0.02,1034
0.02,136
0.02,513
0.02,1513
0.02,155
0.02,1623
0.02,1600
0.02,4
0.02,31
0.02,1552
0.02,352
0.02,1417
0.02,1513
0.02,46
0.02,196
0.02,1621
0.02,408
0.02,1480
0.02,965
0.02,1250
0.02,1589
0.02,267
0.02,1513
0.02,1532
0.02,1453
0.02,1494
0.02,882
0.02,1627
0.02,28
0.02,1515
0.02,923
0.02,1486
0.02,1345
0.02,1510
0.02,1619
0.02,431
0.02,489
0.02,768
0.02,778
0.02,115
0.02,775
0.02,1638
0.02,1421
0.02,95
0.02,1113
0.02,169
0.02,1248
0.02,1022
0.02,1423
0.02,423
0.02,806
0.02,1511
0.02,1640
0.02,1564
0.02,1240
0.02,111
0.02,1257
0.02,154
0.02,1586
