0.04,1526
0.04,1531
0.04,1556
0.04,1559
0.04,1157
0.04,1208
0.04,1525
0.04,1603
0.04,1569
0.04,1518
0.04,1592
0.04,1479
0.04,1591
0.04,1546
0.04,1564
0.04,1552
0.04,1483
0.04,1429
0.04,1546
0.04,1557
0.04,1554
0.04,1591
0.04,1508
0.04,1529
0.04,1618
0.04,1446
0.04,1564
0.04,1487
0.04,1054
0.04,1627
0.04,1526
0.04,1580
0.04,1569
0.04,1573
0.04,1595
0.04,1549
0.04,1495
0.04,1520
0.04,1579
0.04,1587
0.04,1577
0.04,1505
0.04,1580
0.04,1586
0.04,1549
0.04,1478
0.04,1564
0.04,1474
0.04,1553
0.04,1493
0.04,1523
0.04,1581
0.04,1588
0.04,1584
0.04,1527
0.04,1470
0.04,1551
0.04,1530
0.04,1594
0.04,1484
0.04,1736
0.04,1628
0.04,1551
0.04,1585
0.04,1513
0.04,1517
0.04,1456
0.04,1406
0.04,1584
0.04,1507
0.04,1543
0.04,1639
0.04,1563
0.04,408
0.04,1380
0.04,1418
0.04,1376
0.04,1458
0.04,1607
0.04,1646
0.04,1629
0.04,1480
0.04,1556
0.04,1222
0.04,1558
0.04,1437
0.04,1513
0.04,1536
0.04,1505
0.04,1611
0.04,1188
0.04,1517
0.04,1587
0.04,1521
0.04,1547
0.04,1420
0.04,1662
0.04,1542
0.04,1601
0.04,1606
0.04,1534
0.04,1550
0.04,622
0.04,1418
0.04,1577
0.04,1585
0.04,1616
0.04,1559
0.04,1708
0.04,1596
0.04,1494
0.04,1396
0.04,1600
0.04,1586
0.04,1590
0.04,1557
0.04,1533
0.04,1519
0.04,1520
0.04,1595
0.04,1604
0.04,1116
0.04,1547
0.04,1437
0.04,1510
0.04,1591
0.04,1553
0.04,1533
0.04,1604
0.04,1529
0.04,1298
0.04,1500
0.04,1464
0.04,1594
0.04,1662
0.04,1390
0.04,1567
0.04,1611
0.04,1543
0.04,1546
0.04,1291
0.04,1524
0.04,1459
0.04,1097
0.04,1591
0.04,1483
0.04,1552
0.04,439
0.04,1610
0.04,1538
0.04,1504
0.04,1580
0.04,1639
0.04,1577
0.04,1547
0.04,1180
0.04,1550
0.04,1583
0.04,1510
0.04,1581
0.04,1011
0.04,1452
0.04,1577
0.04,1554
0.04,1532
0.04,1643
0.04,1554
0.04,1554
0.04,1476
0.04,1672
0.04,1513
0.04,1465
0.04,1614
0.04,1603
0.04,1561
0.04,1588
0.04,1463
0.04,1588
0.04,1449
0.04,1419
0.04,1437
0.04,1557
0.04,1464
0.04,1612
0.04,1571
0.04,1542
0.04,1232
0.04,1576
0.04,1541
0.04,1582
0.04,1562
0.04,1593
0.04,1583
0.04,1412
0.04,1490
0.04,1462
0.04,1480
0.04,1537
0.04,1501
0.04,1569
0.04,1409
0.04,1479
0.04,1514
0.04,1596
0.04,1536
0.04,1518
0.04,1551
0.04,1497
0.04,1584
0.04,1595
0.04,1558
0.04,1536
0.04,1556
0.04,1478
0.04,1540
0.04,1558
0.04,1550
0.04,1541
0.04,1486
0.04,1585
0.04,1598
0.04,1565
0.04,1535
0.04,1578
0.04,1633
0.04,1679
0.04,1644
0.04,1498
0.04,1535
0.04,804
0.04,1590
0.04,1593
0.04,1528
0.04,1586
0.04,1648
0.04,1573
0.04,1490
0.04,1155
0.04,1595
0.04,1575
0.04,1565
0.04,1682
0.04,1523
0.04,1318
0.04,1497
0.04,1634
0.04,1525
0.04,1574
0.04,1463
0.04,1439
0.04,1463
0.04,1617
0.04,1597
0.04,1455
0.04,1372
0.04,1488
0.04,1524
0.04,1521
0.04,1512
0.04,1459
0.04,1401
0.04,1558
0.04,1515
0.04,1464
0.04,1563
0.04,1586
0.04,1590
0.04,1478
0.04,1565
0.04,1518
0.04,1546
0.04,1582
0.04,1556
0.04,1575
0.04,1520
0.04,1637
0.04,1585
0.04,1543
0.04,1482
0.04,1452
0.04,1458
0.04,1567
0.04,1555
0.04,1507
0.04,1422
0.04,1632
0.04,1547
0.04,1525
0.04,1309
0.04,1611
0.04,1359
0.04,1571
0.04,1567
0.04,1542
0.04,1519
0.04,1038
0.04,1481
0.04,1610
0.04,1557
0.04,1547
0.04,1540
0.04,1514
0.04,1507
0.04,1500
0.04,1284
0.04,1498
0.04,1577
0.04,1548
0.04,1311
0.04,1615
0.04,1599
0.04,1523
0.04,1632
0.04,1487
0.04,1505
0.04,1605
0.04,1481
0.04,1522
0.04,1452
0.04,1506
0.04,1564
0.04,1460
0.04,996
0.04,1163
0.04,1565
0.04,1494
0.04,1598
0.04,1365
0.04,1641
0.04,1588
0.04,1477
0.04,1548
0.04,1631
0.04,1401
0.04,1566
0.04,1549
0.04,1510
0.04,1620
0.04,1416
0.04,1592
0.04,1453
0.04,1442
0.04,1489
0.04,1593
0.04,1479
0.04,1104
0.04,1593
0.04,1608
0.04,1476
0.04,678
0.04,1661
0.04,1594
0.04,1489
0.04,1445
0.04,1661
0.04,1650
0.04,1489
0.04,1534
0.04,1479
0.04,1560
0.04,1537
0.04,1594
0.04,1512
0.04,1546
0.04,1537
0.04,1409
0.04,1615
0.04,1517
0.04,1457
0.04,1212
0.04,1354
0.04,1571
0.04,1600
0.04,1608
0.04,1608
0.04,1552
0.04,1510
0.04,1557
0.04,1431
0.04,1477
0.04,1557
0.04,1554
0.04,1596
0.04,1505
0.04,1552
0.04,1491
0.04,1460
0.04,1541
0.04,1519
0.04,1529
0.04,1514
0.04,1234
0.04,1598
0.04,1487
0.04,1356
0.04,1555
0.04,1577
0.04,1583
0.04,1550
0.04,1461
0.04,1619
0.04,1522
0.04,1540
0.04,1550
0.04,1319
0.04,1449
0.04,1313
0.04,1586
0.04,1391
0.04,1630
0.04,1464
0.04,1614
0.04,1564
0.04,1583
0.04,1503
0.04,1596
0.04,1507
0.04,1612
0.04,1487
0.04,1532
0.04,1565
0.04,933
0.04,1573
0.04,1492
0.04,1592
0.04,1631
0.04,1523
0.04,1530
0.04,1539
0.04,1591
0.04,1541
0.04,1472
0.04,1512
0.04,1544
0.04,1014
0.04,1501
0.04,1478
0.04,1656
0.04,1511
0.04,1264
0.04,1630
0.04,1370
0.04,1555
0.04,1533
0.04,446
0.04,1452
0.04,1476
0.04,1565
0.04,1625
0.04,1332
0.04,1617
0.04,1518
0.04,1572
0.04,1443
0.04,1562
0.04,1512
0.04,1516
0.04,1369
0.04,1570
0.04,1553
0.04,1275
0.04,1505
0.04,1528
0.04,1527
0.04,1559
0.04,1610
0.04,1574
0.04,1622
0.04,1568
0.04,1510
0.04,1554
0.04,1544
0.04,703
0.04,1604
0.04,1566
0.04,1599
0.04,1524
0.04,1562
0.04,1594
0.04,1583
0.04,1589
0.04,1518
0.04,1216
0.04,1581
0.04,1629
0.04,1593
0.04,1565
0.04,1203
0.04,1510
0.04,1428
0.04,1565
0.04,1529
0.04,1564
0.04,1143
0.04,1536
0.04,1573
0.04,1587
0.04,1532
0.04,1489
0.04,1474
0.04,1569
0.04,1460
0.04,1664
0.04,1519
0.04,1558
0.04,1411
0.04,1652
0.04,1450
0.04,1636
0.04,1545
0.04,1592
0.04,1502
0.04,1602
0.04,1527
0.04,1598
0.04,1549
0.04,1518
0.04,1530
0.04,1588
0.04,1470
0.04,1589
0.04,1052
0.04,1560
0.04,1601
0.04,1602
0.04,1333
0.04,1538
0.04,1578
0.04,1564
0.04,1477
0.04,1555
0.04,1595
0.04,1480
0.04,1557
0.04,1537
0.04,1497
0.04,1579
0.04,1504
0.04,1415
0.04,1129
0.04,1194
0.04,1472
0.04,1544
0.04,1611
0.04,1466
0.04,959
0.04,1505
0.04,1556
0.04,1564
0.04,1597
0.04,1500
0.04,1552
0.04,1574
0.04,1530
0.04,1559
0.04,1554
0.04,1425
0.04,1500
0.04,1572
0.04,1608
0.04,1662
0.04,1599
0.04,1533
0.04,1514
0.04,1468
0.04,1590
0.04,1596
0.04,1567
0.04,1543
0.04,1345
0.04,1501
0.04,1462
0.04,1505
0.04,1617
0.04,1609
0.04,1399
0.04,1539
0.04,1568
0.04,1553
0.04,1531
0.04,1526
0.04,1540
0.04,1531
0.04,1595
0.04,1554
0.04,1497
0.04,1606
0.04,1495
0.04,1538
0.04,1543
0.04,1544
0.04,1544
0.04,1551
0.04,1611
0.04,1529
0.04,1605
0.04,1651
0.04,1559
0.04,1537
0.04,1537
0.04,1663
0.04,1580
0.04,1487
0.04,1618
0.04,1478
0.04,1588
0.04,1560
0.04,1558
0.04,1405
0.04,1549
0.04,734
0.04,1573
0.04,1604
0.04,1520
0.04,1619
0.04,1364
0.04,1465
0.04,1597
0.04,1556
0.04,1412
0.04,1559
0.04,1580
0.04,1472
0.04,1435
0.04,1502
0.04,1589
0.04,1249
0.04,1581
0.04,1668
0.04,1487
0.04,1542
0.04,1502
0.04,1441
0.04,1550
0.04,1427
0.04,1493
0.04,1465
0.04,1541
0.04,1513
0.04,1554
0.04,1623
0.04,1525
0.04,1581
0.04,1429
0.04,1640
0.04,1645
0.04,1403
0.04,1546
0.04,1357
0.04,135
0.04,1477
0.04,1503
0.04,1529
0.04,1567
0.04,1568
0.04,1563
0.04,1521
0.04,1621
0.04,1655
0.04,1565
0.04,1452
0.04,1388
0.04,1515
0.04,1622
0.04,1628
0.04,1431
0.04,1561
0.04,1472
0.04,1375
0.04,1528
0.04,1544
0.04,1321
0.04,1186
0.04,1588
0.04,1612
0.04,1433
0.04,1479
0.04,1562
0.04,1221
0.04,1580
0.04,1427
0.04,1486
0.04,1511
0.04,1583
0.04,1374
0.04,1584
0.04,1543
0.04,1554
0.04,950
0.04,1483
0.04,838
0.04,1514
0.04,1466
0.04,1609
0.04,1554
0.04,1560
0.04,1448
0.04,1610
0.04,1533
0.04,1536
0.04,1572
0.04,1463
0.04,1592
0.04,1570
0.04,1474
0.04,1500
0.04,1480
0.04,1543
0.04,1574
0.04,1438
0.04,1635
0.04,1384
0.04,1552
0.04,1543
0.04,1453
0.04,1615
0.04,1594
0.04,1581
0.04,1553
0.04,1593
0.04,1572
0.04,1610
0.04,1417
0.04,1500
0.04,1549
0.04,1654
0.04,1594
0.04,1515
0.04,1560
0.04,1544
0.04,1463
0.04,1456
0.04,1551
0.04,1577
0.04,1533
0.04,1412
0.04,1588
0.04,1510
0.04,1525
0.04,1559
0.04,1561
0.04,1389
0.04,1620
0.04,1605
0.04,1528
0.04,1458
0.04,1580
0.04,1584
0.04,1468
0.04,1519
0.04,1571
0.04,1593
0.04,1541
0.04,1635
0.04,1558
0.04,1568
0.04,1586
0.04,1582
0.04,1509
0.04,1544
0.04,1497
0.04,1561
0.04,1567
0.04,1642
0.04,1510
0.04,1570
0.04,1418
0.04,1558
0.04,1558
0.04,1610
0.04,1436
0.04,1486
0.04,1608
0.04,1543
0.04,1559
0.04,1512
0.04,1543
0.04,1365
0.04,1230
0.04,1322
0.04,1518
0.04,1533
0.04,1651
0.04,1592
0.04,1535
0.04,1374
0.04,1535
0.04,1530
0.04,1375
0.04,1549
0.04,1530
0.04,1387
0.04,1526
0.04,1567
0.04,1475
0.04,1520
0.04,1473
0.04,1557
0.04,1530
0.04,1572
0.04,1518
0.04,1527
0.04,1545
0.04,1467
0.04,1505
0.04,1510
0.04,1593
0.04,1639
0.04,1515
0.04,1599
0.04,1619
0.04,1576
0.04,1578
0.04,1535
0.04,1573
0.04,1498
0.04,1552
0.04,1524
0.04,1641
0.04,1532
0.04,1490
0.04,1650
0.04,1607
0.04,1549
0.04,1418
0.04,439
0.04,1379
0.04,1548
0.04,1506
0.04,1622
0.04,1523
0.04,1579
0.04,1339
0.04,1529
0.04,666
0.04,1505
0.04,1536
0.04,440
0.04,1588
0.04,1554
0.04,1611
0.04,1454
0.04,1312
0.04,1569
0.04,1621
0.04,1386
0.04,1627
0.04,1556
0.04,1524
0.04,1570
0.04,1537
0.04,1564
0.04,1444
0.04,1420
0.04,1574
0.04,1546
0.04,1537
0.04,1507
0.04,1301
0.04,1572
0.04,1540
0.04,1599
0.04,1502
0.04,1390
0.04,1534
0.04,1561
0.04,1255
0.04,1469
0.04,1507
0.04,1586
0.04,1576
0.04,1475
0.04,1517
0.04,1599
0.04,1545
0.04,1504
0.04,1598
0.04,1543
0.04,1412
0.04,1589
0.04,1510
0.04,1640
0.04,1577
0.04,1647
0.04,1458
0.04,1511
0.04,1547
0.04,1478
0.04,1318
0.04,1432
0.04,1576
0.04,1512
0.04,1528
0.04,1512
0.04,1617
0.04,1651
0.04,1556
0.04,1499
0.04,1542
0.04,1516
0.04,1617
0.04,1553
0.04,1575
0.04,1574
0.04,1576
0.04,1585
0.04,1583
0.04,1569
0.04,1599
0.04,1501
0.04,1509
0.04,1555
0.04,1608
0.04,1515
0.04,1582
0.04,1507
0.04,1540
0.04,1572
0.04,1472
0.04,1512
0.04,1563
0.04,1297
0.04,1600
0.04,1482
0.04,1572
0.04,1557
0.04,1524
0.04,1249
0.04,1622
0.04,1516
0.04,1575
0.04,1551
0.04,1520
0.04,1511
0.04,1616
0.04,1501
0.04,1484
0.04,1537
0.04,1587
0.04,1596
0.04,1495
0.04,1553
0.04,1660
0.04,1499
0.04,1516
0.04,1639
0.04,603
0.04,1432
0.04,1596
0.04,1553
0.04,1597
0.04,1595
0.04,1563
0.04,1399
0.04,1626
0.04,1654
0.04,1623
0.04,1465
0.04,1600
0.04,1495
0.04,1579
0.04,1480
0.04,1548
0.04,1558
0.04,1456
0.04,1547
0.04,1585
0.04,1326
0.04,1562
0.04,1513
0.04,1489
0.04,1553
0.04,1535
0.04,1389
0.04,1563
0.04,1507
0.04,1531
0.04,1564
0.04,1627
0.04,1620
0.04,1577
0.04,1499
0.04,1546
0.04,1555
0.04,1658
0.04,1484
0.04,1605
0.04,1482
0.04,1494
0.04,1472
0.04,1652
0.04,1506
0.04,1586
0.04,1498
0.04,1417
0.04,1495
0.04,1357
0.04,1122
0.04,1497
0.04,1406
