0.1,1235
0.1,1209
0.1,1190
0.1,1191
0.1,1064
0.1,1045
0.1,1159
0.1,1152
0.1,1177
0.1,1245
0.1,1183
0.1,1030
0.1,781
0.1,1171
0.1,1168
0.1,1124
0.1,1188
0.1,1093
0.1,1211
0.1,1043
0.1,1223
0.1,1173
0.1,1266
0.1,1233
0.1,1219
0.1,1235
0.1,1224
0.1,1251
0.1,676
0.1,1141
0.1,1024
0.1,1189
0.1,965
0.1,1219
0.1,930
0.1,1270
0.1,997
0.1,1230
0.1,298
0.1,1152
0.1,753
0.1,1050
0.1,717
0.1,1147
0.1,1004
0.1,1144
0.1,1168
0.1,1264
0.1,999
0.1,969
0.1,1243
0.1,1308
0.1,1324
0.1,1310
0.1,1187
0.1,1179
0.1,1121
0.1,1023
0.1,1179
0.1,1174
0.1,1297
0.1,1192
0.1,1170
0.1,1122
0.1,1306
0.1,1069
0.1,1118
0.1,1040
0.1,1308
0.1,1241
0.1,1175
0.1,1229
0.1,708
0.1,1236
0.1,1331
0.1,1233
0.1,1155
0.1,55
0.1,1021
0.1,1233
0.1,1176
0.1,1240
0.1,1015
0.1,1219
0.1,1233
0.1,1302
0.1,1129
0.1,1352
0.1,1106
0.1,1196
0.1,1233
0.1,1179
0.1,1117
0.1,1113
0.1,1241
0.1,1269
0.1,1264
0.1,1067
0.1,1270
0.1,1228
0.1,1170
0.1,1102
0.1,961
0.1,1271
0.1,1033
0.1,1333
0.1,1129
0.1,985
0.1,1151
0.1,1088
0.1,897
0.1,1117
0.1,695
0.1,1213
0.1,1040
0.1,1263
0.1,1134
0.1,1209
0.1,822
0.1,1209
0.1,935
0.1,1259
0.1,1293
0.1,705
0.1,1145
0.1,823
0.1,686
0.1,1154
0.1,584
0.1,710
0.1,1266
0.1,1133
0.1,789
0.1,1205
0.1,1278
0.1,1271
0.1,963
0.1,1108
0.1,1198
0.1,1291
0.1,1042
0.1,904
0.1,1190
0.1,712
0.1,1237
0.1,1150
0.1,1239
0.1,446
0.1,1247
0.1,1255
0.1,948
0.1,1182
0.1,1134
0.1,1240
0.1,1250
0.1,1111
0.1,1241
0.1,1179
0.1,926
0.1,1275
0.1,1059
0.1,1082
0.1,1275
0.1,1256
0.1,1115
0.1,1072
0.1,1083
0.1,1003
0.1,1144
0.1,1197
0.1,486
0.1,1135
0.1,1169
0.1,977
0.1,1185
0.1,1261
0.1,1014
0.1,1293
0.1,1200
0.1,1304
0.1,1299
0.1,979
0.1,813
0.1,1237
0.1,1268
0.1,1207
0.1,1205
0.1,949
0.1,1158
0.1,857
0.1,960
0.1,1144
0.1,928
0.1,1272
0.1,1231
0.1,1209
0.1,1058
0.1,1095
0.1,1261
0.1,1068
0.1,940
0.1,1275
0.1,939
0.1,1266
0.1,1027
0.1,1191
0.1,1249
0.1,1110
0.1,1137
0.1,1254
0.1,1162
0.1,1303
0.1,1138
0.1,1077
0.1,1198
0.1,1149
0.1,1100
0.1,1218
0.1,1259
0.1,830
0.1,1314
0.1,1082
0.1,1149
0.1,1211
0.1,1107
0.1,1191
0.1,1201
0.1,1134
0.1,998
0.1,821
0.1,1336
0.1,1206
0.1,256
0.1,1152
0.1,1194
0.1,637
0.1,730
0.1,1171
0.1,949
0.1,1250
0.1,791
0.1,917
0.1,92
0.1,1234
0.1,1059
0.1,1117
0.1,396
0.1,1251
0.1,1175
0.1,1121
0.1,1287
0.1,1169
0.1,1240
0.1,832
0.1,280
0.1,1038
0.1,1110
0.1,1223
0.1,1086
0.1,915
0.1,590
0.1,1288
0.1,857
0.1,869
0.1,1016
0.1,936
0.1,1263
0.1,1337
0.1,541
0.1,559
0.1,666
0.1,1221
0.1,1224
0.1,512
0.1,1098
0.1,1270
0.1,983
0.1,1171
0.1,1186
0.1,1264
0.1,982
0.1,1143
0.1,1225
0.1,1146
0.1,1160
0.1,1305
0.1,1296
0.1,978
0.1,1258
0.1,814
0.1,1121
0.1,1046
0.1,1176
0.1,836
0.1,1085
0.1,1221
0.1,703
0.1,1244
0.1,1268
0.1,1099
0.1,1003
0.1,1193
0.1,1195
0.1,1177
0.1,1060
0.1,1050
0.1,884
0.1,1227
0.1,1283
0.1,939
0.1,888
0.1,1213
0.1,1088
0.1,1102
0.1,1216
0.1,1283
0.1,173
0.1,1161
0.1,1048
0.1,817
0.1,421
0.1,1159
0.1,948
0.1,1281
0.1,1187
0.1,1216
0.1,1113
0.1,1175
0.1,1170
0.1,1206
0.1,1191
0.1,375
0.1,1248
0.1,1072
0.1,1169
0.1,48
0.1,1266
0.1,299
0.1,1239
0.1,429
0.1,1257
0.1,1328
0.1,1265
0.1,411
0.1,267
0.1,1082
0.1,1231
0.1,1234
0.1,1077
0.1,1315
0.1,1256
0.1,1034
0.1,1324
0.1,1195
0.1,1295
0.1,768
0.1,578
0.1,1197
0.1,1095
0.1,1115
0.1,1197
0.1,734
0.1,1093
0.1,1209
0.1,1167
0.1,1093
0.1,1220
0.1,527
0.1,1331
0.1,1091
0.1,1127
0.1,1240
0.1,1031
0.1,980
0.1,1090
0.1,1244
0.1,946
0.1,1117
0.1,1263
0.1,1100
0.1,1178
0.1,1033
0.1,1229
0.1,194
0.1,1180
0.1,1220
0.1,1196
0.1,1214
0.1,840
0.1,1101
0.1,1108
0.1,1171
0.1,1164
0.1,1301
0.1,1095
0.1,1216
0.1,1268
0.1,1099
0.1,1169
0.1,1267
0.1,283
0.1,1124
0.1,1279
0.1,1341
0.1,1237
0.1,1285
0.1,890
0.1,1214
0.1,1168
0.1,1126
0.1,1001
0.1,1154
0.1,1083
0.1,1226
0.1,813
0.1,727
0.1,1224
0.1,1232
0.1,1153
0.1,1095
0.1,1075
0.1,1179
0.1,1170
0.1,1153
0.1,1135
0.1,232
0.1,1289
0.1,939
0.1,1086
0.1,1182
0.1,1224
0.1,793
0.1,1224
0.1,1070
0.1,1304
0.1,1256
0.1,1071
0.1,1271
0.1,1217
0.1,489
0.1,874
0.1,840
0.1,1229
0.1,1228
0.1,1274
0.1,1258
0.1,1198
0.1,1200
0.1,1218
0.1,490
0.1,1180
0.1,1100
0.1,1097
0.1,1052
0.1,1176
0.1,1197
0.1,1004
0.1,1090
0.1,316
0.1,875
0.1,1209
0.1,1105
0.1,117
0.1,959
0.1,752
0.1,1331
0.1,1152
0.1,287
0.1,1244
0.1,1216
0.1,883
0.1,1063
0.1,369
0.1,864
0.1,1211
0.1,1260
0.1,1044
0.1,1139
0.1,1260
0.1,1143
0.1,817
0.1,1201
0.1,1222
0.1,1279
0.1,1147
0.1,1281
0.1,1250
0.1,1142
0.1,998
0.1,1282
0.1,663
0.1,1006
0.1,1080
0.1,853
0.1,1286
0.1,1044
0.1,772
0.1,962
0.1,1198
0.1,1238
0.1,1076
0.1,1208
0.1,1229
0.1,1226
0.1,1201
0.1,1142
0.1,1242
0.1,1248
0.1,758
0.1,1058
0.1,1228
0.1,1137
0.1,1217
0.1,284
0.1,1082
0.1,997
0.1,1022
0.1,1105
0.1,1162
0.1,1259
0.1,1044
0.1,1227
0.1,720
0.1,367
0.1,1300
0.1,1253
0.1,794
0.1,866
0.1,1151
0.1,1282
0.1,1039
0.1,1226
0.1,1047
0.1,1035
0.1,1161
0.1,1108
0.1,1213
0.1,1016
0.1,1122
0.1,911
0.1,1157
0.1,1126
0.1,1147
0.1,1165
0.1,939
0.1,932
0.1,721
0.1,1146
0.1,1273
0.1,1262
0.1,588
0.1,1007
0.1,1317
0.1,1279
0.1,1155
0.1,1179
0.1,1300
0.1,248
0.1,1234
0.1,1261
0.1,649
0.1,1144
0.1,493
0.1,1246
0.1,1280
0.1,1199
0.1,1108
0.1,828
0.1,1200
0.1,1144
0.1,950
0.1,1168
0.1,1210
0.1,889
0.1,1162
0.1,880
0.1,1034
0.1,1085
0.1,1248
0.1,1213
0.1,1294
0.1,1178
0.1,1101
0.1,1211
0.1,1054
0.1,1168
0.1,1268
0.1,1294
0.1,746
0.1,1215
0.1,1036
0.1,1144
0.1,1092
0.1,1002
0.1,1160
0.1,1050
0.1,1144
0.1,237
0.1,939
0.1,1180
0.1,1022
0.1,1102
0.1,951
0.1,1020
0.1,1025
0.1,1293
0.1,1218
0.1,1227
0.1,434
0.1,1154
0.1,537
0.1,1203
0.1,819
0.1,1202
0.1,719
0.1,1269
0.1,908
0.1,1160
0.1,1285
0.1,1201
0.1,1166
0.1,1211
0.1,1306
0.1,89
0.1,1115
0.1,904
0.1,553
0.1,1185
0.1,1022
0.1,1018
0.1,1167
0.1,329
0.1,1220
0.1,557
0.1,1045
0.1,444
0.1,1205
0.1,1194
0.1,1256
0.1,1003
0.1,1210
0.1,276
0.1,1003
0.1,677
0.1,1012
0.1,1177
0.1,1287
0.1,1001
0.1,1229
0.1,1178
0.1,899
0.1,1165
0.1,1268
0.1,1035
0.1,732
0.1,1077
0.1,1207
0.1,1200
0.1,1078
0.1,1176
0.1,999
0.1,1070
0.1,1151
0.1,848
0.1,1260
0.1,1251
0.1,1232
0.1,1039
0.1,1218
0.1,484
0.1,1325
0.1,75
0.1,1196
0.1,62
0.1,1175
0.1,75
0.1,992
0.1,890
0.1,1262
0.1,472
0.1,1276
0.1,1132
0.1,1255
0.1,955
0.1,1288
0.1,1006
0.1,1141
0.1,988
0.1,1269
0.1,1194
0.1,1035
0.1,1229
0.1,950
0.1,861
0.1,1028
0.1,1171
0.1,1137
0.1,1137
0.1,1147
0.1,1171
0.1,688
0.1,1180
0.1,1201
0.1,1287
0.1,1116
0.1,1214
0.1,1198
0.1,1146
0.1,1241
0.1,1317
0.1,1301
0.1,107
0.1,1128
0.1,939
0.1,1018
0.1,1029
0.1,953
0.1,1216
0.1,1097
0.1,1213
0.1,1103
0.1,1051
0.1,1104
0.1,1265
0.1,1235
0.1,1171
0.1,1034
0.1,312
0.1,1158
0.1,463
0.1,1197
0.1,1132
0.1,1154
0.1,1156
0.1,1220
0.1,1064
0.1,777
0.1,1120
0.1,741
0.1,1032
0.1,1301
0.1,1200
0.1,1060
0.1,1192
0.1,1227
0.1,895
0.1,1294
0.1,1214
0.1,1222
0.1,1236
0.1,1071
0.1,937
0.1,1234
0.1,1143
0.1,892
0.1,1251
0.1,1173
0.1,1241
0.1,1355
0.1,1239
0.1,1231
0.1,1226
0.1,1234
0.1,1171
0.1,1371
0.1,1156
0.1,1048
0.1,958
0.1,1135
0.1,186
0.1,1218
0.1,111
0.1,1013
0.1,1238
0.1,581
0.1,1311
0.1,1030
0.1,1253
0.1,1208
0.1,973
0.1,1230
0.1,1272
0.1,922
0.1,1212
0.1,1123
0.1,918
0.1,1202
0.1,1136
0.1,1280
0.1,1283
0.1,932
0.1,1121
0.1,1110
0.1,1215
0.1,1244
0.1,910
0.1,1242
0.1,309
0.1,1036
0.1,907
0.1,1178
0.1,1223
0.1,1248
0.1,1245
0.1,1071
0.1,1077
0.1,1179
0.1,1236
0.1,1072
0.1,1161
0.1,683
0.1,1202
0.1,182
0.1,939
0.1,225
0.1,1282
0.1,1179
0.1,1254
0.1,1180
0.1,1167
0.1,1338
0.1,1186
0.1,755
0.1,703
0.1,1177
0.1,958
0.1,1218
0.1,1078
0.1,818
0.1,986
0.1,814
0.1,1240
0.1,880
0.1,857
0.1,1161
0.1,1286
0.1,479
0.1,206
0.1,1298
0.1,1185
0.1,1253
0.1,1239
0.1,1047
0.1,1245
0.1,17
0.1,1260
0.1,1243
0.1,1147
0.1,1118
0.1,1195
0.1,1232
0.1,1336
0.1,1193
0.1,1179
0.1,1023
0.1,1198
0.1,1151
0.1,1230
0.1,1293
0.1,1210
0.1,1213
0.1,1177
0.1,1112
0.1,393
0.1,413
0.1,870
0.1,1266
0.1,1019
0.1,881
0.1,1207
0.1,1133
0.1,1164
0.1,1267
0.1,1311
0.1,1252
0.1,186
0.1,908
0.1,1222
0.1,1194
0.1,1237
0.1,1317
0.1,881
0.1,730
0.1,1193
0.1,1059
0.1,1239
0.1,1270
0.1,1248
0.1,991
0.1,861
0.1,1270
0.1,1281
0.1,1117
0.1,1262
0.1,1113
0.1,1138
0.1,936
0.1,1150
0.1,1234
0.1,957
0.1,1256
0.1,17
0.1,993
0.1,1225
0.1,1169
0.1,1271
0.1,1148
0.1,1092
0.1,1036
0.1,1072
0.1,1190
0.1,1229
0.1,1238
0.1,1221
0.1,860
0.1,975
0.1,1109
0.1,1239
0.1,1272
0.1,1218
0.1,1180
0.1,732
0.1,821
0.1,1216
0.1,1173
0.1,1072
0.1,849
0.1,1186
0.1,832
0.1,1229
0.1,1062
0.1,1261
0.1,1121
0.1,1192
0.1,820
0.1,1111
0.1,1231
0.1,1237
0.1,1193
0.1,1164
0.1,843
0.1,1043
0.1,1048
0.1,1187
0.1,788
0.1,1299
0.1,1161
0.1,931
0.1,1187
0.1,1092
0.1,1178
0.1,1024
0.1,1019
0.1,977
0.1,1016
0.1,1212
0.1,1083
0.1,470
0.1,1259
0.1,1229
0.1,1021
0.1,1236
0.1,1324
0.1,588
0.1,1217
0.1,1114
0.1,1290
0.1,1247
0.1,1314
0.1,817
0.1,1174
0.1,955
0.1,345
0.1,589
0.1,1235
0.1,1150
0.1,1045
0.1,1184
0.1,1002
0.1,1275
0.1,992
0.1,1264
0.1,150
0.1,1057
0.1,1077
0.1,1249
0.1,1098
0.1,771
0.1,1187
0.1,1153
0.1,1219
0.1,908
0.1,1265
0.1,1358
0.1,1071
0.1,1199
0.1,189
0.1,1231
0.1,1125
0.1,1252
