0.01,712
0.01,364
0.01,852
0.01,473
0.01,317
0.01,58
0.01,575
0.01,377
0.01,554
0.01,960
0.01,906
0.01,860
0.01,182
0.01,1039
0.01,362
0.01,933
0.01,151
0.01,1140
0.01,394
0.01,730
0.01,491
0.01,123
0.01,502
0.01,79
0.01,1112
0.01,782
0.01,492
0.01,357
0.01,1378
0.01,404
0.01,805
0.01,291
0.01,867
0.01,209
0.01,926
0.01,563
0.01,1190
0.01,1221
0.01,439
0.01,912
0.01,759
0.01,291
0.01,915
0.01,949
0.01,299
0.01,474
0.01,1125
0.01,615
0.01,122
0.01,857
0.01,406
0.01,724
0.01,197
0.01,607
0.01,280
0.01,1122
0.01,850
0.01,554
0.01,930
0.01,767
0.01,787
0.01,1004
0.01,866
0.01,775
0.01,1056
0.01,698
0.01,429
0.01,421
0.01,851
0.01,254
0.01,88
0.01,498
0.01,787
0.01,219
0.01,363
0.01,671
0.01,461
0.01,568
0.01,786
0.01,842
0.01,307
0.01,784
0.01,584
0.01,987
0.01,403
0.01,745
0.01,435
0.01,307
0.01,1134
0.01,865
0.01,431
0.01,854
0.01,1010
0.01,310
0.01,580
0.01,550
0.01,972
0.01,731
0.01,593
0.01,739
0.01,1206
0.01,387
0.01,725
0.01,898
0.01,474
0.01,625
0.01,1014
0.01,289
0.01,483
0.01,271
0.01,883
0.01,703
0.01,1142
0.01,373
0.01,644
0.01,38
0.01,224
0.01,810
0.01,1147
0.01,373
0.01,147
0.01,394
0.01,666
0.01,486
0.01,89
0.01,870
0.01,311
0.01,78
0.01,707
0.01,652
0.01,654
0.01,1088
0.01,677
0.01,930
0.01,1038
0.01,346
0.01,75
0.01,753
0.01,100
0.01,1360
0.01,435
0.01,1006
0.01,1189
0.01,1021
0.01,1113
0.01,1067
0.01,393
0.01,892
0.01,896
0.01,211
0.01,646
0.01,103
0.01,681
0.01,823
0.01,672
0.01,492
0.01,684
0.01,674
0.01,420
0.01,474
0.01,763
0.01,493
0.01,713
0.01,311
0.01,368
0.01,425
0.01,589
0.01,975
0.01,420
0.01,553
0.01,146
0.01,113
0.01,1037
0.01,746
0.01,255
0.01,956
0.01,540
0.01,854
0.01,824
0.01,1103
0.01,936
0.01,194
0.01,577
0.01,1074
0.01,891
0.01,978
0.01,649
0.01,605
0.01,556
0.01,770
0.01,1194
0.01,1095
0.01,1085
0.01,462
0.01,862
0.01,1038
0.01,433
0.01,823
0.01,625
0.01,986
0.01,171
0.01,326
0.01,318
0.01,366
0.01,1109
0.01,921
0.01,931
0.01,263
0.01,1203
0.01,552
0.01,964
0.01,748
0.01,584
0.01,1124
0.01,599
0.01,1233
0.01,611
0.01,299
0.01,433
0.01,691
0.01,831
0.01,349
0.01,435
0.01,271
0.01,962
0.01,462
0.01,719
0.01,1098
0.01,579
0.01,956
0.01,782
0.01,181
0.01,819
0.01,793
0.01,365
0.01,373
0.01,227
0.01,801
0.01,234
0.01,612
0.01,385
0.01,855
0.01,1235
0.01,159
0.01,877
0.01,1033
0.01,713
0.01,639
0.01,576
0.01,475
0.01,655
0.01,687
0.01,467
0.01,1061
0.01,691
0.01,372
0.01,617
0.01,384
0.01,1079
0.01,531
0.01,926
0.01,445
0.01,1104
0.01,762
0.01,1003
0.01,72
0.01,425
0.01,696
0.01,738
0.01,329
0.01,1034
0.01,480
0.01,263
0.01,1231
0.01,345
0.01,756
0.01,1141
0.01,660
0.01,830
0.01,441
0.01,548
0.01,885
0.01,656
0.01,470
0.01,788
0.01,662
0.01,540
0.01,1094
0.01,617
0.01,744
0.01,1118
0.01,651
0.01,425
0.01,1060
0.01,468
0.01,1079
0.01,248
0.01,467
0.01,637
0.01,887
0.01,250
0.01,946
0.01,180
0.01,1340
0.01,153
0.01,1060
0.01,927
0.01,1005
0.01,831
0.01,1283
0.01,381
0.01,1016
0.01,123
0.01,982
0.01,711
0.01,952
0.01,564
0.01,861
0.01,108
0.01,866
0.01,587
0.01,685
0.01,833
0.01,184
0.01,854
0.01,646
0.01,198
0.01,485
0.01,541
0.01,335
0.01,258
0.01,737
0.01,537
0.01,419
0.01,343
0.01,623
0.01,947
0.01,383
0.01,589
0.01,264
0.01,474
0.01,609
0.01,111
0.01,320
0.01,446
0.01,946
0.01,658
0.01,310
0.01,805
0.01,254
0.01,676
0.01,731
0.01,937
0.01,641
0.01,733
0.01,954
0.01,615
0.01,866
0.01,639
0.01,643
0.01,888
0.01,752
0.01,520
0.01,676
0.01,954
0.01,517
0.01,355
0.01,725
0.01,663
0.01,248
0.01,972
0.01,563
0.01,893
0.01,209
0.01,624
0.01,571
0.01,317
0.01,837
0.01,304
0.01,775
0.01,581
0.01,630
0.01,571
0.01,161
0.01,591
0.01,653
0.01,283
0.01,388
0.01,93
0.01,875
0.01,1040
0.01,897
0.01,919
0.01,595
0.01,853
0.01,796
0.01,487
0.01,714
0.01,402
0.01,752
0.01,822
0.01,839
0.01,923
0.01,897
0.01,590
0.01,894
0.01,923
0.01,864
0.01,147
0.01,250
0.01,1120
0.01,619
0.01,333
0.01,1313
0.01,952
0.01,30
0.01,327
0.01,912
0.01,357
0.01,555
0.01,1309
0.01,438
0.01,832
0.01,289
0.01,720
0.01,885
0.01,1173
0.01,867
0.01,557
0.01,413
0.01,43
0.01,707
0.01,341
0.01,225
0.01,904
0.01,124
0.01,729
0.01,800
0.01,1087
0.01,904
0.01,886
0.01,629
0.01,819
0.01,412
0.01,555
0.01,1069
0.01,208
0.01,1135
0.01,1111
0.01,596
0.01,971
0.01,1030
0.01,247
0.01,1137
0.01,962
0.01,711
0.01,825
0.01,594
0.01,807
0.01,797
0.01,639
0.01,1125
0.01,631
0.01,438
0.01,152
0.01,817
0.01,931
0.01,426
0.01,1128
0.01,560
0.01,392
0.01,675
0.01,329
0.01,766
0.01,522
0.01,395
0.01,1077
0.01,1113
0.01,225
0.01,632
0.01,1124
0.01,853
0.01,1008
0.01,772
0.01,596
0.01,414
0.01,374
0.01,722
0.01,416
0.01,710
0.01,426
0.01,861
0.01,1141
0.01,787
0.01,436
0.01,853
0.01,690
0.01,1022
0.01,369
0.01,620
0.01,930
0.01,523
0.01,1112
0.01,161
0.01,867
0.01,842
0.01,299
0.01,607
0.01,539
0.01,415
0.01,973
0.01,941
0.01,407
0.01,1044
0.01,387
0.01,50
0.01,592
0.01,918
0.01,335
0.01,597
0.01,167
0.01,315
0.01,223
0.01,239
0.01,1330
0.01,861
0.01,410
0.01,462
0.01,610
0.01,829
0.01,1020
0.01,1045
0.01,137
0.01,557
0.01,916
0.01,423
0.01,854
0.01,604
0.01,1102
0.01,310
0.01,252
0.01,1067
0.01,880
0.01,1160
0.01,672
0.01,678
0.01,654
0.01,790
0.01,423
0.01,637
0.01,574
0.01,1102
0.01,435
0.01,869
0.01,880
0.01,852
0.01,885
0.01,780
0.01,356
0.01,804
0.01,765
0.01,922
0.01,641
0.01,879
0.01,953
0.01,794
0.01,164
0.01,488
0.01,650
0.01,1193
0.01,1001
0.01,975
0.01,20
0.01,785
0.01,620
0.01,837
0.01,858
0.01,722
0.01,243
0.01,916
0.01,947
0.01,591
0.01,670
0.01,317
0.01,79
0.01,711
0.01,978
0.01,1045
0.01,339
0.01,884
0.01,1014
0.01,567
0.01,752
0.01,650
0.01,151
0.01,701
0.01,354
0.01,1074
0.01,476
0.01,1080
0.01,333
0.01,1329
0.01,810
0.01,736
0.01,219
0.01,1137
0.01,743
0.01,92
0.01,961
0.01,528
0.01,660
0.01,898
0.01,725
0.01,252
0.01,1075
0.01,747
0.01,509
0.01,1283
0.01,121
0.01,291
0.01,513
0.01,474
0.01,601
0.01,621
0.01,494
0.01,242
0.01,448
0.01,324
0.01,283
0.01,774
0.01,469
0.01,180
0.01,635
0.01,365
0.01,728
0.01,741
0.01,7
0.01,669
0.01,1158
0.01,1008
0.01,621
0.01,1097
0.01,466
0.01,236
0.01,628
0.01,949
0.01,862
0.01,842
0.01,627
0.01,819
0.01,305
0.01,315
0.01,463
0.01,180
0.01,455
0.01,218
0.01,792
0.01,833
0.01,566
0.01,857
0.01,927
0.01,831
0.01,882
0.01,835
0.01,685
0.01,425
0.01,297
0.01,1108
0.01,1142
0.01,1230
0.01,425
0.01,196
0.01,959
0.01,694
0.01,768
0.01,549
0.01,866
0.01,672
0.01,374
0.01,285
0.01,1023
0.01,1032
0.01,753
0.01,124
0.01,252
0.01,142
0.01,953
0.01,477
0.01,991
0.01,1133
0.01,773
0.01,798
0.01,395
0.01,402
0.01,891
0.01,395
0.01,1084
0.01,752
0.01,437
0.01,401
0.01,358
0.01,640
0.01,979
0.01,426
0.01,280
0.01,866
0.01,641
0.01,668
0.01,996
0.01,1116
0.01,514
0.01,1102
0.01,374
0.01,416
0.01,629
0.01,372
0.01,470
0.01,779
0.01,614
0.01,705
0.01,313
0.01,763
0.01,202
0.01,350
0.01,450
0.01,1121
0.01,906
0.01,1062
0.01,335
0.01,769
0.01,622
0.01,872
0.01,622
0.01,420
0.01,920
0.01,416
0.01,636
0.01,488
0.01,636
0.01,972
0.01,247
0.01,726
0.01,975
0.01,1166
0.01,798
0.01,944
0.01,725
0.01,755
0.01,813
0.01,353
0.01,533
0.01,365
0.01,552
0.01,840
0.01,537
0.01,1195
0.01,1292
0.01,1091
0.01,503
0.01,148
0.01,1068
0.01,690
0.01,375
0.01,1228
0.01,1073
0.01,849
0.01,801
0.01,24
0.01,939
0.01,60
0.01,81
0.01,927
0.01,864
0.01,737
0.01,347
0.01,678
0.01,909
0.01,369
0.01,950
0.01,537
0.01,487
0.01,410
0.01,201
0.01,665
0.01,616
0.01,698
0.01,945
0.01,728
0.01,389
0.01,792
0.01,1025
0.01,519
0.01,441
0.01,812
0.01,469
0.01,938
0.01,705
0.01,690
0.01,364
0.01,681
0.01,321
0.01,542
0.01,1000
0.01,883
0.01,752
0.01,732
0.01,858
0.01,1048
0.01,606
0.01,850
0.01,752
0.01,356
0.01,639
0.01,813
0.01,1169
0.01,743
0.01,488
0.01,374
0.01,1213
0.01,1012
0.01,754
0.01,1046
0.01,782
0.01,644
0.01,317
0.01,632
0.01,148
0.01,310
0.01,260
0.01,554
0.01,653
0.01,764
0.01,934
0.01,1266
0.01,780
0.01,187
0.01,677
0.01,719
0.01,353
0.01,590
0.01,1251
0.01,239
0.01,1140
0.01,672
0.01,339
0.01,159
0.01,1191
0.01,849
0.01,1125
0.01,497
0.01,706
0.01,249
0.01,1143
0.01,327
0.01,815
0.01,524
0.01,964
0.01,614
0.01,1028
0.01,502
0.01,652
0.01,391
0.01,382
0.01,503
0.01,889
0.01,537
0.01,618
0.01,644
0.01,676
0.01,461
0.01,282
0.01,551
0.01,708
0.01,779
0.01,538
0.01,752
0.01,736
0.01,877
0.01,402
0.01,122
0.01,1224
0.01,394
0.01,334
0.01,893
0.01,423
0.01,617
0.01,532
0.01,521
0.01,1228
0.01,688
0.01,438
0.01,396
0.01,754
0.01,621
0.01,849
0.01,386
0.01,754
0.01,220
0.01,610
0.01,529
0.01,648
0.01,789
0.01,212
0.01,756
0.01,1071
0.01,640
0.01,833
0.01,879
0.01,820
0.01,739
0.01,848
0.01,685
0.01,1013
0.01,484
0.01,817
0.01,720
0.01,288
0.01,627
0.01,583
0.01,655
0.01,554
0.01,631
0.01,383
0.01,366
0.01,665
0.01,883
0.01,772
0.01,548
0.01,104
0.01,200
0.01,729
0.01,833
0.01,755
0.01,826
0.01,463
0.01,888
0.01,214
0.01,898
0.01,921
0.01,410
0.01,707
0.01,1226
0.01,422
0.01,592
0.01,601
0.01,524
0.01,1099
0.01,997
0.01,705
0.01,1227
0.01,560
0.01,914
0.01,122
0.01,502
0.01,874
0.01,917
0.01,460
0.01,657
0.01,792
0.01,1018
0.01,215
0.01,323
0.01,937
0.01,879
0.01,947
0.01,195
0.01,829
0.01,1116
0.01,21
0.01,787
0.01,1155
0.01,678
0.01,1177
0.01,605
0.01,481
0.01,682
0.01,1090
0.01,981
0.01,642
0.01,790
0.01,662
0.01,956
0.01,558
0.01,792
0.01,384
0.01,511
0.01,246
0.01,65
0.01,357
0.01,785
0.01,936
0.01,1031
0.01,1109
0.01,78
0.01,365
0.01,1078
0.01,664
0.01,720
0.01,375
0.01,666
