75,952
48,391
69,715
84,608
64,633
48,1028
64,569
68,691
53,88
57,79
50,1037
64,340
52,141
47,841
67,545
63,33
76,586
71,438
86,774
53,196
69,672
62,619
58,710
58,10
58,406
63,225
50,427
66,210
61,142
65,497
72,647
43,549
68,233
47,37
69,218
60,846
76,118
66,806
59,547
60,561
43,444
54,666
69,582
73,108
58,239
65,456
65,324
60,201
76,120
65,116
52,321
61,881
74,25
63,814
57,268
72,388
55,225
52,255
67,626
65,447
54,564
61,333
61,604
61,726
58,853
65,21
64,615
62,372
64,870
55,190
73,514
59,328
61,570
57,271
53,78
83,219
74,716
71,399
58,579
62,382
58,712
50,11
56,71
62,799
50,158
56,223
68,11
63,536
50,290
63,717
47,544
62,549
73,527
54,660
51,374
59,354
64,733
47,794
54,638
68,385
68,466
61,477
53,209
62,705
73,475
62,517
60,651
62,168
57,656
57,270
57,440
68,827
60,5
62,853
48,531
63,432
54,782
48,826
54,381
64,137
72,435
60,324
58,317
63,532
59,865
65,7
64,366
60,913
58,800
62,810
51,79
51,460
61,949
77,299
71,367
64,724
42,732
64,43
62,284
61,394
62,66
46,86
48,411
55,572
61,418
56,288
65,529
66,343
49,241
58,753
48,460
68,765
52,662
57,269
52,29
71,78
49,626
55,536
48,510
60,884
55,71
56,623
46,760
50,819
55,572
71,75
60,77
67,610
61,575
72,131
49,185
57,148
63,259
65,321
51,580
64,327
49,605
54,43
57,368
51,653
63,49
60,137
59,271
53,759
61,868
61,305
68,127
47,683
53,713
64,121
61,446
44,689
64,532
67,858
58,45
52,829
64,856
66,200
52,291
47,621
50,923
56,347
66,554
55,159
67,628
60,931
63,406
55,560
68,497
46,403
56,402
56,497
67,269
50,292
52,84
56,313
41,683
58,357
55,748
67,640
55,317
67,223
56,740
52,405
68,177
54,262
66,42
60,416
63,286
58,697
59,429
61,738
65,365
54,500
73,1111
71,368
66,921
78,997
56,251
55,675
61,512
57,871
48,364
68,157
59,568
66,890
53,190
70,364
60,620
65,837
70,328
69,878
63,615
61,301
51,218
67,579
59,686
73,600
68,85
44,408
59,58
65,620
61,35
58,470
51,36
52,896
52,318
60,358
71,522
55,492
64,677
68,578
60,553
75,655
58,825
66,349
49,244
53,298
64,401
60,644
56,359
74,516
63,204
70,532
63,900
63,575
52,735
70,450
66,352
53,140
57,340
58,169
47,589
48,51
66,507
55,8
65,249
56,558
54,808
53,985
71,679
59,863
66,445
62,320
66,644
73,97
63,41
63,489
53,640
52,637
60,601
51,749
56,797
55,207
56,657
69,193
56,259
63,533
60,752
62,559
61,376
66,705
59,167
57,338
61,311
76,59
59,708
49,244
59,324
64,666
54,644
42,569
62,573
60,110
49,432
59,62
57,404
57,593
57,169
57,695
62,400
75,733
72,151
61,387
56,433
64,510
45,567
66,856
59,36
71,844
61,5
57,71
65,462
58,618
64,580
62,554
65,339
56,65
55,129
59,51
80,593
58,500
71,746
83,8
58,107
69,882
55,890
60,197
51,216
64,539
45,275
67,85
60,128
57,855
63,453
68,480
50,144
53,11
80,116
60,122
62,313
57,295
64,506
58,338
67,304
58,343
68,563
57,759
61,360
66,963
66,736
60,359
69,818
69,561
52,308
74,372
69,688
55,761
59,691
59,315
58,841
58,48
57,131
72,1001
60,765
66,16
52,268
61,326
56,8
53,511
49,619
70,226
71,542
48,467
54,468
60,13
49,196
55,645
58,217
63,417
58,553
59,595
58,538
61,473
56,563
65,280
44,466
51,435
50,599
69,219
63,945
62,306
52,494
46,292
67,179
63,212
69,267
62,794
77,846
59,436
58,225
61,529
71,305
60,459
50,447
66,507
65,292
59,680
64,286
59,576
73,624
70,113
52,649
70,129
51,87
66,34
66,758
64,302
63,804
64,166
61,657
54,444
49,18
60,1008
58,33
58,797
58,177
59,383
62,680
54,313
51,862
57,169
62,34
63,100
60,197
61,428
51,188
63,522
63,77
56,619
65,200
55,149
70,346
49,262
54,900
51,97
62,25
61,456
52,31
66,318
73,342
60,36
62,72
59,226
57,197
58,961
54,373
57,394
54,867
47,152
53,75
53,678
72,111
66,493
57,384
64,418
77,440
62,1000
67,672
60,708
66,737
54,504
57,211
74,199
55,472
63,472
62,797
68,175
63,184
72,752
59,186
61,267
61,369
58,705
64,497
50,656
56,557
68,109
49,327
64,362
45,389
65,459
65,41
66,329
67,547
54,494
83,590
62,190
56,217
56,101
65,336
57,174
79,28
53,190
58,628
47,329
69,322
56,702
57,764
72,208
58,60
62,259
54,441
61,108
64,267
50,838
51,562
55,14
54,342
50,194
59,290
77,260
57,192
63,827
58,743
58,97
65,363
57,712
64,447
46,246
73,727
70,239
53,516
51,383
52,51
53,619
52,81
43,26
65,491
78,905
55,762
66,791
64,683
58,874
69,835
53,169
60,514
67,75
57,754
55,81
76,602
53,399
58,674
67,99
72,83
53,525
43,307
63,750
59,692
58,237
63,41
58,388
47,567
64,287
52,637
74,242
65,34
61,803
62,559
48,272
66,39
68,199
72,834
62,16
51,551
54,190
60,395
64,840
45,204
60,125
63,42
65,42
63,385
44,947
56,115
58,242
62,619
56,682
64,590
57,846
54,267
66,540
60,524
58,182
54,373
69,296
68,826
65,792
53,286
57,191
73,584
69,302
71,675
73,17
55,507
73,612
62,690
59,240
61,463
59,31
51,198
62,617
47,713
49,871
52,89
56,610
47,342
55,713
65,311
62,813
70,92
56,771
67,406
59,64
85,790
64,865
54,459
52,424
56,596
50,588
59,386
68,126
65,660
69,495
62,717
61,555
61,148
66,914
50,638
64,243
55,585
61,397
49,105
63,239
58,752
73,644
73,555
50,397
56,103
58,1023
60,562
64,72
50,625
51,79
48,216
65,227
59,791
56,587
59,478
59,2
74,63
62,94
63,551
62,1019
52,294
62,365
73,545
54,211
63,47
64,176
60,50
66,47
56,962
66,833
71,567
54,231
55,272
66,24
53,728
52,436
56,955
50,174
60,460
62,210
62,385
42,986
64,169
56,747
68,389
55,360
77,599
71,504
43,180
58,981
60,113
67,332
60,63
62,571
61,725
66,58
75,50
48,325
61,80
61,788
62,572
64,556
59,651
49,241
65,72
80,180
69,613
60,239
55,227
54,275
60,126
52,823
56,570
50,693
87,551
61,51
49,379
72,913
59,82
52,438
68,709
54,235
43,20
48,582
48,410
61,303
63,1031
71,329
75,329
53,673
60,721
68,193
61,40
66,345
53,294
60,794
70,32
78,353
57,546
60,621
67,250
62,861
62,362
67,465
59,120
50,107
75,211
66,652
67,998
57,500
70,746
60,339
61,81
73,585
74,242
51,131
72,315
65,581
56,581
56,8
61,678
62,407
58,728
55,63
64,191
54,610
62,549
71,292
58,308
56,62
63,662
64,33
41,470
59,465
66,367
66,304
59,766
59,306
54,326
63,581
66,519
60,746
73,759
65,310
61,342
68,24
46,229
56,293
48,820
59,455
54,580
55,470
54,328
61,115
68,128
54,598
59,415
69,204
43,663
54,356
55,154
54,852
80,702
60,11
49,56
57,533
62,851
45,238
59,27
56,679
57,652
64,155
54,15
58,302
58,881
50,387
65,393
60,193
58,326
59,231
62,875
49,468
57,461
69,5
58,411
70,143
61,523
61,798
66,295
51,453
62,331
66,555
47,334
54,210
65,789
70,12
59,384
54,917
57,46
64,64
67,224
62,696
63,354
65,377
69,698
58,388
63,617
60,96
59,511
56,766
68,614
52,431
43,39
53,86
62,327
60,659
59,171
59,525
69,519
55,787
54,636
65,608
55,182
61,397
66,726
62,574
68,80
63,752
63,295
54,695
71,626
66,1007
63,159
51,428
57,29
61,785
66,503
67,470
59,386
58,227
62,536
70,355
64,223
76,202
64,555
59,549
49,154
68,87
68,423
59,208
58,981
75,222
54,80
69,788
61,269
64,556
60,159
57,124
55,700
75,310
61,45
56,245
68,504
68,216
64,523
57,106
66,149
57,739
57,667
64,206
52,240
60,860
71,789
59,1
67,389
72,851
60,420
51,709
63,680
67,602
57,584
61,265
69,712
62,383
52,516
59,1070
51,696
59,845
67,237
57,353
52,559
63,771
72,255
68,934
63,493
71,1015
58,212
69,512
58,801
57,990
61,190
72,361
57,372
57,741
63,554
60,246
57,8
72,352
66,774
63,490
55,365
64,582
68,352
59,1013
59,139
79,370
