0,1515
0,1423
0,1328
0,1461
0,1407
0,704
0,1382
0,1450
0,1422
0,1481
0,1414
0,1269
0,1471
0,1197
0,1331
0,1424
0,1335
0,1469
0,1415
0,1187
0,1498
0,1298
0,1439
0,1049
0,1379
0,1452
0,1501
0,1426
0,1274
0,1435
0,1419
0,1451
0,1459
0,1395
0,1419
0,1438
0,1499
0,504
0,1354
0,1438
0,1246
0,1354
0,1455
0,1466
0,1430
0,1175
0,1461
0,1474
0,1363
0,1460
0,1319
0,1453
0,1175
0,1396
0,1455
0,1458
0,1207
0,1326
0,1500
0,1420
0,1347
0,1472
0,1460
0,1502
0,1469
0,1391
0,1405
0,1402
0,1460
0,1435
0,173
0,1359
0,926
0,1441
0,1355
0,1395
0,1473
0,1385
0,1419
0,1462
0,1461
0,1496
0,1389
0,1350
0,1417
0,1401
0,1240
0,1395
0,1439
0,1514
0,1282
0,1451
0,1442
0,1316
0,1464
0,1428
0,1370
0,1118
0,1432
0,1376
0,1473
0,1403
0,1334
0,1460
0,881
0,1381
0,864
0,1447
0,1413
0,1008
0,1453
0,1395
0,1190
0,1437
0,1482
0,1441
0,680
0,1428
0,1479
0,1125
0,1345
0,1481
0,1456
0,1454
0,1437
0,1458
0,1422
0,1460
0,1396
0,1409
0,268
0,345
0,1489
0,1418
0,924
0,938
0,1324
0,1487
0,1379
0,1091
0,1314
0,1456
0,1427
0,1429
0,1440
0,1464
0,1374
0,1469
0,1465
0,1470
0,1407
0,1396
0,1389
0,1450
0,1310
0,1334
0,1396
0,1396
0,1419
0,1469
0,373
0,1408
0,1422
0,1418
0,1323
0,1468
0,1408
0,1419
0,1412
0,984
0,1381
0,1422
0,1392
0,1259
0,1310
0,1462
0,958
0,1280
0,1439
0,1462
0,1437
0,1481
0,1350
0,1254
0,1346
0,1457
0,851
0,1421
0,1466
0,1370
0,1471
0,1466
0,1028
0,1383
0,1265
0,1419
0,1474
0,1516
0,1141
0,1389
0,1439
0,1404
0,1295
0,1296
0,1132
0,1422
0,1439
0,1488
0,1345
0,1468
0,1405
0,1500
0,1353
0,1370
0,1464
0,1468
0,1389
0,1488
0,1456
0,1424
0,1171
0,1380
0,1444
0,1454
0,1440
0,1463
0,1393
0,1271
0,1223
0,1434
0,1482
0,1104
0,1341
0,1461
0,1290
0,1401
0,1543
0,1505
0,1366
0,1385
0,1450
0,772
0,1409
0,1139
0,1494
0,1338
0,1501
0,1389
0,1304
0,1230
0,1417
0,1477
0,1470
0,1187
0,1452
0,1018
0,722
0,1364
0,249
0,1333
0,601
0,1424
0,1489
0,1201
0,1434
0,1478
0,1468
0,1393
0,1457
0,1363
0,1454
0,1466
0,1259
0,1103
0,1047
0,1438
0,1338
0,1412
0,1446
0,718
0,1479
0,1383
0,1430
0,1369
0,1445
0,1484
0,1427
0,1362
0,1365
0,417
0,1491
0,1372
0,1457
0,1434
0,1480
0,683
0,1486
0,1489
0,1338
0,1138
0,1380
0,725
0,1510
0,1442
0,1352
0,1456
0,1455
0,1458
0,1430
0,1470
0,1516
0,1463
0,1433
0,954
0,1410
0,1429
0,1368
0,1413
0,1412
0,1207
0,1486
0,1341
0,1448
0,1457
0,1381
0,1417
0,1266
0,1468
0,19
0,1032
0,1385
0,1498
0,1010
0,1443
0,1440
0,1429
0,1419
0,1456
0,1470
0,1466
0,1341
0,1439
0,1461
0,246
0,1430
0,1409
0,1313
0,1408
0,1498
0,1442
0,1468
0,1426
0,1528
0,1457
0,1266
0,1459
0,1213
0,1480
0,629
0,707
0,1313
0,1444
0,1327
0,1395
0,1484
0,1413
0,1522
0,1074
0,1437
0,1392
0,1445
0,1433
0,1233
0,1410
0,1371
0,1258
0,1437
0,1216
0,1507
0,1477
0,1475
0,1349
0,1481
0,1219
0,1423
0,1442
0,1306
0,1411
0,1493
0,1315
0,1051
0,1433
0,1486
0,1339
0,1429
0,1443
0,1232
0,1415
0,1399
0,1088
0,807
0,1378
0,1298
0,1440
0,1400
0,1434
0,1318
0,1445
0,1435
0,1372
0,294
0,1338
0,1335
0,1397
0,1460
0,1395
0,1358
0,1322
0,1477
0,1444
0,1436
0,1409
0,1477
0,1468
0,1428
0,1210
0,1256
0,1443
0,1257
0,1429
0,1335
0,1215
0,1430
0,1454
0,372
0,1452
0,1335
0,1357
0,1417
0,925
0,1420
0,1435
0,1469
0,1457
0,1356
0,1283
0,811
0,1426
0,1425
0,1378
0,1383
0,1463
0,630
0,1394
0,1493
0,1271
0,1451
0,1418
0,1410
0,1413
0,1392
0,1434
0,336
0,1405
0,1177
0,1458
0,1441
0,1397
0,1465
0,1296
0,1461
0,1451
0,1501
0,1304
0,1445
0,1467
0,1440
0,1399
0,917
0,1206
0,1306
0,1330
0,1416
0,1371
0,1444
0,1274
0,1435
0,1205
0,1425
0,1339
0,1421
0,1413
0,1395
0,1429
0,1476
0,1447
0,1418
0,1410
0,1427
0,1444
0,1263
0,1263
0,1317
0,1466
0,1068
0,1228
0,1260
0,1458
0,1446
0,1398
0,1337
0,1320
0,1446
0,1370
0,1527
0,1366
0,1428
0,1161
0,1440
0,1477
0,1410
0,1307
0,1222
0,1247
0,1351
0,1385
0,224
0,1405
0,1172
0,1098
0,1435
0,1493
0,1374
0,1331
0,1119
0,1128
0,1437
0,699
0,1388
0,1413
0,539
0,259
0,1413
0,1378
0,1476
0,1455
0,1422
0,1248
0,1369
0,1466
0,1412
0,1149
0,1448
0,1490
0,1422
0,1346
0,1441
0,1472
0,1422
0,1483
0,1436
0,1511
0,1383
0,1450
0,1428
0,1523
0,1457
0,1310
0,1454
0,729
0,1090
0,1416
0,1404
0,1454
0,1425
0,1398
0,1469
0,1378
0,1421
0,462
0,1422
0,1467
0,1388
0,1482
0,1446
0,890
0,1419
0,1380
0,1386
0,961
0,1342
0,1457
0,1424
0,1463
0,1477
0,1394
0,1406
0,1344
0,1445
0,1302
0,1387
0,1398
0,1375
0,1418
0,1484
0,1505
0,1394
0,1155
0,1353
0,1459
0,1477
0,1381
0,1426
0,1489
0,1455
0,1449
0,1452
0,1404
0,1451
0,1235
0,1469
0,1452
0,1353
0,1410
0,1480
0,1172
0,1165
0,1023
0,1471
0,1275
0,1359
0,1394
0,1289
0,1440
0,1201
0,1467
0,1491
0,1351
0,1495
0,1333
0,690
0,665
0,1542
0,1299
0,622
0,1469
0,817
0,1398
0,1478
0,1491
0,1356
0,1264
0,1481
0,1336
0,1385
0,1319
0,1444
0,1364
0,1403
0,1433
0,1415
0,1156
0,1435
0,1106
0,1457
0,1055
0,1465
0,1376
0,1496
0,1098
0,1423
0,1208
0,1474
0,1435
0,1365
0,1389
0,1434
0,1488
0,1454
0,612
0,1402
0,891
0,1476
0,1093
0,1224
0,1453
0,1388
0,1452
0,1394
0,1318
0,1123
0,274
0,1421
0,1369
0,761
0,1463
0,1378
0,1107
0,1133
0,1395
0,1254
0,1337
0,1461
0,1212
0,1359
0,1474
0,1371
0,1404
0,490
0,1425
0,1461
0,1411
0,1393
0,873
0,1387
0,1329
0,1418
0,1439
0,1306
0,1301
0,203
0,1348
0,1318
0,1433
0,1458
0,1147
0,1483
0,1452
0,828
0,1450
0,1413
0,1466
0,1425
0,1421
0,1422
0,1375
0,1431
0,1448
0,1452
0,1026
0,1433
0,1454
0,1393
0,768
0,1469
0,1475
0,1512
0,1464
0,878
0,1519
0,1462
0,1452
0,1495
0,1452
0,1006
0,1281
0,1347
0,1471
0,1431
0,1399
0,1316
0,650
0,1324
0,1179
0,1222
0,975
0,1365
0,1377
0,1432
0,1426
0,1452
0,1301
0,1445
0,1116
0,1504
0,1343
0,1421
0,1369
0,1436
0,1469
0,1419
0,1451
0,1408
0,1082
0,702
0,1482
0,1480
0,1314
0,1365
0,865
0,1424
0,1475
0,1434
0,1392
0,747
0,1208
0,1402
0,1510
0,1474
0,1384
0,1207
0,1198
0,951
0,1265
0,1371
0,1506
0,1321
0,1379
0,1427
0,1424
0,1422
0,1300
0,1500
0,1234
0,1349
0,1284
0,1339
0,1035
0,1408
0,1106
0,1466
0,1424
0,1418
0,1444
0,1252
0,1340
0,1522
0,1442
0,1429
0,1412
0,1215
0,1295
0,1470
0,1495
0,831
0,1350
0,542
0,1425
0,1386
0,1354
0,1434
0,1466
0,1483
0,1483
0,1344
0,1184
0,1422
0,1394
0,1455
0,1457
0,1206
0,1492
0,1438
0,1370
0,1455
0,1169
0,1451
0,1379
0,1490
0,1381
0,1186
0,1373
0,1387
0,1461
0,1400
0,1411
0,82
0,1466
0,1422
0,1487
0,1059
0,1437
0,1452
0,1403
0,1339
0,1399
0,682
0,1496
0,1395
0,1090
0,1409
0,1486
0,1345
0,1408
0,912
0,1275
0,1410
0,1457
0,1377
0,1415
0,1426
0,1393
0,1449
0,1449
0,1476
0,1441
0,1425
0,29
0,1477
0,1417
0,1489
0,1435
0,1469
0,1456
0,1467
0,1310
0,1138
0,1142
0,1344
0,1284
0,1380
0,1457
0,1436
0,1513
0,1479
0,1304
0,1235
0,1339
0,1340
0,1357
0,1397
0,1022
0,1403
0,1421
0,1469
0,1440
0,1433
0,1139
0,1484
0,1317
0,1490
0,1402
0,1449
0,1390
0,1389
0,1231
0,1431
0,1415
0,1439
0,1349
0,1319
0,1401
0,1443
0,1519
0,1452
0,1380
0,1438
0,1373
0,1415
0,1075
0,1448
0,1450
0,1384
0,1395
0,1416
0,1401
0,1494
0,1435
0,1042
0,1415
0,1361
0,1422
0,1378
0,1423
0,1508
0,1470
0,1343
0,1411
0,1373
0,1440
0,1220
0,49
0,1527
0,1449
0,1419
0,1380
0,1323
0,1479
0,1309
0,1470
0,1423
0,1299
0,1445
0,1420
0,1435
0,1088
0,1441
0,1116
0,1479
0,1451
0,1426
0,721
0,1427
0,1466
0,1357
0,1456
0,1383
0,1313
0,1286
0,1475
