1345,25
1338,12
1382,2
1365,43
1384,19
1376,19
1383,32
1416,16
1377,12
1362,7
1376,6
1327,17
1295,16
1304,26
1320,11
1309,9
1345,7
1300,32
1343,18
1305,45
1326,25
1410,7
1350,2
1349,50
1324,40
1374,7
1353,8
1325,2
1320,1
1294,18
1391,13
1338,69
1355,20
1377,4
1401,1
1363,2
1348,11
1370,18
1352,15
1354,21
1283,11
1329,19
1350,10
1345,1
1379,44
1333,9
1320,34
1355,17
1342,5
1383,8
1361,5
1356,13
1365,17
1383,5
1352,3
1348,1
1309,18
1352,9
1321,9
1338,41
1338,33
1351,3
1318,24
1339,23
1372,4
1295,1
1339,1
1397,2
1365,14
1338,51
1316,11
1291,2
1316,13
1376,16
1350,6
1415,4
1367,14
1316,8
1380,6
1360,3
1298,21
1348,4
1295,31
1326,16
1337,56
1329,14
1357,22
1336,31
1312,10
1351,28
1351,10
1358,8
1342,20
1375,15
1350,18
1314,41
1343,6
1331,57
1359,26
1324,16
1358,4
1332,14
1336,10
1355,18
1371,10
1438,5
1320,8
1375,5
1350,18
1306,17
1372,15
1347,8
1366,63
1350,8
1362,12
1426,3
1366,15
1372,16
1425,17
1349,22
1343,12
1313,13
1333,8
1397,33
1345,39
1357,3
1311,50
1303,65
1376,5
1316,42
1363,2
1344,28
1338,1
1349,25
1317,37
1331,15
1336,5
1385,59
1363,23
1335,30
1434,12
1376,4
1302,22
1318,12
1407,6
1320,4
1335,61
1314,6
1327,11
1401,3
1300,15
1363,42
1311,48
1319,3
1339,17
1359,3
1374,7
1393,31
1413,4
1321,35
1295,27
1320,16
1360,27
1316,22
1398,15
1340,21
1276,5
1361,2
1334,12
1395,22
1318,8
1303,28
1392,7
1328,33
1398,5
1339,4
1348,1
1309,49
1235,71
1331,11
1370,74
1344,24
1414,6
1299,20
1374,10
1359,6
1347,5
1308,79
1334,33
1388,9
1357,17
1313,21
1361,14
1381,25
1314,10
1370,5
1391,3
1369,1
1335,3
1292,25
1351,1
1356,1
1291,22
1351,6
1316,3
1348,2
1325,55
1364,11
1307,5
1308,12
1333,10
1323,5
1353,9
1246,86
1366,2
1243,62
1329,1
1357,10
1303,48
1358,6
1315,43
1334,38
1305,6
1269,58
1351,11
1361,2
1329,6
1318,47
1376,11
1383,1
1368,6
1333,24
1350,51
1389,2
1368,16
1327,26
1290,28
1324,45
1411,17
1382,1
1372,53
1368,5
1327,26
1365,18
1402,2
1396,30
1307,6
1277,115
1347,26
1387,1
1309,83
1356,33
1363,14
1335,15
1363,27
1374,1
1316,11
1397,7
1365,23
1344,32
1330,19
1366,1
1375,7
1341,19
1346,8
1288,27
1267,51
1347,9
1324,24
1318,3
1347,19
1327,7
1385,26
1291,36
1368,7
1369,7
1390,26
1343,16
1356,31
1339,3
1348,4
1430,2
1356,5
1371,14
1372,40
1365,15
1342,3
1316,31
1363,4
1356,8
1372,13
1352,13
1288,1
1318,49
1338,34
1329,7
1318,23
1388,6
1349,14
1344,16
1340,34
1203,126
1400,2
1324,3
1404,12
1357,13
1362,1
1359,18
1299,4
1331,37
1308,32
1330,17
1305,33
1288,6
1320,12
1320,74
1341,2
1291,18
1344,22
1278,45
1371,20
1371,19
1319,27
1388,26
1361,27
1312,2
1385,3
1355,12
1296,12
1340,32
1304,44
1310,24
1336,14
1327,29
1353,3
1383,34
1287,52
1388,18
1358,13
1431,3
1341,65
1320,6
1295,39
1261,23
1368,21
1351,17
1295,32
1319,26
1309,15
1304,33
1356,5
1309,32
1378,35
1320,5
1352,10
1380,2
1393,5
1337,12
1345,34
1329,46
1350,3
1366,9
1271,48
1362,8
1393,7
1388,2
1307,1
1279,63
1400,28
1257,85
1319,39
1359,2
1331,29
1388,3
1354,40
1335,34
1382,26
1322,14
1345,69
1327,18
1358,2
1368,37
1344,7
1340,8
1279,32
1356,5
1415,14
1339,2
1323,36
1379,8
1281,43
1333,36
1398,29
1332,12
1330,30
1316,20
1292,126
1319,16
1332,25
1286,6
1339,7
1396,16
1391,4
1331,24
1320,49
1380,22
1374,23
1399,4
1322,55
1330,3
1383,1
1359,12
1390,7
1318,28
1401,4
1333,14
1360,14
1338,6
1289,55
1316,18
1340,49
1359,18
1320,5
1321,6
1326,4
1331,1
1308,31
1383,8
1331,6
1321,8
1330,38
1412,2
1383,10
1388,1
1345,3
1361,11
1324,23
1378,1
1359,23
1340,12
1436,4
1336,38
1367,14
1328,10
1365,11
1315,38
1311,21
1319,12
1314,29
1362,17
1347,13
1357,14
1387,14
1337,16
1397,29
1293,26
1391,31
1276,68
1311,13
1370,21
1379,9
1333,10
1352,2
1357,27
1353,15
1319,36
1283,5
1361,5
1321,16
1440,5
1393,19
1350,9
1375,4
1377,33
1355,18
1320,1
1393,11
1368,4
1315,67
1371,2
1376,19
1347,3
1315,22
1342,2
1391,18
1344,1
1345,63
1354,5
1301,26
1329,55
1394,16
1373,9
1395,10
1291,50
1332,12
1347,2
1345,27
1292,70
1397,37
1350,13
1369,48
1369,14
1300,30
1364,45
1350,26
1358,74
1346,3
1336,20
1343,23
1311,1
1310,72
1351,21
1299,13
1348,72
1383,5
1295,42
1369,44
1391,17
1347,6
1373,5
1386,2
1338,20
1362,8
1319,11
1340,30
1379,17
1332,15
1371,5
1331,13
1387,1
1387,6
1359,7
1272,28
1361,15
1308,9
1385,2
1372,19
1357,10
1309,26
1334,7
1358,56
1423,20
1406,2
1359,27
1319,11
1363,18
1358,8
1308,13
1331,14
1349,29
1322,9
1324,5
1367,5
1383,9
1315,41
1345,1
1296,29
1338,53
1374,17
1367,15
1348,46
1364,7
1296,9
1391,4
1343,7
1376,6
1358,10
1332,12
1355,11
1327,17
1339,43
1383,12
1363,23
1328,4
1293,20
1385,17
1378,1
1348,14
1382,6
1366,13
1331,15
1363,18
1341,36
1329,2
1402,2
1342,3
1297,7
1402,23
1392,1
1423,3
1322,1
1312,34
1370,12
1305,23
1362,4
1349,16
1362,2
1348,13
1335,1
1380,3
1374,9
1327,9
1351,9
1352,2
1335,1
1403,6
1378,9
1311,17
1307,8
1344,4
1357,29
1321,11
1343,31
1308,17
1384,6
1338,51
1354,8
1345,29
1345,2
1273,36
1330,10
1334,13
1344,8
1326,33
1274,3
1405,4
1328,13
1322,11
1354,27
1342,15
1246,53
1343,2
1359,13
1358,38
1325,30
1349,1
1375,8
1401,4
1299,17
1360,25
1380,11
1308,33
1320,7
1324,2
1357,37
1323,22
1302,14
1354,51
1367,4
1349,8
1315,35
1349,7
1289,22
1260,45
1372,13
1297,23
1346,25
1345,5
1368,7
1321,5
1386,14
1390,17
1328,28
1371,14
1357,16
1261,63
1395,11
1381,1
1344,24
1344,36
1327,13
1381,6
1262,40
1368,22
1317,12
1367,5
1337,22
1359,1
1368,17
1312,43
1402,9
1370,26
1340,30
1377,22
1349,22
1338,10
1380,6
1451,7
1396,11
1320,3
1411,38
1370,3
1382,24
1326,24
1351,5
1325,32
1306,1
1387,8
1387,48
1374,20
1339,42
1321,13
1230,124
1312,93
1354,3
1302,5
1390,2
1330,2
1345,11
1367,2
1320,16
1377,3
1392,14
1310,33
1325,63
1416,20
1351,1
1323,13
1393,6
1335,32
1289,38
1380,58
1358,13
1293,16
1342,16
1402,24
1334,17
1353,40
1331,8
1304,63
1350,16
1382,8
1378,4
1348,4
1367,9
1336,9
1296,52
1359,21
1373,4
1324,37
1354,26
1309,14
1385,8
1237,40
1332,9
1350,17
1373,6
1314,21
1230,65
1281,49
1374,3
1334,19
1385,13
1370,16
1380,5
1369,27
1341,39
1266,14
1281,5
1349,27
1338,13
1336,8
1366,41
1361,1
1371,14
1406,16
1262,47
1367,16
1377,15
1321,2
1331,30
1302,29
1371,9
1317,53
1328,8
1399,1
1363,17
1342,4
1376,12
1331,11
1351,12
1321,20
1371,7
1344,14
1333,12
1381,8
1324,4
1333,38
1326,11
1377,4
1365,2
1399,1
1282,27
1383,19
1338,2
1345,3
1327,19
1334,7
1304,12
1340,51
1350,10
1346,9
1294,38
1379,6
1278,2
1296,39
1312,30
1314,45
1368,6
1397,6
1355,10
1364,11
1327,60
1361,7
1340,50
1325,25
1306,41
1254,50
1289,48
1303,31
1358,2
1372,7
1340,10
1274,40
1376,14
1290,37
1317,40
1303,81
1346,11
1302,27
1299,27
1313,27
1347,7
1409,9
1371,2
1309,23
1325,15
1295,15
1359,6
1369,16
1314,24
1360,6
1402,4
1301,34
1301,21
1346,72
1304,26
1308,15
1359,2
1320,7
1368,42
1312,8
1261,39
1285,50
1347,10
1383,21
1365,3
1321,1
1279,3
1312,25
1315,24
1329,55
1350,5
1282,1
1430,3
1241,20
1362,2
1353,8
1416,9
1386,4
1353,25
1321,4
1337,50
1376,6
1289,7
1317,4
1327,19
1317,14
1298,49
1360,2
1365,38
1332,12
1345,20
1361,1
1353,3
1380,7
1358,21
1379,11
1326,6
1354,5
1321,35
1367,7
1374,6
1391,15
1334,6
1411,4
1360,17
1350,14
1340,31
1415,1
1328,7
1326,7
1325,2
1364,32
1335,90
1363,2
1358,4
1393,16
1336,8
1363,2
1334,63
1320,20
1358,21
1297,76
1311,51
1331,54
1327,10
1354,6
1355,19
1306,10
1347,10
1349,22
1375,1
1370,6
1404,5
1336,29
1297,45
1326,10
1367,7
1418,14
1394,4
1327,2
1363,32
1352,4
1341,6
1347,17
1402,15
1341,22
1369,17
1296,2
1403,12
1320,8
1370,15
1355,1
1374,21
1397,58
1345,24
1362,4
1387,4
1335,7
1255,86
1341,13
1350,9
1343,14
1369,30
1401,10
1392,4
1380,21
1332,33
1342,2
1359,1
1395,10
1329,13
1345,8
1323,37
1303,23
1304,29
1397,18
1331,16
1320,33
1345,3
1342,10
1364,14
1396,12
1355,2
1348,6
1389,3
1352,6
1255,34
1275,64
1385,4
1323,42
1346,3
1247,49
1310,24
1371,7
1385,13
1338,1
1284,14
1304,38
1292,50
1404,3
1374,17
1349,13
1378,5
1320,28
1354,2
1382,1
1333,7
1385,13
