1299,65
1304,101
1332,16
1326,28
1339,8
1373,12
1338,16
1356,8
1367,12
1287,32
1355,16
1289,67
1336,46
1339,3
1338,17
1317,75
1362,11
1399,1
1342,30
1311,16
1335,62
1371,9
1361,6
1405,8
1363,2
1304,33
1318,54
1371,25
1274,84
1341,16
1307,44
1359,10
1349,28
1332,40
1291,68
1387,12
1345,35
1321,30
1333,21
1392,9
1340,29
1369,4
1337,10
1359,3
1360,1
1340,82
1357,8
1327,6
1344,2
1272,143
1342,48
1299,26
1314,27
1364,53
1304,3
1320,19
1355,4
1283,34
1344,5
1315,36
1304,93
1358,1
1372,35
1376,4
1353,17
1334,52
1348,30
1321,17
1253,98
1359,10
1387,36
1314,16
1328,44
1364,11
1317,13
1349,2
1371,18
1306,1
1366,10
1320,32
1308,25
1377,16
1336,13
1304,30
1322,7
1301,17
1368,4
1268,87
1346,15
1330,9
1335,6
1403,24
1308,39
1308,19
1383,2
1368,5
1375,14
1336,22
1308,31
1330,15
1373,11
1383,5
1363,22
1348,51
1356,7
1369,10
1356,67
1343,1
1361,11
1387,5
1356,22
1364,39
1316,45
1331,66
1351,3
1302,65
1300,23
1364,46
1291,50
1309,15
1353,1
1342,31
1356,13
1340,2
1296,87
1355,3
1329,23
1349,50
1374,22
1366,34
1382,7
1301,49
1368,24
1352,36
1368,9
1378,8
1323,20
1331,13
1356,11
1341,5
1343,10
1368,9
1372,29
1349,8
1318,28
1314,61
1369,16
1369,17
1341,1
1360,7
1345,6
1343,1
1391,10
1330,39
1334,13
1318,17
1348,1
1368,2
1298,33
1361,11
1336,19
1355,12
1333,10
1381,8
1353,19
1371,13
1375,2
1359,10
1314,18
1368,20
1335,2
1314,37
1361,41
1410,2
1344,9
1349,10
1360,4
1376,26
1349,31
1366,3
1360,10
1311,26
1369,11
1367,4
1348,22
1357,26
1359,6
1323,34
1372,14
1343,57
1420,3
1357,16
1319,4
1308,7
1292,64
1371,5
1403,2
1337,56
1298,67
1379,1
1353,30
1364,25
1335,42
1345,22
1341,30
1346,9
1337,40
1362,1
1400,2
1305,59
1338,21
1346,7
1343,47
1356,4
1320,47
1354,3
1330,22
1354,9
1349,20
1329,12
1350,22
1342,53
1359,20
1348,33
1330,11
1366,16
1334,53
1350,21
1334,7
1339,1
1323,63
1319,12
1269,84
1332,13
1345,24
1266,86
1339,34
1342,9
1376,6
1315,32
1297,60
1354,7
1296,76
1347,8
1343,9
1248,124
1370,9
1361,21
1323,19
1400,7
1349,22
1350,54
1369,4
1365,14
1334,19
1347,8
1393,8
1319,46
1329,24
1336,11
1303,17
1326,20
1354,20
1360,5
1350,5
1259,132
1406,4
1373,5
1366,7
1330,48
1346,64
1291,56
1325,3
1374,11
1326,9
1366,5
1338,56
1369,8
1363,5
1345,46
1353,28
1225,138
1331,10
1316,1
1397,7
1391,6
1360,8
1329,8
1351,1
1328,27
1357,3
1253,65
1342,10
1320,7
1289,55
1354,6
1357,6
1332,33
1349,21
1369,20
1313,49
1353,13
1363,5
1394,26
1321,39
1344,6
1322,3
1356,19
1365,8
1365,1
1386,3
1387,2
1347,9
1341,5
1341,20
1351,10
1340,67
1364,2
1363,21
1365,15
1324,71
1362,7
1365,36
1343,21
1334,53
1331,48
1303,46
1340,10
1404,1
1327,3
1349,57
1282,56
1338,3
1340,10
1269,82
1335,44
1369,14
1330,54
1369,4
1364,2
1331,17
1333,13
1379,23
1345,45
1333,7
1316,9
1340,10
1320,39
1349,8
1382,24
1333,22
1336,7
1316,45
1323,15
1340,7
1355,11
1364,15
1348,1
1320,14
1356,25
1302,111
1348,17
1341,23
1361,6
1387,11
1351,50
1309,52
1361,11
1298,64
1375,22
1361,22
1294,29
1337,68
1313,23
1356,51
1292,76
1333,33
1313,27
1349,2
1362,22
1363,6
1343,4
1368,2
1329,23
1342,16
1255,98
1362,37
1368,24
1360,5
1307,44
1329,13
1310,23
1380,23
1322,27
1329,36
1348,11
1364,9
1359,6
1318,54
1338,16
1363,1
1329,36
1327,13
1354,23
1393,4
1324,59
1337,35
1306,75
1363,20
1321,32
1313,16
1319,34
1346,16
1365,30
1342,12
1323,3
1343,39
1334,11
1329,1
1345,3
1316,66
1327,23
1283,68
1340,15
1384,18
1367,6
1339,14
1306,51
1303,37
1302,21
1339,10
1370,17
1358,10
1332,27
1331,50
1331,35
1362,8
1370,7
1340,20
1328,5
1339,31
1317,31
1316,29
1355,34
1341,23
1348,22
1360,20
1339,4
1359,2
1329,24
1334,8
1262,156
1382,3
1307,28
1348,15
1356,16
1359,12
1300,53
1358,5
1309,43
1337,7
1324,5
1320,12
1340,19
1349,6
1321,15
1380,26
1358,1
1367,6
1343,15
1269,105
1378,33
1328,13
1335,2
1340,3
1360,1
1366,13
1342,11
1384,3
1366,14
1323,18
1317,53
1353,13
1391,5
1341,18
1326,19
1352,11
1324,5
1278,53
1310,29
1360,15
1320,9
1323,11
1344,7
1301,20
1325,8
1350,8
1347,40
1345,27
1349,14
1315,11
1365,18
1334,30
1353,10
1366,21
1349,15
1390,15
1335,26
1357,10
1321,68
1361,12
1352,14
1340,10
1380,17
1340,10
1289,81
1343,21
1290,57
1264,129
1287,67
1368,1
1353,12
1346,18
1306,45
1334,46
1324,30
1344,14
1353,13
1367,26
1341,7
1333,18
1352,11
1284,102
1323,15
1303,24
1336,6
1309,35
1324,15
1384,7
1331,19
1340,9
1350,35
1322,33
1367,17
1359,2
1374,13
1319,47
1319,2
1305,61
1310,29
1343,23
1324,2
1339,25
1297,66
1371,7
1361,4
1364,4
1362,2
1261,86
1331,14
1351,10
1388,6
1369,3
1352,22
1389,1
1270,96
1371,8
1367,4
1352,53
1342,19
1355,61
1343,87
1320,33
1340,19
1347,2
1343,6
1313,14
1333,2
1322,62
1344,11
1315,15
1341,2
1350,24
1367,32
1305,34
1309,1
1382,8
1342,22
1359,9
1313,55
1361,5
1350,8
1320,43
1388,8
1365,33
1359,13
1386,17
1365,10
1339,15
1326,3
1369,25
1385,18
1319,48
1321,29
1382,16
1362,9
1359,12
1373,3
1354,31
1304,61
1313,19
1363,23
1342,9
1361,21
1313,37
1322,22
1324,7
1370,4
1315,46
1312,2
1312,26
1345,19
1327,17
1346,9
1321,6
1335,11
1241,111
1386,15
1306,36
1357,3
1308,51
1332,3
1336,28
1330,13
1316,21
1329,24
1319,75
1360,37
1304,72
1359,3
1311,31
1365,11
1363,7
1366,34
1430,12
1357,13
1369,13
1363,24
1340,33
1356,11
1337,20
1350,32
1346,3
1362,9
1352,11
1311,41
1356,4
1331,10
1413,3
1337,2
1344,37
1340,44
1335,46
1334,24
1308,22
1340,16
1324,40
1342,10
1264,77
1319,37
1306,37
1346,9
1413,14
1337,51
1366,15
1362,30
1288,40
1334,16
1305,99
1324,3
1336,16
1354,24
1335,17
1334,55
1353,23
1314,62
1320,5
1326,43
1343,21
1322,16
1355,26
1323,6
1328,60
1369,3
1223,135
1333,14
1326,26
1326,12
1368,22
1390,13
1333,3
1350,2
1358,9
1307,78
1347,21
1317,39
1335,5
1315,48
1337,20
1365,18
1368,40
1343,20
1271,64
1359,1
1373,7
1368,12
1340,24
1326,23
1330,28
1344,23
1348,27
1350,22
1350,2
1378,26
1354,33
1351,28
1343,28
1338,24
1366,42
1343,2
1299,56
1336,69
1311,39
1385,9
1361,14
1353,22
1333,1
1349,21
1361,6
1339,18
1345,66
1317,1
1328,46
1342,33
1352,4
1324,54
1347,1
1356,16
1314,30
1373,11
1400,2
1354,16
1295,93
1334,10
1377,15
1326,22
1328,9
1361,2
1343,4
1330,67
1272,77
1355,2
1336,12
1372,11
1355,24
1345,15
1356,9
1343,5
1352,18
1328,14
1348,10
1328,8
1352,13
1340,20
1338,13
1350,26
1353,6
1306,36
1372,5
1340,6
1373,17
1367,2
1339,17
1325,5
1343,3
1322,85
1366,52
1363,20
1336,3
1348,31
1342,34
1390,4
1399,6
1385,9
1390,12
1332,7
1365,3
1388,17
1314,28
1324,17
1315,26
1351,28
1270,58
1332,12
1330,7
1325,48
1350,2
1334,8
1333,20
1307,33
1369,15
1342,5
1331,82
1370,1
1324,49
1353,28
1319,22
1341,40
1378,13
1345,23
1346,30
1352,31
1339,76
1361,12
1301,22
1306,26
1343,17
1358,21
1309,39
1342,53
1347,11
1308,30
1320,2
1353,11
1311,54
1349,7
1323,31
1317,29
1329,61
1308,1
1378,4
1296,58
1382,5
1338,10
1355,3
1345,11
1318,31
1339,38
1351,6
1364,14
1360,10
1350,12
1331,10
1376,21
1370,4
1336,53
1336,2
1348,14
1311,20
1351,6
1362,4
1323,65
1285,9
1303,11
1343,10
1344,1
1341,29
1375,6
1388,7
1349,3
1357,19
1343,26
1333,41
1409,3
1369,21
1319,41
1295,51
1371,31
1360,4
1356,26
1303,43
1278,58
1347,11
1339,10
1349,2
1346,13
1345,8
1331,11
1394,5
1361,15
1319,23
1353,9
1345,9
1369,40
1312,41
1328,56
1337,67
1365,17
1298,74
1346,7
1357,2
1347,5
1388,2
1348,45
1360,5
1307,25
1378,1
1289,41
1343,47
1338,4
1379,6
1361,3
1330,30
1356,5
1326,11
1303,2
1327,64
1344,24
1351,7
1304,71
1316,74
1353,3
1353,5
1282,13
1367,26
1287,46
1379,3
1373,32
1340,54
1355,13
1314,59
1331,1
1357,21
1379,12
1358,3
1384,24
1288,61
1366,25
1364,7
1406,4
1317,61
1295,83
1344,33
1336,1
1403,27
1338,21
1361,2
1374,1
1341,23
1369,15
1364,4
1326,19
1375,6
1361,16
1384,2
1365,3
1350,12
1337,41
1339,23
1399,8
1332,28
1314,55
1346,10
1370,4
1351,16
1338,6
1301,4
1354,9
1313,29
1337,2
1361,14
1313,49
1345,7
1367,12
1346,1
1371,11
1257,107
1352,18
1340,58
1352,20
1338,8
1359,8
1345,9
1364,5
1330,2
1306,73
1357,4
1382,21
1354,62
1308,23
1349,28
1281,73
1369,24
1311,21
1374,8
1349,8
1347,3
1380,20
1322,67
1323,52
