2003,1
2016,1
1974,3
2008,1
2009,2
1994,1
1988,2
1967,1
1999,6
1966,1
1957,1
2013,1
1997,2
1959,2
1960,1
2033,2
1998,1
1985,2
1996,5
1993,1
1990,1
2027,6
1984,2
1984,3
1996,4
1987,2
1991,1
1993,1
2002,1
1976,2
1973,2
2003,1
1993,1
2017,2
1950,1
1963,1
2019,1
1993,1
1990,2
1953,1
1985,1
1977,4
1953,2
1986,1
1989,1
1968,4
1993,2
1997,2
1951,2
2003,2
2003,2
1964,1
1986,1
1973,4
2028,1
2000,1
1985,2
2042,1
1972,1
2008,1
2002,2
1969,1
1957,1
1997,1
1980,2
2019,1
1987,1
2001,1
2007,1
1979,1
2004,1
1967,1
2017,2
1996,2
1981,2
1984,1
1991,8
1997,1
1982,1
1989,2
2037,1
1989,4
1988,3
2027,1
1981,1
1995,3
1980,2
2006,3
1993,2
1984,2
2018,1
1969,1
1984,3
2004,1
1983,5
2008,1
2026,2
2022,1
2001,1
1959,1
2003,3
2016,1
1985,1
1999,2
1972,3
1997,1
1987,9
1969,1
2000,2
1977,3
2014,3
1991,2
1964,7
1959,8
1991,2
1987,3
2019,1
1958,2
2015,1
2019,1
2002,2
2033,1
1989,1
2031,2
1951,6
1967,1
1932,3
1999,2
1977,8
1958,2
2008,1
1977,3
1969,1
1991,1
1981,5
2017,6
1997,1
2018,2
1983,1
2044,1
2032,1
1999,8
2015,1
2005,1
2006,3
1985,3
1996,1
1963,4
1993,2
1941,1
1985,1
1977,2
1979,1
2036,1
2003,2
2006,1
2017,1
1977,1
1946,4
2011,1
2007,1
2025,2
1992,1
1985,5
1990,1
1993,1
1977,4
1996,1
1990,1
1954,1
1976,3
1961,2
2008,1
1995,3
2051,1
1973,1
1969,1
1952,6
1982,1
1972,2
2013,2
1990,1
1997,1
1988,1
1995,1
2001,1
1937,3
1988,1
1989,3
2001,1
1978,1
1985,1
2050,1
1988,1
1967,2
2011,2
1996,3
2024,2
1979,2
1963,1
1988,1
1988,3
1969,1
1969,1
2014,2
2005,1
1999,3
1991,1
1968,4
2006,3
2019,2
1978,2
1972,1
1989,1
1990,1
1955,2
1966,1
1950,1
2009,5
1976,2
1982,1
1999,2
2057,1
1978,3
2010,3
1984,1
1973,1
2020,2
1969,2
1977,3
2024,2
2016,1
2006,4
1957,3
2024,4
1969,1
1993,1
1994,3
1991,1
1990,1
1983,4
1998,1
2014,4
1966,1
1946,1
1980,1
1965,3
2003,1
2001,1
2013,1
2015,3
2005,2
1964,2
1996,1
1997,1
2008,1
1994,2
1959,3
2007,2
1970,1
2007,2
1983,6
2003,1
1968,1
2007,1
1992,3
1988,1
1974,4
1993,1
2012,1
1997,1
1982,2
2011,2
1983,1
2005,1
1984,3
1996,1
1998,2
2012,1
2010,2
1967,2
1970,1
1984,2
1972,1
1935,1
1988,1
1973,3
1921,1
1980,1
1979,1
2029,3
1982,4
1960,1
1973,3
1986,1
1988,1
1970,4
2006,1
1976,3
1992,1
1985,1
1987,2
1979,2
1998,1
1992,1
1994,1
2011,1
1967,2
2009,2
1987,2
1982,1
1964,3
1974,1
1987,1
1984,1
1993,2
1998,2
1992,1
1954,1
2000,2
2033,1
2001,2
2006,1
1940,2
1966,4
2018,1
1991,3
2009,1
2007,3
1988,2
2017,1
2035,2
1984,2
1996,4
1991,3
1964,2
1998,3
1995,3
1976,2
1960,1
1964,1
2001,2
2006,2
2021,4
1991,1
2001,2
1962,2
1975,1
1989,1
1954,5
1997,1
1982,4
2006,3
1974,2
1975,1
2038,1
1988,4
2014,1
2009,5
1965,1
2018,1
2011,2
1988,4
2003,1
1933,1
1995,4
2035,1
2006,3
2020,1
2006,2
1993,4
2003,1
2004,1
1979,1
1973,1
1977,1
2012,1
2003,2
1961,8
1994,3
2008,1
1962,3
1953,2
2027,1
1959,2
2024,1
1986,3
1962,1
1995,1
2002,4
2009,4
1974,1
1984,1
1969,1
1967,1
1986,5
1987,4
2022,2
1954,2
1988,1
1973,3
2000,1
1981,1
2004,1
2018,1
2025,1
2001,7
2003,1
1949,2
2018,1
2019,1
1969,1
1983,1
2002,1
1994,4
2011,1
1961,1
2004,1
1975,3
1966,2
1989,1
1974,5
1989,1
2008,2
2017,2
1984,1
1991,3
1979,2
1997,2
2000,2
1957,3
2029,1
1981,1
1920,1
2022,1
2004,2
2013,1
2017,1
2014,1
2035,1
1981,3
2021,3
1994,2
2001,3
2033,1
1989,1
1969,2
2013,3
2010,2
2006,1
2008,1
1956,5
1990,1
2031,2
1940,2
1979,1
2008,5
1989,1
1996,5
1954,4
1982,2
1982,1
1947,1
1990,1
1979,1
1960,4
2002,4
1984,1
1980,1
1993,1
1994,2
2002,1
1998,1
1994,1
2017,1
1991,1
1965,4
1963,1
2006,1
1978,3
2020,1
1976,1
2009,2
1984,1
1982,1
2021,4
1979,1
1970,5
1991,1
1990,1
1983,3
1956,1
1991,4
1976,2
1997,1
1986,1
1993,2
1996,1
2020,1
1981,2
1998,1
1971,1
2036,1
1982,1
1984,2
1995,3
1964,2
2015,1
2008,2
2003,2
1994,2
1981,1
1946,2
1975,4
1982,1
1958,1
1955,3
1963,2
1983,3
1980,2
1988,1
1972,2
1993,2
1983,2
2007,1
1996,2
1993,3
2015,1
2013,1
2008,1
1966,8
1995,1
1971,1
1987,1
1983,1
2019,1
2008,1
1957,1
2020,2
2017,6
1978,1
1962,3
1971,1
1983,2
2010,1
2002,3
1983,1
1978,2
1979,1
2013,4
2002,2
1960,1
1983,1
1991,1
2027,1
1992,6
1977,4
1984,1
2042,1
1974,1
1976,2
1990,1
1995,1
1991,3
1970,1
1989,2
1995,2
1990,2
2012,3
1955,3
1924,4
2027,4
1981,1
1974,1
1954,4
1983,1
1944,1
1986,1
1991,1
1962,1
1970,1
1981,3
1991,2
1992,2
2009,2
1975,2
1973,2
1958,1
1976,1
1974,3
2000,1
1979,2
1989,1
2005,2
1979,1
1960,1
1959,3
2013,1
1995,1
2026,2
2000,3
2014,1
2013,3
1960,1
2011,2
1983,1
1985,1
2008,6
1968,5
1998,1
1986,1
1980,1
1940,2
1960,1
1993,2
1975,2
1972,1
2019,1
1978,1
2025,1
1954,5
1970,2
1981,3
2010,1
2008,1
1989,1
1992,1
2015,2
1996,2
2009,3
2001,1
1986,3
1999,3
1973,2
1963,2
1986,1
1998,1
1987,1
1993,2
2004,4
2021,2
1990,2
1980,3
2019,1
1973,1
1988,1
2014,1
2048,1
1969,1
1985,3
1986,6
2017,1
1996,1
1982,4
1971,1
1955,2
1989,2
1976,2
1962,2
1992,1
1959,4
1968,2
1980,4
1972,1
2001,1
1997,3
1931,1
2003,1
1991,1
1983,1
1954,2
2035,2
1990,1
2001,1
2026,1
1973,1
2005,5
1981,3
1968,1
1980,1
1992,2
1973,4
1988,3
1966,1
2012,1
1970,2
2005,6
2011,1
1971,1
1979,3
1974,1
2015,2
1978,3
1950,4
1974,1
1990,2
2019,1
1976,2
1999,2
2030,1
2002,5
2034,1
1975,1
1983,4
2019,2
1995,3
2013,1
1980,2
2008,1
2028,1
2005,1
1984,2
1991,2
2002,3
1980,3
1995,2
1984,1
1980,1
1993,2
1997,1
1994,1
2003,1
1977,1
2007,1
2027,1
1990,1
1987,2
1978,2
1998,3
1981,4
1968,2
1984,1
2015,1
1970,3
1995,2
1979,2
1991,1
1949,2
1970,4
2005,1
2039,4
2031,1
1991,1
2000,1
1957,1
2005,1
2002,2
1969,2
1999,2
1976,5
1972,2
1995,2
1973,1
1986,2
1980,2
1990,1
2021,1
2032,1
1973,2
1960,6
1986,2
2007,2
2017,1
2026,3
1959,1
1986,1
1986,2
2002,1
2054,2
1951,2
1974,4
2013,1
1995,1
1986,1
1935,3
2006,3
1982,1
1997,4
1968,1
1993,2
1978,1
2035,1
1999,1
1984,2
1976,2
1979,1
2016,3
2009,1
2025,1
1967,1
1946,2
1961,2
2025,2
1978,1
2006,1
1984,2
1964,2
2022,1
1964,1
2012,3
2005,4
1968,1
2028,1
1994,2
2024,1
1993,2
2006,1
1997,2
2030,1
1998,1
2023,2
2000,2
1970,1
2010,1
1980,3
2011,2
1952,2
2024,1
2019,1
1994,2
2021,1
1971,2
2020,1
1999,1
2002,3
1988,1
1988,1
2004,1
1964,4
1943,1
2002,1
2029,2
2007,3
1985,2
1992,1
1988,1
1948,1
2008,2
2022,2
1949,1
2001,1
1967,2
2021,1
2013,2
1983,1
2005,2
2013,1
2001,2
2001,1
2009,2
1984,1
1988,3
2018,3
1975,1
1962,2
1972,2
2013,1
1991,1
1990,1
1998,1
1993,2
1980,11
2013,2
1968,3
2014,1
1986,1
1984,2
2026,2
1961,1
1982,2
1965,2
1999,1
1970,1
1979,2
1971,3
1943,7
1966,1
1988,2
2012,2
1958,2
2004,1
1984,2
2002,1
1979,1
1946,3
1995,2
2004,3
1990,2
2019,1
2020,3
1989,3
2017,1
1975,2
2002,1
1992,1
2063,1
2000,1
1986,5
1987,2
2005,5
1994,1
1996,3
1944,4
1962,3
2022,1
2008,3
1980,1
1996,1
2025,2
1969,2
2044,2
2017,3
1962,1
1999,7
1992,4
1986,1
1981,1
1978,1
2004,2
1998,2
1980,2
1999,1
2004,1
1988,3
1975,1
2006,2
1996,1
1992,1
2005,1
1973,3
1963,2
1973,3
1967,5
1951,3
1976,3
1989,1
2020,1
2019,2
2003,2
2008,2
1957,6
1967,1
1968,2
1993,2
1962,1
1993,1
1992,1
1994,1
1998,1
2003,1
1957,1
1960,1
2016,2
1960,10
2066,1
1990,1
1990,2
2004,1
2005,2
1976,2
1970,1
1969,2
2009,2
1977,5
1995,1
2008,1
1978,1
1975,6
1999,1
2050,1
1987,2
1998,3
1967,8
2031,1
1998,2
1990,1
1998,1
1963,1
1999,1
1997,1
1968,2
2004,3
2005,1
1996,1
1984,1
1976,1
2014,5
1976,2
2014,1
2007,1
1973,2
2021,2
2016,1
2003,1
1997,1
2008,1
1991,2
2025,1
2013,5
1998,1
