1593,8
1591,8
1585,4
1566,1
1578,1
1591,5
1612,3
1622,8
1573,17
1613,1
1583,33
1627,7
1620,11
1539,6
1588,2
1558,11
1566,8
1626,6
1578,5
1580,8
1587,3
1586,4
1569,9
1586,20
1625,6
1617,2
1585,21
1621,1
1578,15
1580,5
1597,2
1594,4
1562,13
1567,10
1565,6
1576,15
1562,15
1583,6
1581,2
1582,8
1554,4
1577,7
1635,2
1581,2
1588,3
1593,4
1607,8
1563,3
1585,5
1589,7
1576,4
1569,16
1569,5
1612,1
1570,2
1555,3
1582,1
1582,5
1605,2
1593,8
1604,7
1595,1
1572,15
1572,6
1588,3
1574,9
1611,2
1610,2
1592,3
1620,2
1614,3
1576,1
1597,4
1581,19
1590,2
1578,9
1591,2
1599,1
1603,7
1580,20
1621,1
1599,12
1545,2
1593,5
1571,9
1632,9
1567,9
1587,1
1589,12
1587,4
1617,12
1566,22
1604,4
1568,5
1572,33
1592,3
1586,19
1592,20
1577,19
1598,4
1534,29
1591,3
1581,4
1600,15
1573,6
1627,4
1618,1
1622,2
1647,12
1574,3
1596,2
1600,1
1575,5
1592,9
1565,1
1577,2
1577,9
1601,5
1558,5
1563,2
1609,5
1648,5
1556,6
1553,13
1586,8
1547,3
1604,3
1591,4
1620,8
1587,6
1587,2
1571,1
1617,12
1579,24
1558,34
1622,13
1580,6
1625,1
1612,5
1585,8
1572,9
1541,7
1610,3
1563,10
1564,27
1609,3
1575,2
1594,1
1592,2
1615,7
1613,3
1596,2
1609,8
1591,15
1597,1
1573,13
1574,10
1654,11
1598,3
1621,15
1594,3
1554,3
1606,9
1606,2
1593,5
1551,9
1597,8
1589,8
1585,1
1606,1
1558,5
1582,7
1570,4
1601,2
1586,1
1554,7
1583,2
1593,3
1591,8
1560,19
1592,6
1602,4
1594,2
1573,9
1566,4
1591,15
1635,5
1574,5
1591,8
1609,7
1558,21
1598,5
1585,10
1587,1
1602,1
1599,1
1541,7
1580,10
1627,8
1594,10
1571,9
1614,2
1599,2
1582,9
1604,4
1561,12
1573,20
1548,6
1583,3
1570,2
1598,10
1575,5
1583,4
1563,5
1540,6
1559,14
1562,1
1588,4
1569,2
1602,9
1624,3
1560,10
1602,2
1579,6
1588,7
1600,3
1577,9
1660,5
1593,5
1542,18
1578,10
1582,2
1574,14
1586,4
1632,11
1583,4
1591,17
1584,7
1574,7
1585,2
1558,10
1566,6
1627,1
1579,2
1588,3
1616,3
1534,9
1557,3
1584,10
1567,13
1597,14
1588,5
1600,7
1561,2
1550,6
1594,1
1655,7
1581,8
1584,9
1558,6
1552,6
1593,9
1591,6
1573,2
1590,5
1591,1
1575,6
1607,2
1551,2
1602,9
1636,4
1594,15
1571,2
1601,1
1607,13
1602,2
1626,2
1637,2
1595,17
1613,12
1558,3
1562,3
1615,15
1570,24
1593,6
1562,3
1583,11
1519,31
1604,25
1619,1
1543,16
1604,2
1580,3
1600,38
1618,17
1605,6
1587,4
1594,10
1584,20
1587,2
1574,8
1601,18
1603,3
1574,2
1571,3
1602,11
1596,2
1604,5
1579,9
1574,2
1595,13
1628,5
1553,2
1597,1
1584,32
1579,10
1582,1
1559,2
1588,7
1604,5
1563,11
1596,9
1563,9
1585,4
1615,2
1624,1
1559,8
1589,2
1585,1
1573,7
1604,10
1570,4
1604,6
1605,2
1606,1
1587,4
1609,2
1593,11
1528,14
1544,14
1604,2
1604,6
1572,1
1587,6
1577,9
1591,2
1624,11
1570,11
1556,6
1603,1
1573,2
1569,4
1567,8
1602,3
1571,15
1562,4
1615,9
1584,2
1550,2
1620,2
1623,5
1551,18
1540,2
1611,7
1573,7
1585,3
1560,5
1559,4
1591,5
1587,8
1578,17
1530,1
1570,3
1606,6
1582,11
1586,3
1576,4
1605,9
1576,2
1595,8
1606,10
1568,8
1565,7
1599,1
1578,1
1588,4
1575,8
1612,3
1587,5
1585,2
1588,2
1556,1
1559,21
1562,16
1628,1
1610,6
1622,1
1597,5
1546,2
1574,7
1600,9
1569,1
1575,1
1604,20
1560,6
1563,10
1563,11
1617,2
1608,9
1591,4
1599,2
1581,12
1617,4
1572,2
1576,3
1577,3
1619,7
1544,16
1545,8
1591,3
1602,1
1588,7
1558,10
1605,8
1600,1
1604,2
1609,5
1601,15
1529,12
1596,12
1609,15
1621,7
1588,13
1591,9
1606,12
1587,11
1583,5
1598,8
1575,11
1627,14
1566,17
1581,12
1582,2
1602,3
1590,3
1561,11
1551,7
1546,43
1639,3
1568,2
1582,1
1615,6
1509,8
1578,2
1602,5
1564,5
1551,2
1576,3
1554,4
1621,11
1616,8
1577,7
1576,2
1551,4
1616,3
1584,6
1597,6
1546,1
1608,22
1606,3
1562,15
1617,2
1592,12
1603,7
1605,11
1586,1
1590,23
1583,9
1611,1
1598,1
1565,16
1595,2
1570,4
1609,8
1583,1
1578,2
1551,22
1598,4
1616,1
1568,3
1595,1
1553,2
1563,4
1549,6
1537,3
1591,1
1590,12
1581,3
1610,9
1568,2
1603,1
1584,1
1581,5
1558,13
1603,3
1571,6
1559,1
1574,2
1620,12
1577,3
1562,6
1597,12
1575,6
1583,9
1551,25
1610,11
1569,2
1608,1
1582,11
1566,8
1580,9
1619,4
1564,23
1571,1
1591,4
1607,6
1562,1
1587,8
1580,4
1602,3
1590,5
1576,24
1589,1
1595,6
1613,5
1544,4
1603,12
1566,11
1592,9
1596,3
1574,20
1573,4
1621,3
1578,7
1597,4
1601,9
1627,2
1601,4
1595,28
1604,6
1596,14
1607,5
1594,1
1587,3
1555,1
1568,1
1602,17
1554,4
1606,5
1591,4
1562,7
1590,2
1568,4
1582,1
1578,3
1588,6
1597,7
1623,1
1576,4
1584,10
1633,4
1579,22
1571,2
1592,6
1573,2
1627,1
1592,14
1589,2
1572,1
1554,6
1625,7
1588,3
1548,3
1586,1
1586,5
1612,2
1600,11
1605,13
1625,2
1578,2
1584,1
1580,10
1612,2
1586,4
1601,3
1617,1
1561,9
1576,5
1558,6
1621,9
1569,1
1549,1
1609,5
1559,8
1574,9
1556,8
1614,3
1571,1
1534,16
1616,12
1625,8
1592,8
1557,1
1591,11
1586,6
1554,13
1580,7
1597,5
1632,3
1593,5
1566,9
1572,2
1593,1
1611,2
1543,8
1555,9
1610,2
1544,14
1552,7
1597,5
1598,10
1588,11
1584,1
1615,3
1623,5
1565,2
1573,13
1610,2
1572,8
1587,4
1580,10
1582,8
1600,1
1530,2
1598,2
1569,5
1615,4
1611,5
1588,1
1592,7
1589,5
1558,4
1586,8
1577,4
1599,2
1572,5
1575,5
1556,4
1588,2
1624,4
1571,1
1581,4
1600,3
1585,14
1595,2
1558,4
1603,3
1558,17
1609,3
1566,8
1583,3
1618,6
1576,6
1570,10
1598,2
1569,8
1595,2
1612,9
1559,8
1542,25
1627,2
1619,2
1568,10
1598,1
1644,8
1597,6
1575,9
1577,10
1558,6
1600,1
1606,5
1555,3
1569,14
1580,18
1580,5
1579,1
1593,1
1627,7
1583,2
1570,1
1546,17
1590,4
1574,6
1573,6
1603,3
1573,9
1595,2
1587,13
1630,7
1609,2
1533,11
1589,11
1569,2
1629,1
1589,4
1609,1
1572,2
1602,6
1542,4
1638,1
1553,28
1559,7
1564,1
1603,13
1553,1
1584,1
1579,4
1575,2
1609,5
1622,1
1599,7
1624,1
1584,6
1597,11
1614,5
1543,5
1530,38
1568,2
1606,3
1579,1
1593,5
1570,1
1531,1
1598,4
1599,12
1594,3
1618,3
1565,10
1599,6
1583,6
1589,6
1537,2
1622,2
1581,3
1569,7
1604,7
1586,4
1610,3
1580,3
1611,1
1624,3
1589,33
1598,1
1584,3
1608,2
1613,6
1583,1
1590,11
1573,11
1595,9
1593,14
1554,3
1554,1
1603,11
1588,2
1583,9
1590,3
1588,3
1598,5
1600,2
1542,1
1560,5
1583,3
1593,1
1613,4
1582,8
1587,4
1573,4
1591,2
1561,1
1598,9
1557,3
1602,4
1568,13
1576,8
1615,2
1589,6
1566,22
1581,5
1603,10
1587,1
1588,10
1585,16
1626,1
1607,4
1613,12
1582,4
1583,11
1599,1
1591,1
1594,3
1618,1
1587,12
1610,2
1577,25
1578,2
1618,3
1613,11
1577,2
1586,19
1592,9
1593,7
1597,3
1596,13
1561,3
1591,3
1602,6
1590,9
1585,9
1593,1
1570,13
1558,3
1590,22
1619,12
1596,3
1569,2
1545,5
1577,10
1576,3
1601,6
1630,6
1582,11
1583,2
1586,2
1555,1
1602,7
1573,7
1557,1
1575,1
1598,9
1606,2
1595,8
1590,2
1578,5
1609,1
1594,19
1609,4
1580,14
1565,4
1583,2
1586,5
1567,2
1571,2
1610,6
1621,2
1545,8
1559,13
1611,3
1555,2
1574,3
1647,2
1577,8
1615,3
1563,1
1628,4
1546,6
1540,3
1620,2
1577,8
1570,7
1583,9
1557,11
1533,5
1564,3
1594,4
1572,14
1591,1
1603,2
1597,5
1602,3
1629,10
1591,4
1558,18
1614,2
1637,8
1593,7
1590,5
1623,2
1579,7
1594,8
1606,3
1565,27
1595,3
1611,10
1594,2
1611,1
1571,1
1568,16
1593,2
1591,3
1572,12
1584,22
1611,3
1608,3
1570,23
1600,5
1568,1
1607,3
1576,7
1593,1
1611,4
1610,4
1594,4
1584,1
1597,5
1578,2
1589,8
1602,11
1576,4
1587,2
1589,2
1570,11
1572,3
1591,7
1588,2
1614,7
1597,4
1597,3
1541,7
1567,2
1577,2
1568,8
1558,5
1604,7
1587,2
1585,12
1586,2
1594,4
1564,5
1591,9
1616,19
1565,19
1587,1
1551,3
1561,5
1586,2
1601,2
1574,2
1573,2
1614,3
1575,2
1616,1
1597,5
1554,2
1571,2
1585,2
1560,11
1564,3
1594,1
1587,2
1589,1
1563,14
1576,2
1596,1
1579,1
1531,30
1583,1
1609,1
1573,2
1576,2
1624,1
1557,8
1579,4
1530,6
1600,1
1593,4
1520,16
1605,5
1617,2
1598,4
1551,4
1621,4
1556,6
1585,3
1566,5
1627,9
1577,9
1540,6
1635,1
1630,6
