72,1356
54,1468
63,1253
59,1142
73,1000
64,1206
74,704
53,1001
62,1041
67,1288
58,316
60,1211
62,1222
59,1497
63,792
49,460
50,1341
50,147
63,983
64,1453
74,1138
52,841
80,953
59,1145
64,1219
85,1142
53,404
50,1237
59,1261
63,1428
59,1478
61,1320
53,1031
64,570
43,894
57,336
57,1192
63,532
60,407
62,708
72,1128
65,1005
52,1383
64,417
62,1479
66,513
57,1316
66,965
55,1316
54,1046
63,1032
61,1062
52,1293
55,1279
70,1359
72,277
58,504
57,1112
65,1302
64,750
66,1050
66,653
67,671
43,1055
62,439
49,741
57,1478
60,1440
70,83
53,690
62,1223
51,1482
72,657
49,384
52,673
63,975
59,1165
50,49
60,982
54,602
68,1111
53,1172
43,1499
73,1522
61,206
56,1210
59,1324
65,803
65,1332
60,1486
65,852
60,696
62,1426
63,1256
59,239
72,1108
70,1222
78,1125
68,4
53,1056
58,697
59,1207
52,35
54,289
64,1325
48,490
58,473
58,854
69,1173
70,1409
55,662
56,1388
48,1106
57,1269
67,1096
56,1149
48,1098
55,1273
52,918
57,1122
64,1251
46,1181
53,1154
71,1267
56,1008
53,967
44,1390
69,1102
48,407
57,1155
69,953
60,859
60,1404
68,505
54,726
57,1124
58,1135
55,1458
71,1396
67,248
63,1380
53,826
79,1019
47,954
65,846
52,1331
47,1430
51,1415
67,548
73,963
61,293
63,264
57,1431
60,791
54,1312
53,1317
59,1089
56,1091
57,1476
63,1274
64,1250
58,1187
51,848
60,552
61,1393
72,697
62,667
74,859
57,1279
50,1262
62,1185
67,1024
66,897
41,1306
52,1135
47,794
65,1145
63,1019
60,323
57,451
60,778
75,793
55,1245
57,1331
54,905
64,1417
64,1347
50,1130
53,1377
51,471
54,194
62,1042
52,1174
60,1331
49,1190
59,1451
68,911
46,1380
49,1291
48,1237
57,1298
58,1083
74,346
74,1234
66,1243
71,1390
54,1217
71,819
63,670
50,1063
57,868
61,991
60,658
65,1068
51,1068
78,1453
53,623
60,979
70,409
72,519
57,1307
59,1341
53,272
53,1209
56,989
62,233
56,431
59,990
56,1473
58,1425
60,645
66,269
53,1109
54,1199
65,269
55,771
52,1343
71,969
69,1105
69,356
59,1412
62,1257
52,1396
58,1251
68,331
51,488
58,1286
44,1188
52,1371
54,1429
67,1403
56,17
66,514
64,929
62,1056
71,1379
59,1449
63,468
54,723
57,1374
60,923
50,522
67,1364
62,1128
52,1335
59,825
58,1156
71,1029
53,944
53,361
50,663
44,1332
55,917
60,1320
61,1170
70,762
53,794
69,331
49,1314
50,1408
65,513
54,1299
73,1447
58,1276
68,905
67,1109
52,1114
57,1306
63,939
70,1284
55,1398
54,942
56,690
45,398
71,1503
70,578
66,1400
69,1502
59,1342
50,408
57,1297
58,1248
64,1424
46,952
69,240
54,1087
61,1346
64,1003
53,414
74,1041
50,1094
63,1374
60,1351
55,1176
72,1427
64,1183
60,1402
51,345
58,1288
52,34
60,973
54,1428
72,1155
67,610
52,1298
65,1354
72,1407
62,137
66,1306
53,781
57,258
50,1219
63,607
73,150
62,1458
61,1455
55,1419
64,1354
55,797
51,1282
68,840
44,1392
56,1285
62,731
61,1221
60,1324
67,1050
74,1013
67,827
67,1463
63,1386
65,1141
48,1265
73,977
73,681
53,245
57,977
69,1421
59,684
47,1235
54,213
60,1262
50,1041
61,1484
67,1342
55,717
55,1249
66,1409
66,1287
54,1331
66,901
50,511
46,1381
69,765
70,1367
60,1404
70,508
63,64
66,999
52,435
54,1208
65,1388
56,1214
61,1324
52,348
67,1362
72,387
61,620
68,1043
66,1391
60,1033
57,789
54,1117
68,1090
50,879
63,680
62,708
69,854
57,1434
60,876
61,886
62,1098
66,1185
60,1114
52,1245
53,1049
58,1247
61,1293
64,609
61,1356
60,1183
58,992
51,1246
58,1280
53,762
57,968
54,767
66,1337
66,1168
72,1178
53,1293
71,1084
59,1174
53,667
53,843
65,1019
73,1177
50,1457
67,1402
54,1312
55,1324
69,1378
69,264
71,1337
58,719
55,1289
64,1033
60,1453
65,931
55,1443
61,762
62,90
77,816
69,714
67,1098
53,830
69,1440
74,88
61,574
56,1151
69,958
65,1287
65,1392
62,479
58,877
62,1251
53,695
63,1269
57,656
59,1202
60,1498
58,302
63,1303
48,1203
72,775
55,673
59,104
79,225
65,548
67,805
71,1079
67,922
52,699
68,1145
43,927
70,525
56,686
65,1091
58,1330
66,1456
60,1490
70,1267
57,1208
50,1255
69,1401
68,1277
71,1107
47,1477
58,1256
64,937
63,1217
61,637
58,1303
55,587
70,1271
58,1322
60,947
60,444
47,1160
49,1147
64,1466
55,1365
64,23
46,620
67,675
61,17
54,876
56,1223
66,389
66,1106
52,712
53,1035
58,1447
49,426
53,1105
54,1257
62,1499
62,994
58,1073
48,957
55,961
60,1298
63,1464
65,579
64,615
68,582
49,920
54,696
58,1465
71,507
70,1394
65,1116
47,1524
58,1342
46,787
57,460
46,294
57,426
69,457
63,1298
68,1375
61,1059
67,1294
61,964
68,443
62,1308
65,1311
67,866
69,618
65,506
68,1319
61,1187
60,1262
54,1020
73,1370
71,479
53,1343
62,1309
66,289
67,848
58,1084
63,1275
63,536
63,799
57,1330
73,683
67,1258
68,1455
51,1407
57,50
58,1394
62,303
53,668
65,64
67,1218
55,1020
48,535
50,1374
50,485
54,58
50,784
57,675
61,775
49,1262
46,1177
71,248
65,1386
56,1213
56,1123
66,738
48,1006
54,1180
51,1266
50,271
55,1186
61,918
63,1253
67,1145
75,577
73,1057
57,899
66,715
58,781
52,1390
45,1161
62,1160
61,1384
51,1344
60,1486
43,637
47,1089
72,835
73,1320
67,1178
63,930
62,884
76,1049
58,1240
67,1204
68,1106
60,1441
55,1206
66,1161
49,1032
68,1102
68,1340
59,1217
53,1500
58,864
63,1410
67,1475
73,941
46,1438
68,1441
68,1280
57,1281
55,378
75,867
59,951
68,1224
47,684
57,1492
52,1130
60,548
73,494
49,1406
69,926
60,1448
49,934
62,1310
64,853
63,389
63,76
60,1482
56,1071
70,876
64,1404
53,1423
61,964
78,1045
55,1035
68,962
60,685
55,331
78,53
59,1283
66,1104
62,177
67,849
59,1103
60,1247
74,1251
71,1290
57,833
50,813
60,322
71,831
63,1500
53,883
57,1055
52,1384
56,1491
73,460
69,1342
65,1287
51,937
54,1326
50,213
62,1361
54,1154
68,789
43,677
81,1258
80,1062
49,1113
62,1258
57,214
45,1157
50,200
53,845
67,1140
66,1352
59,1281
63,1401
66,1370
70,1160
60,1340
68,1332
58,1416
47,1275
60,396
49,1283
58,186
68,994
52,880
55,1259
63,967
56,1185
69,148
51,1216
44,316
56,1155
57,1099
59,1046
66,1090
54,1387
68,852
60,894
52,1355
57,1285
52,1081
77,424
58,1072
51,1313
64,33
70,1313
62,1332
59,917
51,771
66,102
64,618
60,1398
51,449
74,1146
64,145
57,1497
55,975
62,694
59,1307
45,1155
59,843
56,1213
65,227
57,484
71,827
59,615
51,1519
64,1111
69,1299
62,1326
60,848
67,1376
62,1361
49,837
69,1053
57,1016
59,573
60,939
64,715
76,1285
60,1351
61,38
53,595
64,715
75,992
52,1381
66,883
63,1398
71,67
55,1131
69,945
61,1180
53,73
61,561
56,1235
58,141
57,454
57,919
56,1102
53,517
65,1103
45,1120
49,1320
53,1147
56,700
68,1400
50,758
62,1238
66,1243
58,1138
62,709
63,1231
50,1370
56,984
63,1315
55,417
79,1173
60,1361
53,876
56,1089
50,1182
54,1083
62,1067
67,1335
71,720
63,1190
74,1180
59,1020
60,1410
56,1170
67,1346
57,1153
63,1166
60,967
69,1113
63,902
49,207
74,547
50,1330
68,1324
57,1319
71,1008
56,635
62,1165
56,75
53,1280
63,1146
74,1464
58,1455
65,1133
61,42
53,1202
68,1265
49,1472
66,468
46,914
51,1438
58,825
58,1103
70,335
65,1163
68,1211
67,26
70,862
61,676
63,1134
47,1145
60,1317
64,362
68,456
52,394
61,1427
65,155
72,986
60,1376
70,1294
61,1095
55,599
60,757
52,525
65,550
52,868
49,1467
50,1214
54,297
58,846
61,1226
71,1365
50,1522
49,1356
59,1220
74,881
63,986
65,1118
66,940
48,1044
63,1472
61,365
62,634
68,1510
61,1073
60,1216
57,1455
74,544
53,1043
66,1190
70,1291
61,891
47,1373
58,1505
48,1344
73,1139
63,1114
55,1357
49,625
66,484
52,1286
80,1354
64,1086
67,1276
56,920
60,802
65,466
54,620
55,583
57,1361
63,1225
52,1106
81,984
55,493
55,81
73,1370
50,1126
68,1164
55,410
46,48
68,1070
57,1157
69,1233
58,1027
55,542
55,1167
74,1396
73,1171
76,1396
57,1312
81,624
59,1408
62,508
61,99
57,932
56,870
60,1365
69,268
78,1388
53,938
52,142
64,1058
67,883
60,1336
55,1323
63,798
66,1344
54,756
51,1265
54,1126
68,1084
69,1153
55,1398
64,1441
49,1161
54,283
66,1220
60,1092
53,932
72,1189
72,866
55,459
59,979
62,1088
65,1226
62,1265
54,1305
57,1000
61,1145
63,375
61,387
64,835
64,1274
66,1166
60,1430
50,1273
67,710
48,1307
58,922
62,1491
55,778
66,1367
62,1415
53,1348
32,873
59,1102
60,1031
69,711
66,775
61,1322
55,765
59,820
57,819
58,988
