17,4
6,213
4,1052
2,1241
11,992
7,1029
0,1324
3,995
16,327
2,830
17,223
0,1209
39,306
8,1011
19,723
2,1266
20,468
9,845
9,575
7,1051
3,1330
0,1266
14,1094
9,605
0,962
3,1204
14,537
5,1326
24,86
2,1152
8,1161
1,1347
0,1393
8,1259
30,589
5,1303
6,213
3,1254
6,1162
11,483
16,632
2,998
0,1299
5,213
15,219
9,674
3,1103
5,1190
18,1103
24,764
20,635
12,624
5,911
4,790
10,432
9,271
11,1186
7,1070
14,783
11,1112
7,173
6,772
0,1334
10,450
1,1312
6,1248
21,382
4,1049
11,633
3,1189
1,1246
1,1279
9,827
8,1233
6,1083
2,1307
18,630
41,163
5,1097
8,1028
3,967
6,1008
14,220
0,1239
20,597
6,1053
13,288
9,927
1,1347
2,1296
0,1296
0,1110
28,823
0,1217
0,1242
11,1040
0,1018
2,1153
5,1118
7,802
7,994
0,1383
0,1377
4,1097
13,895
5,966
28,330
14,916
15,755
14,87
0,1030
0,1250
0,1266
0,1291
6,1144
1,1138
0,884
0,798
11,574
1,1299
3,1274
2,1139
1,1234
13,266
9,68
15,1022
0,1227
11,992
5,1224
5,1064
0,1121
2,967
4,1073
0,1288
9,960
5,1181
5,1192
1,1007
1,1348
0,1207
0,1226
9,636
29,786
7,914
1,1199
1,994
22,335
11,1214
8,527
16,763
3,541
6,1176
3,953
0,719
2,1335
14,918
3,1186
2,1219
7,1172
17,878
4,1079
13,512
4,1259
4,1072
9,1144
2,1274
3,791
3,1290
40,30
6,872
9,614
3,1118
3,1243
4,1164
5,842
0,1343
4,1103
6,786
0,1347
14,1042
3,1113
3,1276
3,899
2,1102
0,1296
4,1076
1,1227
4,1263
2,1237
0,1284
3,1190
6,158
7,1249
0,1146
3,1137
0,1313
6,838
1,1227
0,1237
4,1148
15,939
0,993
0,1200
1,1150
5,799
5,1120
17,605
0,1275
1,1154
7,1100
0,968
8,737
11,581
0,1220
5,1345
4,1228
11,1037
7,1178
0,676
15,681
7,1052
10,1220
13,362
5,1125
0,1335
3,1059
22,424
0,1298
7,964
24,704
3,1031
3,1162
7,851
5,975
4,1135
0,809
1,1166
1,1159
18,767
4,222
0,1156
2,1114
0,1237
2,1060
4,974
0,1384
0,868
0,1245
6,1210
3,1084
16,960
1,1030
0,1278
6,1291
8,333
0,1297
2,1332
2,865
9,765
7,737
0,1300
15,942
0,1264
4,1126
0,1234
3,1232
8,1241
0,1256
1,937
0,1116
5,1165
0,1349
6,252
33,278
3,516
13,632
6,1258
4,1294
13,369
1,1408
7,773
12,857
0,1199
1,1199
3,1260
26,516
13,831
6,973
1,1167
21,223
5,916
0,1310
7,1135
4,925
6,1006
0,1301
2,1307
9,988
4,907
1,1268
12,922
8,820
2,1057
8,1271
0,1255
12,926
13,1034
6,876
3,1254
23,323
17,1027
25,156
2,450
24,945
13,886
20,365
34,469
0,1205
4,1231
4,1148
0,1344
10,407
1,1281
2,1275
0,1295
1,1294
1,1075
2,1180
1,983
14,1108
16,858
8,1234
6,1103
2,1231
1,1221
1,1301
1,1305
1,1086
9,515
18,935
7,1217
9,919
21,443
9,1172
2,1074
10,1200
12,1029
7,842
1,1212
0,1287
2,1384
4,720
0,1248
4,1013
5,1109
5,1129
6,1266
15,872
0,1283
7,1072
11,822
0,1324
17,914
2,673
14,864
20,608
7,1173
7,1193
10,1308
3,1280
27,406
0,947
4,1120
0,1164
3,911
0,747
0,1169
25,727
9,920
1,1290
6,420
49,312
35,492
10,819
7,1076
34,414
0,1270
11,279
11,779
3,881
30,580
0,1141
4,1012
1,1103
8,647
0,561
5,1239
8,786
6,1003
8,1026
5,1231
7,1257
0,1348
15,522
16,114
6,1125
4,1262
0,293
3,825
13,360
7,560
10,1078
20,570
3,1032
6,1306
6,1130
3,1209
12,1157
21,641
8,1136
20,1012
1,1119
34,340
32,28
15,86
3,1221
0,1243
5,901
1,1109
0,1245
1,1298
4,1170
7,601
4,430
11,1207
6,1188
0,1346
36,186
47,315
6,926
11,778
0,976
1,513
7,285
0,1194
4,1244
15,687
0,1251
10,485
12,1217
4,554
25,42
7,1077
4,1084
4,805
11,1186
0,1254
0,1239
34,439
3,1140
5,782
18,192
5,1209
26,357
2,1369
4,218
0,1221
6,1039
13,1118
12,985
1,1031
0,1232
0,1290
0,1328
1,1178
1,1151
16,727
3,982
11,986
11,923
13,637
2,1273
10,1204
13,979
5,734
0,1334
24,106
5,1192
11,1008
0,1180
23,284
9,876
9,867
1,997
4,1042
7,1156
4,820
0,1300
4,1067
0,1256
1,1155
5,1066
2,1270
6,1257
1,1288
0,1084
2,1251
4,1274
7,895
1,1117
3,1277
9,1151
29,528
0,705
5,989
11,1145
5,961
19,962
0,1212
6,647
7,1230
2,1341
4,1110
20,723
1,1248
6,1181
15,1141
6,1160
14,895
15,832
19,808
13,838
2,1130
5,1080
2,1104
7,1213
9,1053
5,1195
9,1070
7,1177
3,1291
2,1170
12,1043
0,822
1,1280
5,1092
6,1241
10,1141
0,826
0,1327
15,1020
0,1261
20,156
1,1246
4,1280
0,1335
8,835
0,1049
23,1084
10,1201
7,1032
2,1198
3,1182
0,1272
24,550
0,938
1,1213
1,1186
31,563
17,724
26,476
1,1299
8,864
3,1250
0,1102
5,1299
0,1372
7,1121
12,957
10,1099
10,710
3,964
0,1115
18,599
0,1271
25,797
10,605
3,1133
6,902
3,1291
16,1104
2,1140
37,61
1,1214
3,1025
8,1068
3,596
12,449
0,1300
3,1168
2,1101
11,1153
1,1301
4,1188
5,978
5,894
2,1243
6,1026
12,842
19,614
15,958
13,839
3,778
0,1291
8,1185
3,1133
7,1186
5,1125
2,1331
0,1204
2,1329
2,1236
16,903
1,1134
24,454
11,1183
8,858
8,1219
0,1294
21,479
0,1265
12,819
0,1208
2,1268
3,1037
8,470
12,804
0,1126
5,1122
26,69
9,964
6,1087
1,1130
7,1110
8,1062
4,1240
14,92
0,974
20,257
9,929
16,300
0,1271
1,957
15,1005
13,608
3,1247
0,1338
7,1062
1,1289
8,610
2,1126
1,1265
8,879
3,1184
5,898
0,1251
7,952
7,973
1,1213
19,485
6,1078
14,914
5,1161
7,543
0,1217
1,1072
1,1263
5,1079
6,1039
6,1262
4,1347
7,773
0,245
3,752
4,1222
7,867
6,1172
1,1127
3,655
1,1324
17,84
1,1106
0,1146
1,1226
1,1073
10,999
0,1271
3,1323
14,722
3,21
7,449
10,792
3,1132
4,929
0,1243
11,873
8,1048
10,937
17,687
0,1141
24,969
11,777
4,1166
2,1174
6,596
36,498
42,46
5,381
7,960
0,1259
1,1168
3,1271
15,126
2,1277
4,1090
9,1115
6,1226
8,1214
36,325
3,1291
11,1154
7,1062
2,1191
11,693
6,1177
7,586
4,1037
0,1279
5,753
2,1110
0,1335
0,1246
23,551
2,1184
18,942
3,755
4,1233
9,979
8,1073
2,669
1,1263
8,242
6,1041
0,1273
18,598
0,1230
4,1125
45,140
4,946
13,1054
2,945
12,1104
2,62
0,1280
6,1063
5,1065
6,1067
23,714
9,1118
0,1216
0,1096
4,498
5,956
0,1269
0,1232
9,1204
0,1268
15,975
1,1152
8,1091
7,1070
1,1168
0,1302
12,914
0,1361
13,496
25,873
13,1051
8,957
1,1250
5,1275
4,1352
8,979
1,1197
0,1372
7,744
5,854
7,1056
2,1111
3,1175
0,1326
22,564
4,1243
1,1155
12,625
24,242
2,1249
2,1145
6,18
20,825
0,764
0,1356
4,1082
4,1313
9,361
2,749
1,1263
26,413
3,968
14,693
1,1247
3,1063
5,1286
3,1297
22,63
13,826
10,1015
2,1291
11,1089
0,1157
0,1217
0,1189
4,218
3,1098
4,1096
8,978
0,1229
7,1045
9,1035
10,1058
12,800
7,1099
5,1281
12,263
3,804
0,1246
9,1107
4,749
3,1067
3,1283
0,1275
0,1119
1,1271
1,1373
2,1235
0,1214
0,1327
0,1281
7,572
0,1019
7,1201
6,585
3,1157
7,1233
0,1275
0,943
8,1177
6,1080
2,1076
15,951
7,730
17,171
9,897
4,1125
3,1240
0,1251
1,1275
16,252
0,1189
7,1068
5,939
4,1121
3,1059
4,925
1,988
4,737
3,1173
1,1219
10,855
1,1110
9,684
6,275
4,1220
1,1133
2,1209
1,1185
6,748
4,1059
3,1297
0,1204
24,345
0,1313
3,993
19,1222
2,1256
8,244
0,1231
17,685
28,721
0,1290
14,721
0,1175
0,1294
0,1319
4,467
17,875
9,827
1,934
8,1044
2,1230
18,720
2,1151
0,1166
2,47
11,485
2,1267
16,611
2,1340
1,1053
6,450
3,928
16,547
0,1024
1,1050
5,90
19,612
3,932
0,1205
12,274
0,1296
4,1232
17,97
1,1280
1,997
5,1084
6,810
12,627
16,834
0,1162
5,1118
1,1184
3,1241
8,999
9,1148
2,1287
8,464
0,1266
2,1207
1,1020
3,1135
3,1143
0,1260
1,1249
0,1025
22,471
4,1233
13,953
0,1063
4,995
3,1030
3,1226
2,1255
0,1211
3,930
0,1249
0,1286
1,1324
8,442
11,615
2,331
0,1099
1,1177
19,317
0,1171
22,979
26,985
0,1311
0,1118
4,1055
1,724
22,344
69,54
9,548
0,1167
0,1297
2,1145
17,845
1,1105
1,1319
8,228
