50,7
76,213
65,74
63,36
69,6
57,8
55,56
55,72
71,233
66,67
78,168
50,32
73,59
64,85
60,11
54,128
61,10
68,128
61,80
50,8
68,84
55,16
68,22
62,22
75,17
63,70
63,65
68,122
67,39
64,48
72,17
51,84
61,218
73,22
58,5
55,185
67,51
58,48
62,186
62,11
64,103
58,5
51,111
69,52
56,32
58,24
63,36
62,215
67,62
53,71
48,9
62,25
48,49
64,30
70,9
54,6
45,49
53,34
63,45
64,128
56,74
65,214
52,2
73,7
56,226
62,33
74,118
55,231
62,124
65,259
58,4
63,193
48,98
48,318
59,58
64,40
61,44
60,24
67,3
61,95
62,139
79,127
60,6
58,302
69,3
73,88
60,50
70,25
56,27
56,100
72,12
56,83
57,8
63,174
64,54
37,4
65,7
58,74
54,54
56,10
54,9
42,152
73,74
49,127
70,202
65,21
64,1
54,168
54,10
62,132
67,4
57,33
71,196
56,83
53,52
64,52
58,45
51,124
75,65
56,56
50,139
69,13
60,41
60,86
49,199
49,276
59,65
40,111
61,23
58,59
54,64
43,119
57,39
62,35
74,25
54,147
60,61
52,81
57,59
67,128
54,147
65,89
56,121
66,12
55,51
45,111
66,42
47,245
65,151
61,80
65,3
48,143
59,29
65,32
52,22
69,175
63,61
50,81
56,22
52,167
48,142
70,83
64,224
76,105
51,75
54,21
55,220
67,169
48,27
56,26
59,5
73,237
41,237
63,162
54,38
45,79
51,47
56,94
70,5
71,3
56,4
53,18
54,116
71,192
71,128
73,188
58,110
51,14
67,120
65,69
52,194
57,66
55,4
65,134
55,24
72,106
56,65
57,125
63,85
53,57
64,104
51,72
46,68
67,207
61,21
57,245
77,31
62,103
66,16
65,184
62,4
61,54
52,4
56,130
71,31
51,32
55,103
57,64
59,187
57,31
67,104
59,34
54,47
42,76
57,58
65,23
56,88
74,102
38,3
74,186
56,31
55,9
57,101
61,11
81,91
62,1
52,16
69,32
67,35
67,20
55,39
56,55
79,140
62,132
72,3
76,2
61,29
72,19
52,32
48,40
65,34
63,41
58,98
66,61
58,23
61,35
59,15
58,17
61,53
60,81
56,133
69,271
51,24
71,32
60,47
63,1
60,59
56,17
61,30
62,77
55,29
49,174
60,26
75,35
71,158
49,135
56,25
73,41
61,10
55,61
62,59
66,52
54,10
70,12
73,7
53,26
43,102
52,63
49,124
59,153
70,1
53,2
80,15
60,148
68,19
59,192
56,35
53,184
57,56
72,51
51,117
70,86
69,2
52,35
68,81
64,36
63,52
62,112
41,12
58,11
68,37
70,151
56,85
59,56
63,79
61,20
60,112
57,1
52,167
60,154
53,26
75,131
54,19
56,97
50,63
54,10
54,30
57,179
60,21
57,68
60,3
66,147
66,140
57,154
64,161
58,87
59,36
76,110
64,34
69,58
69,48
60,75
66,38
53,164
58,32
56,151
57,20
55,37
55,28
60,83
67,28
53,22
57,14
74,47
59,82
57,15
55,42
67,89
54,26
76,5
62,144
55,261
64,79
69,32
54,21
50,35
51,12
57,163
77,26
48,103
61,19
62,111
59,82
66,14
71,36
55,9
44,12
72,25
62,31
67,17
68,79
71,21
57,34
52,108
64,24
65,107
53,67
56,158
66,45
61,20
54,183
42,77
55,211
65,1
62,38
70,7
63,80
52,125
60,60
58,5
58,53
52,89
46,64
58,15
63,140
69,13
70,120
49,103
55,61
56,76
51,222
58,46
53,25
69,81
65,123
60,81
54,32
66,202
61,16
59,126
54,68
64,106
74,11
70,149
67,34
62,142
57,98
64,56
64,16
55,68
54,29
47,366
54,18
58,36
59,41
63,95
64,45
52,45
55,61
57,15
63,25
62,176
74,78
63,54
66,33
62,265
57,1
64,68
68,43
71,126
44,85
59,75
50,109
61,54
49,107
55,48
57,64
63,16
62,238
55,122
60,34
60,32
60,20
69,25
49,132
63,19
55,74
67,21
48,37
70,81
62,139
51,126
78,66
61,74
72,9
67,91
63,34
56,230
73,19
54,51
56,54
42,33
68,26
79,68
54,109
58,116
59,36
58,26
60,22
53,11
69,46
55,78
50,82
46,28
60,32
61,111
52,35
60,66
72,67
68,17
56,100
53,143
72,20
81,135
69,31
65,53
55,26
56,6
48,38
73,40
64,130
58,86
52,12
68,191
60,29
77,21
61,22
57,61
68,16
57,112
68,131
60,96
57,22
59,6
60,94
54,55
52,34
61,109
60,22
39,95
56,47
64,11
49,16
52,7
61,17
69,169
63,110
59,109
66,90
66,15
65,12
47,88
56,6
64,113
51,137
51,36
65,43
41,21
51,119
71,222
63,1
52,27
64,19
61,64
50,6
49,11
52,81
55,25
51,25
59,26
46,21
58,156
66,29
70,176
61,246
76,56
47,55
71,121
53,39
62,66
73,10
65,63
58,7
69,51
70,56
57,80
52,157
56,96
57,15
57,156
50,13
51,28
59,32
57,131
63,83
54,21
62,139
62,31
46,172
66,272
63,5
60,91
59,9
71,82
57,45
52,154
53,105
61,127
70,172
56,50
71,62
56,102
47,45
59,38
65,13
61,73
54,45
54,23
62,39
57,103
55,60
57,67
58,5
61,93
60,14
61,5
52,23
69,63
61,32
47,27
64,25
61,203
55,28
63,179
62,2
66,102
69,51
51,64
68,51
54,175
63,76
52,76
58,30
59,21
76,92
55,69
57,137
63,110
58,55
69,22
63,41
67,124
57,10
54,63
54,144
63,42
70,107
62,5
66,130
68,103
61,1
62,212
54,35
68,328
58,39
72,127
65,115
51,132
58,50
57,9
60,34
68,95
53,183
63,42
58,80
66,45
68,138
63,7
76,272
64,81
67,70
57,125
60,366
52,72
53,7
69,27
58,84
58,64
64,78
64,142
49,46
53,131
53,66
55,44
67,145
48,59
59,20
64,15
56,83
59,107
69,86
48,20
70,100
58,69
54,98
54,130
52,158
68,12
63,97
52,151
59,302
58,32
46,448
47,77
59,32
60,44
51,8
58,137
60,9
57,84
53,45
65,16
71,322
57,4
54,141
60,51
64,30
58,126
54,28
75,10
60,86
67,156
49,111
50,83
69,91
63,48
58,4
63,10
52,38
56,7
54,60
69,17
56,63
58,3
69,117
60,131
51,17
59,75
63,22
66,40
57,264
53,61
60,151
50,406
51,18
56,204
72,87
63,122
53,9
68,11
67,54
55,61
66,111
57,123
59,59
40,49
67,35
58,10
64,44
60,17
68,130
65,29
67,167
56,14
59,106
66,5
68,9
61,13
64,36
64,177
50,212
57,93
59,55
63,10
58,94
62,50
76,239
55,241
48,89
63,61
60,82
50,67
70,40
53,47
65,141
60,5
55,145
67,27
60,21
60,204
52,249
56,137
55,120
66,245
54,151
52,1
58,142
49,146
47,8
56,26
63,78
75,18
58,212
53,83
70,98
61,27
59,49
49,16
69,50
57,27
57,112
51,39
45,155
61,258
63,161
56,134
45,51
58,154
63,172
64,24
65,19
58,7
59,57
68,40
57,179
60,30
73,111
67,9
77,143
73,136
69,57
56,100
50,55
62,20
72,159
52,28
70,36
63,2
59,107
48,9
63,31
66,34
76,1
58,212
56,2
59,225
67,40
70,140
64,93
49,211
53,77
54,66
65,29
44,6
48,159
51,82
62,71
71,14
61,1
78,58
73,46
65,169
60,63
72,121
59,26
71,29
62,152
64,154
67,42
67,16
74,128
45,134
65,20
55,11
73,64
66,81
60,65
68,43
65,48
60,89
52,23
70,9
51,167
64,57
56,23
60,158
45,18
56,44
62,249
57,104
63,11
58,10
70,75
60,25
78,89
69,5
61,19
61,253
53,7
54,47
55,173
78,58
64,10
49,56
50,1
64,8
60,8
55,118
62,39
65,53
52,72
44,162
59,115
65,4
64,22
51,211
56,31
57,2
58,46
68,14
68,203
68,156
58,146
53,11
40,46
60,193
64,128
54,145
53,30
61,113
71,140
53,81
71,78
71,102
70,140
66,109
62,127
57,11
47,55
54,158
70,214
61,67
51,25
55,208
55,77
64,17
63,67
62,177
68,34
58,92
45,4
54,227
59,7
37,45
60,341
63,140
63,237
76,137
55,28
59,61
53,19
57,44
66,14
60,3
65,1
68,298
66,19
58,20
62,76
68,7
56,115
60,84
57,54
45,53
73,122
63,23
60,98
48,87
53,2
61,28
57,13
56,40
51,91
61,87
61,122
65,5
64,113
63,179
51,41
61,167
57,38
65,54
60,168
49,94
58,59
72,39
57,91
58,57
58,127
66,82
