75,1229
53,707
59,1021
82,838
60,937
66,515
51,861
64,927
71,1144
55,348
61,979
60,1057
57,1398
63,671
52,291
44,1130
51,138
65,762
70,1313
50,89
72,998
51,613
61,994
64,1042
85,1013
53,334
55,1123
58,1101
60,1287
65,973
61,1209
54,856
59,442
46,730
61,1029
63,430
60,203
62,624
70,1034
64,873
46,838
65,358
54,115
63,425
61,1152
75,330
58,1098
57,895
59,887
49,788
57,1078
71,1181
71,179
59,414
64,772
63,1191
67,97
61,330
72,480
63,224
52,532
55,513
64,1308
69,76
51,554
65,1099
52,1362
71,583
53,349
55,598
66,827
63,1058
61,826
53,467
61,880
56,1033
62,1300
66,33
60,1055
68,584
66,1165
66,1178
64,747
60,611
62,1313
62,1075
54,90
70,872
74,1079
80,658
52,914
61,599
61,1092
49,33
51,228
66,1137
46,354
57,425
64,79
69,976
54,575
59,1230
53,950
62,1015
68,956
55,480
53,961
48,483
51,747
54,979
63,1118
48,1068
55,1007
68,1008
62,675
56,810
48,339
63,1003
73,805
60,742
63,1172
54,555
55,869
61,846
58,743
75,1204
57,4
60,1245
52,712
72,805
45,781
67,706
53,1137
42,1303
53,723
66,527
78,627
64,569
62,232
57,850
56,898
52,1163
58,1177
60,821
62,529
68,1316
58,1340
58,1140
65,1003
58,26
53,690
60,1222
51,1030
71,555
64,579
70,705
60,1048
42,1022
64,1076
66,99
67,776
46,1097
54,955
47,654
60,926
62,842
64,267
56,417
60,694
74,603
53,1155
57,1128
52,813
62,1163
65,738
49,964
55,1324
52,357
55,42
61,824
51,1057
58,1185
47,1013
65,1252
69,678
53,901
46,1113
49,836
59,1214
68,98
65,157
57,1075
64,545
52,883
60,777
64,305
60,566
63,887
53,1024
53,455
57,645
69,243
54,1100
60,1177
57,184
49,969
60,62
58,355
56,889
52,1351
58,1263
59,527
69,222
50,1043
51,1032
68,233
54,663
54,1253
68,808
73,987
69,260
58,1306
67,1123
54,1239
65,829
65,277
49,422
55,1054
38,912
59,906
55,1265
68,1284
54,34
65,439
62,789
70,1179
50,200
60,382
52,568
65,928
57,1270
60,798
58,619
72,1203
61,970
53,1183
57,726
58,1014
71,892
52,66
55,322
55,478
40,1110
56,651
58,1144
63,1031
68,634
55,712
60,762
53,1144
55,1218
70,412
58,1147
67,1290
55,1107
68,392
64,854
58,773
60,1125
67,670
55,798
56,573
52,85
71,1345
71,477
69,1289
69,1315
60,1183
53,364
56,944
61,727
64,1189
45,600
69,227
54,1059
62,1211
57,297
68,593
52,906
58,1074
60,1165
53,982
67,1168
63,990
61,418
51,304
66,850
64,824
58,1027
73,876
65,171
51,1150
66,1241
70,1247
62,47
59,894
53,656
59,1260
48,1056
63,501
75,58
63,1273
64,1321
61,1005
54,1212
62,1182
55,1127
69,654
47,1236
55,1142
65,636
58,767
73,850
64,678
67,1346
61,1272
62,936
47,1112
68,753
71,594
53,217
62,819
56,233
66,72
50,1024
52,93
68,1108
48,794
55,1333
70,1201
51,817
55,1145
65,1253
70,875
54,1202
70,737
58,370
52,1205
74,619
71,1209
59,1247
73,159
55,32
66,873
54,349
51,1011
57,1257
56,1012
57,1210
60,1161
53,285
59,1004
71,327
59,467
67,894
64,1184
61,908
61,599
53,963
67,914
49,821
58,493
62,521
75,480
55,1294
60,655
62,745
60,930
70,107
54,1131
51,957
61,1081
60,1045
60,414
60,1058
55,1057
58,1077
57,670
57,795
60,486
65,1170
60,645
75,1017
51,1161
73,910
58,563
51,673
61,343
76,1039
46,989
68,1285
58,1076
53,1164
68,1158
71,213
69,1103
59,659
53,1002
67,885
63,1039
62,683
57,1315
60,656
60,52
76,670
67,471
76,931
51,749
73,1047
80,19
66,186
61,955
66,1137
66,1252
61,386
60,692
60,1030
51,603
63,768
54,570
59,962
60,155
62,993
54,883
70,694
49,400
58,85
77,192
59,313
67,612
72,939
55,871
67,801
52,607
67,994
42,717
70,472
58,587
72,855
62,1123
59,683
58,1345
69,1049
54,1056
48,102
66,1231
65,1147
70,932
52,1245
55,553
66,802
67,1079
58,1178
59,1141
61,960
63,1180
60,320
52,878
50,1006
63,1345
55,1078
66,16
50,477
63,553
60,20
50,745
52,951
66,344
69,864
52,706
51,654
52,231
59,903
52,1078
66,1053
58,559
59,876
50,865
57,738
58,1135
64,521
64,526
65,484
44,667
57,918
54,1314
71,388
66,1274
68,896
48,1290
60,1219
51,622
57,369
40,196
56,330
69,393
61,1143
65,1218
68,1141
60,812
66,184
63,1071
57,1076
72,710
61,419
67,1019
63,1056
58,1026
59,910
74,1178
71,336
53,1111
58,1153
68,238
59,619
56,950
62,1158
55,1255
61,640
56,1167
71,554
58,946
67,1326
57,1283
55,37
60,1218
61,274
53,577
65,66
65,1084
56,866
51,597
54,1196
51,387
56,50
53,657
59,284
60,684
53,1106
53,952
75,213
56,1216
59,1067
58,821
65,506
55,713
51,597
54,1135
50,209
53,813
59,671
61,1110
68,522
76,735
72,895
60,188
69,561
60,626
53,1288
60,957
51,637
45,1195
55,272
50,90
50,923
70,603
72,1211
65,1039
65,757
59,741
76,911
58,1010
72,1039
64,922
61,1104
59,993
60,1042
54,909
52,871
70,956
68,305
58,692
60,740
64,1321
74,584
50,1145
50,1195
72,1117
57,269
70,695
57,807
60,995
46,828
67,1268
49,968
63,411
75,395
55,953
67,779
73,1170
50,803
64,1154
62,695
66,49
54,884
65,670
63,1245
50,1214
80,915
64,300
55,549
62,453
65,493
55,279
76,30
63,1119
64,950
62,143
64,708
58,956
57,1114
79,469
65,406
54,595
51,701
61,237
69,431
55,1310
49,781
48,30
50,721
53,260
51,1145
53,1366
71,325
66,1221
63,1152
53,737
57,1176
50,150
65,1205
55,1006
70,681
43,578
77,1131
75,838
50,776
62,1105
51,54
48,998
52,164
51,636
65,852
70,1208
57,1082
59,1243
74,967
70,986
60,1197
66,579
60,1233
49,1155
66,95
51,1141
58,183
71,840
50,766
57,1021
58,228
71,143
52,858
44,265
59,1037
58,977
62,847
68,952
56,1242
68,362
60,728
49,1004
63,435
54,664
53,914
79,369
53,883
62,39
68,1153
60,1191
64,733
51,620
65,57
61,481
47,384
67,1169
65,124
61,1330
54,821
61,584
61,1166
47,886
63,636
54,1036
66,144
56,398
66,301
62,515
47,1357
65,962
56,378
58,467
59,1004
61,1194
56,785
48,693
65,878
58,773
57,371
59,807
62,518
72,1130
59,1265
61,28
54,496
60,586
76,890
47,1104
65,739
72,1119
66,1248
72,68
57,819
71,899
65,996
61,477
56,1116
59,92
56,737
51,7
52,356
62,994
46,900
47,1193
59,1034
58,632
58,784
53,585
59,970
65,1110
54,973
65,551
65,1023
50,1218
48,433
65,1171
58,148
77,1076
62,1176
51,722
55,905
55,990
57,885
62,622
68,478
61,1032
75,908
60,1335
61,1345
68,227
66,1179
54,983
64,467
64,818
69,932
56,942
62,762
50,151
67,393
50,1183
72,1114
51,1127
76,842
56,951
53,1140
65,1039
80,1348
59,1314
59,938
63,73
53,942
66,1121
51,1328
65,393
56,94
53,1328
56,959
57,962
72,265
68,882
70,1043
59,37
60,500
62,904
50,443
61,1159
65,330
66,381
51,301
58,1134
67,140
72,805
60,1255
65,1122
61,1048
59,491
57,628
58,49
66,404
57,1097
50,698
51,680
56,486
60,695
54,823
69,1243
47,1362
51,1219
63,1101
72,791
66,888
64,906
69,938
46,108
65,1315
61,334
65,490
71,1337
65,915
58,1112
56,1304
64,78
72,1029
57,652
48,1219
67,756
58,235
71,979
60,930
58,1165
51,548
68,324
77,1231
60,912
58,905
52,714
66,668
64,401
55,463
58,184
58,1242
58,1035
52,959
82,884
52,127
56,66
73,1259
61,142
54,918
67,960
55,354
45,27
54,998
54,667
54,709
57,903
69,1276
76,1223
54,1102
78,501
55,1280
63,1032
69,321
61,90
56,755
55,312
59,1127
69,229
77,1222
55,798
52,102
66,890
65,779
62,1174
64,329
64,693
66,1196
51,623
50,1110
47,249
65,874
71,982
56,1240
65,1295
49,1046
52,223
64,1079
57,932
56,741
71,1047
75,619
54,235
62,845
62,944
63,1117
61,1033
55,1162
55,762
60,979
56,193
62,284
68,259
66,1133
58,860
65,608
51,1111
63,1368
54,606
73,1153
54,1196
34,748
64,706
59,893
70,602
59,593
55,1125
55,464
59,700
55,890
62,31
59,974
66,1025
68,831
69,1113
68,1034
63,1163
60,981
67,19
48,492
58,602
52,555
46,1244
69,888
60,755
58,1002
52,833
60,903
59,265
64,259
50,996
55,597
68,414
51,957
60,929
47,48
54,1077
55,1161
72,1007
63,1
58,802
63,878
61,1185
61,1060
54,12
52,152
56,216
64,252
52,1299
55,501
60,1203
58,877
57,617
75,1158
59,399
62,1150
54,826
57,834
67,4
61,1028
79,975
68,855
59,1019
