1602,5
1604,12
1593,3
1618,23
1582,3
1585,16
1601,2
1561,14
1632,7
1552,29
1596,6
1549,25
1639,7
1557,7
1550,1
1514,1
1605,10
1581,12
1590,8
1610,4
1606,1
1631,3
1551,1
1609,1
1577,1
1545,35
1593,6
1599,3
1586,18
1638,5
1564,10
1614,5
1592,9
1590,6
1571,10
1607,1
1628,3
1625,1
1595,23
1562,5
1537,20
1618,8
1582,9
1540,9
1598,9
1615,4
1611,1
1596,4
1583,3
1586,3
1600,1
1603,1
1621,5
1554,5
1539,1
1596,11
1605,4
1580,5
1595,5
1576,1
1620,10
1591,1
1651,1
1584,6
1641,6
1546,9
1577,4
1589,6
1562,3
1567,1
1509,11
1549,14
1610,6
1529,15
1612,14
1568,9
1574,3
1629,15
1601,11
1608,15
1584,13
1560,13
1583,25
1580,1
1567,9
1563,8
1576,3
1585,8
1638,1
1557,4
1620,18
1600,3
1604,11
1612,5
1613,5
1583,1
1570,13
1524,10
1577,7
1591,2
1588,4
1542,16
1552,2
1569,2
1564,24
1625,5
1590,1
1572,4
1587,1
1615,11
1581,1
1561,4
1545,7
1603,3
1605,23
1628,9
1551,2
1584,3
1595,8
1534,6
1587,4
1565,6
1592,1
1570,11
1586,3
1613,4
1595,1
1574,5
1614,2
1567,2
1572,2
1567,28
1558,11
1586,16
1591,20
1569,10
1565,2
1575,15
1575,1
1615,1
1586,15
1543,19
1581,1
1582,2
1483,32
1632,10
1594,13
1640,5
1535,9
1595,6
1631,5
1548,5
1596,4
1591,7
1611,8
1664,9
1646,8
1580,10
1595,7
1557,12
1541,17
1543,5
1641,1
1636,5
1562,15
1572,13
1524,10
1531,4
1614,3
1569,3
1569,4
1545,48
1576,1
1605,11
1526,21
1626,5
1588,20
1517,4
1598,8
1604,5
1521,15
1610,6
1575,1
1593,3
1573,19
1609,4
1599,2
1584,6
1569,7
1554,7
1558,1
1569,11
1586,6
1543,36
1568,14
1577,3
1628,20
1557,1
1549,3
1572,12
1628,2
1616,1
1539,20
1582,12
1566,22
1604,1
1580,4
1593,6
1635,1
1617,15
1610,3
1584,1
1602,3
1557,5
1531,3
1615,6
1590,5
1542,7
1577,2
1594,29
1609,1
1575,14
1544,4
1529,4
1534,17
1615,8
1562,6
1618,7
1592,5
1593,4
1644,24
1577,2
1550,17
1625,2
1587,19
1581,13
1564,7
1593,1
1567,5
1629,24
1608,4
1586,15
1583,17
1566,4
1598,5
1604,3
1606,3
1566,3
1553,1
1588,7
1567,1
1570,13
1587,8
1576,12
1581,7
1537,4
1621,4
1584,28
1575,18
1599,1
1513,7
1573,8
1627,1
1672,8
1591,20
1586,1
1583,16
1649,11
1573,15
1601,14
1604,17
1579,5
1602,3
1586,12
1513,15
1542,7
1509,21
1552,18
1548,5
1566,4
1638,2
1599,16
1599,9
1577,6
1612,4
1567,9
1602,7
1574,20
1587,15
1560,20
1576,7
1617,4
1576,10
1627,4
1548,4
1593,2
1604,5
1543,6
1577,14
1581,4
1562,16
1614,3
1563,9
1579,9
1603,3
1623,3
1602,1
1593,3
1486,2
1591,7
1574,18
1623,6
1612,2
1580,27
1620,21
1568,16
1591,8
1542,16
1616,3
1601,8
1626,2
1576,7
1570,2
1592,16
1608,7
1550,2
1558,5
1593,3
1589,14
1547,4
1627,23
1565,11
1593,13
1570,2
1540,11
1589,5
1637,3
1580,1
1577,6
1605,9
1575,5
1568,6
1587,2
1588,7
1602,2
1539,24
1611,2
1588,3
1621,1
1561,7
1580,6
1548,3
1611,4
1565,2
1558,3
1595,26
1552,3
1572,7
1602,8
1543,1
1574,1
1604,3
1544,2
1582,6
1612,3
1585,23
1568,14
1614,10
1618,1
1588,3
1543,14
1612,2
1605,20
1525,7
1624,3
1571,7
1621,2
1573,7
1607,8
1532,5
1514,21
1566,1
1559,20
1618,5
1566,8
1563,11
1569,9
1605,28
1590,2
1514,32
1582,11
1597,8
1533,1
1624,1
1594,5
1552,2
1572,2
1609,9
1612,14
1588,18
1601,8
1629,3
1529,14
1543,2
1615,1
1624,3
1580,20
1589,4
1580,6
1560,1
1581,2
1616,1
1584,1
1608,1
1568,1
1663,33
1621,9
1571,10
1618,13
1547,14
1594,6
1612,6
1585,30
1597,6
1557,9
1549,24
1545,22
1601,21
1553,2
1533,19
1597,19
1574,5
1528,44
1573,14
1504,4
1602,1
1580,3
1557,7
1623,8
1590,5
1623,2
1591,19
1605,8
1577,8
1602,9
1567,18
1536,4
1574,14
1651,5
1600,11
1575,2
1579,21
1556,4
1559,2
1582,8
1592,10
1534,30
1622,1
1537,9
1570,3
1565,11
1616,10
1578,5
1602,1
1540,2
1522,3
1559,7
1634,1
1565,5
1548,8
1672,2
1594,5
1572,7
1592,20
1594,4
1591,2
1641,1
1575,4
1579,2
1595,17
1636,3
1585,4
1545,4
1561,3
1636,2
1602,4
1533,11
1593,6
1617,1
1621,5
1632,2
1578,3
1592,24
1568,2
1615,2
1555,5
1588,5
1585,4
1572,22
1560,21
1583,1
1582,11
1556,3
1577,13
1608,3
1567,8
1589,7
1613,12
1537,8
1604,8
1592,8
1569,1
1570,1
1602,2
1601,2
1567,7
1564,8
1572,13
1594,4
1558,14
1614,2
1573,6
1529,4
1512,29
1583,11
1588,11
1585,7
1550,1
1554,9
1606,5
1604,12
1555,4
1578,1
1606,1
1586,7
1584,4
1614,4
1566,11
1521,18
1543,8
1562,5
1621,27
1608,3
1594,11
1563,6
1579,4
1589,5
1523,7
1589,13
1625,1
1590,9
1538,14
1560,4
1596,15
1552,4
1586,5
1547,7
1546,8
1563,2
1584,12
1577,12
1573,10
1611,3
1547,13
1548,8
1548,24
1576,1
1595,2
1572,6
1568,3
1569,12
1579,4
1560,13
1564,2
1580,11
1529,4
1603,2
1599,5
1534,13
1610,2
1541,7
1546,7
1587,1
1589,16
1603,1
1605,9
1597,4
1587,3
1620,5
1584,6
1598,7
1593,19
1555,12
1551,15
1587,6
1624,3
1593,2
1562,1
1626,2
1605,8
1567,20
1603,6
1552,5
1505,13
1552,15
1583,1
1571,11
1597,12
1531,5
1617,8
1563,20
1598,10
1613,1
1634,4
1576,15
1599,9
1578,3
1559,8
1612,3
1564,10
1558,9
1560,4
1595,6
1539,8
1581,15
1596,5
1638,6
1551,5
1554,9
1631,3
1531,13
1597,12
1603,7
1579,9
1638,2
1597,1
1575,11
1558,38
1543,10
1615,6
1514,3
1575,8
1601,5
1554,11
1609,9
1605,3
1632,1
1602,4
1603,12
1564,4
1570,2
1574,2
1598,1
1593,6
1558,5
1600,4
1590,6
1593,1
1555,3
1584,35
1581,4
1535,11
1596,6
1596,3
1596,12
1580,6
1613,8
1613,5
1601,11
1603,2
1573,5
1568,3
1623,4
1537,8
1597,19
1645,3
1618,13
1536,6
1582,4
1588,2
1558,3
1585,6
1561,10
1627,2
1541,1
1559,7
1558,10
1571,4
1579,5
1640,13
1657,1
1569,14
1563,25
1578,11
1624,3
1552,12
1601,7
1567,8
1579,8
1517,3
1648,3
1546,4
1579,1
1567,30
1595,13
1608,9
1583,1
1569,7
1597,3
1587,1
1589,2
1579,11
1582,4
1582,12
1580,13
1495,3
1549,4
1546,1
1575,8
1633,3
1537,12
1593,2
1599,7
1600,7
1562,10
1622,3
1534,1
1588,2
1568,13
1573,6
1571,5
1588,4
1547,2
1594,35
1593,25
1599,8
1615,12
1557,25
1564,3
1586,16
1573,1
1554,1
1563,1
1580,12
1586,4
1557,21
1565,15
1631,1
1584,2
1670,2
1493,9
1539,2
1593,3
1581,7
1547,4
1580,5
1645,6
1621,1
1555,6
1570,2
1642,1
1546,22
1543,32
1573,7
1573,2
1617,3
1554,20
1586,1
1520,4
1505,7
1523,8
1585,3
1580,10
1620,9
1614,9
1639,17
1602,11
1544,4
1657,3
1561,11
1586,3
1567,1
1600,15
1599,3
1589,6
1578,1
1620,10
1563,32
1574,14
1596,1
1617,12
1580,4
1630,9
1581,1
1615,1
1556,9
1563,5
1577,17
1577,7
1568,3
1574,1
1588,3
1622,6
1604,13
1581,4
1613,6
1613,10
1606,3
1624,2
1596,2
1576,10
1607,1
1587,3
1616,7
1624,8
1530,18
1549,5
1601,7
1578,8
1564,4
1606,4
1629,9
1613,4
1623,3
1569,3
1500,33
1560,11
1602,12
1554,3
1586,2
1551,16
1605,21
1609,24
1612,1
1557,4
1563,4
1568,12
1553,1
1595,8
1604,5
1620,4
1529,40
1585,6
1569,10
1602,3
1587,4
1551,5
1622,14
1605,3
1598,6
1508,8
1605,6
1581,7
1587,1
1534,25
1596,4
1568,3
1534,4
1526,1
1593,7
1570,6
1574,1
1598,2
1524,4
1644,6
1604,9
1530,22
1599,4
1631,11
1569,18
1547,2
1556,5
1611,3
1567,2
1626,7
1641,2
1559,23
1583,14
1561,1
1598,16
1603,12
1576,1
1594,2
1578,14
1519,7
1578,11
1568,14
1564,2
1587,19
1526,20
1660,6
1556,35
1572,1
1586,8
1559,2
1624,5
1569,2
1536,2
1589,9
1586,14
1569,12
1595,7
1550,4
1571,6
1580,7
1508,2
1588,3
1583,4
1538,14
1582,4
1606,6
1617,1
1543,4
1564,2
1573,7
1554,15
1644,1
1562,45
1546,16
1627,3
1562,4
1521,31
1597,1
1577,2
1549,4
1625,4
1555,19
1516,8
1582,14
1561,9
1612,4
1571,2
1607,16
1559,14
1621,4
1557,1
1593,3
1561,3
1573,3
1614,2
1638,3
1631,3
1563,8
1578,11
1615,9
1569,2
1606,9
1562,12
1616,10
1592,16
1549,17
1553,4
1581,2
1600,2
1580,2
1576,22
1601,13
1579,2
1622,2
1592,5
1610,2
1592,2
1557,9
1567,6
1549,17
1598,4
1537,3
1506,6
1578,1
1615,11
1524,15
1563,2
1556,18
1541,1
1582,2
1576,3
1561,10
1557,4
1586,2
1653,11
1624,3
1593,19
1548,25
1610,1
1593,6
1577,3
1589,5
1575,1
1609,2
1597,14
1564,29
1602,1
1626,12
1596,8
1560,8
1563,12
1570,1
1610,6
1617,26
1577,10
