1590,8
1591,8
1585,4
1567,1
1578,2
1592,4
1615,3
1622,8
1566,17
1585,21
1575,37
1627,7
1636,2
1616,9
1607,1
1623,7
1538,6
1584,2
1549,22
1609,7
1563,8
1625,6
1576,5
1609,9
1576,10
1588,3
1586,4
1569,10
1592,24
1623,8
1614,2
1579,21
1621,1
1579,13
1582,5
1598,2
1594,5
1605,3
1561,14
1566,10
1556,26
1572,20
1555,18
1586,6
1563,24
1581,8
1553,5
1580,8
1636,1
1578,2
1580,4
1593,4
1609,8
1617,1
1565,3
1586,7
1587,11
1566,15
1570,6
1612,1
1568,8
1569,2
1555,5
1569,11
1606,2
1581,17
1601,8
1567,17
1570,6
1589,3
1573,9
1611,2
1609,2
1583,5
1594,2
1621,2
1615,3
1576,1
1597,4
1578,19
1588,4
1575,9
1599,1
1605,1
1601,9
1621,1
1608,11
1593,5
1572,9
1632,12
1569,9
1578,13
1568,14
1589,12
1584,3
1596,35
1565,21
1604,4
1550,2
1571,10
1565,34
1590,1
1581,19
1585,20
1586,6
1559,5
1590,6
1537,31
1591,3
1555,26
1598,15
1574,6
1628,5
1617,1
1624,5
1650,14
1579,3
1602,3
1595,1
1574,5
1593,8
1568,6
1574,6
1553,18
1573,13
1593,1
1600,5
1542,16
1549,6
1613,4
1644,5
1550,15
1553,14
1583,9
1547,3
1604,3
1566,9
1608,4
1590,4
1618,12
1589,6
1588,2
1548,21
1617,12
1575,7
1558,32
1624,13
1625,1
1613,6
1586,8
1570,8
1541,7
1610,3
1563,14
1556,34
1609,3
1577,2
1588,1
1591,1
1592,2
1611,13
1613,3
1596,2
1607,8
1595,16
1597,1
1575,13
1572,10
1666,2
1593,3
1618,15
1584,3
1543,3
1588,4
1607,9
1606,2
1550,9
1596,8
1570,12
1601,6
1557,5
1583,7
1577,2
1579,1
1559,7
1588,2
1595,3
1589,13
1556,20
1592,6
1599,5
1593,2
1574,10
1586,8
1567,4
1588,18
1632,9
1575,5
1587,9
1608,7
1550,24
1584,31
1582,11
1579,2
1587,1
1602,1
1589,7
1538,7
1571,18
1625,9
1588,10
1571,9
1616,2
1567,1
1588,4
1578,9
1592,6
1572,22
1549,6
1584,4
1571,2
1598,10
1576,5
1582,4
1563,5
1542,5
1550,21
1561,2
1588,4
1565,2
1606,8
1624,3
1557,10
1600,5
1578,7
1588,7
1598,3
1578,12
1662,6
1611,4
1595,1
1526,39
1580,12
1581,2
1571,15
1587,4
1630,11
1586,4
1581,16
1584,7
1575,8
1583,4
1561,10
1599,7
1574,9
1567,2
1630,5
1587,6
1578,2
1584,5
1614,2
1533,9
1561,10
1533,3
1585,14
1606,2
1556,3
1566,13
1582,12
1567,16
1596,13
1589,4
1600,7
1599,4
1638,1
1576,15
1554,9
1582,13
1546,59
1648,12
1581,8
1577,9
1550,12
1617,1
1615,1
1555,6
1595,9
1592,7
1573,2
1596,5
1592,1
1574,6
1614,4
1552,2
1586,2
1606,11
1631,8
1636,4
1618,20
1583,2
1595,20
1544,14
1601,1
1608,14
1602,1
1628,2
1623,3
1604,23
1632,2
1592,16
1611,11
1558,3
1561,3
1577,5
1571,1
1618,13
1572,24
1566,37
1563,3
1578,21
1521,31
1595,31
1619,1
1540,14
1600,11
1579,3
1586,58
1621,19
1602,5
1588,1
1591,10
1580,18
1587,2
1572,8
1597,8
1599,18
1600,5
1573,2
1611,11
1557,10
1601,13
1592,2
1608,5
1577,19
1578,1
1597,13
1558,14
1621,7
1595,9
1582,1
1565,2
1587,7
1605,5
1559,12
1594,9
1581,21
1561,9
1585,6
1615,2
1625,1
1564,8
1582,6
1575,2
1565,8
1607,11
1603,2
1570,4
1602,6
1607,1
1607,2
1589,5
1609,2
1589,14
1523,14
1543,12
1566,13
1598,3
1601,10
1572,1
1588,6
1583,13
1591,2
1624,11
1605,3
1566,14
1556,6
1598,16
1603,1
1573,2
1572,4
1570,9
1603,3
1545,8
1569,15
1563,4
1615,9
1581,10
1550,2
1620,2
1624,5
1546,18
1535,7
1606,8
1573,7
1579,4
1559,5
1587,17
1559,4
1581,15
1589,8
1579,1
1578,17
1528,1
1572,3
1600,10
1607,7
1580,12
1570,4
1588,3
1573,16
1608,10
1576,2
1593,8
1605,10
1567,9
1573,5
1569,3
1578,1
1589,8
1574,8
1613,2
1580,7
1596,1
1583,6
1557,1
1559,29
1557,18
1561,1
1628,1
1610,6
1622,1
1583,11
1546,2
1599,8
1568,6
1590,19
1570,1
1548,8
1573,7
1603,24
1556,7
1596,14
1564,9
1554,17
1589,1
1591,4
1618,2
1608,8
1579,7
1537,9
1599,2
1586,9
1609,21
1616,4
1574,2
1582,16
1577,3
1620,7
1542,18
1545,8
1579,6
1601,1
1583,7
1576,18
1558,10
1605,8
1600,1
1603,7
1607,7
1598,15
1532,11
1592,12
1595,20
1620,7
1591,18
1584,16
1600,17
1589,11
1582,5
1582,8
1571,11
1603,27
1573,18
1580,15
1582,2
1606,4
1578,18
1540,37
1551,10
1542,45
1622,17
1562,4
1581,1
1611,12
1510,8
1580,2
1601,5
1564,5
1550,3
1578,3
1554,4
1625,11
1591,39
1579,11
1599,1
1551,4
1616,3
1584,6
1598,6
1546,1
1610,30
1607,2
1559,15
1617,2
1590,12
1599,8
1605,11
1588,2
1589,20
1590,9
1604,4
1611,1
1598,1
1571,19
1595,2
1569,4
1564,7
1610,9
1585,1
1604,13
1577,2
1550,24
1607,8
1599,4
1614,1
1558,17
1553,10
1560,4
1551,10
1538,3
1588,1
1589,11
1581,3
1612,12
1567,2
1602,5
1576,6
1581,5
1556,13
1602,9
1569,12
1542,26
1569,7
1579,2
1625,10
1612,5
1598,13
1578,4
1558,7
1594,2
1579,6
1580,9
1552,24
1610,7
1608,1
1578,11
1535,34
1580,9
1619,4
1557,24
1621,4
1581,1
1556,10
1590,4
1586,9
1527,40
1607,6
1565,1
1589,7
1578,4
1592,3
1590,5
1584,7
1571,20
1611,5
1548,4
1603,11
1563,14
1565,11
1588,10
1588,12
1608,7
1567,23
1574,4
1554,4
1607,17
1581,9
1599,3
1601,9
1627,2
1601,6
1595,33
1601,8
1631,5
1595,14
1601,5
1589,14
1587,3
1579,3
1555,1
1655,1
1568,1
1602,21
1569,9
1601,10
1554,4
1605,5
1591,4
1562,7
1585,2
1565,8
1572,9
1589,6
1601,7
1603,21
1577,4
1622,9
1612,5
1581,9
1633,4
1588,21
1593,6
1573,1
1625,1
1593,14
1589,2
1572,1
1554,6
1628,8
1564,8
1589,4
1549,3
1587,1
1587,5
1613,2
1566,2
1568,1
1552,29
1593,19
1602,14
1626,2
1578,2
1585,1
1577,18
1616,2
1590,1
1591,18
1618,6
1564,9
1575,5
1559,7
1599,28
1561,5
1548,7
1609,5
1559,5
1564,13
1543,24
1619,1
1569,1
1535,16
1619,11
1625,10
1590,10
1555,7
1599,10
1547,12
1578,8
1593,7
1633,3
1592,5
1566,9
1572,2
1595,1
1543,9
1556,8
1607,2
1547,16
1554,3
1581,5
1617,1
1604,2
1600,10
1589,10
1585,1
1623,3
1559,1
1624,5
1564,2
1590,3
1573,13
1601,8
1567,7
1580,4
1579,12
1582,8
1592,2
1594,5
1526,10
1599,2
1577,7
1610,5
1582,7
1591,7
1588,5
1559,4
1588,12
1565,23
1581,5
1574,21
1600,2
1570,4
1530,11
1555,18
1552,12
1598,7
1580,21
1587,2
1611,10
1571,1
1574,2
1585,6
1571,7
1599,3
1624,5
1585,18
1596,2
1557,3
1602,3
1550,19
1609,3
1578,4
1614,6
1568,10
1570,10
1597,2
1565,8
1595,9
1616,9
1559,8
1541,25
1623,12
1579,8
1620,1
1568,10
1645,8
1536,35
1596,6
1569,9
1578,10
1559,1
1600,1
1605,5
1554,3
1567,16
1585,1
1574,31
1585,5
1578,1
1579,18
1623,13
1554,12
1570,1
1554,19
1590,4
1556,16
1603,3
1568,10
1595,2
1603,5
1634,2
1554,1
1533,11
1586,13
1609,10
1576,5
1569,2
1629,3
1586,4
1605,5
1570,2
1595,8
1543,4
1529,43
1560,9
1599,11
1562,1
1604,15
1553,1
1585,2
1584,4
1574,7
1609,5
1622,1
1590,9
1598,8
1596,15
1618,1
1581,8
1603,9
1615,7
1522,25
1533,25
1534,45
1565,4
1624,2
1605,3
1579,1
1588,2
1591,5
1553,14
1534,8
1585,14
1595,4
1618,3
1562,11
1600,6
1581,6
1574,17
1593,2
1534,7
1621,2
1569,7
1614,13
1579,5
1570,7
1605,7
1583,9
1608,3
1580,3
1608,3
1628,2
1558,4
1587,39
1598,1
1608,2
1606,6
1586,9
1584,1
1591,12
1574,11
1592,9
1596,15
1555,3
1568,2
1554,1
1609,20
1595,4
1578,23
1583,9
1586,6
1588,4
1598,5
1579,12
1543,1
1559,5
1583,4
1594,1
1610,5
1588,7
1580,12
1579,4
1592,2
1599,8
1548,4
1602,4
1565,13
1579,8
1590,6
1580,1
1577,14
1577,36
1581,5
1585,16
1588,17
1626,1
1597,11
1600,19
1582,4
1584,11
1606,3
1602,5
1592,1
1596,3
1615,3
1579,13
1592,19
1561,12
1573,30
1573,2
1625,3
1588,13
1613,11
1570,1
1568,14
1588,23
1590,9
1585,9
1598,3
1594,13
1564,4
1591,3
1525,5
1590,13
1578,12
1593,1
1565,5
1569,13
1558,3
1585,25
1620,12
1596,3
1568,2
1551,4
1573,13
1558,15
1505,13
1605,6
1599,4
1630,6
1583,11
1583,2
1591,1
1556,1
1602,7
1564,11
1554,5
1576,1
1598,15
1599,11
1600,6
1591,1
1574,6
1606,3
1599,15
1613,4
1584,18
1567,4
1582,2
1584,1
1558,15
1570,2
1577,12
1610,4
1576,14
1621,2
1551,8
1553,15
1608,3
1555,2
1611,2
1566,7
1645,2
1594,2
1576,7
1572,8
1615,3
1558,3
1630,4
1547,8
1615,11
1573,9
1562,11
1586,10
1560,11
1533,5
1565,3
1540,27
1594,4
1566,14
1592,1
1602,2
1598,5
1595,6
1621,10
1591,4
1563,18
1614,2
1638,8
1569,4
