814,87
712,339
852,67
850,52
714,320
870,86
860,71
617,514
760,270
834,159
837,165
864,127
628,419
763,218
693,341
777,176
756,304
782,233
729,326
723,333
687,337
804,37
786,34
800,148
596,570
815,221
801,103
758,245
620,501
870,34
692,242
554,611
694,264
681,218
451,824
852,30
611,493
795,49
868,11
869,10
845,14
820,243
839,5
674,418
784,119
867,131
928,4
848,59
676,266
835,28
792,215
871,151
893,30
816,34
834,112
731,424
850,40
784,230
660,250
805,33
760,264
847,175
700,382
671,441
872,44
885,70
781,135
787,248
841,35
516,542
673,315
730,246
888,71
778,124
808,122
799,70
859,17
645,293
889,80
693,390
703,331
747,207
895,21
553,517
922,20
674,319
830,72
778,203
624,457
803,154
883,8
764,316
765,190
737,268
849,17
723,255
825,69
910,6
844,123
710,274
661,368
853,116
728,378
783,91
789,131
756,119
881,182
770,237
846,26
961,4
691,281
686,267
715,413
808,228
757,197
721,348
800,121
848,53
700,324
806,214
853,65
604,516
792,175
802,71
898,152
777,250
700,299
727,338
664,386
802,44
794,127
809,49
924,34
736,313
714,231
791,180
728,277
921,81
537,643
757,203
687,427
808,189
589,670
845,122
772,330
824,194
774,195
557,654
784,208
616,376
838,4
618,570
815,149
897,1
703,270
713,136
787,201
764,208
797,182
805,181
771,272
767,189
838,212
912,16
917,45
789,92
897,47
593,573
794,218
611,438
882,1
882,18
769,156
753,272
887,84
581,376
758,95
847,194
701,344
630,398
757,349
677,381
583,507
679,541
892,12
794,147
590,477
802,146
699,376
898,40
883,51
622,456
654,320
729,300
714,226
793,46
862,99
914,96
785,137
696,333
697,330
652,564
725,179
803,163
819,90
678,378
685,324
778,144
841,18
762,193
802,120
797,195
535,424
755,173
752,194
860,132
687,345
773,196
892,29
869,263
644,436
894,80
690,333
763,155
668,220
631,497
814,67
816,190
853,115
705,269
902,44
635,376
840,46
659,371
551,579
823,215
801,158
836,10
627,467
628,494
891,53
767,232
851,154
583,452
711,251
621,458
910,54
732,271
546,607
871,51
803,72
836,50
876,56
779,141
840,96
624,408
820,17
823,157
812,223
666,451
769,202
789,204
824,105
836,113
853,141
806,217
762,144
850,109
802,164
818,126
740,127
771,194
791,217
808,256
767,206
874,81
793,49
915,16
853,111
855,49
878,75
599,495
662,359
851,103
725,405
790,53
733,289
786,77
689,389
827,166
867,49
919,24
830,86
933,25
727,357
774,300
582,637
846,24
862,237
749,278
926,17
720,410
799,7
819,37
664,465
831,154
899,8
796,234
678,376
883,16
690,249
743,133
778,264
786,141
666,434
742,345
865,20
830,61
650,452
810,11
715,186
841,66
802,118
788,131
697,267
770,157
891,41
816,67
705,299
907,2
706,424
819,187
621,454
739,228
685,342
744,270
731,326
769,197
400,759
787,267
923,25
830,128
604,385
804,189
727,334
653,341
784,203
815,180
840,164
792,67
773,58
804,76
778,105
699,388
899,16
879,19
751,280
689,300
850,69
730,148
846,42
867,66
790,164
741,206
762,306
685,405
750,192
741,306
797,190
841,84
919,46
791,250
895,104
786,175
822,28
641,388
789,270
826,84
894,38
614,537
634,308
825,75
736,318
866,73
834,76
810,155
800,52
855,54
880,22
868,50
883,107
894,52
796,185
739,235
725,332
723,238
794,122
665,459
669,248
807,175
585,567
716,189
854,72
844,55
806,138
844,9
795,150
836,68
805,154
835,63
615,447
632,390
777,130
878,68
728,286
835,3
854,102
717,303
924,3
642,405
884,76
756,204
743,165
852,169
816,146
748,312
797,183
866,35
833,22
756,296
860,50
892,43
820,92
717,234
897,6
833,74
895,58
793,84
741,171
862,107
756,190
785,109
829,74
827,76
711,263
830,163
473,639
903,89
804,96
826,11
867,26
746,165
489,665
650,521
688,260
701,399
894,34
806,61
805,146
759,169
783,116
788,162
638,392
714,324
866,9
667,354
875,75
925,19
755,223
688,258
747,284
790,200
824,141
723,193
853,17
770,171
697,223
953,34
781,220
701,211
799,230
700,373
459,767
817,29
797,60
717,326
797,153
881,19
520,676
713,161
927,19
829,103
674,202
672,364
816,214
732,219
695,239
658,266
671,296
780,163
636,451
638,450
760,228
816,211
801,229
798,135
814,189
882,46
659,471
927,94
614,460
928,5
793,151
845,119
509,709
783,259
706,384
845,92
758,213
850,64
934,94
833,115
785,307
648,497
841,51
744,235
628,472
761,208
766,206
855,92
810,130
849,50
704,238
876,26
775,245
800,153
826,11
743,300
682,306
713,281
819,99
869,14
745,208
681,320
735,372
738,223
901,96
728,324
722,232
799,150
842,132
712,352
824,224
774,135
761,297
878,153
895,11
699,383
467,797
817,197
614,467
904,38
785,194
820,66
764,197
778,301
694,329
776,164
718,259
594,474
875,20
838,62
851,119
842,78
925,43
796,90
737,194
729,225
918,27
910,60
762,115
731,211
829,81
724,261
797,219
535,708
812,206
679,377
745,226
608,501
672,292
808,110
739,299
775,122
839,95
813,18
654,452
739,236
759,235
734,286
727,205
525,613
637,461
860,40
755,257
834,122
582,592
876,89
846,39
524,634
817,100
750,190
795,148
659,510
865,21
882,12
931,57
765,104
889,96
702,272
839,53
826,77
724,340
659,394
866,91
588,590
837,91
867,30
782,42
763,242
699,292
614,552
841,128
615,481
853,13
766,161
822,180
685,388
808,156
726,241
748,214
856,56
631,468
695,383
753,164
881,144
752,273
804,100
840,163
833,57
721,372
921,19
803,78
840,131
837,109
715,127
884,125
901,8
856,127
650,441
861,24
796,224
851,156
692,320
798,220
814,197
783,290
843,101
738,281
448,806
811,79
802,264
847,39
609,540
845,54
794,255
752,309
751,294
814,52
822,86
857,15
634,334
778,100
876,63
772,229
843,25
794,64
803,120
738,390
689,345
723,340
498,686
774,140
583,530
834,112
719,254
737,220
672,324
783,120
849,80
772,151
858,103
680,361
797,170
762,260
832,101
748,221
734,227
817,163
740,257
760,322
771,147
644,380
830,86
885,7
823,225
580,624
768,260
586,548
632,441
843,32
836,142
664,404
833,97
852,124
728,273
898,51
859,10
736,240
705,404
754,354
835,102
572,530
813,60
843,201
851,10
896,46
704,230
781,199
649,437
743,250
797,169
667,298
833,205
850,88
739,206
757,176
814,100
869,84
719,337
688,261
547,566
869,148
690,368
841,86
777,257
888,23
823,94
800,220
575,581
778,26
717,380
710,267
784,159
733,335
747,228
709,324
668,376
845,108
819,10
746,105
870,103
712,281
878,53
803,93
731,258
681,310
740,323
775,300
656,442
902,10
644,362
672,362
808,145
874,113
864,38
554,478
859,71
780,11
860,71
786,107
841,109
774,229
897,59
701,215
688,278
690,358
734,301
744,249
838,16
830,18
838,97
746,296
862,95
762,220
827,148
663,434
719,282
599,480
944,4
914,40
649,472
725,265
839,32
558,529
866,4
863,88
819,196
743,166
680,314
753,250
757,164
819,216
795,213
912,7
784,269
755,224
741,164
815,32
581,486
786,165
755,217
864,12
552,541
967,39
798,116
880,88
786,158
843,25
900,86
729,204
649,560
819,137
555,639
844,7
847,28
818,11
777,253
743,283
821,45
779,162
660,532
748,162
780,258
757,193
805,103
796,175
671,352
754,211
638,519
908,64
755,318
855,100
727,296
724,251
760,210
724,339
838,53
888,44
864,21
940,46
737,287
823,109
815,74
751,198
779,287
713,362
867,85
807,148
709,151
792,206
793,115
836,158
816,78
707,403
829,118
787,44
897,2
857,46
706,283
818,155
758,199
868,217
756,229
618,588
851,25
881,45
854,80
859,90
795,155
883,67
804,49
797,104
823,213
728,190
820,63
588,457
861,35
585,457
599,620
767,209
804,223
760,107
875,97
790,319
804,28
813,51
837,142
777,170
582,564
757,245
869,118
831,114
850,37
789,49
646,488
876,137
690,293
752,328
660,365
825,110
643,405
901,25
820,102
805,184
411,893
669,394
847,47
628,408
768,148
801,202
800,53
793,86
665,296
855,38
868,41
796,150
842,67
844,100
839,146
835,68
791,152
831,108
791,99
640,327
864,75
696,343
785,214
723,230
846,96
833,128
851,11
769,271
872,33
687,337
762,128
855,112
771,63
648,470
656,463
772,237
813,168
728,170
828,75
817,119
787,134
855,9
776,76
789,36
759,394
696,317
534,645
687,482
792,220
796,267
847,7
683,412
723,313
567,545
876,49
734,188
827,11
657,391
717,247
671,356
794,61
794,194
813,128
827,201
589,590
