0,278
0,419
0,445
0,348
0,85
0,429
0,437
0,276
0,366
0,5
0,203
0,198
0,229
0,297
0,278
0,303
0,201
0,470
0,425
0,421
0,324
0,184
0,534
0,210
0,40
0,466
0,280
0,31
0,650
0,112
0,396
0,396
0,454
0,429
0,89
0,492
0,193
0,286
0,348
0,115
0,56
0,214
0,261
0,261
0,378
0,282
0,65
0,380
0,201
0,420
0,229
0,146
0,422
0,334
0,394
0,318
0,31
0,304
0,26
0,553
0,357
0,516
0,552
0,61
0,217
0,233
0,159
0,497
0,70
0,91
0,134
0,241
0,39
0,185
0,76
0,407
0,271
0,457
0,589
0,461
0,370
0,333
0,200
0,340
0,412
0,291
0,206
0,392
0,130
0,364
0,357
0,60
0,254
0,154
0,518
0,335
0,142
0,578
0,69
0,28
0,440
0,591
0,377
0,161
0,615
0,132
0,42
0,151
0,47
0,428
0,230
0,512
0,434
0,353
0,9
0,189
0,16
0,362
0,235
0,624
0,125
0,574
0,597
0,384
0,668
0,105
0,385
0,110
0,62
0,253
0,295
0,199
0,190
0,38
0,175
0,82
0,352
0,306
0,366
0,397
0,131
0,323
0,68
0,468
0,255
0,341
0,54
0,174
0,468
0,324
0,456
0,349
0,416
0,102
0,101
0,201
0,22
0,454
0,366
0,514
0,53
0,186
0,150
0,542
0,248
0,276
0,163
0,41
0,154
0,184
0,532
0,555
0,332
0,59
0,27
0,282
0,432
0,209
0,291
0,95
0,493
0,487
0,228
0,344
0,197
0,386
0,111
0,624
0,211
0,475
0,516
0,384
0,574
0,28
0,612
0,24
0,64
0,161
0,494
0,317
0,448
0,301
0,21
0,485
0,537
0,86
0,488
0,568
0,540
0,535
0,251
0,255
0,495
0,317
0,193
0,177
0,154
0,136
0,61
0,107
0,169
0,483
0,227
0,583
0,272
0,356
0,206
0,554
0,521
0,280
0,58
0,212
0,400
0,169
0,15
0,263
0,33
0,413
0,415
0,228
0,545
0,411
0,40
0,136
0,102
0,429
0,64
0,380
0,177
0,11
0,340
0,607
0,151
0,247
0,441
0,468
0,8
0,494
0,354
0,356
0,171
0,659
0,26
0,78
0,192
0,230
0,138
0,338
0,464
0,271
0,475
0,329
0,482
0,444
0,443
0,347
0,281
0,394
0,220
0,353
0,252
0,524
0,448
0,22
0,298
0,517
0,112
0,264
0,396
0,295
0,161
0,144
0,198
0,448
0,26
0,5
0,234
0,451
0,384
0,149
0,334
0,61
0,424
0,151
0,296
0,202
0,626
0,339
0,420
0,476
0,452
0,331
0,526
0,291
0,402
0,374
0,151
0,220
0,476
0,558
0,380
0,71
0,58
0,423
0,81
0,30
0,38
0,56
0,135
0,187
0,657
0,246
0,374
0,191
0,480
0,333
0,58
0,471
0,208
0,381
0,402
0,154
0,13
0,339
0,264
0,292
0,554
0,433
0,30
0,75
0,222
0,544
0,32
0,92
0,303
0,253
0,18
0,508
0,398
0,383
0,453
0,418
0,295
0,81
0,340
0,316
0,71
0,90
0,93
0,159
0,32
0,139
0,340
0,202
0,31
0,249
0,192
0,652
0,329
0,456
0,12
0,261
0,72
0,327
0,320
0,60
0,229
0,295
0,186
0,239
0,451
0,98
0,411
0,340
0,180
0,454
0,274
0,120
0,243
0,74
0,240
0,446
0,654
0,587
0,289
0,95
0,498
0,530
0,595
0,20
0,468
0,282
0,463
0,236
0,315
0,379
0,389
0,267
0,428
0,206
0,410
0,138
0,58
0,472
0,468
0,336
0,238
0,266
0,631
0,252
0,70
0,354
0,413
0,303
0,96
0,259
0,99
0,352
0,20
0,409
0,194
0,120
0,71
0,163
0,134
0,312
0,133
0,483
0,246
0,17
0,317
0,670
0,318
0,204
0,310
0,22
0,359
0,363
0,143
0,372
0,43
0,139
0,329
0,262
0,429
0,620
0,104
0,288
0,564
0,85
0,120
0,160
0,222
0,423
0,268
0,349
0,119
0,27
0,447
0,138
0,422
0,470
0,264
0,300
0,103
0,110
0,199
0,324
0,389
0,159
0,411
0,268
0,486
0,304
0,110
0,418
0,247
0,119
0,349
0,47
0,59
0,545
0,30
0,338
0,366
0,602
0,327
0,507
0,521
0,144
0,308
0,261
0,196
0,159
0,269
0,521
0,427
0,248
0,287
0,131
0,492
0,250
0,53
0,353
0,194
0,447
0,161
0,435
0,417
0,256
0,95
0,403
0,148
0,385
0,615
0,218
0,495
0,561
0,149
0,415
0,353
0,546
0,378
0,394
0,55
0,261
0,286
0,90
0,507
0,535
0,508
0,395
0,217
0,12
0,394
0,181
0,582
0,267
0,463
0,521
0,43
0,553
0,446
0,33
0,566
0,93
0,162
0,238
0,148
0,358
0,242
0,302
0,9
0,9
0,191
0,172
0,256
0,363
0,212
0,475
0,48
0,355
0,272
0,134
0,320
0,180
0,18
0,582
0,423
0,273
0,353
0,169
0,519
0,44
0,191
0,154
0,378
0,293
0,423
0,90
0,52
0,259
0,145
0,195
0,245
0,450
0,580
0,404
0,86
0,169
0,525
0,334
0,177
0,150
0,157
0,152
0,452
0,244
0,292
0,418
0,136
0,22
0,19
0,146
0,116
0,231
0,206
0,424
0,186
0,441
0,208
0,210
0,510
0,70
0,138
0,184
0,8
0,418
0,270
0,504
0,510
0,274
0,119
0,461
0,349
0,269
0,147
0,387
0,555
0,124
0,536
0,192
0,334
0,146
0,352
0,286
0,176
0,301
0,282
0,49
0,496
0,594
0,246
0,279
0,325
0,641
0,352
0,35
0,354
0,297
0,118
0,423
0,667
0,513
0,64
0,373
0,544
0,337
0,314
0,520
0,145
0,33
0,394
0,360
0,68
0,64
0,226
0,106
0,187
0,142
0,396
0,98
0,188
0,222
0,450
0,395
0,234
0,149
0,407
0,168
0,324
0,500
0,141
0,182
0,645
0,407
0,33
0,13
0,390
0,236
0,570
0,152
0,182
0,194
0,420
0,313
0,16
0,57
0,16
0,542
0,281
0,239
0,522
0,683
0,551
0,262
0,10
0,304
0,27
0,389
0,410
0,35
0,74
0,622
0,388
0,138
0,248
0,106
0,246
0,248
0,232
0,50
0,425
0,52
0,300
0,459
0,118
0,543
0,159
0,153
0,10
0,295
0,305
0,256
0,481
0,110
0,147
0,37
0,248
0,27
0,137
0,515
0,484
0,379
0,396
0,324
0,312
0,576
0,70
0,145
0,21
0,686
0,689
0,353
0,397
0,83
0,110
0,400
0,184
0,539
0,307
0,526
0,649
0,325
0,488
0,506
0,402
0,383
0,500
0,55
0,60
0,2
0,195
0,459
0,32
0,274
0,6
0,150
0,182
0,198
0,152
0,325
0,405
0,537
0,300
0,456
0,165
0,292
0,300
0,77
0,452
0,368
0,489
0,425
0,392
0,549
0,15
0,53
0,280
0,12
0,467
0,318
0,192
0,295
0,279
0,229
0,432
0,291
0,430
0,618
0,59
0,221
0,313
0,11
0,387
0,268
0,129
0,371
0,97
0,20
0,92
0,349
0,81
0,302
0,40
0,16
0,73
0,197
0,508
0,422
0,266
0,469
0,476
0,210
0,460
0,290
0,161
0,325
0,628
0,41
0,276
0,212
0,380
0,139
0,14
0,221
0,493
0,578
0,214
0,34
0,246
0,19
0,542
0,210
0,186
0,217
0,252
0,616
0,340
0,485
0,295
0,215
0,391
0,35
0,535
0,637
0,478
0,355
0,554
0,424
0,168
0,436
0,251
0,600
0,387
0,98
0,306
0,417
0,436
0,600
0,478
0,299
0,308
0,326
0,383
0,180
0,161
0,316
0,207
0,521
0,458
0,153
0,307
0,256
0,425
0,268
0,132
0,507
0,21
0,476
0,100
0,199
0,560
0,262
0,314
0,196
0,306
0,302
0,262
0,142
0,285
0,497
0,288
0,255
0,480
0,241
0,359
0,392
0,513
0,137
0,603
0,176
0,146
0,285
0,372
0,39
0,540
0,496
0,380
0,338
0,49
0,37
0,9
0,130
0,359
0,142
0,34
0,206
0,218
0,411
0,29
0,203
0,445
0,421
0,477
0,525
0,374
0,128
0,343
0,398
0,187
0,138
0,486
0,356
0,78
0,260
0,312
0,350
0,333
0,108
0,169
0,2
0,284
0,52
0,366
0,158
0,164
0,612
0,154
0,412
0,119
0,398
0,72
0,40
0,515
0,265
0,312
0,498
0,184
0,527
