1298,58
1308,87
1332,12
1330,24
1342,6
1373,12
1336,15
1356,8
1368,12
1289,33
1355,16
1284,67
1336,45
1339,3
1339,17
1318,72
1360,12
1399,1
1340,28
1311,16
1357,53
1372,9
1360,6
1401,8
1363,2
1310,27
1375,22
1277,82
1340,15
1298,46
1359,10
1347,29
1351,25
1291,68
1347,35
1325,29
1349,1
1392,9
1339,31
1331,12
1358,3
1364,1
1345,78
1357,8
1328,6
1343,2
1396,9
1340,27
1301,25
1317,15
1420,6
1304,3
1347,5
1280,33
1345,5
1329,19
1316,83
1358,1
1398,13
1333,50
1348,16
1321,17
1295,61
1361,10
1388,36
1313,15
1329,42
1364,11
1349,2
1374,18
1307,1
1366,9
1324,30
1309,25
1373,16
1307,29
1304,17
1359,4
1330,29
1361,6
1330,9
1329,5
1415,13
1309,41
1308,19
1383,2
1372,4
1373,14
1336,22
1311,30
1330,16
1370,12
1383,5
1362,22
1387,1
1356,7
1366,8
1347,61
1343,1
1360,11
1388,5
1355,22
1355,20
1319,44
1332,61
1351,3
1328,39
1304,23
1367,44
1291,50
1353,1
1347,26
1357,13
1340,2
1292,88
1357,3
1328,22
1356,47
1375,22
1363,33
1382,7
1300,45
1367,25
1348,35
1366,9
1379,8
1325,20
1332,12
1356,11
1337,1
1340,5
1344,12
1369,7
1372,29
1348,8
1317,28
1332,14
1367,16
1377,16
1341,1
1360,7
1343,4
1343,1
1394,9
1315,57
1342,8
1318,17
1348,1
1368,2
1317,20
1344,12
1354,12
1333,10
1381,8
1352,19
1369,13
1374,2
1359,10
1321,17
1374,16
1345,19
1335,2
1313,37
1361,39
1349,9
1350,10
1360,4
1380,13
1352,29
1366,3
1380,4
1344,7
1310,26
1373,10
1378,4
1353,19
1355,27
1359,6
1332,33
1372,14
1341,54
1420,3
1357,16
1319,3
1308,7
1329,39
1371,5
1404,2
1354,50
1306,47
1380,1
1351,30
1355,22
1335,41
1342,22
1341,29
1345,8
1338,39
1362,1
1400,2
1307,61
1333,23
1346,7
1371,22
1355,4
1321,47
1336,27
1331,18
1315,37
1355,7
1349,20
1329,13
1351,17
1346,49
1369,8
1347,24
1329,10
1362,16
1340,6
1339,1
1331,49
1319,12
1283,65
1337,15
1351,24
1262,87
1347,34
1341,8
1376,6
1314,33
1265,89
1354,7
1305,64
1348,8
1343,9
1266,94
1366,9
1363,18
1325,19
1399,5
1350,22
1349,48
1365,4
1366,17
1338,17
1347,8
1394,8
1331,40
1331,24
1337,10
1302,11
1344,7
1359,22
1363,5
1349,5
1270,128
1406,4
1375,5
1370,7
1346,10
1346,57
1289,55
1324,3
1327,9
1365,5
1344,53
1360,4
1358,29
1240,125
1330,11
1316,1
1401,7
1391,6
1361,8
1329,8
1352,1
1351,10
1357,3
1258,62
1345,10
1321,7
1307,46
1354,6
1357,6
1325,40
1349,21
1374,20
1316,43
1355,12
1363,5
1343,21
1344,1
1322,3
1360,19
1366,8
1365,1
1385,3
1387,2
1347,9
1341,5
1344,16
1354,7
1342,68
1364,2
1365,22
1364,15
1347,46
1362,7
1369,34
1343,21
1357,34
1342,22
1306,44
1334,34
1396,6
1331,2
1343,59
1283,57
1336,3
1342,10
1270,80
1339,39
1364,14
1333,12
1369,4
1366,3
1339,12
1330,13
1378,23
1352,43
1332,6
1323,7
1342,10
1320,37
1358,7
1382,24
1334,19
1335,6
1330,22
1312,50
1323,15
1340,7
1355,11
1365,15
1348,1
1318,13
1366,21
1307,112
1351,3
1341,23
1357,7
1387,11
1351,50
1310,48
1358,12
1305,58
1380,14
1360,22
1295,26
1338,67
1314,23
1356,48
1292,73
1341,13
1325,13
1356,4
1366,16
1364,6
1343,4
1368,2
1332,19
1343,16
1256,99
1363,37
1366,24
1359,5
1304,38
1343,2
1401,10
1310,23
1379,24
1328,35
1342,23
1365,9
1360,3
1321,54
1337,16
1363,1
1324,30
1329,13
1355,22
1392,4
1323,50
1324,37
1308,77
1364,20
1328,31
1318,17
1334,25
1346,16
1343,11
1319,4
1340,36
1334,11
1331,1
1345,3
1317,64
1288,64
1340,15
1395,8
1371,6
1352,15
1307,47
1302,39
1302,24
1339,10
1366,16
1358,10
1332,26
1333,50
1331,35
1366,5
1369,7
1343,20
1308,32
1338,27
1316,31
1319,26
1355,34
1340,23
1346,22
1362,17
1336,4
1358,2
1332,19
1334,8
1295,125
1335,23
1381,3
1306,26
1348,15
1366,13
1364,12
1307,45
1314,41
1337,7
1324,5
1324,12
1344,13
1349,6
1332,11
1371,29
1366,7
1343,15
1285,48
1378,25
1331,13
1335,2
1339,3
1345,8
1372,13
1341,3
1384,3
1368,14
1332,13
1316,53
1344,13
1391,5
1329,19
1323,5
1271,53
1300,36
1358,15
1319,8
1323,11
1344,7
1324,8
1351,8
1351,37
1352,27
1321,5
1368,20
1333,30
1352,10
1309,6
1366,21
1389,15
1334,25
1358,10
1324,66
1361,12
1347,17
1339,9
1383,6
1339,9
1294,77
1342,21
1281,51
1287,82
1304,56
1369,2
1353,12
1300,46
1333,44
1324,30
1344,14
1350,13
1369,24
1336,6
1333,18
1351,11
1291,95
1322,15
1306,25
1336,6
1310,35
1329,14
1383,7
1329,19
1340,9
1347,36
1322,32
1374,12
1358,2
1372,13
1336,31
1295,36
1328,28
1324,13
1342,22
1324,2
1336,24
1298,66
1371,7
1360,4
1366,1
1262,83
1332,11
1351,10
1388,6
1369,3
1345,27
1279,88
1369,8
1367,4
1362,14
1341,20
1338,88
1322,32
1339,18
1347,2
1344,6
1313,11
1333,2
1395,4
1344,11
1317,14
1350,24
1371,33
1308,34
1309,1
1385,8
1345,21
1358,9
1313,47
1362,5
1352,8
1326,32
1394,1
1385,8
1358,13
1392,8
1364,9
1325,7
1340,17
1322,3
1370,21
1385,18
1328,28
1381,15
1333,43
1314,54
1313,21
1363,23
1342,9
1313,38
1324,21
1324,7
1370,3
1322,37
1312,2
1315,25
1347,12
1321,15
1346,9
1314,7
1331,11
1242,107
1389,16
1305,19
1356,3
1312,50
1331,3
1336,28
1328,13
1317,20
1347,17
1319,65
1371,6
1304,58
1360,3
1317,30
1368,10
1362,7
1366,34
1431,12
1357,9
1369,13
1361,22
1341,33
1362,11
1337,21
1350,32
1346,3
1362,9
1351,10
1314,43
1357,4
1331,9
1399,13
1337,2
1340,36
1357,36
1331,43
1333,19
1308,21
1341,16
1336,11
1342,10
1272,74
1314,33
1303,30
1353,9
1412,13
1378,21
1370,14
1362,28
1288,38
1338,16
1307,96
1324,3
1369,6
1338,13
1333,53
1358,23
1315,60
1320,5
1330,35
1340,20
1317,7
1358,26
1324,6
1337,43
1369,3
1296,14
1328,14
1323,26
1330,11
1369,22
1390,13
1330,8
1348,2
1360,8
1349,5
1361,9
1331,32
1335,5
1307,46
1351,4
1388,4
1365,38
1338,19
1266,83
1359,1
1371,5
1367,12
1343,24
1320,16
1337,28
1345,23
1350,26
1342,27
1350,2
1387,23
1350,34
1352,28
1343,28
1341,24
1367,42
1343,2
1302,54
1339,70
1312,40
1385,9
1381,9
1361,14
1357,25
1333,1
1353,13
1362,6
1337,16
1354,62
1317,1
1351,13
1344,32
1352,4
1334,50
1348,1
1342,33
1322,27
1372,9
1400,2
1356,16
1317,46
1333,10
1378,15
1327,22
1328,8
1355,2
1342,3
1329,67
1288,62
1332,12
1368,11
1366,14
1343,5
1351,18
1329,14
1348,10
1332,7
1355,11
1344,20
1338,13
1355,27
1352,6
1307,37
1341,6
1372,17
1329,41
1339,17
1325,5
1343,3
1347,67
1357,39
1363,20
1336,3
1360,17
1345,35
1386,4
1402,6
1384,9
1382,17
1334,7
1365,3
1388,17
1312,26
1323,17
1364,5
1277,56
1332,12
1330,7
1330,48
1350,2
1334,8
1333,17
1306,33
1374,13
1343,5
1341,41
1364,2
1326,37
1351,28
1319,21
1344,31
1382,28
1340,13
1350,24
1352,31
1351,51
1367,11
1299,22
1309,26
1345,15
1353,15
1336,54
1347,11
1309,30
1319,2
1353,11
1312,51
1350,7
1322,30
1320,27
1333,61
1308,1
1378,4
1297,55
1381,4
1336,8
1352,3
1343,11
1317,32
1337,37
1351,6
1365,14
1356,9
1353,4
1325,10
1375,20
1370,4
1337,52
1336,2
1348,14
1314,18
1349,6
1362,4
1326,59
1284,9
1302,11
1343,10
1344,1
1342,26
1376,6
1392,7
1350,3
1358,19
1350,24
1337,41
1409,3
1370,21
1320,41
1295,52
1372,31
1357,4
1378,1
1352,2
1340,11
1349,2
1351,10
1345,8
1331,11
1394,5
1360,15
1327,21
1353,9
1346,9
1365,41
1312,39
1337,51
1344,56
1370,11
1302,70
1346,7
1319,49
1352,4
1387,2
1339,45
1360,5
1307,25
1377,1
1321,15
1342,48
1338,4
1380,6
1360,3
1329,28
1356,5
1327,12
1301,2
1338,63
1345,24
1351,7
1314,62
1318,71
1353,2
1355,5
1282,13
1368,26
1300,29
1379,3
1339,50
1353,12
1348,15
1332,1
1357,21
1379,12
1357,3
1385,18
1290,60
1369,21
1364,7
1406,4
1317,61
1295,83
1348,30
1405,26
1336,20
1361,2
1374,1
1354,21
1369,15
1364,4
1323,15
1359,15
1384,2
1350,12
1340,37
1343,18
1400,7
1338,24
1313,56
1351,10
1370,4
1346,13
1338,6
1302,4
1353,9
1318,22
1338,2
1359,14
1355,2
1344,7
1365,11
1344,1
1369,14
1265,99
1355,11
1340,57
1360,20
1338,8
1361,5
1346,8
1367,5
1330,2
1303,68
1357,4
1382,21
1364,53
1313,19
1349,28
1275,71
1367,24
1317,20
1373,8
1349,4
1349,3
1383,21
1330,49
1326,52
1360,5
1370,7
1328,32
1345,16
1347,34
1319,63
1342,13
1362,19
1346,54
1381,7
1326,1
1307,44
1323,52
1358,16
1372,15
1327,4
1323,14
1373,16
1296,75
1338,3
1356,1
1322,25
1368,6
1283,52
1404,5
1356,4
1342,19
1320,28
1403,6
1333,33
1282,72
1357,13
1330,54
1369,4
1331,24
1279,103
1325,16
1390,8
1354,21
1342,19
1353,18
