46,1
63,1
55,1
56,1
65,1
61,1
51,1
65,1
50,1
56,1
56,1
67,1
62,1
60,1
62,1
65,1
53,1
55,1
63,1
44,1
52,1
69,1
50,1
68,1
57,1
54,1
66,1
50,1
59,1
64,1
58,1
56,1
63,1
62,1
55,1
64,1
56,1
65,1
60,1
53,1
56,1
66,1
47,1
59,1
50,1
68,1
57,1
69,1
75,1
51,1
52,1
68,1
53,1
79,1
69,1
53,1
49,1
60,1
68,1
65,1
50,1
55,1
49,1
61,1
49,1
71,1
56,1
58,1
60,1
64,1
70,1
43,1
64,1
58,1
48,1
49,1
62,1
69,1
54,1
57,1
59,1
49,1
71,1
57,1
60,1
59,1
54,1
55,1
61,1
53,1
39,1
57,1
56,1
66,1
69,1
59,1
67,1
57,1
65,1
69,1
68,1
63,1
57,1
56,1
51,1
58,1
59,1
49,1
76,1
62,1
60,1
62,1
56,1
64,1
52,1
51,1
60,1
56,1
66,1
61,1
51,1
50,1
68,1
56,1
55,1
60,1
61,1
52,1
52,1
58,1
57,1
57,1
57,1
67,1
69,1
74,1
59,1
55,1
62,1
66,1
63,1
70,1
62,1
67,1
49,1
68,1
76,1
62,1
60,1
48,1
58,1
49,1
45,1
63,1
52,1
58,1
52,1
70,1
50,1
51,1
63,1
66,1
56,1
56,1
53,1
52,1
68,1
42,1
53,1
64,1
49,1
54,1
68,1
59,1
67,1
70,1
57,1
70,1
57,1
74,1
58,1
69,1
71,1
57,1
58,1
67,1
53,1
60,1
56,1
52,1
70,1
63,1
65,1
53,1
47,1
49,1
40,1
62,1
52,1
64,1
50,1
57,1
54,1
67,1
52,1
62,1
62,1
80,1
52,1
61,1
60,1
59,1
63,1
58,1
63,1
52,1
55,1
67,1
61,1
61,1
44,1
59,1
54,1
48,1
71,1
64,1
56,1
70,1
48,1
47,1
65,1
63,1
69,1
66,1
66,1
52,1
64,1
56,1
69,1
55,1
58,1
62,1
49,1
78,1
71,1
54,1
50,1
65,1
62,1
71,1
61,1
50,1
66,1
45,1
60,1
59,1
67,1
54,1
62,1
55,1
60,1
71,1
61,1
68,1
57,1
60,1
49,1
57,1
65,1
63,1
47,1
57,1
57,1
49,1
47,1
66,1
60,1
57,1
57,1
55,1
65,1
61,1
56,1
72,1
50,1
66,1
62,1
73,1
47,1
36,1
64,1
60,1
68,1
62,1
56,1
49,1
60,1
71,1
55,1
54,1
51,1
55,1
54,1
62,1
60,1
70,1
46,1
68,1
53,1
61,1
57,1
54,1
85,1
62,1
53,1
53,1
53,1
52,1
57,1
73,1
58,1
48,1
67,1
47,1
58,1
61,1
69,1
55,1
58,1
76,1
56,1
47,1
57,1
65,1
51,1
56,1
57,1
57,1
52,1
57,1
61,1
39,1
63,1
65,1
66,1
60,1
50,1
53,1
59,1
51,1
67,1
69,1
51,1
57,1
70,1
68,1
47,1
60,1
76,1
54,1
61,1
62,1
50,1
70,1
67,1
59,1
65,1
69,1
54,1
57,1
64,1
66,1
57,1
59,1
63,1
56,1
59,1
78,1
64,1
64,1
58,1
45,1
74,1
62,1
60,1
59,1
56,1
47,1
56,1
59,1
53,1
63,1
51,1
63,1
60,1
67,1
51,1
40,1
48,1
47,1
67,1
67,1
68,1
53,1
56,1
66,1
71,1
59,1
52,1
66,1
64,1
59,1
60,1
63,1
50,1
54,1
55,1
62,1
59,1
57,1
62,1
79,1
55,1
41,1
60,1
72,1
50,1
61,1
57,1
47,1
53,1
61,1
65,1
69,1
65,1
56,1
68,1
50,1
53,1
68,1
55,1
57,1
53,1
75,1
54,1
56,1
48,1
61,1
73,1
61,1
65,1
56,1
75,1
68,1
60,1
65,1
69,1
45,1
60,1
52,1
67,1
56,1
66,1
41,1
55,1
59,1
65,1
61,1
40,1
66,1
60,1
61,1
48,1
55,1
49,1
57,1
60,1
72,1
57,1
70,1
48,1
66,1
58,1
62,1
56,1
54,1
59,1
71,1
54,1
56,1
44,1
51,1
51,1
61,1
46,1
56,1
52,1
66,1
56,1
56,1
62,1
49,1
65,1
59,1
60,1
55,1
57,1
54,1
44,1
63,1
53,1
50,1
54,1
54,1
54,1
56,1
58,1
43,1
57,1
57,1
66,1
56,1
57,1
64,1
47,1
62,1
65,1
63,1
57,1
59,1
61,1
59,1
50,1
54,1
64,1
54,1
54,1
66,1
50,1
55,1
57,1
58,1
47,1
57,1
59,1
79,1
68,1
59,1
50,1
53,1
61,1
70,1
62,1
60,1
40,1
75,1
67,1
54,1
73,1
56,1
54,1
47,1
48,1
56,1
61,1
63,1
62,1
46,1
58,1
61,1
75,1
62,1
57,1
55,1
53,1
54,1
54,1
58,1
52,1
59,1
64,1
55,1
67,1
62,1
52,1
60,1
56,1
61,1
60,1
64,1
44,1
63,1
59,1
70,1
53,1
58,1
66,1
67,1
67,1
69,1
59,1
48,1
47,1
58,1
61,1
66,1
75,1
67,1
64,1
71,1
60,1
66,1
64,1
52,1
68,1
58,1
51,1
60,1
53,1
55,1
57,1
69,1
69,1
59,1
69,1
46,1
57,1
58,1
72,1
72,1
62,1
63,1
58,1
73,1
56,1
61,1
50,1
46,1
56,1
53,1
60,1
62,1
72,1
61,1
49,1
49,1
79,1
48,1
62,1
59,1
67,1
65,1
65,1
55,1
58,1
57,1
66,1
43,1
51,1
61,1
66,1
65,1
49,1
60,1
68,1
48,1
58,1
48,1
60,1
58,1
53,1
67,1
64,1
61,1
61,1
62,1
65,1
48,1
48,1
54,1
58,1
62,1
57,1
48,1
58,1
59,1
53,1
50,1
65,1
49,1
55,1
66,1
58,1
55,1
65,1
64,1
57,1
57,1
58,1
76,1
52,1
56,1
64,1
69,1
53,1
67,1
65,1
52,1
70,1
62,1
69,1
57,1
62,1
54,1
53,1
67,1
62,1
52,1
58,1
66,1
64,1
66,1
58,1
56,1
59,1
57,1
46,1
79,1
60,1
41,1
62,1
61,1
57,1
55,1
62,1
72,1
60,1
38,1
60,1
57,1
66,1
68,1
60,1
51,1
64,1
55,1
70,1
55,1
46,1
55,1
64,1
56,1
53,1
68,1
77,1
56,1
47,1
53,1
61,1
67,1
54,1
58,1
62,1
58,1
60,1
53,1
67,1
60,1
62,1
85,1
57,1
53,1
68,1
61,1
57,1
69,1
58,1
46,1
59,1
77,1
61,1
70,1
62,1
57,1
48,1
57,1
65,1
57,1
51,1
59,1
63,1
58,1
44,1
43,1
59,1
52,1
51,1
43,1
64,1
59,1
68,1
52,1
74,1
57,1
61,1
58,1
52,1
50,1
46,1
45,1
56,1
57,1
63,1
48,1
62,1
59,1
43,1
58,1
44,1
59,1
55,1
69,1
59,1
72,1
57,1
62,1
60,1
51,1
52,1
51,1
59,1
67,1
63,1
63,1
57,1
66,1
56,1
49,1
63,1
60,1
53,1
59,1
51,1
59,1
62,1
56,1
65,1
60,1
59,1
62,1
53,1
58,1
71,1
75,1
44,1
62,1
58,1
67,1
49,1
67,1
61,1
69,1
59,1
50,1
75,1
57,1
68,1
61,1
49,1
55,1
57,1
61,1
51,1
69,1
68,1
52,1
52,1
55,1
43,1
57,1
64,1
62,1
58,1
68,1
50,1
58,1
54,1
63,1
49,1
53,1
62,1
53,1
57,1
73,1
53,1
42,1
51,1
47,1
62,1
68,1
65,1
59,1
66,1
52,1
59,1
59,1
56,1
58,1
65,1
60,1
68,1
62,1
61,1
64,1
62,1
72,1
74,1
46,1
55,1
52,1
57,1
53,1
58,1
60,1
62,1
48,1
60,1
47,1
67,1
46,1
62,1
56,1
54,1
57,1
56,1
59,1
56,1
50,1
48,1
56,1
59,1
67,1
59,1
56,1
56,1
50,1
53,1
57,1
56,1
54,1
63,1
73,1
56,1
52,1
49,1
59,1
62,1
59,1
41,1
61,1
60,1
58,1
64,1
52,1
67,1
58,1
49,1
55,1
68,1
62,1
59,1
68,1
54,1
53,1
48,1
48,1
44,1
55,1
48,1
44,1
61,1
56,1
59,1
66,1
52,1
37,1
59,1
64,1
50,1
64,1
56,1
55,1
53,1
38,1
58,1
51,1
61,1
61,1
66,1
51,1
