1795,1
1814,1
1817,4
1786,1
1780,6
1809,1
1829,1
1792,5
1814,2
1801,1
1838,3
1822,1
1806,2
1820,6
1817,2
1788,4
1816,3
1817,2
1835,3
1800,1
1841,3
1813,5
1825,1
1791,14
1783,2
1767,2
1767,1
1805,2
1780,1
1794,6
1812,1
1837,1
1781,2
1786,1
1823,2
1806,3
1816,2
1815,1
1818,1
1816,1
1803,6
1795,3
1800,1
1803,6
1769,2
1794,2
1837,2
1813,2
1819,5
1758,1
1816,1
1797,6
1854,2
1824,3
1816,4
1796,6
1782,3
1797,4
1828,5
1832,14
1776,4
1832,2
1816,2
1773,4
1827,7
1819,6
1821,1
1777,4
1824,2
1788,11
1780,10
1807,8
1812,2
1820,1
1795,1
1788,2
1815,3
1818,1
1846,2
1812,1
1830,3
1839,2
1820,4
1781,1
1792,1
1854,4
1811,2
1835,2
1802,1
1799,2
1809,2
1774,6
1800,8
1818,2
1823,3
1827,1
1799,1
1805,3
1827,2
1774,5
1817,3
1807,3
1772,2
1809,1
1821,3
1800,7
1812,3
1819,6
1813,2
1805,4
1811,4
1814,4
1772,2
1766,2
1778,2
1794,1
1806,1
1829,3
1812,2
1813,1
1783,3
1825,5
1832,4
1792,1
1814,3
1768,2
1801,6
1851,1
1769,4
1799,7
1805,3
1832,5
1809,2
1802,1
1807,1
1793,2
1815,15
1829,2
1848,2
1822,3
1826,5
1819,1
1821,1
1812,5
1806,2
1851,5
1800,2
1774,2
1809,1
1808,3
1836,2
1771,3
1787,4
1832,2
1860,2
1824,4
1792,4
1831,1
1784,2
1881,2
1819,1
1799,9
1839,10
1796,1
1828,4
1822,9
1806,3
1815,5
1860,1
1794,3
1811,4
1810,2
1847,1
1801,3
1884,1
1779,1
1826,3
1778,6
1820,1
1832,5
1822,9
1803,1
1795,3
1778,5
1778,3
1806,2
1801,3
1779,1
1809,6
1825,1
1763,2
1815,1
1837,6
1786,1
1812,6
1771,3
1813,6
1802,2
1791,3
1804,2
1808,6
1783,1
1766,11
1796,6
1813,2
1832,1
1821,1
1822,5
1783,2
1786,1
1787,5
1778,1
1805,1
1799,3
1816,2
1759,1
1827,1
1829,4
1791,1
1822,2
1833,2
1823,2
1830,1
1825,2
1803,1
1802,5
1811,4
1832,2
1793,8
1816,1
1814,7
1793,5
1825,1
1801,2
1830,3
1792,6
1817,1
1817,2
1783,9
1819,2
1853,2
1778,1
1789,5
1800,2
1838,8
1759,4
1790,5
1800,1
1802,3
1829,4
1811,1
1833,3
1810,1
1811,15
1821,1
1818,2
1767,2
1799,1
1826,3
1799,5
1765,2
1815,12
1840,2
1814,6
1825,1
1768,2
1766,2
1803,3
1815,1
1836,4
1800,8
1817,4
1828,2
1842,9
1780,3
1814,8
1803,3
1831,3
1817,1
1778,3
1818,1
1793,1
1821,4
1778,3
1780,9
1765,3
1813,1
1820,10
1807,2
1753,7
1839,4
1808,1
1810,1
1820,1
1853,1
1801,1
1830,2
1824,1
1815,2
1820,7
1814,3
1799,1
1807,2
1794,5
1818,1
1795,2
1774,2
1819,2
1803,1
1788,2
1829,1
1801,3
1810,1
1798,8
1819,1
1810,1
1840,1
1821,2
1807,1
1815,1
1817,7
1767,3
1828,4
1787,8
1809,2
1812,2
1834,5
1814,1
1807,4
1823,3
1811,2
1791,2
1854,1
1837,1
1794,2
1736,3
1820,1
1822,1
1828,1
1796,9
1826,6
1808,4
1788,5
1769,5
1793,3
1817,4
1812,3
1807,1
1814,2
1794,2
1775,1
1828,10
1805,3
1826,1
1830,9
1826,2
1843,2
1818,5
1821,1
1796,5
1874,3
1793,1
1820,1
1807,4
1818,6
1796,1
1808,3
1803,3
1813,2
1812,2
1843,1
1790,3
1766,2
1766,1
1797,3
1817,1
1827,2
1830,1
1808,3
1820,3
1829,4
1767,16
1791,1
1801,2
1779,2
1814,1
1791,2
1796,1
1798,1
1778,4
1819,5
1814,2
1795,1
1781,3
1772,3
1807,7
1818,6
1815,2
1806,1
1841,5
1824,2
1828,3
1791,1
1814,2
1791,4
1831,2
1810,3
1795,2
1814,1
1765,2
1822,3
1812,9
1783,3
1810,4
1779,6
1791,2
1841,2
1805,3
1809,6
1792,2
1813,2
1844,4
1849,5
1803,1
1833,2
1808,3
1827,3
1775,3
1768,2
1778,1
1784,3
1791,1
1829,2
1786,2
1790,3
1849,1
1841,2
1800,3
1828,9
1821,1
1825,3
1827,1
1765,3
1852,1
1787,3
1814,2
1777,9
1821,4
1812,6
1825,3
1775,2
1838,1
1815,1
1792,3
1804,2
1825,2
1816,1
1834,3
1788,11
1797,3
1815,2
1812,1
1816,4
1792,2
1791,1
1828,1
1824,1
1820,2
1810,1
1837,1
1805,7
1814,2
1759,1
1811,4
1841,1
1788,2
1843,3
1840,3
1775,2
1800,3
1818,3
1814,2
1782,2
1791,9
1754,1
1756,1
1775,4
1819,1
1799,10
1841,4
1821,8
1798,2
1827,3
1833,1
1807,3
1790,3
1789,6
1805,2
1839,1
1818,2
1818,6
1809,2
1830,2
1860,1
1804,1
1818,2
1829,4
1799,6
1808,3
1791,1
1811,2
1821,7
1810,2
1855,1
1805,3
1816,3
1834,1
1795,4
1804,1
1800,1
1810,5
1815,3
1811,2
1800,2
1786,6
1837,3
1798,1
1828,14
1825,7
1864,2
1795,1
1761,13
1795,2
1822,6
1800,3
1828,2
1806,1
1823,5
1782,1
1792,4
1787,4
1797,2
1804,10
1811,2
1787,10
1809,10
1799,1
1802,6
1839,3
1789,6
1815,5
1810,2
1787,2
1785,5
1776,3
1807,2
1823,2
1842,3
1830,9
1796,2
1799,5
1820,1
1808,1
1816,3
1816,2
1827,2
1801,4
1772,1
1841,2
1826,1
1828,4
1831,4
1811,6
1809,1
1778,5
1835,1
1814,4
1816,2
1792,2
1781,3
1801,4
1811,8
1786,3
1787,3
1772,1
1843,8
1834,1
1794,1
1789,8
1796,1
1797,1
1823,2
1830,3
1771,4
1735,2
1834,4
1770,7
1792,2
1800,1
1811,4
1799,5
1812,4
1844,3
1796,1
1798,3
1818,1
1815,4
1798,4
1771,3
1808,1
1826,7
1776,7
1818,6
1822,5
1774,3
1866,5
1827,4
1835,1
1780,1
1799,1
1815,4
1799,3
1808,1
1802,1
1828,2
1822,3
1822,4
1797,2
1800,2
1811,4
1842,1
1807,2
1798,1
1800,4
1815,12
1751,7
1808,3
1791,4
1818,2
1790,2
1776,3
1833,3
1800,2
1804,2
1793,2
1804,3
1826,3
1809,1
1777,1
1820,1
1795,5
1847,2
1837,1
1821,2
1809,4
1830,6
1815,5
1808,1
1834,2
1783,4
1799,6
1828,4
1829,4
1802,3
1798,6
1820,1
1780,6
1803,2
1827,3
1820,3
1821,4
1776,3
1816,4
1825,1
1809,2
1808,3
1787,1
1810,1
1786,4
1810,2
1776,4
1769,5
1829,1
1845,1
1790,10
1790,4
1798,1
1822,3
1814,5
1823,2
1814,3
1835,2
1813,3
1804,2
1831,1
1827,2
1788,4
1789,2
1838,4
1831,2
1853,1
1848,1
1819,4
1856,5
1777,1
1830,1
1775,2
1804,2
1752,1
1813,3
1786,2
1798,5
1821,1
1775,1
1797,2
1819,2
1805,5
1783,8
1833,1
1815,3
1849,2
1773,1
1808,2
1774,2
1799,1
1819,3
1812,5
1771,4
1785,2
1812,2
1805,2
1784,6
1819,1
1840,2
1831,7
1812,2
1832,3
1790,1
1811,3
1818,1
1795,1
1794,2
1832,11
1795,2
1805,7
1823,1
1797,1
1811,4
1775,3
1840,1
1827,2
1815,1
1813,4
1790,5
1844,2
1807,1
1841,1
1803,2
1863,1
1785,2
1845,3
1780,2
1782,1
1817,1
1815,3
1782,2
1791,7
1806,6
1811,10
1774,3
1768,3
1824,2
1824,2
1799,5
1836,2
1809,7
1794,1
1818,2
1808,5
1783,7
1869,6
1793,6
1815,3
1794,1
1843,2
1782,7
1812,4
1803,1
1787,1
1790,2
1807,1
1785,3
1826,3
1856,1
1836,1
1811,4
1805,1
1810,1
1834,1
1798,1
1756,2
1803,1
1801,2
1811,2
1815,4
1802,12
1808,2
1802,1
1838,1
1801,7
1793,3
1803,1
1825,3
1789,2
1796,1
1809,7
1789,7
1845,3
1803,1
1831,1
1780,7
1801,8
1812,6
1763,2
1802,6
1796,1
1817,1
1797,5
1798,1
1793,3
1817,6
1814,2
1816,2
1796,1
1807,3
1837,7
1821,1
1797,3
1812,3
1812,2
1808,5
1778,1
1829,1
1807,6
1794,1
1825,4
1798,3
1811,3
1805,1
1800,7
1841,2
1793,1
1808,2
1812,2
1812,6
1812,3
1785,2
1793,7
1786,3
1718,2
1817,2
1797,2
1802,3
1754,1
1783,5
1783,1
1796,1
1833,2
1765,5
1814,2
1796,4
1835,1
1776,1
1817,6
1784,1
1842,2
1795,1
1777,1
1866,1
1801,3
1766,1
1795,5
1791,5
1793,8
1784,6
1812,7
1814,3
1787,2
1798,9
1785,3
1796,3
1783,3
1812,1
1798,4
1828,5
1792,2
1817,8
1801,2
1844,3
1817,6
1817,3
1784,3
1836,3
1786,2
1796,1
1799,5
1825,1
1794,8
1796,1
1818,4
1821,3
1791,1
1779,1
1804,2
1848,1
1775,4
1821,4
1818,3
1837,1
1828,2
1777,3
1820,3
1778,3
1803,1
1796,1
1781,10
1818,3
1797,2
1754,3
1799,2
1808,13
1799,1
1796,9
1802,2
1834,7
1782,2
1790,7
1771,2
1786,8
1834,16
1829,5
1855,1
1806,3
1797,2
1752,1
1850,5
1826,4
1780,2
1788,5
1788,2
1807,2
1846,5
1779,6
1815,1
1831,1
1775,4
1788,9
1804,3
1801,4
1792,1
1817,1
1848,1
1800,1
1840,1
1754,13
1826,1
1808,5
1792,1
1772,1
1792,3
1814,2
1813,5
1816,1
1783,8
1853,1
1821,1
1785,1
1792,3
1811,1
1794,1
1794,5
1796,2
1794,2
1814,2
1842,10
1785,5
1823,3
1801,2
1794,2
1816,2
1777,1
1782,6
1767,2
1811,4
1841,5
1809,2
1815,1
1787,4
1830,1
1770,1
