0,6
0,2
0,2
0,3
0,4
0,7
0,7
0,5
0,8
0,4
0,8
0,1
0,7
0,11
0,12
0,2
0,1
0,4
0,3
0,7
0,6
0,7
0,7
0,9
0,2
0,47
0,11
0,2
0,3
0,6
0,2
0,40
0,2
0,2
0,9
0,9
0,3
0,8
0,18
0,2
0,4
0,2
0,12
0,9
0,4
0,4
0,4
0,15
0,3
0,3
0,14
0,2
0,5
0,6
0,3
0,5
0,5
0,4
0,6
0,11
0,5
0,11
0,2
0,3
0,7
0,6
0,4
0,2
0,16
0,14
0,7
0,6
0,5
0,3
0,19
0,3
0,4
0,4
0,1
0,5
0,12
0,2
0,14
0,26
0,4
0,5
0,21
0,11
0,6
0,8
0,2
0,10
0,11
0,10
0,2
0,13
0,5
0,4
0,4
0,3
0,6
0,3
0,5
0,9
0,2
0,3
0,10
0,3
0,6
0,13
0,7
0,6
0,9
0,21
0,8
0,8
0,6
0,4
0,8
0,13
0,3
0,2
0,2
0,14
0,1
0,6
0,3
0,3
0,38
0,17
0,1
0,21
0,5
0,4
0,4
0,1
0,3
0,7
0,2
0,5
0,12
0,2
0,22
0,2
0,5
0,12
0,12
0,5
0,8
0,6
0,1
0,8
0,14
0,15
0,10
0,8
0,2
0,3
0,4
0,9
0,3
0,8
0,22
0,15
0,3
0,10
0,3
0,1
0,1
0,2
0,2
0,11
0,5
0,4
0,1
0,10
0,10
0,3
0,20
0,4
0,3
0,18
0,6
0,5
0,2
0,3
0,5
0,4
0,8
0,6
0,9
0,3
0,8
0,9
0,2
0,7
0,1
0,3
0,15
0,10
0,6
0,17
0,11
0,2
0,8
0,3
0,3
0,3
0,3
0,3
0,4
0,4
0,8
0,5
0,3
0,9
0,17
0,4
0,18
0,5
0,1
0,2
0,3
0,2
0,6
0,2
0,8
0,12
0,11
0,16
0,29
0,8
0,30
0,4
0,1
0,1
0,5
0,1
0,1
0,3
0,2
0,7
0,2
0,2
0,2
0,4
0,12
0,7
0,6
0,6
0,12
0,1
0,27
0,19
0,7
0,7
0,11
0,3
0,3
0,3
0,3
0,6
0,2
0,12
0,5
0,1
0,5
0,1
0,3
0,12
0,6
0,4
0,6
0,8
0,2
0,3
0,20
0,36
0,4
0,4
0,4
0,3
0,3
0,15
0,2
0,5
0,1
0,3
0,6
0,3
0,2
0,5
0,9
0,1
0,7
0,1
0,1
0,6
0,11
0,9
0,4
0,8
0,3
0,14
0,2
0,6
0,18
0,13
0,2
0,19
0,1
0,2
0,12
0,12
0,23
0,13
0,6
0,1
0,7
0,11
0,10
0,3
0,2
0,6
0,1
0,10
0,15
0,17
0,6
0,4
0,7
0,5
0,5
0,12
0,5
0,18
0,5
0,1
0,8
0,16
0,5
0,1
0,5
0,5
0,3
0,31
0,20
0,9
0,13
0,2
0,7
0,5
0,3
0,7
0,2
0,12
0,5
0,3
0,2
0,2
0,13
0,3
0,23
0,6
0,12
0,5
0,2
0,9
0,2
0,5
0,1
0,8
0,7
0,2
0,10
0,20
0,15
0,6
0,4
0,3
0,17
0,5
0,5
0,4
0,5
0,5
0,12
0,4
0,2
0,14
0,11
0,2
0,2
0,9
0,6
0,2
0,16
0,2
0,3
0,5
0,8
0,25
0,7
0,4
0,11
0,3
0,11
0,18
0,5
0,17
0,4
0,22
0,1
0,9
0,3
0,2
0,7
0,8
0,4
0,18
0,26
0,3
0,10
0,16
0,10
0,2
0,5
0,4
0,1
0,4
0,7
0,3
0,3
0,2
0,19
0,9
0,2
0,2
0,5
0,11
0,6
0,7
0,2
0,15
0,5
0,2
0,5
0,10
0,14
0,5
0,3
0,1
0,26
0,28
0,8
0,3
0,4
0,12
0,3
0,3
0,6
0,5
0,23
0,4
0,5
0,9
0,16
0,6
0,3
0,4
0,1
0,13
0,4
0,4
0,2
0,8
0,5
0,23
0,11
0,2
0,20
0,1
0,3
0,6
0,3
0,1
0,17
0,3
0,5
0,6
0,10
0,2
0,6
0,5
0,4
0,15
0,2
0,6
0,1
0,5
0,20
0,3
0,22
0,2
0,6
0,8
0,7
0,6
0,6
0,2
0,5
0,1
0,2
0,8
0,8
0,9
0,2
0,11
0,5
0,4
0,1
0,1
0,12
0,2
0,4
0,4
0,4
0,11
0,2
0,28
0,11
0,6
0,8
0,2
0,12
0,12
0,4
0,14
0,9
0,5
0,3
0,13
0,9
0,4
0,13
0,9
0,1
0,10
0,2
0,2
0,2
0,2
0,6
0,14
0,8
0,3
0,2
0,8
0,10
0,1
0,3
0,16
0,1
0,7
0,9
0,6
0,21
0,5
0,5
0,2
0,8
0,3
0,17
0,3
0,6
0,3
0,32
0,5
0,17
0,2
0,2
0,7
0,13
0,25
0,6
0,12
0,19
0,7
0,8
0,4
0,15
0,7
0,4
0,3
0,3
0,15
0,6
0,1
0,3
0,10
0,2
0,9
0,3
0,1
0,2
0,14
0,2
0,9
0,7
0,10
0,1
0,4
0,1
0,14
0,5
0,4
0,3
0,1
0,4
0,4
0,10
0,5
0,1
0,7
0,10
0,11
0,1
0,7
0,6
0,4
0,4
0,9
0,2
0,6
0,3
0,9
0,1
0,8
0,2
0,18
0,2
0,8
0,3
0,1
0,4
0,4
0,9
0,7
0,5
0,6
0,1
0,4
0,13
0,5
0,5
0,14
0,19
0,21
0,2
0,10
0,2
0,4
0,6
0,1
0,7
0,3
0,1
0,3
0,19
0,3
0,9
0,4
0,14
0,18
0,1
0,3
0,7
0,6
0,2
0,13
0,7
0,15
0,9
0,6
0,12
0,3
0,4
0,9
0,6
0,7
0,14
0,12
0,1
0,2
0,4
0,11
0,7
0,2
0,5
0,5
0,7
0,12
0,1
0,6
0,27
0,14
0,3
0,7
0,1
0,4
0,12
0,8
0,7
0,4
0,6
0,13
0,3
0,3
0,2
0,18
0,5
0,4
0,6
0,3
0,2
0,7
0,6
0,9
0,5
0,22
0,8
0,3
0,8
0,1
0,4
0,8
0,5
0,2
0,6
0,8
0,2
0,4
0,3
0,7
0,5
0,7
0,4
0,2
0,8
0,2
0,7
0,10
0,17
0,7
0,10
0,8
0,4
0,3
0,25
0,5
0,7
0,8
0,2
0,12
0,9
0,5
0,15
0,14
0,19
0,3
0,4
0,3
0,6
0,7
0,2
0,7
0,9
0,4
0,4
0,1
0,11
0,9
0,8
0,10
0,7
0,3
0,10
0,14
0,2
0,3
0,7
0,6
0,1
0,9
0,12
0,3
0,2
0,18
0,3
0,5
0,3
0,4
0,3
0,7
0,3
0,2
0,1
0,9
0,19
0,6
0,12
0,2
0,10
0,3
0,3
0,5
0,6
0,5
0,14
0,23
0,7
0,6
0,8
0,5
0,26
0,9
0,11
0,6
0,3
0,20
0,14
0,17
0,10
0,6
0,6
0,1
0,2
0,2
0,25
0,15
0,1
0,2
0,6
0,4
0,3
0,5
0,2
0,3
0,9
0,3
0,7
0,4
0,4
0,14
0,8
0,1
0,10
0,20
0,11
0,3
0,11
0,5
0,14
0,7
0,2
0,12
0,4
0,4
0,2
0,11
0,7
0,1
0,2
0,1
0,9
0,1
0,12
0,8
0,13
0,10
0,6
0,7
0,4
0,3
0,8
0,1
0,10
0,2
0,3
0,15
0,3
0,1
0,2
0,9
0,3
0,14
0,5
0,5
0,2
0,3
0,4
0,2
0,5
0,1
0,6
0,13
0,2
0,13
0,2
0,19
0,8
0,32
0,11
0,4
0,21
0,12
0,2
0,3
0,3
0,3
0,11
0,5
0,7
0,1
0,6
0,3
0,25
0,5
0,3
0,9
0,15
0,12
0,5
0,1
0,2
0,4
0,6
0,3
0,2
0,9
0,2
0,5
0,19
0,10
0,2
0,10
0,2
0,12
0,1
0,6
0,4
0,8
0,17
0,6
0,14
0,4
0,33
0,3
0,18
0,3
0,8
0,6
0,5
0,3
0,12
0,3
0,2
0,3
0,6
0,4
0,10
0,20
0,4
0,12
0,3
0,3
0,9
0,6
0,3
0,5
0,10
0,11
0,1
0,4
0,1
0,3
0,16
0,3
0,2
0,12
0,3
0,7
0,1
0,1
0,7
0,5
0,4
0,6
0,5
0,7
