48,33
55,9
60,24
58,8
60,43
64,32
77,6
63,31
59,1
56,25
69,2
55,16
53,5
65,14
59,36
66,2
66,1
66,8
56,2
64,11
66,20
55,15
64,14
66,26
56,10
58,30
50,5
58,2
63,23
69,7
63,14
52,20
57,2
63,3
61,8
62,11
65,12
61,2
63,2
35,1
67,1
50,17
71,2
64,9
54,8
54,15
73,1
58,3
44,13
51,20
54,18
65,10
53,15
55,5
68,7
64,5
64,2
61,12
63,16
64,3
56,11
56,26
54,2
53,17
62,11
64,7
56,1
54,3
75,12
52,3
55,12
64,24
59,44
62,11
47,9
65,8
57,28
53,1
65,18
52,6
54,11
58,7
60,10
57,18
64,13
65,19
60,24
67,1
55,5
58,12
51,1
60,6
68,11
48,6
50,10
45,1
57,3
46,7
59,2
55,2
53,10
52,14
61,54
53,5
52,1
60,21
50,9
51,16
62,18
50,2
58,17
79,3
69,1
70,5
52,6
68,3
65,3
58,26
65,6
64,14
52,5
63,9
59,15
67,10
41,5
65,3
63,1
53,1
65,3
69,14
49,1
63,5
65,8
71,10
60,7
54,3
55,5
68,8
61,4
50,1
62,55
60,4
59,2
58,1
56,4
67,10
56,6
45,32
66,12
76,26
59,20
57,12
62,8
76,1
83,23
60,2
71,1
81,9
72,13
56,33
52,9
65,6
66,5
60,12
53,4
57,19
62,7
67,10
61,6
60,8
57,5
57,1
47,21
56,20
61,6
59,18
62,24
60,24
55,16
56,16
57,4
57,5
61,2
63,6
64,7
55,21
53,10
49,1
68,34
58,15
69,12
57,11
63,8
51,12
68,5
69,8
55,21
73,6
53,3
61,5
49,37
66,2
64,1
53,19
51,3
65,16
44,2
61,11
64,16
66,6
69,16
57,6
48,11
57,15
69,12
75,2
65,4
73,2
59,18
50,31
49,5
64,14
66,3
53,2
63,31
63,23
59,7
52,18
65,1
58,8
51,6
61,22
55,25
52,4
60,18
61,6
69,7
77,6
63,14
62,22
53,11
62,17
56,7
67,13
65,3
64,6
55,7
73,4
46,10
56,10
55,3
58,13
59,7
68,9
47,9
67,19
78,9
71,4
65,9
79,1
49,10
57,3
45,1
78,22
67,31
57,44
67,13
65,8
49,7
65,2
48,2
58,18
71,11
55,10
74,12
60,13
57,7
67,29
50,6
66,21
60,26
75,43
55,6
74,2
64,1
69,18
68,11
56,25
67,8
62,9
46,29
51,2
53,12
49,4
60,8
62,7
61,11
58,7
63,3
65,1
51,20
58,5
69,5
51,16
63,11
64,18
44,7
63,2
60,6
64,3
67,28
48,2
47,25
53,15
60,11
73,16
51,2
52,11
57,13
69,2
60,2
58,4
59,7
56,8
52,2
47,7
65,15
57,7
50,46
56,16
58,12
63,17
53,29
71,25
59,5
62,7
57,10
53,13
47,4
61,4
58,8
55,21
61,11
62,4
69,2
54,9
60,17
69,28
54,25
63,3
47,18
58,18
59,7
58,6
58,26
52,9
73,29
55,31
56,23
65,14
57,12
52,20
76,9
65,23
61,5
70,10
58,22
64,19
64,31
52,7
70,3
43,2
60,14
58,7
55,21
47,4
55,16
57,13
62,3
43,11
57,17
59,2
61,7
63,1
57,3
62,3
57,40
54,6
75,1
52,4
64,2
58,5
52,18
63,2
55,12
59,12
64,14
65,5
54,5
57,8
58,25
54,4
59,14
50,12
53,2
68,5
59,5
57,8
67,5
62,2
69,4
71,1
43,33
53,9
62,3
64,24
52,5
53,23
67,20
52,18
62,4
62,11
60,4
59,30
56,6
53,31
51,1
59,47
47,4
53,11
60,3
59,5
48,4
57,9
48,9
71,3
50,2
50,28
59,14
59,1
55,31
64,7
67,7
68,11
77,16
50,12
51,17
60,5
56,3
65,6
66,4
75,9
56,21
54,4
66,7
63,9
58,39
42,7
58,4
58,26
87,9
66,6
74,13
57,4
63,19
60,1
67,13
64,5
67,6
55,12
56,1
67,24
53,1
56,3
59,15
52,33
69,3
62,6
58,14
64,4
69,6
52,6
48,16
75,13
60,8
51,26
50,1
63,6
66,6
58,4
72,13
56,2
45,6
59,15
55,2
41,14
57,6
61,27
65,10
66,9
58,28
66,38
54,47
70,2
57,5
66,3
58,5
54,7
62,5
58,23
59,4
56,2
76,12
63,17
59,15
65,1
55,6
74,5
47,1
61,16
47,15
68,9
61,13
58,4
49,12
55,12
57,9
59,2
56,26
56,23
62,2
61,8
75,2
66,12
69,8
50,3
64,11
51,36
64,17
70,23
48,5
66,25
55,9
53,4
68,24
62,29
68,2
67,12
66,6
70,2
59,18
64,6
44,11
60,2
56,24
62,8
70,1
53,3
60,39
62,3
55,7
64,4
59,7
60,18
63,7
70,22
60,13
56,8
62,4
57,7
70,16
57,8
67,3
66,4
77,6
62,15
69,15
59,5
75,7
76,15
56,3
63,2
61,6
53,10
47,6
50,6
49,6
61,29
66,15
45,2
61,4
83,3
64,2
66,1
66,3
54,10
74,6
64,1
65,1
50,26
64,24
63,1
65,4
47,9
54,32
55,13
54,28
57,13
56,20
69,23
67,6
74,13
52,9
46,7
56,16
61,27
64,18
43,6
61,10
57,2
65,20
62,3
55,2
52,1
65,2
77,2
50,7
66,23
54,34
69,34
64,2
51,6
62,10
62,16
61,6
57,4
57,3
66,8
57,9
55,21
58,7
61,27
73,25
56,12
68,25
48,1
63,3
64,2
46,2
46,14
67,14
58,5
60,3
56,6
53,3
67,28
58,4
73,10
67,9
60,13
68,10
62,7
50,16
62,10
63,3
58,20
63,9
64,7
72,11
57,26
51,5
50,4
61,8
68,1
64,8
64,9
68,9
54,5
63,21
59,1
58,28
50,5
63,22
65,9
48,13
64,6
72,12
57,14
60,28
49,8
61,2
63,2
62,3
51,3
52,10
70,23
56,8
59,22
73,3
61,13
65,4
55,6
65,9
67,20
59,14
53,3
54,5
57,2
77,7
64,2
70,12
54,37
56,20
53,8
67,16
67,9
57,14
61,8
59,14
75,3
63,5
48,9
65,2
59,1
68,20
80,42
64,20
55,6
39,8
47,9
67,13
65,23
52,10
50,5
64,4
63,2
65,9
65,8
52,1
54,5
76,10
68,3
53,32
49,4
60,17
57,5
57,5
60,7
56,21
48,9
66,1
54,2
67,18
63,10
54,14
59,2
53,21
75,4
50,2
61,1
61,2
49,22
64,2
57,8
54,11
56,3
69,5
56,10
64,8
60,42
56,1
48,6
66,8
60,7
69,7
59,2
70,5
67,3
62,2
60,9
67,7
66,13
63,1
59,1
60,36
62,6
52,3
65,17
50,16
47,7
56,1
70,5
56,29
55,4
56,4
45,31
60,7
69,14
60,17
64,10
82,1
53,11
77,18
58,7
61,9
53,5
58,19
70,7
51,1
54,15
50,1
55,20
65,11
52,12
49,4
66,17
80,3
49,5
71,5
64,5
49,17
46,16
58,21
63,6
59,7
66,5
53,23
62,14
70,1
57,15
57,33
62,5
62,4
61,20
55,5
69,3
53,10
55,3
58,7
65,23
54,10
62,15
62,6
67,2
53,12
63,2
55,21
56,25
60,12
55,3
59,3
76,4
63,2
55,20
61,17
71,4
53,2
65,7
59,5
46,14
56,5
66,17
57,2
65,3
50,17
70,3
66,2
54,14
67,7
65,4
60,8
63,10
60,7
71,7
55,2
62,2
63,11
56,20
70,3
67,35
62,14
66,5
61,15
66,14
69,12
51,2
66,3
57,38
59,11
54,50
62,5
56,13
50,6
60,1
61,1
59,8
63,6
52,10
64,6
49,16
52,2
55,2
75,1
58,12
58,2
50,3
54,9
51,19
61,46
74,8
46,1
51,5
62,19
57,11
57,11
65,7
51,8
50,35
60,21
55,42
73,6
64,55
65,17
50,12
60,28
52,37
69,13
58,3
51,5
51,20
53,2
51,10
74,8
59,17
55,7
48,51
47,1
60,16
49,11
40,9
51,1
58,2
58,19
74,3
68,6
54,20
65,6
46,1
59,46
54,16
66,33
65,1
47,6
57,1
72,4
61,5
61,7
56,6
49,6
56,10
56,7
75,28
70,5
60,21
60,34
41,6
59,1
56,13
44,31
52,40
52,9
57,13
49,40
57,2
56,15
76,15
70,44
63,12
64,2
52,23
70,26
62,34
61,2
72,2
54,22
55,23
57,46
60,3
62,28
62,5
60,2
61,16
50,23
62,1
54,26
58,18
65,9
67,9
82,5
59,4
