49,7
56,13
62,31
57,8
46,13
70,127
63,44
74,112
64,52
59,7
70,86
54,44
62,5
71,2
59,31
52,4
62,15
66,36
62,78
65,30
57,6
66,1
65,8
58,5
58,2
63,8
69,36
59,5
57,27
60,14
66,34
50,73
56,51
50,9
65,22
56,37
62,14
70,7
54,1
44,18
54,17
66,40
60,77
63,52
52,1
53,2
64,8
59,36
62,12
64,5
50,9
54,18
57,20
69,2
69,88
62,2
66,1
54,193
70,3
65,8
64,6
54,8
53,52
60,83
69,32
42,19
59,25
53,42
58,9
58,40
47,38
75,44
51,22
65,9
65,1
62,17
56,1
54,5
67,7
64,8
74,119
56,27
53,30
63,16
58,16
53,33
52,32
65,6
53,26
62,29
60,31
66,28
54,55
53,21
59,15
71,16
60,37
54,38
59,51
61,25
49,28
67,10
62,41
43,32
70,29
51,112
63,39
57,11
53,14
63,90
63,38
52,45
62,46
66,1
52,5
58,17
53,1
44,22
61,12
48,57
45,1
50,5
44,8
55,58
54,2
52,14
53,18
62,54
72,15
60,87
69,71
55,7
54,16
70,60
66,31
48,17
47,1
59,32
55,3
58,24
66,102
74,54
53,41
68,83
64,74
62,10
61,69
50,44
48,36
68,142
61,54
68,14
60,23
52,58
67,23
48,20
54,13
58,23
68,82
61,19
66,15
62,29
68,38
38,2
73,57
56,5
71,7
62,1
54,15
65,4
69,25
69,17
54,26
64,13
65,14
72,15
44,7
59,12
58,51
72,40
53,10
64,11
59,15
64,28
50,1
60,94
66,163
62,6
64,15
60,15
55,7
56,13
60,12
54,12
49,71
73,29
52,56
58,18
61,12
56,30
66,24
63,5
73,3
50,27
53,47
53,63
63,21
53,2
80,12
69,18
56,42
54,24
53,28
74,31
56,45
67,4
67,1
65,32
60,17
53,24
60,7
67,31
63,53
66,33
66,5
57,6
63,51
56,1
49,34
54,25
59,7
74,80
56,18
67,38
66,39
61,19
60,48
55,1
51,8
57,11
58,6
55,24
61,2
62,9
63,10
60,51
59,52
72,47
66,57
67,2
67,50
75,20
53,18
69,20
59,15
60,11
50,12
59,34
60,12
70,7
55,44
58,25
71,33
55,5
77,6
65,13
51,69
56,17
63,1
48,1
50,29
52,10
53,7
45,40
65,18
64,20
66,11
72,22
56,7
47,9
53,17
69,17
75,25
73,17
67,22
50,70
62,18
58,17
56,66
49,6
64,24
67,5
51,2
61,39
59,5
58,30
49,51
57,15
63,5
47,42
58,27
68,34
58,31
61,25
57,8
61,62
60,42
55,39
58,102
56,1
67,69
58,15
73,14
72,28
66,22
58,36
53,44
55,18
54,14
60,19
62,55
57,14
57,7
64,7
67,17
62,85
65,7
63,6
55,4
65,34
65,50
49,87
46,12
53,16
59,1
54,3
67,97
55,18
60,21
57,8
50,39
61,9
50,38
69,11
53,33
66,54
70,38
56,66
78,33
63,31
70,1
63,102
68,6
48,7
58,30
40,4
78,33
65,46
56,58
55,41
64,21
61,20
66,3
52,25
55,23
45,27
56,23
71,39
70,6
56,16
73,15
61,37
69,35
51,10
61,2
73,49
58,30
61,35
63,85
54,9
72,2
67,13
69,26
52,35
67,95
67,13
58,20
59,4
60,7
54,48
57,27
65,42
62,15
43,60
54,31
64,6
61,42
50,3
60,12
69,58
63,14
64,51
65,12
66,9
50,25
56,4
57,7
49,29
63,15
60,9
42,8
64,1
55,9
65,5
64,36
48,3
52,10
54,3
53,20
61,18
54,72
75,20
59,36
61,23
49,24
55,18
75,11
63,32
62,4
63,17
56,30
53,1
59,62
58,11
63,33
47,3
59,24
59,124
67,40
54,13
59,50
51,90
58,32
62,6
64,1
56,66
59,32
56,1
60,22
71,53
51,16
63,6
66,21
59,41
51,16
47,6
56,8
60,6
62,11
54,30
59,4
61,13
61,3
54,6
71,9
58,27
49,16
69,6
66,60
59,21
58,12
72,38
52,41
62,5
59,54
52,29
58,19
66,21
59,17
62,36
53,8
57,11
54,92
64,6
66,81
68,86
53,31
60,17
64,8
72,37
58,44
62,30
71,27
54,85
61,27
63,65
65,33
73,18
56,6
63,2
69,120
59,47
73,19
57,1
61,4
57,9
65,16
56,55
63,32
67,15
70,94
54,12
69,11
43,2
59,15
60,9
54,32
56,17
68,62
52,35
61,27
50,33
54,52
69,17
53,18
55,19
59,36
59,39
43,14
46,16
60,35
54,3
59,85
58,4
59,35
48,14
63,13
66,124
62,4
61,84
61,27
66,46
53,12
76,1
53,6
54,30
64,34
57,12
66,5
58,6
53,24
55,15
64,12
52,7
61,20
62,17
63,15
49,62
66,9
54,4
58,12
61,28
61,31
62,10
46,14
62,20
57,7
61,60
59,1
62,93
59,56
67,1
69,8
57,82
43,46
54,31
64,2
57,19
51,16
66,36
52,6
53,50
66,26
56,41
51,33
62,5
64,5
64,47
63,10
64,19
61,27
64,57
52,54
55,65
56,45
50,22
59,52
48,4
59,3
51,6
60,3
57,2
60,12
46,6
53,4
63,67
48,31
46,11
54,40
68,3
50,4
50,49
67,69
58,38
62,19
66,18
58,42
64,2
59,23
67,5
69,70
71,100
72,24
57,44
51,31
58,13
57,9
69,29
61,38
60,1
66,18
77,1
56,2
68,2
70,31
65,17
72,64
60,45
56,103
51,42
57,5
61,45
62,1
87,10
70,29
79,15
57,3
66,1
67,32
79,28
64,9
66,16
61,15
50,51
65,7
67,16
56,46
61,40
65,7
62,35
55,68
57,15
73,14
54,65
59,13
57,9
56,64
66,3
61,8
66,43
59,19
74,48
66,105
52,8
46,15
56,88
78,29
62,8
49,42
50,1
63,5
57,36
59,20
64,40
56,68
66,4
65,22
55,8
57,2
50,19
57,18
60,12
53,4
44,19
63,75
67,48
55,77
63,19
68,72
56,12
55,42
64,58
63,62
56,8
55,89
65,1
62,53
53,13
58,6
55,38
70,21
62,34
43,3
61,113
51,5
66,38
59,20
67,46
62,28
60,3
64,1
52,13
67,8
61,3
70,8
47,1
55,27
44,19
73,68
57,4
46,37
57,18
57,14
55,34
56,60
57,41
63,4
61,8
68,104
68,5
67,93
59,132
67,20
60,82
49,3
57,25
71,13
60,25
61,19
70,37
57,47
50,56
50,60
65,37
69,33
47,8
49,18
66,58
51,17
49,6
64,27
60,86
54,63
64,48
68,3
72,18
67,15
70,2
61,34
63,7
53,33
54,37
51,19
51,13
63,30
76,2
49,9
69,75
65,57
57,9
60,14
54,24
51,29
61,19
64,28
62,13
56,26
56,45
64,27
80,58
58,24
64,17
51,37
50,1
60,8
60,19
57,1
61,8
62,82
54,8
76,22
56,27
52,24
56,114
60,11
67,55
63,10
78,10
71,65
71,44
63,25
61,22
55,33
60,8
56,20
76,15
74,20
71,31
64,17
69,1
57,11
62,3
59,6
55,16
39,17
53,10
50,91
45,37
63,102
65,26
66,22
48,1
59,4
90,19
64,2
77,37
72,17
64,3
58,100
54,16
75,7
65,39
68,29
56,12
48,95
63,61
68,1
59,2
70,42
49,54
53,14
72,166
58,39
59,55
74,22
56,13
54,44
68,27
63,12
70,21
48,58
53,8
51,33
47,45
55,49
60,36
71,20
60,46
48,13
66,35
61,30
54,20
64,52
60,61
59,5
53,5
58,19
66,21
66,11
50,25
65,2
76,2
48,28
69,71
57,17
66,53
47,67
56,17
71,6
68,2
72,8
56,44
65,17
62,18
67,27
55,13
60,6
54,12
56,40
61,17
59,35
72,34
53,15
65,28
54,27
71,65
49,1
63,10
62,25
56,38
51,40
60,5
64,45
59,7
60,4
58,12
56,9
67,32
62,39
56,30
66,51
57,4
64,20
64,12
61,12
70,12
58,8
58,6
48,18
62,16
62,18
62,2
57,35
61,10
64,1
44,8
58,2
53,14
52,16
71,19
55,41
47,12
52,17
57,26
61,23
68,1
57,16
65,59
68,13
53,4
61,30
59,11
59,49
60,13
50,7
64,20
64,16
63,157
60,37
64,13
49,27
61,6
67,2
53,26
55,24
58,36
48,27
66,7
48,16
63,28
62,2
56,70
54,17
70,23
56,12
60,35
74,13
59,21
63,6
61,15
66,8
61,45
58,31
52,3
61,25
63,111
53,17
64,17
79,6
64,1
69,20
55,4
64,119
61,26
74,39
53,36
57,58
54,29
73,42
59,36
