18,5
1,1532
7,1439
1,1382
8,1133
3,1516
12,599
3,1443
1,1567
0,1549
6,1381
0,1483
3,1476
0,1506
0,1411
4,1196
0,1464
0,1500
43,607
3,1148
18,1061
1,1484
0,1517
0,1500
18,784
0,1352
3,1501
0,1535
2,1575
0,1516
0,1500
0,1460
2,1513
1,1379
4,1194
0,1143
5,1440
2,1534
3,1530
0,1572
3,1518
6,1083
2,1531
1,1531
4,1471
2,1405
1,955
0,1334
2,1319
4,1512
0,1470
3,1335
12,1119
9,934
0,1477
5,1440
4,1453
8,1204
8,966
5,1486
8,1004
10,968
3,1229
13,961
0,1556
0,1285
5,1379
4,1294
1,1433
0,1363
4,1179
0,1454
21,244
0,1566
7,654
0,1499
7,1210
1,1537
7,1288
10,1334
3,1465
2,1443
1,1540
1,1475
0,235
2,1536
0,1549
11,1039
5,39
2,1407
0,1499
1,1205
3,1312
0,1233
3,1498
1,1199
4,1403
0,1451
1,1431
0,1519
3,825
0,1468
1,1208
14,625
0,1516
0,1447
3,1193
0,1476
0,1547
1,1509
0,1430
0,1392
1,1553
0,1396
0,1512
5,1348
2,1457
3,1400
1,1500
5,1163
1,1187
9,1447
0,1431
0,1530
6,1447
0,1582
24,933
0,1498
0,1539
0,1540
0,1326
1,1407
7,998
2,1477
1,1581
13,1258
6,1426
66,53
6,1485
0,1505
0,1522
0,1506
1,1483
0,1494
1,950
0,1521
6,1153
12,827
2,1539
2,1516
5,1439
0,1585
14,320
6,1254
1,1421
2,1531
0,1473
0,1447
0,1534
2,1474
1,1284
4,1558
0,1529
2,1441
0,1517
2,1399
1,1520
11,923
1,1360
3,1457
0,1502
0,1533
8,886
5,1428
3,1475
17,1308
2,1224
0,1384
2,1460
2,1253
14,1136
2,1317
9,1251
0,709
6,1115
0,1430
0,1566
6,1275
2,1460
1,1546
1,1505
2,1472
13,1126
2,1441
0,1513
9,1187
0,1423
1,1500
0,1537
2,1241
0,1473
2,1356
13,300
6,1356
0,1493
9,674
20,826
4,1450
28,313
1,1498
0,1460
3,1430
4,1343
0,1558
0,1500
1,1379
0,1379
0,1537
1,1284
1,1509
10,808
3,1528
1,1433
0,1572
0,1543
3,1429
1,1443
3,1261
0,1523
0,1523
1,1464
0,1603
3,1350
1,1483
8,502
0,1488
2,1541
1,1468
4,1258
0,1535
3,1073
0,1566
1,1542
5,1281
2,1475
0,1547
3,1325
8,1245
0,1516
1,1396
0,1528
1,1456
0,1480
3,1377
5,1080
0,1541
0,1496
2,1279
2,1511
0,1420
8,664
9,795
0,1498
4,1558
5,1486
0,1423
2,1465
1,1420
5,1170
2,1411
13,1193
15,527
10,1258
0,1570
1,1411
16,617
0,1039
0,1547
6,1363
0,1378
2,1577
8,1341
0,1545
1,1091
1,1222
1,1513
3,1412
2,1397
0,1447
1,1435
11,1034
0,1360
2,1475
1,1487
0,1504
0,1575
0,1505
1,1420
2,1521
0,1574
1,1457
19,646
0,1520
2,1500
1,1464
9,1391
1,1326
5,1187
0,1530
1,1054
0,1505
3,1400
0,1534
1,1229
1,1403
10,1123
0,1556
8,1266
0,1524
3,1416
0,1454
1,1490
0,1352
0,1545
1,1326
0,1455
1,1104
6,777
3,1381
0,1567
3,372
6,1209
2,1440
19,967
1,1151
4,1485
8,1307
2,1546
14,906
0,1517
0,1480
0,1486
0,1509
6,1456
0,1482
1,1404
8,1186
0,1535
8,1292
1,1439
0,1507
6,1403
4,1412
6,1317
0,1541
0,1545
2,1510
0,1479
3,1241
0,1520
2,1339
1,1448
4,1389
8,1305
0,1467
1,1503
0,1496
11,424
0,1308
6,1370
3,61
0,1501
24,202
12,1200
0,1233
0,729
7,1374
2,1313
16,721
3,1006
0,1509
0,1511
3,1516
2,1434
2,1409
0,1561
1,1505
0,1530
0,1510
2,1580
0,1576
2,1493
1,1322
0,1454
0,1527
0,1487
0,1417
2,1472
4,1492
1,1502
0,1556
9,634
0,1522
0,1407
16,561
3,1299
1,1508
7,1310
0,1486
24,1070
0,1441
8,1206
0,1559
0,1520
1,1405
6,1161
6,1400
0,1545
0,1491
0,1559
2,1339
0,1232
5,1422
3,1521
3,1438
0,1525
0,1506
3,1289
1,1461
0,1430
1,1517
4,1554
4,1211
11,1244
0,1566
8,1389
0,1404
11,1329
21,857
3,1345
4,1526
1,1545
0,1548
3,1452
4,1482
0,959
0,1551
0,1408
1,1446
6,1056
2,1324
0,1380
0,1118
0,1473
13,1145
0,1594
0,1534
8,932
33,657
2,1489
3,1326
0,1526
2,1440
13,1192
9,1410
7,1122
7,1239
14,1285
0,1508
1,1459
4,1278
23,934
4,1240
6,1252
2,1490
3,1323
12,779
3,989
0,1581
8,1203
0,1300
7,1382
1,1456
6,1514
0,1370
3,1486
0,1560
14,518
12,931
5,1173
20,313
3,1523
8,1217
0,1467
3,1427
6,1015
2,1468
0,1537
0,1526
0,1531
2,1412
2,1331
6,1444
3,1427
3,1509
0,1276
1,1516
12,1367
11,1111
0,1517
19,318
1,1496
0,1559
1,1455
0,1530
1,1363
0,1504
2,1347
0,1558
4,1531
0,891
0,1491
15,1492
2,1557
5,1443
0,1339
0,1006
0,1138
2,1487
1,1374
5,1375
2,1495
4,945
1,1529
0,1410
1,1373
0,1494
14,1314
9,1195
0,1547
0,1373
4,1305
2,1269
1,1104
0,1557
10,710
9,1534
20,1114
3,1109
45,191
2,1482
0,1499
0,1524
3,1111
0,1306
0,1428
0,1525
0,1533
45,475
2,683
2,1213
5,1353
3,1499
5,1007
3,1429
2,1455
0,1505
5,1374
2,1419
4,1401
7,1284
3,1282
2,1323
0,1527
0,1562
6,1231
1,1358
1,1432
3,1394
1,1426
2,1327
18,849
2,1400
0,1533
7,1469
0,1489
0,1519
13,989
0,1514
17,675
2,1467
0,1464
9,982
7,1072
0,1529
1,1492
6,1208
0,1408
1,1295
0,1463
2,1419
2,1361
2,1158
4,1363
0,1535
9,1324
0,1400
6,1381
2,1519
0,1137
1,1517
40,266
18,996
0,1277
0,1486
0,1590
1,1520
0,1522
1,1503
10,1221
12,952
0,1079
0,1421
6,1314
2,1480
0,1253
0,1472
0,1505
6,1481
2,1557
1,1430
6,1280
1,1510
5,1517
2,1059
6,1243
10,1149
0,1500
13,1312
2,1418
16,93
3,1325
1,1446
37,222
2,1382
0,1573
1,1492
1,1479
2,1492
1,1483
9,1357
11,969
0,1435
23,563
4,830
1,1547
8,1134
1,1459
5,1466
4,1360
0,1482
1,1488
0,1517
10,186
8,1340
1,1556
0,1527
0,1437
0,1340
3,1482
11,1431
11,1189
0,1508
6,1319
5,1492
13,571
0,1488
0,1165
1,1483
6,1217
32,657
0,1364
8,899
0,1502
0,1151
3,1494
1,1456
0,1434
2,1542
0,1493
14,1193
0,1442
7,833
4,1415
6,1024
12,709
3,1391
0,1500
1,1311
0,1509
1,1428
6,1206
1,1500
1,1401
25,572
4,1546
7,1242
8,1017
7,997
8,1436
15,205
0,1315
0,1111
11,1160
5,1067
0,1516
0,1523
6,1426
1,1471
1,1539
3,1450
0,1400
1,1505
1,1367
0,1261
5,1400
9,1073
2,1412
6,1283
0,1510
0,1501
0,1510
0,1313
1,1479
1,1443
17,1141
6,1396
0,1438
0,1563
2,1493
0,1517
3,1148
1,1455
26,573
0,1500
11,1179
3,1482
3,1521
0,1459
1,1343
0,1487
0,1483
3,876
2,1525
0,1526
0,1367
0,1538
5,1513
1,1445
10,1245
0,1535
0,1507
1,1564
2,1438
0,1477
1,1543
3,1444
4,1495
4,1357
3,1386
0,1442
7,882
2,1334
6,920
0,1491
0,1489
0,1567
4,1401
10,1007
0,610
5,1510
0,1572
3,1499
4,1245
0,1586
1,1348
15,1248
1,1525
1,1400
1,1414
0,1479
0,1526
0,1522
8,1181
0,1533
1,1484
5,813
2,1381
0,1366
3,1476
8,855
0,1470
0,1522
0,1430
0,1425
2,1536
0,1528
8,915
0,1044
0,1496
0,1501
1,1359
0,1562
0,1495
0,1538
0,1477
1,1403
2,1465
0,1577
5,1351
0,1475
1,1253
5,1468
5,1410
0,639
0,1531
0,1534
2,1397
2,1077
3,734
3,1454
0,1463
0,1379
4,1372
5,1369
2,1067
7,1219
0,1360
0,1476
0,1448
22,1241
4,1214
0,1453
3,1205
3,1482
1,1532
0,1286
21,676
2,1467
0,1537
0,1551
9,1224
0,1512
1,1413
3,1495
2,1451
0,1502
8,573
0,1541
1,1509
6,1002
0,1469
7,1459
9,1211
3,1141
4,1223
2,1534
0,1482
18,280
0,1422
7,1278
3,1502
9,1055
5,1377
11,1137
0,1545
0,1586
0,1551
4,1298
0,1497
1,1478
0,1538
2,1016
1,1469
6,1391
0,1463
2,1513
7,1228
7,1143
1,1497
3,1222
0,1518
0,1536
3,340
2,1357
0,1495
1,1519
0,1480
2,1431
15,1010
2,1350
1,1485
0,1381
2,1220
1,1520
0,113
3,1496
3,1455
0,1497
4,1427
5,1452
16,935
1,1551
0,1501
0,1536
1,916
3,670
0,1547
8,1404
2,1421
0,1471
5,1442
0,1499
2,1489
0,1525
0,1525
0,1529
3,1465
0,1431
0,1400
0,1505
1,1477
0,1531
0,1457
3,1273
13,858
0,1565
11,811
1,729
16,1247
4,1342
2,1405
1,1499
0,1493
2,1558
1,1429
7,1418
1,1445
0,1589
0,1590
4,1266
6,1476
2,1350
2,1430
1,1386
2,1567
17,955
1,1544
0,1469
2,999
2,1531
2,1493
24,97
17,1134
3,1083
0,1581
1,1420
3,1402
0,1530
9,979
12,1247
3,1459
1,1380
1,1512
19,680
6,1408
1,1511
0,1429
0,1550
1,1355
2,1339
4,1525
0,1537
1,1398
3,1415
2,1531
7,1451
0,1449
1,1422
0,1502
5,1463
0,1480
0,1467
2,1471
5,1361
2,1514
0,1523
0,1570
0,1410
1,1435
