1590,8
1591,8
1585,4
1567,1
1578,2
1591,5
1614,3
1622,8
1563,17
1587,20
1573,38
1627,7
1636,2
1621,11
1607,1
1622,5
1539,6
1584,2
1550,20
1610,7
1564,8
1625,6
1579,5
1608,8
1576,10
1588,3
1586,4
1570,10
1593,24
1623,8
1614,2
1579,21
1621,1
1580,13
1582,5
1598,2
1594,4
1561,14
1566,10
1565,22
1579,16
1560,18
1585,6
1577,2
1583,8
1554,4
1576,7
1635,2
1579,2
1583,5
1593,4
1606,8
1620,1
1563,3
1580,6
1587,11
1575,2
1570,16
1569,5
1612,1
1568,8
1570,2
1554,5
1571,12
1606,2
1581,17
1568,17
1572,6
1589,3
1574,9
1611,2
1609,2
1583,5
1594,2
1621,2
1614,3
1576,1
1597,4
1579,19
1588,4
1575,9
1591,2
1599,1
1602,1
1602,7
1621,1
1608,11
1593,5
1572,9
1632,12
1569,9
1586,1
1570,14
1586,11
1594,3
1595,34
1567,21
1604,4
1550,2
1571,10
1568,34
1590,1
1581,18
1587,20
1576,19
1590,6
1537,30
1591,3
1555,26
1600,15
1573,6
1627,4
1617,1
1623,2
1648,12
1579,3
1596,2
1595,1
1575,5
1593,8
1572,1
1574,6
1554,18
1574,13
1593,1
1601,5
1546,14
1553,3
1612,4
1646,5
1557,10
1554,14
1586,8
1547,3
1604,3
1590,4
1621,8
1587,6
1586,2
1548,21
1617,12
1578,7
1564,31
1624,13
1577,8
1625,1
1614,6
1586,8
1568,8
1540,8
1610,3
1558,14
1555,34
1609,3
1577,2
1587,1
1591,1
1592,2
1609,13
1613,3
1596,2
1607,8
1591,15
1597,1
1574,13
1572,10
1667,2
1594,3
1623,15
1594,3
1543,3
1588,4
1606,9
1606,2
1550,9
1596,8
1591,8
1585,1
1601,6
1557,5
1583,7
1577,2
1579,1
1555,7
1575,8
1594,3
1591,8
1566,20
1592,6
1599,5
1594,2
1572,10
1567,4
1593,16
1632,9
1574,5
1594,8
1608,7
1551,24
1599,6
1582,11
1579,2
1587,1
1602,1
1538,7
1574,17
1624,9
1588,10
1571,9
1614,2
1567,1
1587,3
1578,9
1591,6
1571,20
1549,6
1584,4
1570,2
1598,10
1575,5
1583,4
1563,5
1542,5
1554,15
1553,9
1588,4
1566,2
1604,8
1624,3
1559,10
1602,5
1579,7
1588,7
1599,3
1578,12
1661,6
1611,4
1595,1
1528,40
1581,12
1582,2
1574,14
1586,4
1631,11
1585,4
1583,17
1584,7
1575,8
1585,2
1561,10
1574,9
1565,2
1626,1
1587,4
1577,2
1584,5
1614,2
1533,9
1583,14
1606,2
1556,3
1584,1
1582,10
1566,13
1591,15
1589,4
1599,7
1574,16
1549,6
1583,12
1654,10
1581,8
1579,9
1552,9
1618,1
1616,1
1555,6
1595,9
1592,7
1573,2
1596,5
1591,1
1574,6
1612,4
1551,2
1587,2
1610,8
1631,8
1636,4
1595,20
1570,2
1601,1
1607,14
1602,2
1628,2
1638,2
1589,17
1610,11
1558,3
1561,3
1574,4
1619,15
1576,21
1593,6
1563,3
1577,11
1516,31
1596,31
1619,1
1543,14
1596,11
1580,3
1597,41
1615,19
1606,6
1589,1
1590,10
1581,18
1586,2
1575,8
1597,8
1600,18
1600,5
1573,2
1613,11
1569,3
1599,12
1592,2
1608,5
1581,14
1574,2
1590,8
1563,11
1628,5
1595,9
1582,1
1565,2
1587,7
1605,5
1559,12
1594,9
1562,9
1585,4
1615,2
1624,1
1558,8
1583,6
1584,1
1570,8
1606,10
1600,3
1570,4
1602,6
1607,1
1607,2
1590,5
1609,2
1593,13
1528,14
1543,13
1553,11
1599,3
1605,7
1572,1
1587,6
1574,9
1591,2
1623,11
1569,11
1556,6
1598,14
1603,1
1573,2
1571,4
1567,8
1602,3
1545,8
1567,15
1563,4
1615,9
1578,3
1550,2
1620,2
1624,5
1545,19
1540,2
1607,8
1573,7
1578,4
1560,5
1584,15
1559,4
1586,12
1589,8
1579,1
1578,17
1530,1
1569,3
1607,7
1581,12
1589,3
1571,16
1609,10
1576,2
1593,8
1605,10
1567,8
1572,3
1577,1
1586,6
1574,8
1612,3
1579,7
1581,2
1584,6
1556,1
1557,27
1558,16
1561,1
1628,1
1610,6
1622,1
1584,11
1545,2
1605,8
1568,6
1600,9
1569,1
1573,7
1610,11
1556,7
1566,9
1569,9
1594,1
1618,2
1608,8
1576,7
1536,8
1599,2
1587,9
1617,4
1574,2
1584,3
1577,3
1620,7
1543,18
1545,8
1590,3
1601,1
1583,7
1580,17
1558,10
1605,8
1600,1
1603,7
1606,7
1599,15
1535,12
1597,12
1592,21
1620,7
1590,18
1591,9
1600,16
1587,11
1582,5
1582,8
1578,14
1605,27
1571,18
1581,12
1582,2
1606,4
1579,18
1556,12
1551,10
1547,44
1623,14
1562,4
1582,1
1611,12
1509,8
1578,2
1600,5
1564,5
1550,3
1577,3
1554,4
1625,11
1593,40
1578,11
1551,4
1616,3
1584,6
1597,6
1546,1
1613,21
1606,2
1563,14
1617,2
1590,12
1597,8
1605,11
1588,2
1589,20
1590,9
1604,4
1611,1
1598,1
1570,18
1595,2
1569,4
1565,7
1610,9
1585,1
1577,2
1550,24
1599,4
1615,1
1559,17
1556,2
1560,4
1549,10
1544,3
1589,1
1585,14
1581,3
1610,10
1567,2
1602,5
1578,3
1581,5
1557,13
1604,8
1571,12
1544,24
1575,2
1579,2
1630,9
1612,5
1598,13
1577,3
1558,7
1595,2
1581,6
1580,9
1553,24
1610,7
1570,2
1608,1
1582,11
1550,22
1579,9
1619,4
1621,4
1581,1
1571,1
1589,4
1586,9
1607,6
1564,1
1587,8
1578,4
1592,3
1590,5
1592,6
1594,7
1611,5
1548,4
1602,12
1565,11
1591,10
1591,13
1608,7
1574,20
1574,4
1554,4
1607,17
1580,9
1599,3
1603,9
1627,2
1601,4
1596,31
1601,8
1633,5
1590,15
1606,5
1588,15
1587,3
1582,3
1555,1
1645,7
1568,1
1602,21
1568,9
1601,10
1554,4
1606,5
1591,4
1562,7
1585,2
1566,6
1578,3
1589,6
1602,7
1610,18
1576,4
1580,9
1633,4
1587,21
1571,2
1593,6
1573,1
1625,1
1592,14
1588,2
1571,1
1554,6
1626,8
1565,8
1589,3
1548,3
1587,1
1586,5
1612,2
1568,1
1567,25
1589,15
1607,13
1626,2
1577,2
1582,1
1583,13
1616,2
1586,4
1598,3
1617,6
1564,9
1576,5
1599,7
1558,6
1603,24
1561,5
1547,1
1609,5
1559,5
1563,13
1547,24
1620,1
1569,1
1535,16
1617,11
1625,10
1591,10
1559,6
1592,11
1553,12
1578,8
1593,7
1635,3
1592,5
1566,9
1572,2
1593,1
1542,9
1555,9
1608,2
1544,14
1553,3
1617,1
1592,8
1600,10
1588,11
1585,1
1623,3
1560,1
1624,5
1564,2
1575,13
1594,14
1570,7
1586,4
1579,12
1582,8
1593,2
1594,5
1526,10
1599,2
1569,5
1610,5
1580,6
1592,7
1588,5
1558,4
1583,9
1581,5
1600,2
1570,4
1531,11
1576,5
1551,12
1602,7
1587,2
1624,4
1570,1
1578,2
1580,6
1580,7
1600,3
1624,5
1585,18
1598,2
1558,4
1602,3
1551,20
1609,3
1578,4
1619,6
1571,7
1570,10
1598,2
1568,8
1594,9
1616,9
1559,8
1538,26
1627,2
1579,8
1620,1
1567,10
1645,8
1597,6
1575,9
1576,4
1559,1
1600,1
1605,5
1554,3
1569,15
1580,18
1589,1
1579,1
1580,18
1629,13
1557,12
1583,2
1570,1
1550,17
1590,4
1559,15
1603,3
1568,10
1594,2
1603,5
1609,2
1554,1
1533,11
1590,11
1576,5
1569,2
1630,1
1589,4
1606,5
1570,2
1594,7
1543,4
1531,40
1561,9
1564,1
1603,16
1553,1
1585,2
1583,4
1576,6
1609,5
1622,1
1590,9
1600,8
1601,12
1624,1
1584,6
1596,11
1613,7
1544,5
1522,48
1565,4
1623,2
1605,3
1579,1
1587,2
1592,5
1557,11
1534,8
1599,5
1584,14
1595,4
1618,3
1566,10
1600,6
1580,6
1572,18
1591,2
1534,7
1618,2
1612,12
1579,5
1570,7
1598,7
1583,9
1608,3
1580,3
1590,10
1624,3
1587,37
1598,1
1608,2
1613,6
1585,9
1584,1
1591,12
1573,11
1595,9
1594,15
1555,3
1554,1
1606,12
1594,4
1585,2
1582,9
1586,6
1587,3
1601,5
1597,4
1543,1
1560,5
1582,3
1593,1
1616,5
1581,7
1584,10
1573,4
1592,2
1560,1
1599,8
1548,4
1602,4
1564,14
1576,8
1589,6
1559,22
1578,11
1576,36
1581,5
1588,16
1590,15
1626,1
1599,11
1604,20
1583,4
1585,11
1606,3
1601,5
1591,1
1594,3
1619,1
1581,13
1599,11
1570,26
1573,2
1625,3
1588,13
1613,11
1575,10
1569,14
1590,23
1591,9
1594,7
1598,3
1596,13
1563,3
1591,3
1525,5
1590,9
1580,13
1593,1
1566,5
1569,13
1559,3
1592,24
1621,12
1596,3
1570,2
1545,5
1577,11
1571,8
1603,6
1630,6
1583,11
1583,2
1555,1
1601,7
1572,8
1556,5
1575,1
1598,15
1600,11
1600,6
1589,2
1578,5
1605,3
1600,15
1609,4
1582,18
1566,4
1583,2
1586,5
1558,15
1569,2
1610,4
1578,13
1621,2
1545,8
1556,13
1612,3
1556,2
1575,3
1643,2
1594,2
1572,9
1571,8
1615,3
1564,2
1630,4
1549,8
1541,10
1615,11
1569,8
1565,10
1586,10
1560,11
1534,5
1565,3
1594,4
1566,17
1591,1
1602,2
1598,5
1596,6
1621,10
1591,4
1563,17
1614,2
1638,8
1588,9
1591,5
1622,2
1579,7
1589,9
1603,5
1563,27
1595,1
1611,10
1594,2
1593,8
1621,1
1570,4
1593,21
1573,1
1545,44
1593,2
1591,3
1568,8
1585,23
1610,3
1605,7
1609,3
1565,25
1599,5
1551,11
1598,12
1576,7
1589,7
1611,4
1603,9
1571,4
1594,4
1583,1
1597,5
1579,2
1590,8
1600,11
1580,4
1588,2
1587,4
1569,11
1547,24
1591,7
1586,8
1614,7
