0,775
0,1093
0,554
0,547
0,1053
0,972
0,1033
0,1027
0,894
0,551
0,491
0,814
0,946
0,960
0,858
0,401
0,959
0,333
0,737
0,1127
0,969
0,984
0,738
0,1055
0,882
0,1141
0,132
0,909
0,1001
0,790
0,1039
0,1126
0,495
0,1061
0,862
0,936
0,884
0,929
0,869
0,315
0,124
0,1002
0,1014
0,1099
0,1125
0,1140
0,1104
0,607
0,804
0,179
0,363
0,391
0,833
0,937
0,463
0,1086
0,1165
0,1024
0,939
0,955
0,906
0,1118
0,1100
0,1015
0,573
0,1097
0,846
0,437
0,965
0,1049
0,645
0,831
0,1099
0,543
0,612
0,1033
0,93
0,620
0,923
0,966
0,925
0,1122
0,973
0,1017
0,974
0,692
0,332
0,1146
0,791
0,810
0,1216
0,929
0,1051
0,1077
0,665
0,720
0,1115
0,302
0,462
0,892
0,51
0,1068
0,1087
0,1077
0,1074
0,1163
0,962
0,1112
0,1050
0,924
0,602
0,1137
0,1015
0,863
0,964
0,568
0,1106
0,183
0,1079
0,865
0,842
0,1140
0,1037
0,575
0,1035
0,430
0,848
0,852
0,819
0,1132
0,582
0,960
0,1155
0,1153
0,203
0,977
0,561
0,1089
0,938
0,955
0,457
0,1035
0,844
0,1120
0,1047
0,933
0,616
0,1140
0,711
0,957
0,994
0,905
0,867
0,1004
0,1081
0,658
0,977
0,1032
0,1108
0,864
0,1000
0,447
0,855
0,1091
0,1047
0,856
0,1060
0,911
0,1004
0,995
0,250
0,936
0,1056
0,1053
0,1182
0,1081
0,676
0,32
0,695
0,1180
0,68
0,1192
0,1011
0,1116
0,733
0,888
0,1136
0,922
0,1061
0,928
0,987
0,1037
0,1130
0,974
0,1072
0,532
0,988
0,1000
0,695
0,261
0,833
0,569
0,301
0,784
0,955
0,980
0,1009
0,1087
0,1174
0,709
0,1106
0,987
0,92
0,733
0,1022
0,1045
0,1090
0,1025
0,330
0,1089
0,1124
0,651
0,1038
0,462
0,1229
0,1029
0,981
0,512
0,1022
0,687
0,1120
0,898
0,1118
0,1054
0,946
0,238
0,936
0,1188
0,1017
0,738
0,825
0,989
0,1015
0,996
0,1048
0,17
0,1103
0,887
0,448
0,1027
0,1076
0,961
0,1071
0,616
0,836
0,892
0,949
0,951
0,1111
0,1120
0,965
0,1090
0,1044
0,830
0,1040
0,323
0,252
0,160
0,839
0,896
0,908
0,1060
0,1019
0,66
0,1127
0,440
0,1029
0,967
0,362
0,914
0,679
0,722
0,1137
0,1111
0,486
0,985
0,1150
0,1032
0,1111
0,866
0,954
0,1092
0,719
0,1083
0,874
0,1022
0,1035
0,580
0,966
0,305
0,975
0,335
0,355
0,1048
0,12
0,1155
0,640
0,357
0,818
0,1149
0,851
0,445
0,935
0,494
0,591
0,1147
0,1116
0,1064
0,926
0,991
0,1033
0,963
0,1025
0,803
0,1008
0,539
0,624
0,1160
0,1014
0,1085
0,721
0,1010
0,1090
0,597
0,1055
0,488
0,887
0,691
0,969
0,395
0,1164
0,595
0,1161
0,1046
0,1191
0,652
0,883
0,381
0,902
0,928
0,64
0,1079
0,912
0,695
0,1058
0,1125
0,1019
0,1001
0,1097
0,1116
0,1121
0,689
0,925
0,962
0,1017
0,1087
0,999
0,473
0,935
0,790
0,956
0,941
0,1008
0,944
0,815
0,515
0,493
0,842
0,381
0,762
0,1128
0,743
0,1129
0,1060
0,822
0,381
0,1007
0,43
0,1171
0,936
0,1163
0,870
0,673
0,997
0,841
0,106
0,895
0,691
0,1105
0,785
0,501
0,26
0,1034
0,454
0,1044
0,203
0,1038
0,782
0,884
0,1036
0,308
0,932
0,843
0,236
0,962
0,1123
0,725
0,882
0,810
0,1027
0,1085
0,1067
0,1053
0,1158
0,741
0,1026
0,1174
0,697
0,1094
0,911
0,707
0,1088
0,835
0,881
0,1022
0,1098
0,947
0,910
0,1049
0,481
0,1076
0,1143
0,965
0,1100
0,45
0,351
0,1002
0,656
0,853
0,1103
0,985
0,1126
0,1119
0,797
0,935
0,1086
0,769
0,635
0,1052
0,1059
0,906
0,640
0,1018
0,934
0,950
0,595
0,948
0,1108
0,1001
0,1078
0,551
0,486
0,1092
0,1104
0,550
0,482
0,1100
0,577
0,142
0,1065
0,1047
0,756
0,889
0,1031
0,652
0,1070
0,670
0,1046
0,1070
0,292
0,924
0,23
0,1083
0,974
0,1176
0,885
0,906
0,667
0,489
0,853
0,865
0,975
0,1014
0,740
0,964
0,1051
0,627
0,770
0,1116
0,620
0,1103
0,741
0,992
0,787
0,943
0,933
0,996
0,1018
0,43
0,1149
0,698
0,888
0,1027
0,959
0,827
0,1027
0,852
0,815
0,786
0,979
0,1069
0,961
0,514
0,863
0,657
0,646
0,953
0,877
0,967
0,1118
0,885
0,909
0,985
0,994
0,1124
0,1024
0,396
0,1129
0,1073
0,868
0,1070
0,941
0,991
0,1020
0,953
0,748
0,375
0,89
0,848
0,1110
0,912
0,791
0,938
0,1066
0,342
0,1066
0,1100
0,1030
0,925
0,1193
0,1072
0,1072
0,1032
0,1116
0,1140
0,913
0,1150
0,1099
0,935
0,988
0,944
0,187
0,765
0,816
0,731
0,757
0,1068
0,27
0,1153
0,730
0,1039
0,1016
0,879
0,1030
0,1090
0,958
0,1083
0,295
0,866
0,989
0,695
0,65
0,1129
0,1040
0,988
0,1014
0,1044
0,967
0,1003
0,784
0,161
0,205
0,322
0,876
0,1136
0,1102
0,944
0,845
0,1070
0,508
0,729
0,260
0,908
0,984
0,601
0,1083
0,933
0,1034
0,1112
0,1071
0,1097
0,905
0,866
0,684
0,125
0,121
0,888
0,925
0,28
0,1103
0,941
0,930
0,1061
0,1034
0,1115
0,766
0,1043
0,794
0,1066
0,1042
0,368
0,878
0,211
0,1078
0,112
0,830
0,857
0,974
0,1079
0,982
0,33
0,1127
0,778
0,1033
0,311
0,996
0,1012
0,906
0,834
0,919
0,439
0,1128
0,893
0,1110
0,1115
0,1024
0,743
0,1065
0,1118
0,1162
0,1148
0,866
0,1085
0,1108
0,795
0,990
0,999
0,701
0,1108
0,729
0,1077
0,1148
0,831
0,1049
0,1043
0,1152
0,1095
0,417
0,833
0,1022
0,843
0,1069
0,430
0,926
0,16
0,465
0,485
0,1125
0,931
0,1072
0,724
0,971
0,1089
0,1089
0,867
0,637
0,591
0,996
0,715
0,1169
0,726
0,926
0,1096
0,963
0,562
0,1030
0,913
0,953
0,1063
0,1141
0,595
0,1081
0,736
0,1007
0,1040
0,1023
0,911
0,904
0,758
0,30
0,1008
0,945
0,1060
0,798
0,1039
0,922
0,1096
0,1072
0,1047
0,632
0,1064
0,954
0,417
0,1041
0,707
0,1089
0,1065
0,338
0,889
0,723
0,1020
0,1115
0,1071
0,326
0,1101
0,951
0,1062
0,1060
0,1118
0,475
0,855
0,968
0,994
0,1098
0,158
0,157
0,1064
0,868
0,517
0,502
0,812
0,1088
0,650
0,99
0,729
0,962
0,786
0,613
0,617
0,885
0,273
0,662
0,155
0,556
0,725
0,1105
0,982
0,848
0,618
0,918
0,970
0,712
0,481
0,1103
0,582
0,738
0,911
0,462
0,274
0,627
0,972
0,90
0,6
0,917
0,1005
0,1108
0,850
0,1027
0,980
0,904
0,854
0,868
0,730
0,856
0,1077
0,1069
0,1007
0,991
0,371
0,1135
0,663
0,346
0,673
0,892
0,942
0,466
0,905
0,1025
0,1113
0,1125
0,865
0,839
0,966
0,851
0,983
0,826
0,714
0,777
0,788
0,913
0,880
0,529
0,896
0,26
0,863
0,850
0,592
0,953
0,518
0,1089
0,236
0,541
0,859
0,953
0,818
0,1040
0,225
0,484
0,291
0,796
0,950
0,1013
0,18
0,1131
0,760
0,756
0,748
0,1007
0,392
0,953
0,1023
0,778
0,1059
0,1181
0,632
0,473
0,846
0,1058
0,602
0,740
0,213
0,868
0,1132
0,594
0,564
0,807
0,1170
0,475
0,1143
0,696
0,1110
0,940
0,850
0,1070
0,826
0,868
0,888
0,883
0,1026
0,681
0,941
0,1034
0,900
0,686
0,906
0,161
0,1054
0,779
0,1063
0,1096
0,944
0,1146
0,729
0,983
0,797
0,1002
0,953
0,34
0,958
0,685
0,947
0,1033
0,896
0,857
0,916
0,818
0,1097
0,1077
0,696
0,1096
0,570
0,956
0,1097
0,218
0,902
0,1081
0,823
0,1019
0,755
0,1047
0,941
0,1098
0,935
0,1092
0,1026
0,1065
0,724
0,996
0,933
0,648
0,628
0,258
0,464
0,1088
0,1081
0,1089
0,1006
0,736
0,1136
0,1107
0,831
0,1184
0,517
0,1049
0,913
0,798
0,386
0,1132
0,1018
0,534
0,1053
0,1041
0,940
0,795
0,947
0,891
0,575
0,1189
0,1046
0,770
0,952
0,836
0,813
0,1049
0,961
0,1125
0,1032
0,714
0,469
0,769
