821,67
684,407
849,53
587,498
859,65
778,152
660,454
870,88
626,525
791,182
736,295
818,192
858,150
723,346
586,588
763,235
669,410
783,225
752,286
778,244
699,431
679,384
726,254
807,38
790,32
798,171
525,696
802,274
820,45
726,344
605,576
862,39
675,294
526,738
698,309
665,316
427,932
725,356
579,562
777,74
874,18
864,9
736,207
842,17
762,275
841,5
700,351
722,226
860,137
840,101
678,339
834,29
876,51
874,54
740,195
878,63
699,480
846,44
769,244
670,244
663,357
835,31
797,236
647,492
663,496
691,368
821,183
862,97
762,161
966,35
855,11
846,37
501,631
649,357
909,22
692,349
862,97
780,129
787,162
793,71
616,531
857,19
631,325
810,204
700,356
463,815
741,240
888,7
700,330
849,58
523,606
866,57
693,287
832,92
844,76
740,297
578,502
789,164
881,17
735,239
724,282
849,17
710,392
810,79
911,6
812,196
700,282
648,392
878,17
638,508
710,267
707,348
878,190
746,278
921,74
668,334
674,306
672,461
793,290
743,228
754,327
808,98
847,55
672,397
793,228
810,139
463,755
723,268
812,56
970,11
712,386
635,392
690,416
656,406
798,48
810,58
924,34
663,550
697,247
793,191
712,320
913,88
754,163
769,239
666,464
804,210
580,682
841,142
749,359
825,225
765,240
550,668
791,274
566,460
686,349
741,360
620,584
869,8
764,239
839,85
627,392
718,138
771,215
730,266
789,200
858,45
762,330
710,237
824,240
915,14
907,55
783,102
886,65
580,642
783,249
603,487
875,5
885,21
754,182
723,307
848,160
560,480
833,255
562,655
584,482
674,445
624,498
507,743
794,39
635,599
893,15
787,158
584,503
807,169
868,4
801,178
805,271
505,660
637,396
728,335
692,282
777,52
863,87
862,115
912,109
783,148
623,559
706,317
592,513
502,803
703,282
804,153
766,230
861,64
632,443
732,336
680,325
839,18
763,188
786,140
784,225
661,474
532,458
766,239
700,339
866,151
652,431
666,448
892,35
866,274
578,476
905,29
671,399
744,185
670,297
582,662
811,102
765,245
738,331
664,315
906,51
631,405
837,56
640,442
771,158
531,657
892,83
864,122
788,174
836,10
504,765
852,4
530,663
889,52
869,144
576,509
717,224
656,432
904,79
710,316
535,654
867,67
789,91
836,45
858,65
769,165
840,102
612,442
780,49
805,166
792,311
694,313
775,203
789,217
786,193
805,133
801,231
821,125
948,6
625,569
780,184
800,178
735,149
881,93
822,104
743,305
730,364
762,229
806,202
913,19
842,120
849,52
878,74
478,738
656,387
835,144
653,530
781,78
544,667
787,79
669,422
826,169
878,54
752,262
847,53
919,64
670,481
770,325
661,433
846,24
732,321
933,13
562,548
675,489
800,11
758,251
824,1
574,588
814,184
708,440
753,179
882,20
685,318
519,646
781,218
791,179
673,466
721,405
732,389
865,18
831,57
656,444
709,161
696,221
837,72
792,152
786,162
747,369
690,303
756,211
894,39
863,11
721,296
905,24
636,538
814,223
621,483
727,303
670,411
671,457
713,361
758,209
877,30
781,278
922,29
828,135
587,446
804,207
720,374
624,435
568,511
745,307
839,71
745,318
777,231
806,200
734,194
752,69
767,124
657,458
899,16
874,19
678,325
850,80
797,175
724,232
691,414
847,45
522,617
788,171
731,223
756,339
641,482
754,220
849,17
715,347
720,310
839,87
721,309
785,278
888,137
780,287
821,75
820,32
882,114
624,422
779,313
750,224
880,59
552,612
633,351
806,115
678,490
837,152
860,56
864,30
810,179
786,115
650,469
876,70
850,125
875,119
747,336
794,190
721,322
709,427
741,220
771,158
832,46
667,307
776,215
747,203
711,219
863,119
845,57
802,155
848,118
814,103
693,349
768,241
841,69
569,594
872,68
619,411
891,121
541,726
774,170
807,162
715,304
887,3
810,47
829,114
799,251
801,172
927,3
633,423
865,97
732,235
733,188
675,410
842,178
634,507
705,386
806,176
865,39
832,24
740,366
836,63
869,114
819,105
727,213
893,8
809,79
899,59
427,872
723,197
861,115
734,266
792,109
669,435
850,62
839,2
641,344
745,217
811,197
425,785
881,146
811,92
834,58
873,19
815,107
485,698
774,347
559,630
670,297
682,424
897,32
765,249
791,172
568,527
832,97
685,417
781,188
620,405
864,8
669,218
875,101
918,25
749,243
751,150
718,333
740,298
821,161
903,29
718,221
851,17
768,180
696,240
963,42
777,247
686,351
785,246
879,19
607,562
706,410
818,28
705,393
798,163
735,149
882,19
867,9
505,741
645,346
701,260
943,2
862,47
656,402
794,267
689,303
680,380
661,276
838,41
803,33
607,481
637,475
765,209
627,509
778,277
801,145
785,233
880,50
630,550
897,15
902,109
584,498
922,5
951,5
450,815
783,270
739,272
775,231
862,61
730,232
845,70
909,127
825,130
626,605
673,390
835,55
733,275
511,647
743,229
809,152
858,100
802,149
848,53
660,341
643,466
571,560
894,2
717,335
785,170
824,11
731,336
641,456
796,191
790,163
790,112
737,216
853,162
678,338
723,415
731,277
848,53
902,92
699,273
791,161
834,123
715,362
786,308
798,92
800,127
712,366
790,265
888,11
788,165
464,846
818,216
584,537
919,17
786,203
838,40
767,123
662,379
773,196
776,335
677,366
753,190
780,169
627,461
773,238
871,34
839,66
845,146
846,86
899,60
790,113
723,210
706,254
914,27
908,66
757,159
761,181
712,249
812,100
713,283
775,237
486,801
808,222
779,122
750,264
580,559
739,200
794,134
719,316
777,139
823,122
811,27
634,503
729,270
769,237
726,308
709,236
435,863
598,532
861,39
737,305
848,108
536,731
881,102
792,167
422,844
738,288
749,185
788,123
790,174
609,642
860,22
739,305
887,10
925,103
769,125
758,165
693,306
837,51
765,181
690,386
664,402
830,175
556,722
840,97
866,34
786,47
664,497
698,303
607,613
813,174
849,14
831,82
765,209
804,195
693,429
844,110
628,527
737,233
730,341
854,86
629,517
686,430
757,153
681,297
802,157
731,100
874,193
739,301
842,15
724,298
841,142
790,62
784,175
665,508
802,220
794,197
834,146
839,112
730,155
815,333
903,1
828,147
630,517
865,34
757,284
824,182
859,35
572,524
699,389
801,218
659,482
760,404
830,119
788,239
426,897
800,88
762,309
840,43
584,604
841,55
771,325
722,361
707,349
811,55
688,385
770,196
858,15
815,54
701,355
784,130
830,156
738,295
853,22
733,163
801,126
695,210
714,475
629,467
724,358
633,406
786,133
598,533
788,192
729,259
743,300
650,427
708,206
828,144
797,93
856,112
692,360
719,401
713,343
830,112
709,281
752,169
750,297
747,272
445,839
755,179
608,411
798,106
842,69
856,54
844,15
816,236
564,658
601,508
815,230
601,541
841,63
828,150
648,457
825,128
813,186
711,314
888,65
860,10
928,54
713,273
588,592
791,292
837,109
556,559
813,62
835,215
875,53
854,37
698,251
833,91
763,219
619,479
736,312
756,228
786,174
740,336
649,332
789,282
849,92
652,347
753,213
793,120
710,217
683,364
617,380
540,613
880,135
661,405
828,99
735,360
889,24
670,303
701,371
785,240
562,638
778,26
865,16
715,408
689,281
782,194
735,350
672,316
562,673
635,471
802,165
821,10
731,117
875,99
749,207
574,551
613,542
793,101
695,360
650,454
642,418
706,346
769,335
623,506
905,9
708,372
643,377
691,379
598,578
798,159
668,364
829,140
836,118
512,656
744,248
780,13
861,78
763,127
767,233
768,248
850,123
655,365
762,220
886,70
546,630
737,239
722,270
829,34
802,52
847,106
719,353
841,115
579,566
691,309
829,152
625,491
626,518
659,363
582,590
930,33
902,47
610,603
696,302
837,35
554,575
874,57
815,176
719,204
641,419
758,286
725,175
859,163
772,283
914,7
766,304
806,158
738,217
823,40
537,564
817,91
742,237
706,240
502,631
964,31
712,265
862,132
774,172
842,26
925,38
682,260
602,637
791,179
498,761
716,260
821,73
817,11
783,303
725,304
830,48
766,256
645,569
741,186
768,277
677,303
734,233
801,189
642,394
876,12
584,596
780,190
872,87
740,337
897,65
737,271
691,321
761,222
715,370
841,22
775,327
865,21
861,52
897,94
698,299
688,386
836,94
710,251
851,58
841,14
721,237
832,163
691,402
868,96
795,195
676,189
748,295
787,135
868,63
823,117
685,478
834,126
753,190
898,2
870,91
663,359
822,153
750,227
864,231
785,160
550,676
853,28
686,437
837,129
819,214
772,177
785,183
794,203
799,248
689,246
812,71
595,439
860,36
539,598
605,621
781,223
773,291
765,113
867,103
775,340
785,159
816,49
821,161
772,184
571,597
690,322
744,290
726,290
746,287
877,78
807,131
