75,1127
51,613
61,843
82,711
62,794
52,1248
62,778
72,972
55,274
62,741
56,1268
62,518
53,177
42,987
69,672
50,90
69,559
58,513
63,777
69,529
84,998
52,253
70,838
55,912
60,1070
63,821
60,1055
54,499
61,307
48,599
73,374
64,324
61,165
64,558
68,920
53,1125
66,285
48,60
65,349
57,940
73,185
54,1022
60,696
58,710
49,652
55,947
70,700
71,145
58,286
65,637
66,528
63,297
72,409
64,153
51,491
54,407
63,1030
73,32
49,296
62,963
53,1135
70,478
53,272
54,388
63,706
66,649
58,651
56,407
63,750
59,918
60,1169
66,28
58,908
67,462
63,1000
61,921
67,620
59,468
60,1191
62,848
52,80
72,715
75,892
76,507
52,693
61,483
60,957
50,30
60,357
62,949
49,753
55,277
61,60
64,694
50,355
61,1085
50,745
64,873
72,780
51,803
51,454
61,531
67,973
47,921
54,815
59,850
69,528
67,553
61,579
51,252
61,792
76,634
60,638
59,743
65,239
51,364
56,579
60,701
60,620
76,1089
57,4
62,1080
68,617
46,682
65,543
56,1070
50,1060
57,608
67,171
78,668
63,423
62,204
58,729
54,1051
63,7
64,435
64,1115
56,1020
55,986
52,68
54,588
61,1083
67,456
65,443
61,1009
41,713
60,916
65,49
68,622
62,511
56,793
47,453
55,794
62,523
53,326
60,678
72,451
49,264
61,959
48,598
63,957
51,800
52,903
58,309
56,43
67,94
50,802
57,787
45,582
57,1028
66,583
55,745
46,909
45,706
62,1046
70,82
62,135
56,700
71,139
49,714
62,178
62,446
64,482
50,755
64,430
64,149
51,844
58,151
51,460
54,799
62,50
58,170
57,707
51,914
61,1006
61,393
68,184
50,911
54,910
68,205
56,565
47,979
66,684
76,770
72,200
61,1181
55,54
53,1028
66,677
67,254
50,361
52,744
39,815
51,1039
68,1176
60,668
67,958
52,190
59,93
46,115
67,730
54,1083
58,48
58,495
70,995
62,838
47,471
58,506
54,594
66,598
51,56
53,235
56,407
39,940
56,451
59,891
70,816
66,526
56,538
63,414
46,912
54,1068
70,334
58,503
71,920
57,968
66,319
60,643
61,1019
64,440
57,608
61,443
54,69
68,1230
73,486
70,1143
67,1172
65,823
56,316
53,811
65,599
58,1008
45,459
68,221
56,730
61,1053
57,263
51,723
61,879
61,1043
66,430
64,1057
60,864
60,347
53,244
64,355
64,691
57,883
74,752
67,116
52,1022
60,87
68,888
62,42
59,630
51,74
54,1057
51,602
62,378
74,51
61,1086
61,1160
66,733
57,697
55,986
68,434
51,970
58,919
66,503
63,966
58,449
71,631
58,442
64,1004
63,1051
62,767
50,945
68,645
73,483
54,184
58,649
57,215
46,778
51,85
73,913
56,8
68,1031
53,674
54,986
56,1132
68,987
56,1019
67,575
59,284
71,534
66,761
74,135
55,29
67,736
55,424
54,895
61,1108
61,855
50,940
60,979
53,241
55,871
69,238
57,321
67,723
67,985
60,734
64,520
52,784
67,745
52,669
57,432
60,448
73,60
57,1189
52,299
58,385
60,753
72,88
59,1005
49,797
67,636
65,656
63,299
64,867
57,808
65,718
58,368
59,675
57,342
57,878
60,466
78,844
74,739
59,446
49,517
60,231
73,873
45,795
65,1109
60,904
58,993
73,971
61,5
69,652
64,540
56,804
66,744
65,711
65,483
57,67
55,139
60,54
66,139
72,787
57,610
70,938
79,17
62,159
65,997
62,1071
60,261
54,110
52,416
62,667
51,443
65,138
61,146
63,677
58,1000
62,580
68,596
51,310
60,78
79,166
62,244
64,516
73,817
59,432
65,640
54,448
69,379
54,661
70,716
56,936
66,440
61,1162
67,899
57,807
70,957
69,602
56,392
72,625
71,879
55,902
59,888
63,689
58,1007
55,82
59,161
49,845
70,1173
55,886
66,15
48,350
60,438
64,1017
52,588
50,680
69,273
72,772
54,615
54,702
54,13
52,194
55,731
51,1075
64,579
57,241
59,709
58,570
59,613
55,785
62,360
65,416
46,547
54,573
58,1120
70,263
67,1127
62,358
53,650
53,750
48,356
58,309
67,339
60,1031
71,1042
62,595
62,669
70,346
62,901
64,673
61,369
69,844
60,851
63,398
62,723
74,743
70,216
52,944
70,148
53,229
67,37
65,932
58,1080
61,502
61,987
69,494
61,770
63,1192
58,1167
54,37
58,1004
60,223
53,534
65,57
66,928
58,723
53,358
54,1022
56,294
56,44
59,129
60,257
63,507
46,874
61,741
54,871
60,230
52,673
67,417
51,441
47,463
49,1169
50,141
60,5
61,557
54,34
65,409
73,405
54,39
62,148
62,410
58,323
61,1133
55,443
53,496
47,996
54,183
53,84
53,808
71,1093
61,883
61,540
61,502
74,770
61,865
68,898
68,813
57,920
64,765
59,882
55,640
56,679
75,227
56,556
61,551
62,1147
72,303
55,937
73,929
56,222
70,401
60,730
60,812
43,693
65,530
51,812
58,230
75,226
57,474
65,593
43,513
63,994
63,588
67,48
56,620
68,474
69,664
52,1084
80,757
65,273
58,426
58,330
63,453
57,224
76,28
64,965
61,771
68,441
54,815
57,910
77,363
61,227
62,291
52,565
62,195
66,309
53,1112
46,699
48,28
54,591
53,233
50,945
70,319
70,1081
63,894
58,973
54,132
63,670
59,853
68,576
42,274
75,945
74,457
54,614
58,880
51,50
50,819
48,94
52,458
69,658
75,1089
55,949
62,1054
65,836
58,1018
69,982
62,677
49,1001
62,57
52,947
61,147
74,722
52,574
60,874
58,207
73,105
51,682
43,153
64,870
57,806
61,354
67,293
60,490
49,698
62,359
54,532
49,675
73,284
62,34
64,971
60,1018
65,706
49,489
67,51
68,249
49,323
71,941
67,110
56,1166
53,250
62,472
65,1001
50,360
61,259
65,52
62,56
63,79
61,410
49,1194
64,698
61,285
56,635
62,342
57,782
67,771
59,477
52,567
63,583
63,651
60,235
58,681
67,449
69,973
65,981
50,355
54,244
74,728
65,589
75,964
73,18
58,609
71,730
62,805
62,396
59,574
59,79
49,306
63,802
45,775
52,1047
56,148
55,116
54,894
48,462
58,844
56,795
63,434
61,870
69,91
60,1045
67,519
58,108
81,972
64,1029
55,495
53,624
59,843
53,703
62,496
66,173
63,878
69,691
61,1200
62,1042
67,187
64,1057
54,812
62,230
64,624
66,668
54,806
60,611
48,121
66,352
51,987
73,814
75,743
67,554
46,944
51,733
65,897
74,1174
59,1160
60,681
64,67
49,770
66,949
56,1119
63,292
52,939
55,603
55,720
40,2
73,68
68,728
60,770
60,30
51,342
57,556
70,687
52,366
60,42
67,320
52,225
57,950
68,108
70,399
58,1111
66,1002
64,810
61,423
54,429
63,44
53,923
53,521
48,581
51,250
57,555
51,644
67,1084
44,1127
52,969
65,959
69,444
58,610
67,785
72,678
45,306
58,1140
58,241
66,376
68,1135
67,729
61,929
62,1099
63,65
74,55
63,422
55,814
67,590
59,971
70,818
62,766
58,999
50,285
66,91
83,262
67,725
52,555
68,454
59,315
55,335
60,162
56,1093
59,801
54,825
82,708
58,54
48,517
74,1102
58,105
52,459
67,840
55,329
44,21
49,738
53,594
62,364
67,1147
70,464
74,429
57,957
62,942
67,239
61,73
60,466
50,360
55,954
72,39
75,1070
55,632
53,83
62,714
68,647
65,1064
67,234
58,177
51,1062
48,151
77,89
67,773
55,1093
64,1161
52,918
69,879
58,386
58,97
69,857
73,281
49,203
67,359
64,689
59,709
59,3
62,852
58,660
58,853
53,67
63,228
69,221
58,734
57,730
61,492
47,486
54,75
67,987
56,33
58,1062
36,619
62,571
58,716
67,455
55,425
56,960
56,388
57,438
59,717
62,29
62,893
67,698
65,952
73,892
73,624
62,860
68,19
44,237
51,414
49,1026
58,614
57,891
60,368
61,793
57,712
59,176
66,186
54,854
58,472
71,301
48,845
51,928
53,1032
77,881
63,1
56,621
58,663
62,1007
53,640
54,6
53,49
59,826
65,215
47,28
53,1018
55,379
59,1010
48,456
65,502
59,270
70,857
59,296
58,1010
47,422
55,536
73,2
63,877
77,373
59,660
57,597
60,888
63,387
54,625
67,526
64,763
43,791
52,279
66,948
68,13
60,484
63,289
53,1110
60,66
60,97
67,272
65,307
65,812
61,432
65,555
69,819
60,473
59,783
52,980
59,192
61,595
59,904
71,808
51,598
46,92
50,127
62,370
59,766
58,203
63,804
63,636
58,928
50,776
64,722
58,245
64,482
65,865
59,772
68,88
60,930
55,650
63,342
66,977
44,830
74,790
62,1167
62,183
54,580
50,603
57,1071
67,614
69,1129
70,548
61,655
61,777
58,775
64,628
63,216
77,284
65,900
