0.02,36
0.02,1296
0.02,242
0.02,676
0.02,95
0.02,1069
0.02,1194
0.02,1216
0.02,1368
0.02,41
0.02,435
0.02,245
0.02,154
0.02,595
0.02,1504
0.02,40
0.02,9
0.02,1198
0.02,1
0.02,1419
0.02,467
0.02,775
0.02,1120
0.02,3
0.02,1457
0.02,1498
0.02,1286
0.02,1247
0.02,1350
0.02,223
0.02,1409
0.02,556
0.02,1374
0.02,1562
0.02,1108
0.02,1150
0.02,1586
0.02,1501
0.02,1401
0.02,1440
0.02,920
0.02,1148
0.02,957
0.02,41
0.02,1452
0.02,1522
0.02,944
0.02,1509
0.02,1168
0.02,6
0.02,1541
0.02,624
0.02,136
0.02,1378
0.02,1198
0.02,1460
0.02,1045
0.02,1007
0.02,1348
0.02,1412
0.02,22
0.02,1458
0.02,1134
0.02,202
0.02,816
0.02,5
0.02,1292
0.02,1288
0.02,112
0.02,1474
0.02,1422
0.02,663
0.02,811
0.02,1388
0.02,121
0.02,1458
0.02,1330
0.02,63
0.02,1364
0.02,1443
0.02,1371
0.02,64
0.02,172
0.02,1133
0.02,1098
0.02,674
0.02,649
0.02,1439
0.02,377
0.02,1272
0.02,1385
0.02,1086
0.02,1195
0.02,971
0.02,1499
0.02,207
0.02,1260
0.02,966
0.02,842
0.02,338
0.02,1127
0.02,1248
0.02,840
0.02,92
0.02,1213
0.02,232
0.02,1459
0.02,1411
0.02,1375
0.02,1070
0.02,1459
0.02,689
0.02,1334
0.02,163
0.02,386
0.02,1274
0.02,15
0.02,1241
0.02,1544
0.02,1436
0.02,28
0.02,577
0.02,271
0.02,1277
0.02,1117
0.02,1294
0.02,32
0.02,3
0.02,1250
0.02,1
0.02,920
0.02,1390
0.02,1485
0.02,1477
0.02,379
0.02,405
0.02,1431
0.02,1509
0.02,798
0.02,1441
0.02,1575
0.02,1009
0.02,1029
0.02,1045
0.02,1533
0.02,1188
0.02,1095
0.02,25
0.02,1187
0.02,1010
0.02,1296
0.02,765
0.02,598
0.02,1250
0.02,1530
0.02,289
0.02,105
0.02,884
0.02,634
0.02,870
0.02,13
0.02,1385
0.02,1397
0.02,1315
0.02,1462
0.02,1600
0.02,1337
0.02,1524
0.02,1519
0.02,558
0.02,352
0.02,1237
0.02,1
0.02,1361
0.02,765
0.02,29
0.02,1525
0.02,3
0.02,1371
0.02,1
0.02,1535
0.02,6
0.02,1507
0.02,1275
0.02,1463
0.02,1271
0.02,44
0.02,1086
0.02,1346
0.02,1039
0.02,52
0.02,483
0.02,976
0.02,1296
0.02,16
0.02,696
0.02,382
0.02,172
0.02,1431
0.02,1358
0.02,717
0.02,368
0.02,1417
0.02,1332
0.02,1144
0.02,1298
0.02,1177
0.02,300
0.02,1
0.02,1378
0.02,1525
0.02,39
0.02,1115
0.02,1231
0.02,208
0.02,1406
0.02,1042
0.02,1474
0.02,1295
0.02,1257
0.02,70
0.02,750
0.02,1464
0.02,109
0.02,635
0.02,501
0.02,560
0.02,997
0.02,829
0.02,1533
0.02,140
0.02,1367
0.02,1197
0.02,1593
0.02,843
0.02,1444
0.02,404
0.02,1076
0.02,249
0.02,1505
0.02,23
0.02,677
0.02,1427
0.02,1424
0.02,67
0.02,417
0.02,1257
0.02,1371
0.02,1297
0.02,167
0.02,1174
0.02,127
0.02,780
0.02,149
0.02,934
0.02,1203
0.02,68
0.02,378
0.02,1540
0.02,891
0.02,1567
0.02,1311
0.02,902
0.02,1417
0.02,1561
0.02,1240
0.02,1493
0.02,1589
0.02,5
0.02,925
0.02,1439
0.02,1206
0.02,766
0.02,1226
0.02,329
0.02,1369
0.02,239
0.02,1177
0.02,980
0.02,365
0.02,1428
0.02,655
0.02,1488
0.02,776
0.02,317
0.02,1492
0.02,1
0.02,1451
0.02,1464
0.02,695
0.02,8
0.02,3
0.02,1438
0.02,1373
0.02,1499
0.02,1310
0.02,1103
0.02,236
0.02,1457
0.02,7
0.02,933
0.02,1585
0.02,1329
0.02,96
0.02,429
0.02,1335
0.02,1077
0.02,2
0.02,1274
0.02,676
0.02,1371
0.02,6
0.02,1386
0.02,1512
0.02,1250
0.02,476
0.02,1442
0.02,2
0.02,999
0.02,76
0.02,592
0.02,285
0.02,1425
0.02,1220
0.02,19
0.02,281
0.02,1129
0.02,383
0.02,1137
0.02,944
0.02,1078
0.02,711
0.02,514
0.02,1363
0.02,1431
0.02,1343
0.02,613
0.02,1469
0.02,1236
0.02,1227
0.02,1237
0.02,706
0.02,1257
0.02,1384
0.02,194
0.02,820
0.02,364
0.02,1
0.02,1363
0.02,1461
0.02,1293
0.02,60
0.02,969
0.02,1321
0.02,916
0.02,697
0.02,1413
0.02,1503
0.02,1069
0.02,1459
0.02,1490
0.02,131
0.02,1320
0.02,17
0.02,956
0.02,1531
0.02,1460
0.02,1321
0.02,782
0.02,17
0.02,587
0.02,610
0.02,796
0.02,1114
0.02,1435
0.02,1314
0.02,1299
0.02,121
0.02,38
0.02,1448
0.02,1489
0.02,1088
0.02,1374
0.02,1094
0.02,61
0.02,1117
0.02,1503
0.02,1478
0.02,1214
0.02,1570
0.02,1182
0.02,1393
0.02,91
0.02,8
0.02,1363
0.02,538
0.02,1244
0.02,81
0.02,1458
0.02,886
0.02,1391
0.02,92
0.02,621
0.02,1514
0.02,1499
0.02,54
0.02,771
0.02,1499
0.02,1422
0.02,806
0.02,1441
0.02,1
0.02,1378
0.02,1540
0.02,1607
0.02,787
0.02,1114
0.02,210
0.02,1428
0.02,883
0.02,124
0.02,1515
0.02,1448
0.02,1033
0.02,155
0.02,1401
0.02,317
0.02,1316
0.02,1133
0.02,1283
0.02,1558
0.02,1414
0.02,1577
0.02,1093
0.02,1499
0.02,809
0.02,1587
0.02,1311
0.02,22
0.02,527
0.02,743
0.02,686
0.02,68
0.02,1227
0.02,878
0.02,244
0.02,265
0.02,1532
0.02,290
0.02,22
0.02,3
0.02,1285
0.02,197
0.02,133
0.02,1382
0.02,1434
0.02,1264
0.02,1613
0.02,1428
0.02,1460
0.02,1466
0.02,1183
0.02,1401
0.02,1287
0.02,969
0.02,1265
0.02,69
0.02,62
0.02,99
0.02,22
0.02,853
0.02,1379
0.02,862
0.02,1552
0.02,22
0.02,187
0.02,1378
0.02,1545
0.02,1591
0.02,1352
0.02,1340
0.02,909
0.02,28
0.02,1424
0.02,440
0.02,1393
0.02,1558
0.02,602
0.02,453
0.02,57
0.02,1228
0.02,1374
0.02,1079
0.02,15
0.02,394
0.02,990
0.02,1453
0.02,111
0.02,1233
0.02,1022
0.02,789
0.02,135
0.02,232
0.02,251
0.02,1387
0.02,1409
0.02,632
0.02,1395
0.02,1217
0.02,1428
0.02,30
0.02,246
0.02,1451
0.02,94
0.02,956
0.02,1557
0.02,1340
0.02,1327
0.02,1403
0.02,6
0.02,71
0.02,864
0.02,1452
0.02,2
0.02,374
0.02,110
0.02,2
0.02,615
0.02,1168
0.02,822
0.02,508
0.02,1450
0.02,1294
0.02,902
0.02,1338
0.02,859
0.02,1458
0.02,1419
0.02,1610
0.02,1
0.02,1361
0.02,1293
0.02,292
0.02,970
0.02,407
0.02,157
0.02,1535
0.02,1235
0.02,1566
0.02,844
0.02,2
0.02,904
0.02,1572
0.02,123
0.02,91
0.02,12
0.02,1454
0.02,1034
0.02,1403
0.02,1099
0.02,1122
0.02,124
0.02,584
0.02,1438
0.02,1416
0.02,1452
0.02,1464
0.02,1301
0.02,1358
0.02,1512
0.02,223
0.02,1486
0.02,176
0.02,1307
0.02,1108
0.02,1458
0.02,10
0.02,12
0.02,628
0.02,648
0.02,911
0.02,756
0.02,1464
0.02,1207
0.02,1483
0.02,757
0.02,224
0.02,656
0.02,88
0.02,521
0.02,21
0.02,1254
0.02,786
0.02,1522
0.02,1043
0.02,1465
0.02,1217
0.02,1267
0.02,912
0.02,914
0.02,1458
0.02,1284
0.02,450
0.02,809
0.02,1370
0.02,10
0.02,1363
0.02,28
0.02,1447
0.02,386
0.02,1374
0.02,258
0.02,1212
0.02,1237
0.02,1550
0.02,1082
0.02,660
0.02,1378
0.02,3
0.02,335
0.02,2
0.02,1084
0.02,1527
0.02,668
0.02,1387
0.02,357
0.02,487
0.02,1267
0.02,641
0.02,1229
0.02,15
0.02,24
0.02,1353
0.02,870
0.02,1218
0.02,1
0.02,476
0.02,1190
0.02,4
0.02,1425
0.02,486
0.02,1395
0.02,1533
0.02,296
0.02,1458
0.02,1430
0.02,1424
0.02,23
0.02,797
0.02,1063
0.02,1463
0.02,193
0.02,1468
0.02,1452
0.02,1340
0.02,1265
0.02,1131
0.02,1177
0.02,1472
0.02,1468
0.02,1538
0.02,1508
0.02,3
0.02,2
0.02,72
0.02,1307
0.02,1092
0.02,1622
0.02,761
0.02,1401
0.02,56
0.02,1600
0.02,1521
0.02,1494
0.02,1190
0.02,1070
0.02,1199
0.02,640
0.02,199
0.02,51
0.02,1545
0.02,730
0.02,28
0.02,1385
0.02,1429
0.02,622
0.02,1384
0.02,14
0.02,1368
0.02,568
0.02,30
0.02,366
0.02,725
0.02,1562
0.02,948
0.02,1501
0.02,1421
0.02,4
0.02,927
0.02,13
0.02,897
0.02,1592
0.02,26
0.02,677
0.02,71
0.02,1104
0.02,255
0.02,1289
0.02,1072
0.02,36
0.02,2
0.02,601
0.02,17
0.02,1519
0.02,553
0.02,578
0.02,699
0.02,1358
0.02,1356
0.02,19
0.02,1440
0.02,771
0.02,1149
0.02,508
0.02,540
0.02,1429
0.02,1586
0.02,1
0.02,1522
0.02,1455
0.02,190
0.02,1499
0.02,616
0.02,1179
0.02,209
0.02,729
0.02,837
0.02,1282
0.02,276
0.02,1003
0.02,1366
0.02,12
0.02,1462
0.02,1067
0.02,727
0.02,1146
0.02,1539
0.02,531
0.02,37
0.02,25
0.02,87
0.02,814
0.02,1267
0.02,743
0.02,3
0.02,1234
0.02,1504
0.02,976
0.02,1249
0.02,1525
0.02,4
0.02,1449
0.02,35
0.02,250
0.02,1548
0.02,1319
0.02,1459
0.02,786
0.02,729
0.02,680
0.02,1150
0.02,424
0.02,1348
0.02,1526
0.02,1
0.02,897
0.02,1280
0.02,1576
0.02,184
0.02,552
0.02,166
0.02,67
0.02,522
0.02,954
0.02,7
0.02,1567
0.02,1200
0.02,12
0.02,935
0.02,898
0.02,665
0.02,1214
0.02,1305
0.02,1337
0.02,1436
0.02,1472
0.02,1415
0.02,1
0.02,1353
0.02,735
0.02,292
0.02,1311
0.02,167
0.02,1300
0.02,1267
0.02,566
0.02,242
0.02,1236
0.02,1383
0.02,1514
0.02,1466
0.02,146
0.02,1070
0.02,530
0.02,1425
0.02,299
0.02,22
0.02,859
0.02,123
0.02,1357
0.02,1215
0.02,1431
0.02,1419
0.02,1183
0.02,1461
0.02,1262
0.02,68
0.02,678
0.02,15
0.02,1517
0.02,847
0.02,994
0.02,1352
0.02,1322
0.02,861
0.02,1103
0.02,690
0.02,13
0.02,1576
0.02,917
0.02,99
0.02,15
0.02,1298
0.02,915
0.02,12
0.02,973
0.02,1549
0.02,11
0.02,744
0.02,1385
0.02,115
0.02,1468
0.02,22
0.02,56
0.02,914
0.02,656
0.02,1
0.02,1227
0.02,1228
0.02,344
0.02,25
0.02,1497
0.02,1287
0.02,1349
0.02,1436
0.02,268
0.02,1431
0.02,94
0.02,337
0.02,38
0.02,143
0.02,1510
0.02,1553
0.02,996
0.02,54
0.02,497
0.02,176
0.02,1312
0.02,1466
0.02,1106
0.02,1504
0.02,1
0.02,1390
0.02,1587
0.02,1463
0.02,1243
0.02,1
0.02,197
0.02,906
0.02,1132
0.02,9
0.02,1275
0.02,664
0.02,1425
0.02,1285
0.02,1437
0.02,1363
0.02,1489
0.02,3
0.02,1415
0.02,1383
0.02,264
0.02,1505
0.02,59
0.02,1325
0.02,139
0.02,1355
0.02,1262
0.02,62
0.02,1395
0.02,1400
0.02,1217
0.02,726
0.02,1261
0.02,1449
0.02,1353
0.02,1309
0.02,1106
0.02,356
0.02,1500
0.02,1333
0.02,1453
0.02,1184
0.02,845
0.02,307
0.02,1415
0.02,225
0.02,639
0.02,1516
0.02,1378
0.02,1001
0.02,1071
0.02,616
0.02,1063
0.02,1389
0.02,1175
0.02,1340
0.02,1053
0.02,1102
0.02,1262
0.02,1361
0.02,1459
0.02,851
0.02,1489
0.02,1573
0.02,1513
0.02,1488
0.02,82
0.02,326
0.02,1307
0.02,3
0.02,1125
0.02,214
0.02,1588
0.02,23
0.02,1419
0.02,46
0.02,1505
0.02,531
0.02,1522
0.02,1418
0.02,1448
0.02,870
0.02,827
0.02,1223
0.02,302
0.02,1491
0.02,1078
0.02,220
0.02,1203
0.02,179
0.02,1379
0.02,519
0.02,12
0.02,154
0.02,1174
0.02,70
0.02,15
0.02,1498
0.02,1130
0.02,770
0.02,1415
0.02,2
0.02,1511
0.02,291
0.02,809
0.02,38
0.02,1491
0.02,312
0.02,32
0.02,1131
0.02,1430
0.02,1514
0.02,9
0.02,1055
0.02,1073
0.02,889
0.02,4
0.02,1422
0.02,615
