0.01,1
0.01,139
0.01,7
0.01,3
0.01,11
0.01,1
0.01,82
0.01,4
0.01,2
0.01,157
0.01,59
0.01,13
0.01,59
0.01,204
0.01,3
0.01,2
0.01,212
0.01,262
0.01,14
0.01,4
0.01,321
0.01,127
0.01,156
0.01,3
0.01,2
0.01,2
0.01,5
0.01,247
0.01,228
0.01,16
0.01,1
0.01,58
0.01,34
0.01,2
0.01,140
0.01,528
0.01,570
0.01,309
0.01,31
0.01,357
0.01,28
0.01,447
0.01,8
0.01,1
0.01,209
0.01,31
0.01,154
0.01,11
0.01,142
0.01,263
0.01,4
0.01,17
0.01,2
0.01,19
0.01,476
0.01,21
0.01,66
0.01,114
0.01,2
0.01,9
0.01,1
0.01,23
0.01,50
0.01,15
0.01,28
0.01,5
0.01,87
0.01,1
0.01,32
0.01,2
0.01,16
0.01,5
0.01,265
0.01,1
0.01,373
0.01,13
0.01,145
0.01,21
0.01,182
0.01,129
0.01,133
0.01,130
0.01,191
0.01,9
0.01,1
0.01,1
0.01,37
0.01,10
0.01,1
0.01,86
0.01,12
0.01,158
0.01,1
0.01,1
0.01,4
0.01,1
0.01,630
0.01,62
0.01,34
0.01,2
0.01,37
0.01,119
0.01,13
0.01,2
0.01,44
0.01,2
0.01,242
0.01,3
0.01,214
0.01,2
0.01,52
0.01,2
0.01,180
0.01,5
0.01,65
0.01,80
0.01,3
0.01,23
0.01,146
0.01,90
0.01,24
0.01,7
0.01,4
0.01,11
0.01,7
0.01,15
0.01,185
0.01,60
0.01,1
0.01,288
0.01,508
0.01,375
0.01,5
0.01,171
0.01,1
0.01,6
0.01,193
0.01,1
0.01,39
0.01,1
0.01,101
0.01,20
0.01,1
0.01,101
0.01,94
0.01,2
0.01,79
0.01,20
0.01,26
0.01,62
0.01,105
0.01,24
0.01,75
0.01,163
0.01,1
0.01,95
0.01,3
0.01,364
0.01,218
0.01,4
0.01,204
0.01,520
0.01,35
0.01,5
0.01,3
0.01,2
0.01,22
0.01,6
0.01,6
0.01,1
0.01,18
0.01,2
0.01,124
0.01,758
0.01,79
0.01,4
0.01,198
0.01,307
0.01,422
0.01,5
0.01,318
0.01,93
0.01,32
0.01,82
0.01,27
0.01,27
0.01,1
0.01,24
0.01,335
0.01,1
0.01,214
0.01,21
0.01,1
0.01,21
0.01,1
0.01,49
0.01,20
0.01,8
0.01,17
0.01,10
0.01,210
0.01,63
0.01,1
0.01,7
0.01,82
0.01,241
0.01,161
0.01,12
0.01,2
0.01,31
0.01,101
0.01,1
0.01,1
0.01,24
0.01,299
0.01,4
0.01,36
0.01,119
0.01,2
0.01,580
0.01,665
0.01,23
0.01,3
0.01,55
0.01,44
0.01,56
0.01,459
0.01,1
0.01,1
0.01,4
0.01,5
0.01,148
0.01,27
0.01,320
0.01,296
0.01,75
0.01,9
0.01,3
0.01,723
0.01,201
0.01,1
0.01,4
0.01,1
0.01,36
0.01,80
0.01,2
0.01,9
0.01,1
0.01,139
0.01,8
0.01,1
0.01,16
0.01,5
0.01,746
0.01,1
0.01,4
0.01,103
0.01,311
0.01,278
0.01,2
0.01,2
0.01,152
0.01,582
0.01,6
0.01,5
0.01,2
0.01,5
0.01,68
0.01,489
0.01,300
0.01,2
0.01,8
0.01,7
0.01,194
0.01,1
0.01,1
0.01,16
0.01,3
0.01,672
0.01,64
0.01,20
0.01,142
0.01,166
0.01,13
0.01,18
0.01,204
0.01,44
0.01,23
0.01,4
0.01,2
0.01,202
0.01,16
0.01,187
0.01,2
0.01,314
0.01,23
0.01,8
0.01,1
0.01,158
0.01,1
0.01,135
0.01,2
0.01,167
0.01,564
0.01,35
0.01,487
0.01,883
0.01,194
0.01,9
0.01,17
0.01,1
0.01,165
0.01,4
0.01,185
0.01,62
0.01,454
0.01,25
0.01,2
0.01,158
0.01,70
0.01,1
0.01,158
0.01,80
0.01,3
0.01,2
0.01,51
0.01,14
0.01,1
0.01,14
0.01,64
0.01,182
0.01,264
0.01,64
0.01,1
0.01,107
0.01,111
0.01,31
0.01,1
0.01,10
0.01,210
0.01,7
0.01,1
0.01,108
0.01,7
0.01,10
0.01,420
0.01,125
0.01,3
0.01,17
0.01,451
0.01,1
0.01,28
0.01,5
0.01,98
0.01,471
0.01,185
0.01,28
0.01,6
0.01,106
0.01,22
0.01,22
0.01,176
0.01,234
0.01,388
0.01,1
0.01,2
0.01,10
0.01,38
0.01,29
0.01,506
0.01,1
0.01,72
0.01,16
0.01,131
0.01,2
0.01,143
0.01,418
0.01,48
0.01,57
0.01,8
0.01,39
0.01,65
0.01,73
0.01,503
0.01,10
0.01,55
0.01,3
0.01,1
0.01,79
0.01,1
0.01,566
0.01,11
0.01,5
0.01,1
0.01,17
0.01,6
0.01,118
0.01,1
0.01,257
0.01,561
0.01,94
0.01,28
0.01,605
0.01,2
0.01,1
0.01,1
0.01,32
0.01,77
0.01,1
0.01,800
0.01,126
0.01,28
0.01,86
0.01,13
0.01,1
0.01,112
0.01,1
0.01,136
0.01,12
0.01,25
0.01,114
0.01,227
0.01,52
0.01,70
0.01,62
0.01,22
0.01,1
0.01,31
0.01,2
0.01,5
0.01,2
0.01,44
0.01,124
0.01,18
0.01,12
0.01,1
0.01,551
0.01,95
0.01,11
0.01,32
0.01,139
0.01,23
0.01,2
0.01,2
0.01,42
0.01,460
0.01,15
0.01,3
0.01,256
0.01,102
0.01,15
0.01,655
0.01,359
0.01,7
0.01,2
0.01,438
0.01,43
0.01,365
0.01,58
0.01,1
0.01,153
0.01,96
0.01,37
0.01,1
0.01,120
0.01,4
0.01,4
0.01,3
0.01,15
0.01,14
0.01,122
0.01,363
0.01,259
0.01,56
0.01,315
0.01,1
0.01,186
0.01,28
0.01,48
0.01,26
0.01,332
0.01,212
0.01,446
0.01,6
0.01,62
0.01,35
0.01,2
0.01,15
0.01,1
0.01,9
0.01,398
0.01,17
0.01,91
0.01,153
0.01,18
0.01,279
0.01,1
0.01,207
0.01,30
0.01,14
0.01,15
0.01,5
0.01,143
0.01,560
0.01,473
0.01,141
0.01,1
0.01,2
0.01,142
0.01,19
0.01,39
0.01,2
0.01,502
0.01,237
0.01,1
0.01,6
0.01,32
0.01,172
0.01,1
0.01,825
0.01,10
0.01,6
0.01,28
0.01,455
0.01,36
0.01,2
0.01,1
0.01,53
0.01,316
0.01,56
0.01,1
0.01,10
0.01,76
0.01,9
0.01,284
0.01,115
0.01,18
0.01,3
0.01,6
0.01,30
0.01,1
0.01,157
0.01,2
0.01,8
0.01,17
0.01,1
0.01,1
0.01,4
0.01,29
0.01,86
0.01,2
0.01,448
0.01,315
0.01,5
0.01,9
0.01,35
0.01,54
0.01,117
0.01,134
0.01,65
0.01,87
0.01,1
0.01,465
0.01,10
0.01,8
0.01,15
0.01,18
0.01,400
0.01,1
0.01,4
0.01,41
0.01,286
0.01,6
0.01,396
0.01,5
0.01,45
0.01,1
0.01,1
0.01,344
0.01,377
0.01,248
0.01,167
0.01,16
0.01,42
0.01,153
0.01,31
0.01,1
0.01,28
0.01,12
0.01,30
0.01,10
0.01,5
0.01,1
0.01,8
0.01,1
0.01,1
0.01,3
0.01,5
0.01,8
0.01,1
0.01,2
0.01,1
0.01,429
0.01,32
0.01,15
0.01,35
0.01,20
0.01,108
0.01,1
0.01,355
0.01,44
0.01,349
0.01,146
0.01,6
0.01,56
0.01,21
0.01,529
0.01,3
0.01,2
0.01,343
0.01,68
0.01,5
0.01,199
0.01,253
0.01,252
0.01,128
0.01,9
0.01,113
0.01,40
0.01,62
0.01,3
0.01,15
0.01,10
0.01,37
0.01,1
0.01,3
0.01,215
0.01,5
0.01,2
0.01,10
0.01,6
0.01,130
0.01,2
0.01,1
0.01,1
0.01,2
0.01,38
0.01,550
0.01,1
0.01,30
0.01,509
0.01,4
0.01,66
0.01,281
0.01,10
0.01,20
0.01,4
0.01,205
0.01,196
0.01,55
0.01,23
0.01,5
0.01,300
0.01,174
0.01,391
0.01,28
0.01,13
0.01,578
0.01,3
0.01,570
0.01,61
0.01,8
0.01,69
0.01,1
0.01,213
0.01,49
0.01,33
0.01,12
0.01,1
0.01,20
0.01,316
0.01,10
0.01,15
0.01,6
0.01,4
0.01,9
0.01,3
0.01,2
0.01,1
0.01,1
0.01,3
0.01,1
0.01,211
0.01,20
0.01,387
0.01,8
0.01,5
0.01,46
0.01,35
0.01,1
0.01,1
0.01,647
0.01,316
0.01,53
0.01,81
0.01,2
0.01,502
0.01,1
0.01,6
0.01,73
0.01,80
0.01,24
0.01,17
0.01,2
0.01,56
0.01,778
0.01,664
0.01,23
0.01,10
0.01,1
0.01,151
0.01,93
0.01,1
0.01,3
0.01,10
0.01,3
0.01,3
0.01,8
0.01,16
0.01,4
0.01,3
0.01,84
0.01,62
0.01,59
0.01,2
0.01,54
0.01,169
0.01,11
0.01,1
0.01,18
0.01,5
0.01,405
0.01,260
0.01,7
0.01,1
0.01,4
0.01,5
0.01,78
0.01,217
0.01,3
0.01,12
0.01,121
0.01,276
0.01,97
0.01,23
0.01,4
0.01,29
0.01,1
0.01,4
0.01,545
0.01,7
0.01,2
0.01,4
0.01,7
0.01,1039
0.01,8
0.01,140
0.01,5
0.01,2
0.01,1
0.01,8
0.01,129
0.01,54
0.01,19
0.01,8
0.01,2
0.01,2
0.01,9
0.01,144
0.01,158
0.01,474
0.01,67
0.01,42
0.01,2
0.01,68
0.01,138
0.01,182
0.01,1
0.01,1
0.01,10
0.01,12
0.01,8
0.01,1
0.01,5
0.01,2
0.01,101
0.01,318
0.01,29
0.01,5
0.01,5
0.01,4
0.01,11
0.01,70
0.01,105
0.01,157
0.01,11
0.01,6
0.01,203
0.01,365
0.01,8
0.01,710
0.01,127
0.01,1
0.01,6
0.01,35
0.01,2
0.01,19
0.01,1
0.01,2
0.01,35
0.01,84
0.01,21
0.01,192
0.01,73
0.01,2
0.01,71
0.01,180
0.01,4
0.01,77
0.01,1
0.01,66
0.01,19
0.01,95
0.01,8
0.01,1
0.01,1
0.01,139
0.01,1
0.01,729
0.01,245
0.01,2
0.01,2
0.01,105
0.01,30
0.01,120
0.01,376
0.01,32
0.01,254
0.01,273
0.01,17
0.01,15
0.01,96
0.01,214
0.01,1
0.01,69
0.01,2
0.01,1
0.01,27
0.01,55
0.01,3
0.01,556
0.01,19
0.01,43
0.01,5
0.01,97
0.01,478
0.01,250
0.01,79
0.01,2
0.01,16
0.01,1
0.01,513
0.01,13
0.01,1
0.01,6
0.01,2
0.01,11
0.01,6
0.01,2
0.01,157
0.01,447
0.01,436
0.01,32
0.01,18
0.01,5
0.01,7
0.01,64
0.01,68
0.01,3
0.01,76
0.01,11
0.01,1
0.01,2
0.01,1
0.01,8
0.01,1
0.01,319
0.01,1
0.01,8
0.01,110
0.01,38
0.01,1
0.01,176
0.01,1
0.01,153
0.01,1
0.01,13
0.01,56
0.01,1
0.01,56
0.01,10
0.01,227
0.01,6
0.01,567
0.01,223
0.01,58
0.01,26
0.01,17
0.01,1
0.01,2
0.01,15
0.01,47
0.01,398
0.01,4
0.01,305
0.01,52
0.01,4
0.01,5
0.01,26
0.01,1
0.01,22
0.01,56
0.01,1
0.01,175
0.01,19
0.01,234
0.01,48
0.01,314
0.01,3
0.01,3
0.01,19
0.01,2
0.01,6
0.01,64
0.01,10
0.01,96
0.01,1
0.01,11
0.01,1
0.01,4
0.01,12
0.01,578
0.01,11
0.01,62
0.01,7
0.01,819
0.01,621
0.01,64
0.01,614
0.01,12
0.01,1
0.01,7
0.01,554
0.01,305
0.01,1
0.01,42
0.01,19
0.01,7
0.01,34
0.01,4
0.01,18
0.01,3
0.01,8
0.01,2
0.01,101
0.01,31
0.01,33
0.01,2
0.01,2
0.01,6
0.01,277
0.01,5
0.01,97
0.01,17
0.01,6
0.01,6
0.01,4
0.01,1
0.01,33
0.01,47
0.01,199
0.01,2
0.01,4
0.01,3
0.01,3
0.01,14
0.01,2
0.01,68
0.01,2
0.01,130
