0.02,1465
0.02,1330
0.02,389
0.02,1444
0.02,747
0.02,1108
0.02,1398
0.02,860
0.02,68
0.02,1089
0.02,1392
0.02,649
0.02,511
0.02,910
0.02,56
0.02,1322
0.02,1470
0.02,915
0.02,1531
0.02,1290
0.02,1
0.02,559
0.02,4
0.02,482
0.02,1220
0.02,669
0.02,1494
0.02,1494
0.02,637
0.02,1427
0.02,1361
0.02,533
0.02,567
0.02,22
0.02,1364
0.02,1163
0.02,1312
0.02,1566
0.02,38
0.02,100
0.02,1004
0.02,1463
0.02,1585
0.02,1305
0.02,284
0.02,13
0.02,1417
0.02,48
0.02,964
0.02,1409
0.02,1485
0.02,251
0.02,526
0.02,1452
0.02,721
0.02,355
0.02,1040
0.02,1412
0.02,342
0.02,1302
0.02,24
0.02,228
0.02,1310
0.02,2
0.02,1434
0.02,1419
0.02,476
0.02,586
0.02,305
0.02,2
0.02,1278
0.02,1094
0.02,1470
0.02,785
0.02,825
0.02,1362
0.02,1427
0.02,786
0.02,1363
0.02,67
0.02,1559
0.02,1577
0.02,1419
0.02,1460
0.02,1172
0.02,843
0.02,1447
0.02,1300
0.02,1434
0.02,1208
0.02,1550
0.02,62
0.02,1515
0.02,1251
0.02,1401
0.02,661
0.02,1365
0.02,1512
0.02,690
0.02,726
0.02,1491
0.02,312
0.02,1022
0.02,52
0.02,1322
0.02,1380
0.02,176
0.02,114
0.02,1000
0.02,730
0.02,4
0.02,84
0.02,1491
0.02,1409
0.02,1132
0.02,1204
0.02,172
0.02,1287
0.02,1525
0.02,1345
0.02,1114
0.02,5
0.02,979
0.02,1182
0.02,12
0.02,1079
0.02,1415
0.02,44
0.02,1503
0.02,826
0.02,1366
0.02,1225
0.02,1221
0.02,1177
0.02,1388
0.02,1331
0.02,593
0.02,934
0.02,1266
0.02,371
0.02,137
0.02,1
0.02,34
0.02,1261
0.02,86
0.02,864
0.02,625
0.02,1
0.02,1506
0.02,1560
0.02,1445
0.02,1522
0.02,1446
0.02,1399
0.02,534
0.02,128
0.02,572
0.02,1401
0.02,98
0.02,827
0.02,1119
0.02,1101
0.02,1319
0.02,984
0.02,1150
0.02,1450
0.02,18
0.02,983
0.02,467
0.02,1474
0.02,1119
0.02,91
0.02,303
0.02,1498
0.02,1126
0.02,1153
0.02,1327
0.02,1033
0.02,1042
0.02,1511
0.02,1530
0.02,1231
0.02,574
0.02,1552
0.02,2
0.02,543
0.02,40
0.02,829
0.02,1134
0.02,780
0.02,1511
0.02,225
0.02,1492
0.02,1347
0.02,1476
0.02,1445
0.02,380
0.02,883
0.02,308
0.02,594
0.02,1400
0.02,1164
0.02,722
0.02,1331
0.02,1440
0.02,1242
0.02,45
0.02,1420
0.02,1252
0.02,1372
0.02,70
0.02,396
0.02,4
0.02,1440
0.02,1544
0.02,943
0.02,54
0.02,1345
0.02,1042
0.02,1285
0.02,1010
0.02,929
0.02,7
0.02,1194
0.02,796
0.02,1409
0.02,383
0.02,1231
0.02,1076
0.02,799
0.02,883
0.02,914
0.02,632
0.02,1192
0.02,1358
0.02,1414
0.02,1349
0.02,864
0.02,808
0.02,1152
0.02,1240
0.02,1
0.02,201
0.02,1459
0.02,1533
0.02,1429
0.02,1378
0.02,1159
0.02,1353
0.02,277
0.02,1436
0.02,1
0.02,1333
0.02,983
0.02,1479
0.02,1516
0.02,7
0.02,1512
0.02,200
0.02,1021
0.02,1246
0.02,386
0.02,883
0.02,1279
0.02,974
0.02,145
0.02,794
0.02,295
0.02,1320
0.02,447
0.02,496
0.02,1096
0.02,1375
0.02,5
0.02,1318
0.02,1387
0.02,951
0.02,849
0.02,1381
0.02,500
0.02,1181
0.02,1283
0.02,632
0.02,1075
0.02,1142
0.02,1
0.02,3
0.02,415
0.02,268
0.02,413
0.02,598
0.02,1331
0.02,703
0.02,1380
0.02,1247
0.02,1206
0.02,1500
0.02,1388
0.02,969
0.02,1329
0.02,1394
0.02,24
0.02,941
0.02,922
0.02,1617
0.02,1541
0.02,1141
0.02,1237
0.02,867
0.02,1391
0.02,1433
0.02,57
0.02,997
0.02,1472
0.02,1404
0.02,1389
0.02,1078
0.02,46
0.02,134
0.02,556
0.02,1440
0.02,873
0.02,1199
0.02,1122
0.02,875
0.02,1405
0.02,1292
0.02,1000
0.02,1198
0.02,1197
0.02,1450
0.02,1384
0.02,1538
0.02,868
0.02,1273
0.02,1130
0.02,725
0.02,836
0.02,84
0.02,1456
0.02,1490
0.02,71
0.02,386
0.02,1565
0.02,1412
0.02,1251
0.02,1582
0.02,1415
0.02,1200
0.02,848
0.02,1287
0.02,1396
0.02,1113
0.02,52
0.02,732
0.02,1300
0.02,582
0.02,299
0.02,8
0.02,1423
0.02,948
0.02,5
0.02,1250
0.02,818
0.02,1078
0.02,1373
0.02,213
0.02,1571
0.02,25
0.02,1221
0.02,11
0.02,1404
0.02,1419
0.02,1505
0.02,8
0.02,1
0.02,452
0.02,916
0.02,170
0.02,1453
0.02,1130
0.02,889
0.02,318
0.02,63
0.02,241
0.02,1370
0.02,1229
0.02,1421
0.02,1447
0.02,1278
0.02,1089
0.02,787
0.02,406
0.02,1333
0.02,472
0.02,380
0.02,1071
0.02,9
0.02,1516
0.02,371
0.02,724
0.02,1548
0.02,1456
0.02,1319
0.02,104
0.02,76
0.02,1106
0.02,1525
0.02,24
0.02,1512
0.02,1025
0.02,1473
0.02,1597
0.02,1163
0.02,1135
0.02,25
0.02,1329
0.02,204
0.02,1372
0.02,1145
0.02,941
0.02,1403
0.02,6
0.02,758
0.02,859
0.02,1094
0.02,1448
0.02,971
0.02,31
0.02,202
0.02,1335
0.02,1312
0.02,952
0.02,1468
0.02,1427
0.02,1
0.02,1483
0.02,232
0.02,744
0.02,1437
0.02,124
0.02,943
0.02,1542
0.02,1041
0.02,424
0.02,1374
0.02,1299
0.02,932
0.02,1269
0.02,855
0.02,298
0.02,335
0.02,1370
0.02,130
0.02,172
0.02,1405
0.02,1537
0.02,1179
0.02,11
0.02,537
0.02,1022
0.02,1240
0.02,1351
0.02,1442
0.02,1538
0.02,660
0.02,1311
0.02,1243
0.02,840
0.02,1117
0.02,1348
0.02,1240
0.02,33
0.02,1346
0.02,1059
0.02,648
0.02,16
0.02,1341
0.02,1371
0.02,1465
0.02,1
0.02,35
0.02,544
0.02,767
0.02,1353
0.02,1352
0.02,1464
0.02,32
0.02,279
0.02,1469
0.02,369
0.02,50
0.02,146
0.02,24
0.02,1091
0.02,1506
0.02,1481
0.02,1053
0.02,1099
0.02,1460
0.02,457
0.02,1123
0.02,1463
0.02,378
0.02,1417
0.02,262
0.02,15
0.02,1441
0.02,1199
0.02,566
0.02,1534
0.02,29
0.02,1312
0.02,1356
0.02,1183
0.02,1034
0.02,1055
0.02,14
0.02,110
0.02,1261
0.02,1401
0.02,1127
0.02,1299
0.02,356
0.02,1253
0.02,1500
0.02,1254
0.02,622
0.02,1254
0.02,1172
0.02,63
0.02,770
0.02,483
0.02,1032
0.02,1468
0.02,1117
0.02,1156
0.02,69
0.02,480
0.02,1417
0.02,1425
0.02,1174
0.02,867
0.02,1402
0.02,1532
0.02,1564
0.02,1302
0.02,1201
0.02,1069
0.02,280
0.02,1267
0.02,741
0.02,1027
0.02,77
0.02,1049
0.02,903
0.02,1343
0.02,1369
0.02,1019
0.02,1074
0.02,232
0.02,77
0.02,1054
0.02,1245
0.02,106
0.02,1241
0.02,1288
0.02,48
0.02,85
0.02,1475
0.02,1337
0.02,1415
0.02,1516
0.02,1282
0.02,1153
0.02,1187
0.02,1329
0.02,715
0.02,1476
0.02,1208
0.02,1392
0.02,1419
0.02,989
0.02,1393
0.02,9
0.02,1119
0.02,186
0.02,186
0.02,751
0.02,1067
0.02,1291
0.02,772
0.02,1572
0.02,14
0.02,1311
0.02,1386
0.02,876
0.02,317
0.02,460
0.02,1087
0.02,18
0.02,1334
0.02,1071
0.02,559
0.02,1450
0.02,1401
0.02,37
0.02,1412
0.02,1093
0.02,1314
0.02,1342
0.02,1376
0.02,1411
0.02,1456
0.02,12
0.02,691
0.02,149
0.02,1148
0.02,1495
0.02,1504
0.02,1382
0.02,227
0.02,235
0.02,1430
0.02,1120
0.02,1038
0.02,1384
0.02,8
0.02,1370
0.02,748
0.02,1033
0.02,785
0.02,1138
0.02,774
0.02,1362
0.02,1564
0.02,286
0.02,1379
0.02,1373
0.02,1476
0.02,55
0.02,757
0.02,1451
0.02,1406
0.02,1554
0.02,1508
0.02,1281
0.02,762
0.02,1205
0.02,1172
0.02,1116
0.02,1297
0.02,1580
0.02,1547
0.02,1310
0.02,1459
0.02,1471
0.02,48
0.02,6
0.02,1290
0.02,1056
0.02,1190
0.02,1250
0.02,1548
0.02,805
0.02,580
0.02,945
0.02,1427
0.02,773
0.02,1326
0.02,1672
0.02,63
0.02,167
0.02,1482
0.02,1296
0.02,1148
0.02,673
0.02,1108
0.02,854
0.02,23
0.02,1412
0.02,1428
0.02,1
0.02,1512
0.02,1138
0.02,848
0.02,184
0.02,229
0.02,13
0.02,410
0.02,138
0.02,1224
0.02,4
0.02,183
0.02,1452
0.02,334
0.02,188
0.02,1063
0.02,1206
0.02,430
0.02,16
0.02,1445
0.02,1435
0.02,1226
0.02,752
0.02,1107
0.02,1108
0.02,1209
0.02,1119
0.02,1508
0.02,484
0.02,1432
0.02,1120
0.02,962
0.02,1050
0.02,914
0.02,406
0.02,1565
0.02,1368
0.02,727
0.02,1406
0.02,1210
0.02,988
0.02,1279
0.02,1451
0.02,933
0.02,665
0.02,1260
0.02,1495
0.02,1
0.02,1372
0.02,235
0.02,1469
0.02,235
0.02,194
0.02,615
0.02,106
0.02,1102
0.02,392
0.02,1240
0.02,1415
0.02,906
0.02,1064
0.02,1474
0.02,641
0.02,580
0.02,1423
0.02,189
0.02,66
0.02,410
0.02,1269
0.02,1449
0.02,1104
0.02,949
0.02,1477
0.02,1394
0.02,1486
0.02,1168
0.02,671
0.02,1394
0.02,723
0.02,985
0.02,1238
0.02,1154
0.02,18
0.02,1363
0.02,1416
0.02,777
0.02,1316
0.02,1539
0.02,1570
0.02,1235
0.02,1486
0.02,1410
0.02,1483
0.02,1229
0.02,15
0.02,212
0.02,1194
0.02,1236
0.02,1053
0.02,290
0.02,1201
0.02,1125
0.02,5
0.02,771
0.02,1375
0.02,1306
0.02,1649
0.02,341
0.02,1162
0.02,1410
0.02,1151
0.02,1286
0.02,524
0.02,88
0.02,1300
0.02,1391
0.02,1394
0.02,1355
0.02,638
0.02,1048
0.02,931
0.02,897
0.02,1199
0.02,1429
0.02,1360
0.02,1006
0.02,1363
0.02,999
0.02,13
0.02,1442
0.02,1121
0.02,1261
0.02,1312
0.02,374
0.02,641
0.02,848
0.02,1436
0.02,862
0.02,384
0.02,599
0.02,975
0.02,1016
0.02,1504
0.02,681
0.02,458
0.02,1425
0.02,11
0.02,1102
0.02,1551
0.02,621
0.02,1450
0.02,709
0.02,1348
0.02,1408
0.02,3
0.02,29
0.02,1009
0.02,1333
0.02,927
0.02,1304
0.02,1282
0.02,1281
0.02,1043
0.02,1146
0.02,1272
0.02,1444
0.02,1327
0.02,1297
0.02,690
0.02,1522
0.02,1234
0.02,765
0.02,1175
0.02,1241
0.02,1455
0.02,1235
0.02,843
0.02,569
0.02,106
0.02,1282
0.02,1021
0.02,1370
0.02,560
0.02,1387
0.02,1478
0.02,596
0.02,1456
0.02,1089
0.02,125
0.02,1183
0.02,421
0.02,754
0.02,1155
0.02,1333
0.02,1483
0.02,203
0.02,1543
0.02,1310
0.02,811
0.02,2
0.02,1472
0.02,1367
0.02,1330
0.02,1488
0.02,1504
0.02,598
0.02,681
0.02,1486
0.02,1235
0.02,1446
0.02,1329
0.02,891
0.02,1276
0.02,80
0.02,1397
0.02,1073
0.02,1515
0.02,1212
0.02,813
0.02,1408
0.02,44
0.02,812
0.02,213
0.02,198
0.02,22
0.02,1404
0.02,1500
0.02,1293
0.02,1132
0.02,304
0.02,1482
0.02,1
0.02,1241
0.02,1138
0.02,1188
0.02,1195
0.02,1496
0.02,53
0.02,1348
0.02,1447
0.02,1280
0.02,675
0.02,1553
0.02,907
0.02,1447
0.02,1389
0.02,1516
0.02,661
0.02,417
0.02,283
0.02,1059
0.02,1055
0.02,896
0.02,227
0.02,1366
0.02,920
0.02,1252
0.02,233
0.02,1256
0.02,1059
0.02,1311
0.02,1214
0.02,17
0.02,1445
0.02,1019
0.02,1224
0.02,798
0.02,63
0.02,1251
0.02,1090
0.02,1569
0.02,9
0.02,1196
0.02,1182
0.02,42
0.02,2
0.02,1226
0.02,1481
0.02,169
0.02,3
0.02,1445
0.02,903
0.02,1378
0.02,1455
0.02,984
0.02,1255
0.02,387
0.02,1080
0.02,201
0.02,1279
0.02,1177
0.02,1044
0.02,535
0.02,1
0.02,1234
0.02,1147
0.02,1431
0.02,1099
0.02,1385
0.02,8
0.02,260
0.02,1248
0.02,928
0.02,1504
0.02,1132
0.02,1331
0.02,983
0.02,882
0.02,524
0.02,1331
0.02,1333
0.02,1365
0.02,1209
0.02,1402
0.02,1539
0.02,633
0.02,1354
0.02,1476
