0.02,116
0.02,1484
0.02,301
0.02,959
0.02,126
0.02,1216
0.02,1511
0.02,1360
0.02,1487
0.02,46
0.02,467
0.02,321
0.02,171
0.02,699
0.02,1551
0.02,47
0.02,10
0.02,1572
0.02,1284
0.02,1
0.02,1547
0.02,588
0.02,921
0.02,1261
0.02,3
0.02,1526
0.02,1574
0.02,1394
0.02,1522
0.02,1629
0.02,790
0.02,1542
0.02,754
0.02,1521
0.02,1646
0.02,1247
0.02,884
0.02,1355
0.02,1654
0.02,1585
0.02,1593
0.02,1179
0.02,1536
0.02,1454
0.02,1408
0.02,1103
0.02,55
0.02,1669
0.02,1635
0.02,884
0.02,1625
0.02,1646
0.02,6
0.02,1624
0.02,1495
0.02,192
0.02,1587
0.02,1354
0.02,1643
0.02,1205
0.02,1144
0.02,1561
0.02,1568
0.02,20
0.02,1587
0.02,1278
0.02,244
0.02,1255
0.02,1190
0.02,19
0.02,1507
0.02,1516
0.02,169
0.02,1588
0.02,1514
0.02,777
0.02,562
0.02,1481
0.02,148
0.02,1580
0.02,1518
0.02,75
0.02,1528
0.02,1537
0.02,1505
0.02,196
0.02,202
0.02,1315
0.02,1398
0.02,793
0.02,1213
0.02,1553
0.02,489
0.02,1351
0.02,1573
0.02,1158
0.02,1372
0.02,1053
0.02,1628
0.02,229
0.02,1462
0.02,1081
0.02,1045
0.02,418
0.02,1314
0.02,1496
0.02,1286
0.02,102
0.02,1416
0.02,851
0.02,272
0.02,1649
0.02,1586
0.02,1464
0.02,1218
0.02,1700
0.02,919
0.02,1396
0.02,236
0.02,480
0.02,1424
0.02,15
0.02,1374
0.02,1663
0.02,1565
0.02,33
0.02,712
0.02,305
0.02,1452
0.02,1482
0.02,1402
0.02,114
0.02,3
0.02,1459
0.02,1
0.02,1111
0.02,1517
0.02,1555
0.02,1546
0.02,478
0.02,808
0.02,1500
0.02,1733
0.02,966
0.02,1472
0.02,1664
0.02,1198
0.02,1260
0.02,1292
0.02,1626
0.02,1318
0.02,1262
0.02,26
0.02,1364
0.02,1131
0.02,1504
0.02,905
0.02,760
0.02,1467
0.02,1611
0.02,372
0.02,116
0.02,1102
0.02,1575
0.02,1470
0.02,15
0.02,1451
0.02,1523
0.02,1443
0.02,1634
0.02,1643
0.02,1427
0.02,1688
0.02,1589
0.02,738
0.02,427
0.02,1602
0.02,1456
0.02,1
0.02,1515
0.02,910
0.02,29
0.02,1604
0.02,3
0.02,1508
0.02,1
0.02,1632
0.02,6
0.02,1663
0.02,1408
0.02,1531
0.02,1471
0.02,44
0.02,1251
0.02,1392
0.02,1157
0.02,552
0.02,536
0.02,1170
0.02,1409
0.02,31
0.02,883
0.02,1540
0.02,568
0.02,203
0.02,1696
0.02,1504
0.02,962
0.02,439
0.02,1641
0.02,1436
0.02,1307
0.02,1430
0.02,1389
0.02,329
0.02,1
0.02,1530
0.02,1625
0.02,54
0.02,1246
0.02,1427
0.02,653
0.02,1499
0.02,1218
0.02,1600
0.02,1457
0.02,1419
0.02,96
0.02,1112
0.02,1084
0.02,123
0.02,776
0.02,611
0.02,638
0.02,1163
0.02,973
0.02,1647
0.02,176
0.02,1519
0.02,1343
0.02,1641
0.02,1407
0.02,1576
0.02,496
0.02,1272
0.02,839
0.02,853
0.02,1567
0.02,24
0.02,862
0.02,1552
0.02,1495
0.02,80
0.02,481
0.02,1477
0.02,1489
0.02,1397
0.02,216
0.02,1344
0.02,153
0.02,1642
0.02,935
0.02,199
0.02,1228
0.02,1365
0.02,66
0.02,450
0.02,1626
0.02,1390
0.02,1697
0.02,1450
0.02,1111
0.02,1530
0.02,1643
0.02,1394
0.02,1565
0.02,1708
0.02,5
0.02,1232
0.02,1506
0.02,1339
0.02,791
0.02,1397
0.02,713
0.02,1461
0.02,264
0.02,1267
0.02,1201
0.02,461
0.02,1560
0.02,815
0.02,1625
0.02,842
0.02,374
0.02,1622
0.02,1
0.02,1547
0.02,1587
0.02,808
0.02,9
0.02,3
0.02,1579
0.02,1599
0.02,1625
0.02,1390
0.02,1217
0.02,284
0.02,1550
0.02,9
0.02,1097
0.02,1709
0.02,1451
0.02,124
0.02,500
0.02,1477
0.02,1315
0.02,2
0.02,1442
0.02,795
0.02,1442
0.02,6
0.02,1551
0.02,1613
0.02,1391
0.02,591
0.02,1566
0.02,2
0.02,1099
0.02,55
0.02,1328
0.02,393
0.02,1603
0.02,1368
0.02,20
0.02,323
0.02,1356
0.02,472
0.02,1299
0.02,1531
0.02,1122
0.02,1234
0.02,791
0.02,626
0.02,1563
0.02,1516
0.02,1445
0.02,997
0.02,1526
0.02,1448
0.02,1348
0.02,1373
0.02,970
0.02,1420
0.02,1564
0.02,209
0.02,971
0.02,464
0.02,1
0.02,1576
0.02,1604
0.02,1431
0.02,31
0.02,1239
0.02,1590
0.02,1043
0.02,887
0.02,1532
0.02,1643
0.02,1224
0.02,1625
0.02,1644
0.02,1593
0.02,129
0.02,1456
0.02,24
0.02,1145
0.02,1668
0.02,1558
0.02,1395
0.02,1084
0.02,18
0.02,778
0.02,728
0.02,861
0.02,1261
0.02,1572
0.02,1447
0.02,1443
0.02,147
0.02,51
0.02,1521
0.02,1602
0.02,1232
0.02,1501
0.02,1380
0.02,74
0.02,1295
0.02,1562
0.02,1607
0.02,1314
0.02,1646
0.02,1371
0.02,1524
0.02,111
0.02,10
0.02,1517
0.02,625
0.02,1450
0.02,91
0.02,1603
0.02,1002
0.02,1465
0.02,95
0.02,776
0.02,1603
0.02,1478
0.02,1627
0.02,58
0.02,1003
0.02,1579
0.02,1538
0.02,1331
0.02,1521
0.02,1
0.02,1454
0.02,1606
0.02,1539
0.02,937
0.02,1367
0.02,233
0.02,1534
0.02,1089
0.02,141
0.02,1556
0.02,1582
0.02,1238
0.02,207
0.02,1466
0.02,1519
0.02,402
0.02,1470
0.02,1224
0.02,1440
0.02,1678
0.02,1462
0.02,1661
0.02,1239
0.02,1638
0.02,1658
0.02,994
0.02,1662
0.02,1442
0.02,53
0.02,1140
0.02,602
0.02,870
0.02,955
0.02,74
0.02,1322
0.02,1074
0.02,250
0.02,1453
0.02,1606
0.02,371
0.02,27
0.02,4
0.02,1426
0.02,255
0.02,176
0.02,1430
0.02,1566
0.02,1429
0.02,1704
0.02,1493
0.02,710
0.02,1620
0.02,1623
0.02,844
0.02,1308
0.02,1599
0.02,1536
0.02,1216
0.02,1622
0.02,75
0.02,75
0.02,112
0.02,20
0.02,1065
0.02,1450
0.02,1130
0.02,1598
0.02,22
0.02,214
0.02,1510
0.02,1535
0.02,1702
0.02,1515
0.02,880
0.02,1549
0.02,1039
0.02,28
0.02,1528
0.02,843
0.02,1558
0.02,487
0.02,1646
0.02,679
0.02,773
0.02,79
0.02,1361
0.02,1448
0.02,1146
0.02,214
0.02,522
0.02,1071
0.02,1564
0.02,121
0.02,1469
0.02,1248
0.02,897
0.02,305
0.02,278
0.02,297
0.02,1601
0.02,1475
0.02,607
0.02,1473
0.02,348
0.02,1423
0.02,1628
0.02,54
0.02,271
0.02,1513
0.02,250
0.02,1203
0.02,1602
0.02,1505
0.02,1458
0.02,1528
0.02,10
0.02,81
0.02,875
0.02,1519
0.02,2
0.02,450
0.02,122
0.02,13
0.02,783
0.02,1352
0.02,1050
0.02,671
0.02,1566
0.02,1364
0.02,1051
0.02,1477
0.02,1106
0.02,1522
0.02,1585
0.02,1729
0.02,1
0.02,1520
0.02,1453
0.02,351
0.02,1161
0.02,1174
0.02,183
0.02,1619
0.02,1392
0.02,1688
0.02,991
0.02,1508
0.02,2
0.02,1003
0.02,1599
0.02,140
0.02,94
0.02,16
0.02,1657
0.02,1244
0.02,1563
0.02,1267
0.02,1078
0.02,138
0.02,710
0.02,1576
0.02,1519
0.02,1592
0.02,1639
0.02,1357
0.02,1472
0.02,1609
0.02,344
0.02,1622
0.02,198
0.02,1391
0.02,1256
0.02,1530
0.02,10
0.02,12
0.02,721
0.02,789
0.02,1160
0.02,863
0.02,1529
0.02,1379
0.02,1542
0.02,1461
0.02,275
0.02,1610
0.02,993
0.02,97
0.02,850
0.02,27
0.02,1464
0.02,1042
0.02,1695
0.02,1226
0.02,1594
0.02,328
0.02,1424
0.02,1613
0.02,1121
0.02,1632
0.02,1453
0.02,691
0.02,989
0.02,1528
0.02,9
0.02,1599
0.02,29
0.02,1545
0.02,442
0.02,1548
0.02,335
0.02,1442
0.02,1354
0.02,1592
0.02,1257
0.02,771
0.02,1477
0.02,3
0.02,437
0.02,2
0.02,1181
0.02,1593
0.02,805
0.02,1543
0.02,438
0.02,593
0.02,1441
0.02,756
0.02,1394
0.02,24
0.02,43
0.02,1577
0.02,1451
0.02,1314
0.02,1355
0.02,529
0.02,1
0.02,553
0.02,1343
0.02,4
0.02,1526
0.02,608
0.02,1457
0.02,1602
0.02,275
0.02,1634
0.02,1576
0.02,1609
0.02,60
0.02,948
0.02,1236
0.02,1540
0.02,324
0.02,1549
0.02,1637
0.02,1488
0.02,1420
0.02,1450
0.02,1382
0.02,1366
0.02,1432
0.02,1650
0.02,1645
0.02,3
0.02,2
0.02,79
0.02,1420
0.02,1239
0.02,1733
0.02,930
0.02,1562
0.02,79
0.02,1709
0.02,1647
0.02,1614
0.02,1373
0.02,1217
0.02,1388
0.02,727
0.02,251
0.02,54
0.02,1676
0.02,841
0.02,30
0.02,1455
0.02,1499
0.02,868
0.02,1487
0.02,14
0.02,1592
0.02,704
0.02,59
0.02,568
0.02,901
0.02,1697
0.02,1095
0.02,1557
0.02,1622
0.02,1502
0.02,4
0.02,1289
0.02,14
0.02,1091
0.02,1686
0.02,74
0.02,802
0.02,88
0.02,1248
0.02,205
0.02,559
0.02,1472
0.02,1407
0.02,44
0.02,2
0.02,718
0.02,20
0.02,1629
0.02,710
0.02,460
0.02,802
0.02,1518
0.02,1503
0.02,21
0.02,1571
0.02,1009
0.02,1354
0.02,593
0.02,645
0.02,1565
0.02,1670
0.02,1
0.02,1610
0.02,1516
0.02,1588
0.02,230
0.02,1599
0.02,948
0.02,1587
0.02,248
0.02,828
0.02,953
0.02,244
0.02,1405
0.02,452
0.02,1252
0.02,1497
0.02,1311
0.02,12
0.02,1622
0.02,1455
0.02,1192
0.02,114
0.02,1089
0.02,1451
0.02,1668
0.02,726
0.02,40
0.02,24
0.02,94
0.02,1022
0.02,1424
0.02,827
0.02,4
0.02,1325
0.02,1561
0.02,1086
0.02,1406
0.02,1647
0.02,4
0.02,1596
0.02,36
0.02,501
0.02,1655
0.02,1516
0.02,1524
0.02,875
0.02,847
0.02,834
0.02,1327
0.02,504
0.02,1460
0.02,1596
0.02,1
0.02,1010
0.02,1428
0.02,1700
0.02,204
0.02,1583
0.02,995
0.02,250
0.02,102
0.02,668
0.02,1084
0.02,7
0.02,1641
0.02,1544
0.02,12
0.02,1200
0.02,1108
0.02,755
0.02,1442
0.02,1445
0.02,1513
0.02,1501
0.02,1501
0.02,1570
0.02,1
0.02,1426
0.02,893
0.02,406
0.02,1429
0.02,163
0.02,1425
0.02,1419
0.02,1058
0.02,311
0.02,1321
0.02,1564
0.02,1545
0.02,1544
0.02,1209
0.02,604
0.02,1559
0.02,333
0.02,23
0.02,1073
0.02,153
0.02,1489
0.02,1409
0.02,1526
0.02,994
0.02,1677
0.02,1413
0.02,1597
0.02,1386
0.02,84
0.02,232
0.02,15
0.02,1592
0.02,967
0.02,1186
0.02,1473
0.02,1452
0.02,1000
0.02,1265
0.02,732
0.02,13
0.02,1646
0.02,1056
0.02,114
0.02,15
0.02,1508
0.02,1129
0.02,14
0.02,1133
0.02,1623
0.02,15
0.02,881
0.02,1514
0.02,125
0.02,1565
0.02,22
0.02,113
0.02,1141
0.02,762
0.02,1
0.02,1361
0.02,1434
0.02,414
0.02,27
0.02,1652
0.02,1375
0.02,1520
0.02,1498
0.02,431
0.02,1538
0.02,166
0.02,427
0.02,79
0.02,257
0.02,1586
0.02,1630
0.02,1261
0.02,74
0.02,1062
0.02,256
0.02,1476
0.02,1578
0.02,1307
0.02,1649
0.02,1
0.02,1461
0.02,1687
0.02,1638
0.02,1388
0.02,1
0.02,232
0.02,1162
0.02,1265
0.02,392
0.02,1414
0.02,810
0.02,1566
0.02,1522
0.02,1558
0.02,1449
0.02,1569
0.02,3
0.02,1532
0.02,1555
0.02,1442
0.02,1286
0.02,1627
0.02,49
0.02,1633
0.02,1470
0.02,144
0.02,1523
0.02,1394
0.02,71
0.02,1578
0.02,1459
0.02,1366
0.02,831
0.02,1358
0.02,1591
0.02,1482
0.02,1578
0.02,1230
0.02,495
0.02,1624
0.02,1524
0.02,1591
0.02,1461
0.02,1322
0.02,1035
0.02,411
0.02,1515
0.02,274
0.02,905
0.02,1635
0.02,1441
0.02,1160
0.02,1315
0.02,717
0.02,1170
0.02,1490
0.02,1032
0.02,1449
0.02,1535
0.02,1473
0.02,1463
0.02,1568
0.02,998
0.02,1563
0.02,1654
0.02,1633
0.02,1557
0.02,108
0.02,438
0.02,1588
0.02,3
0.02,1362
0.02,230
0.02,1656
0.02,19
0.02,1542
0.02,47
0.02,1614
0.02,719
0.02,1625
0.02,1504
0.02,1547
0.02,1170
0.02,952
0.02,1404
0.02,325
