0.04,485
0.04,1185
0.04,1203
0.04,1261
0.04,1135
0.04,1087
0.04,286
0.04,609
0.04,1361
0.04,1065
0.04,1153
0.04,741
0.04,1242
0.04,801
0.04,1260
0.04,948
0.04,1374
0.04,1049
0.04,1364
0.04,1090
0.04,1150
0.04,1266
0.04,648
0.04,1136
0.04,1335
0.04,243
0.04,1210
0.04,253
0.04,509
0.04,1313
0.04,1131
0.04,1110
0.04,1108
0.04,639
0.04,1283
0.04,680
0.04,1219
0.04,450
0.04,1181
0.04,1231
0.04,855
0.04,674
0.04,1037
0.04,1315
0.04,1272
0.04,1218
0.04,1129
0.04,870
0.04,1169
0.04,1150
0.04,1278
0.04,1055
0.04,920
0.04,1258
0.04,1249
0.04,1068
0.04,976
0.04,1095
0.04,1325
0.04,282
0.04,1249
0.04,184
0.04,1234
0.04,1376
0.04,871
0.04,1139
0.04,979
0.04,1007
0.04,980
0.04,1043
0.04,838
0.04,1330
0.04,1357
0.04,1284
0.04,1057
0.04,1188
0.04,543
0.04,1276
0.04,947
0.04,934
0.04,959
0.04,615
0.04,1304
0.04,306
0.04,1256
0.04,1084
0.04,817
0.04,1227
0.04,1287
0.04,1285
0.04,1124
0.04,1306
0.04,102
0.04,1227
0.04,991
0.04,1297
0.04,1304
0.04,1284
0.04,1233
0.04,1389
0.04,132
0.04,1306
0.04,1178
0.04,1234
0.04,1159
0.04,1259
0.04,1248
0.04,884
0.04,787
0.04,1254
0.04,1015
0.04,1166
0.04,924
0.04,113
0.04,1235
0.04,1268
0.04,147
0.04,1269
0.04,1279
0.04,1262
0.04,1226
0.04,1188
0.04,1082
0.04,1319
0.04,367
0.04,1021
0.04,814
0.04,685
0.04,1102
0.04,1121
0.04,488
0.04,1286
0.04,1107
0.04,1052
0.04,477
0.04,1221
0.04,1104
0.04,1248
0.04,1290
0.04,989
0.04,369
0.04,1242
0.04,1076
0.04,1334
0.04,1256
0.04,1315
0.04,1297
0.04,1388
0.04,688
0.04,1236
0.04,1282
0.04,502
0.04,1272
0.04,1035
0.04,93
0.04,684
0.04,1283
0.04,1215
0.04,903
0.04,953
0.04,1150
0.04,1281
0.04,1342
0.04,1126
0.04,1316
0.04,825
0.04,1023
0.04,1260
0.04,326
0.04,1060
0.04,1110
0.04,1398
0.04,479
0.04,1275
0.04,1315
0.04,706
0.04,1284
0.04,1179
0.04,1133
0.04,908
0.04,1195
0.04,1108
0.04,1289
0.04,962
0.04,989
0.04,1280
0.04,1201
0.04,702
0.04,941
0.04,1237
0.04,1112
0.04,1168
0.04,949
0.04,1265
0.04,1180
0.04,1172
0.04,1228
0.04,567
0.04,892
0.04,1266
0.04,1045
0.04,1352
0.04,1277
0.04,1263
0.04,978
0.04,17
0.04,1326
0.04,476
0.04,661
0.04,845
0.04,809
0.04,1209
0.04,1272
0.04,692
0.04,1209
0.04,1101
0.04,488
0.04,1117
0.04,1288
0.04,1233
0.04,1274
0.04,1058
0.04,1253
0.04,1242
0.04,1139
0.04,630
0.04,1394
0.04,1451
0.04,265
0.04,813
0.04,1025
0.04,1343
0.04,1134
0.04,1371
0.04,1125
0.04,828
0.04,1048
0.04,1102
0.04,977
0.04,1294
0.04,1221
0.04,1220
0.04,1160
0.04,321
0.04,1362
0.04,1203
0.04,1185
0.04,638
0.04,849
0.04,1200
0.04,1400
0.04,1039
0.04,1285
0.04,1306
0.04,1321
0.04,1321
0.04,1028
0.04,995
0.04,1222
0.04,1231
0.04,1325
0.04,1161
0.04,790
0.04,1216
0.04,1255
0.04,808
0.04,1312
0.04,1218
0.04,1128
0.04,1280
0.04,1172
0.04,785
0.04,704
0.04,1100
0.04,626
0.04,1241
0.04,1241
0.04,962
0.04,1324
0.04,780
0.04,1303
0.04,1124
0.04,1226
0.04,918
0.04,1325
0.04,162
0.04,1027
0.04,1008
0.04,514
0.04,974
0.04,718
0.04,1291
0.04,1091
0.04,1292
0.04,591
0.04,1206
0.04,825
0.04,406
0.04,1257
0.04,803
0.04,1042
0.04,740
0.04,1075
0.04,1309
0.04,1120
0.04,1118
0.04,987
0.04,408
0.04,810
0.04,918
0.04,1114
0.04,1222
0.04,1337
0.04,1080
0.04,1325
0.04,130
0.04,1279
0.04,957
0.04,1236
0.04,924
0.04,425
0.04,956
0.04,1098
0.04,883
0.04,1340
0.04,1311
0.04,1294
0.04,64
0.04,1378
0.04,249
0.04,1096
0.04,1237
0.04,1012
0.04,1392
0.04,1281
0.04,1232
0.04,1091
0.04,622
0.04,1092
0.04,840
0.04,974
0.04,614
0.04,855
0.04,1153
0.04,142
0.04,1182
0.04,349
0.04,1259
0.04,1269
0.04,1003
0.04,1263
0.04,1276
0.04,1343
0.04,996
0.04,1248
0.04,1198
0.04,211
0.04,1261
0.04,1134
0.04,727
0.04,775
0.04,1245
0.04,1118
0.04,904
0.04,1194
0.04,843
0.04,1038
0.04,1314
0.04,1203
0.04,754
0.04,962
0.04,1119
0.04,1088
0.04,1001
0.04,916
0.04,1371
0.04,1216
0.04,458
0.04,849
0.04,197
0.04,1215
0.04,1319
0.04,1164
0.04,1369
0.04,19
0.04,62
0.04,1077
0.04,1271
0.04,952
0.04,1282
0.04,1141
0.04,1314
0.04,1144
0.04,1157
0.04,1254
0.04,1223
0.04,1122
0.04,1213
0.04,141
0.04,850
0.04,1323
0.04,1193
0.04,1072
0.04,536
0.04,999
0.04,1270
0.04,1219
0.04,398
0.04,342
0.04,1104
0.04,1209
0.04,1210
0.04,1089
0.04,1383
0.04,1208
0.04,1236
0.04,527
0.04,690
0.04,86
0.04,1217
0.04,1251
0.04,1219
0.04,979
0.04,1177
0.04,1110
0.04,189
0.04,1326
0.04,871
0.04,745
0.04,1129
0.04,1353
0.04,1156
0.04,550
0.04,1223
0.04,1149
0.04,999
0.04,1319
0.04,873
0.04,1147
0.04,714
0.04,1227
0.04,1269
0.04,1183
0.04,1300
0.04,1308
0.04,1264
0.04,1218
0.04,959
0.04,1136
0.04,832
0.04,1172
0.04,1101
0.04,1325
0.04,1323
0.04,976
0.04,1097
0.04,1246
0.04,1302
0.04,1283
0.04,666
0.04,1251
0.04,1209
0.04,1184
0.04,966
0.04,1267
0.04,1224
0.04,901
0.04,797
0.04,1282
0.04,1186
0.04,1229
0.04,1169
0.04,436
0.04,1048
0.04,1313
0.04,1170
0.04,756
0.04,428
0.04,1202
0.04,1279
0.04,1174
0.04,1302
0.04,1253
0.04,972
0.04,676
0.04,1253
0.04,1088
0.04,1284
0.04,702
0.04,433
0.04,1253
0.04,1083
0.04,710
0.04,858
0.04,1263
0.04,1160
0.04,959
0.04,873
0.04,1278
0.04,1158
0.04,1144
0.04,1197
0.04,1212
0.04,294
0.04,1116
0.04,416
0.04,606
0.04,1381
0.04,831
0.04,1388
0.04,530
0.04,1138
0.04,1098
0.04,1372
0.04,853
0.04,752
0.04,1314
0.04,913
0.04,1223
0.04,1260
0.04,999
0.04,929
0.04,1062
0.04,1030
0.04,1311
0.04,202
0.04,976
0.04,1285
0.04,601
0.04,1187
0.04,1187
0.04,1096
0.04,224
0.04,565
0.04,1318
0.04,986
0.04,1201
0.04,819
0.04,1220
0.04,730
0.04,1281
0.04,1110
0.04,432
0.04,1157
0.04,857
0.04,1273
0.04,1390
0.04,1144
0.04,1153
0.04,1091
0.04,1305
0.04,1068
0.04,110
0.04,759
0.04,1239
0.04,1251
0.04,1202
0.04,1144
0.04,1144
0.04,1276
0.04,519
0.04,1239
0.04,1135
0.04,1195
0.04,1044
0.04,854
0.04,527
0.04,1240
0.04,735
0.04,1185
0.04,1189
0.04,1054
0.04,717
0.04,623
0.04,1185
0.04,1290
0.04,1350
0.04,408
0.04,828
0.04,1323
0.04,1140
0.04,1249
0.04,1071
0.04,963
0.04,837
0.04,1161
0.04,630
0.04,1151
0.04,1094
0.04,797
0.04,585
0.04,918
0.04,1298
0.04,1062
0.04,1030
0.04,1023
0.04,1181
0.04,1305
0.04,256
0.04,1308
0.04,1150
0.04,1239
0.04,1095
0.04,1280
0.04,1264
0.04,1231
0.04,898
0.04,322
0.04,1130
0.04,1075
0.04,1345
0.04,984
0.04,396
0.04,1333
0.04,913
0.04,1310
0.04,715
0.04,718
0.04,766
0.04,594
0.04,1121
0.04,900
0.04,1074
0.04,1202
0.04,523
0.04,701
0.04,1298
0.04,1297
0.04,1223
0.04,1143
0.04,1269
0.04,1082
0.04,1122
0.04,1277
0.04,1200
0.04,1091
0.04,1329
0.04,1285
0.04,1265
0.04,1139
0.04,640
0.04,1332
0.04,318
0.04,947
0.04,1157
0.04,968
0.04,1394
0.04,1167
0.04,1017
0.04,459
0.04,1336
0.04,1340
0.04,1064
0.04,1253
0.04,785
0.04,857
0.04,1192
0.04,1381
0.04,1268
0.04,1111
0.04,801
0.04,995
0.04,1269
0.04,1202
0.04,1230
0.04,723
0.04,522
0.04,1365
0.04,1125
0.04,1098
0.04,1218
0.04,497
0.04,488
0.04,1037
0.04,171
0.04,1332
0.04,1195
0.04,1188
0.04,1149
0.04,698
0.04,758
0.04,1224
0.04,1329
0.04,604
0.04,1200
0.04,975
0.04,1263
0.04,1200
0.04,692
0.04,1120
0.04,910
0.04,1324
0.04,1284
0.04,885
0.04,1303
0.04,1146
0.04,1057
0.04,1298
0.04,1112
0.04,913
0.04,1298
0.04,1236
0.04,922
0.04,1234
0.04,801
0.04,1085
0.04,1232
0.04,936
0.04,1186
0.04,1181
0.04,697
0.04,165
0.04,910
0.04,1251
0.04,1269
0.04,1084
0.04,1341
0.04,1214
0.04,1278
0.04,1039
0.04,1010
0.04,119
0.04,944
0.04,245
0.04,353
0.04,530
0.04,1293
0.04,1154
0.04,1282
0.04,725
0.04,1286
0.04,774
0.04,1153
0.04,1253
0.04,1366
0.04,4
0.04,967
0.04,1331
0.04,1311
0.04,1390
0.04,776
0.04,286
0.04,947
0.04,1342
0.04,1204
0.04,1301
0.04,1283
0.04,157
0.04,709
0.04,507
0.04,1252
0.04,594
0.04,860
0.04,467
0.04,712
0.04,661
0.04,691
0.04,1232
0.04,1131
0.04,738
0.04,1103
0.04,1309
0.04,1000
0.04,1086
0.04,1352
0.04,869
0.04,1033
0.04,1360
0.04,952
0.04,1321
0.04,1251
0.04,1196
0.04,338
0.04,1176
0.04,845
0.04,1362
0.04,160
0.04,1037
0.04,1216
0.04,1325
0.04,1191
0.04,819
0.04,1256
0.04,1248
0.04,1298
0.04,157
0.04,1281
0.04,292
0.04,1363
0.04,798
0.04,731
0.04,980
0.04,1321
0.04,1153
0.04,737
0.04,1348
0.04,611
0.04,1322
0.04,1348
0.04,1174
0.04,1256
0.04,1138
0.04,1214
0.04,1371
0.04,1219
0.04,1356
0.04,1294
0.04,1267
0.04,921
0.04,1344
0.04,1261
0.04,1106
0.04,1326
0.04,702
0.04,1183
0.04,1120
0.04,1019
0.04,1319
0.04,1095
0.04,995
0.04,678
0.04,539
0.04,1062
0.04,1247
0.04,725
0.04,919
0.04,1288
0.04,1127
0.04,1024
0.04,71
0.04,1232
0.04,743
0.04,1332
0.04,106
0.04,1316
0.04,1186
0.04,1162
0.04,856
0.04,981
0.04,1142
0.04,1406
0.04,1070
0.04,1346
0.04,973
0.04,1135
0.04,1355
0.04,1288
0.04,1275
0.04,1177
0.04,1282
0.04,1205
0.04,1189
0.04,1282
0.04,1325
0.04,1322
0.04,1268
0.04,1071
0.04,1228
0.04,919
0.04,1231
0.04,1124
0.04,1220
0.04,1370
0.04,1070
0.04,889
0.04,815
0.04,1242
0.04,1029
0.04,1415
0.04,856
0.04,430
0.04,1185
0.04,1265
0.04,870
0.04,1227
0.04,364
0.04,1276
0.04,1031
0.04,1287
0.04,1199
0.04,1318
0.04,790
0.04,1028
0.04,1279
0.04,1268
0.04,1072
0.04,1216
0.04,888
0.04,1161
0.04,1203
0.04,697
0.04,1297
0.04,1331
0.04,1233
0.04,1214
0.04,781
0.04,1261
0.04,1204
0.04,936
0.04,1347
0.04,840
0.04,698
0.04,1186
0.04,1131
0.04,1230
0.04,1278
0.04,1253
0.04,1412
0.04,1095
0.04,82
0.04,1193
0.04,821
0.04,59
0.04,1362
0.04,1156
0.04,975
0.04,1317
0.04,1213
0.04,1317
0.04,598
0.04,907
0.04,1218
0.04,1056
0.04,1031
0.04,741
0.04,1110
0.04,1134
0.04,1225
0.04,1268
0.04,815
0.04,1148
0.04,1091
0.04,1195
0.04,1257
0.04,1177
0.04,994
0.04,1302
0.04,1220
0.04,1304
0.04,541
0.04,1297
0.04,1306
0.04,1311
0.04,1187
0.04,1267
0.04,1049
0.04,1209
0.04,1301
0.04,1196
0.04,1313
0.04,1003
0.04,1043
0.04,1011
0.04,724
0.04,1208
0.04,399
0.04,1150
0.04,1118
0.04,110
0.04,1073
0.04,880
0.04,1290
0.04,1230
0.04,1342
0.04,1316
0.04,1215
0.04,1279
0.04,1241
0.04,1349
0.04,885
0.04,1284
0.04,783
0.04,1301
0.04,1325
0.04,1345
0.04,1252
0.04,1174
0.04,1124
0.04,1147
0.04,799
0.04,1264
0.04,1193
0.04,1225
0.04,1293
0.04,238
0.04,1303
0.04,792
0.04,180
0.04,1169
0.04,1170
0.04,1378
0.04,1200
0.04,557
0.04,1120
0.04,220
0.04,1312
0.04,1328
0.04,1297
0.04,1338
0.04,858
