0.06,305
0.06,696
0.06,904
0.06,1127
0.06,298
0.06,661
0.06,192
0.06,376
0.06,1113
0.06,677
0.06,912
0.06,473
0.06,437
0.06,1004
0.06,546
0.06,1003
0.06,459
0.06,761
0.06,873
0.06,744
0.06,863
0.06,992
0.06,244
0.06,1026
0.06,128
0.06,726
0.06,274
0.06,692
0.06,701
0.06,738
0.06,718
0.06,391
0.06,866
0.06,310
0.06,804
0.06,283
0.06,521
0.06,413
0.06,153
0.06,989
0.06,915
0.06,749
0.06,719
0.06,813
0.06,883
0.06,733
0.06,187
0.06,143
0.06,1030
0.06,77
0.06,385
0.06,821
0.06,745
0.06,146
0.06,769
0.06,91
0.06,171
0.06,1130
0.06,396
0.06,711
0.06,535
0.06,546
0.06,600
0.06,643
0.06,499
0.06,1033
0.06,949
0.06,427
0.06,831
0.06,326
0.06,223
0.06,524
0.06,641
0.06,594
0.06,241
0.06,946
0.06,120
0.06,689
0.06,385
0.06,892
0.06,1036
0.06,704
0.06,945
0.06,55
0.06,843
0.06,692
0.06,862
0.06,982
0.06,720
0.06,945
0.06,689
0.06,1023
0.06,60
0.06,1037
0.06,797
0.06,710
0.06,927
0.06,906
0.06,437
0.06,448
0.06,891
0.06,678
0.06,340
0.06,852
0.06,566
0.06,42
0.06,597
0.06,1032
0.06,82
0.06,1043
0.06,991
0.06,812
0.06,1009
0.06,761
0.06,219
0.06,790
0.06,858
0.06,800
0.06,214
0.06,926
0.06,742
0.06,740
0.06,184
0.06,846
0.06,777
0.06,919
0.06,992
0.06,576
0.06,142
0.06,1013
0.06,888
0.06,1150
0.06,902
0.06,973
0.06,425
0.06,896
0.06,367
0.06,221
0.06,704
0.06,70
0.06,410
0.06,1034
0.06,939
0.06,304
0.06,829
0.06,619
0.06,253
0.06,927
0.06,1139
0.06,802
0.06,1006
0.06,532
0.06,647
0.06,773
0.06,153
0.06,673
0.06,765
0.06,1036
0.06,241
0.06,963
0.06,838
0.06,395
0.06,948
0.06,662
0.06,642
0.06,557
0.06,768
0.06,52
0.06,704
0.06,666
0.06,432
0.06,661
0.06,1029
0.06,362
0.06,459
0.06,620
0.06,760
0.06,805
0.06,671
0.06,979
0.06,724
0.06,815
0.06,860
0.06,308
0.06,587
0.06,1013
0.06,654
0.06,1123
0.06,971
0.06,800
0.06,402
0.06,147
0.06,95
0.06,557
0.06,495
0.06,869
0.06,153
0.06,830
0.06,960
0.06,732
0.06,834
0.06,746
0.06,911
0.06,700
0.06,987
0.06,575
0.06,362
0.06,516
0.06,1042
0.06,565
0.06,533
0.06,818
0.06,943
0.06,522
0.06,182
0.06,164
0.06,61
0.06,568
0.06,882
0.06,934
0.06,855
0.06,628
0.06,882
0.06,93
0.06,869
0.06,101
0.06,502
0.06,943
0.06,1047
0.06,892
0.06,953
0.06,1093
0.06,1001
0.06,458
0.06,609
0.06,952
0.06,856
0.06,1073
0.06,427
0.06,791
0.06,466
0.06,765
0.06,984
0.06,389
0.06,955
0.06,811
0.06,577
0.06,946
0.06,847
0.06,407
0.06,778
0.06,350
0.06,910
0.06,883
0.06,656
0.06,1079
0.06,512
0.06,1011
0.06,871
0.06,360
0.06,357
0.06,79
0.06,708
0.06,140
0.06,295
0.06,547
0.06,522
0.06,910
0.06,918
0.06,320
0.06,982
0.06,475
0.06,890
0.06,750
0.06,415
0.06,683
0.06,980
0.06,644
0.06,798
0.06,696
0.06,205
0.06,470
0.06,854
0.06,368
0.06,602
0.06,1019
0.06,5
0.06,983
0.06,612
0.06,894
0.06,561
0.06,245
0.06,688
0.06,1016
0.06,908
0.06,943
0.06,621
0.06,753
0.06,447
0.06,599
0.06,888
0.06,814
0.06,396
0.06,631
0.06,512
0.06,550
0.06,146
0.06,261
0.06,879
0.06,895
0.06,71
0.06,888
0.06,136
0.06,1031
0.06,982
0.06,428
0.06,964
0.06,879
0.06,363
0.06,1055
0.06,907
0.06,54
0.06,986
0.06,40
0.06,449
0.06,441
0.06,790
0.06,782
0.06,881
0.06,452
0.06,827
0.06,847
0.06,443
0.06,559
0.06,882
0.06,742
0.06,751
0.06,563
0.06,1083
0.06,809
0.06,950
0.06,665
0.06,768
0.06,40
0.06,907
0.06,28
0.06,271
0.06,827
0.06,926
0.06,742
0.06,979
0.06,758
0.06,756
0.06,875
0.06,811
0.06,909
0.06,71
0.06,634
0.06,57
0.06,833
0.06,791
0.06,194
0.06,506
0.06,840
0.06,150
0.06,209
0.06,643
0.06,891
0.06,891
0.06,744
0.06,847
0.06,921
0.06,966
0.06,284
0.06,57
0.06,927
0.06,910
0.06,537
0.06,624
0.06,610
0.06,878
0.06,23
0.06,1043
0.06,412
0.06,447
0.06,814
0.06,1166
0.06,708
0.06,316
0.06,894
0.06,175
0.06,616
0.06,982
0.06,334
0.06,607
0.06,10
0.06,385
0.06,1022
0.06,421
0.06,750
0.06,974
0.06,848
0.06,874
0.06,244
0.06,814
0.06,560
0.06,947
0.06,855
0.06,991
0.06,790
0.06,611
0.06,399
0.06,511
0.06,972
0.06,869
0.06,335
0.06,537
0.06,859
0.06,884
0.06,260
0.06,843
0.06,527
0.06,710
0.06,135
0.06,1063
0.06,907
0.06,786
0.06,540
0.06,772
0.06,37
0.06,58
0.06,774
0.06,958
0.06,873
0.06,1029
0.06,913
0.06,252
0.06,381
0.06,669
0.06,91
0.06,999
0.06,404
0.06,128
0.06,791
0.06,725
0.06,501
0.06,854
0.06,856
0.06,490
0.06,367
0.06,771
0.06,793
0.06,658
0.06,474
0.06,121
0.06,203
0.06,288
0.06,1052
0.06,459
0.06,1014
0.06,260
0.06,976
0.06,624
0.06,987
0.06,799
0.06,451
0.06,987
0.06,952
0.06,950
0.06,603
0.06,456
0.06,902
0.06,762
0.06,851
0.06,89
0.06,608
0.06,1037
0.06,183
0.06,931
0.06,874
0.06,677
0.06,62
0.06,175
0.06,482
0.06,908
0.06,484
0.06,899
0.06,488
0.06,858
0.06,786
0.06,233
0.06,746
0.06,390
0.06,939
0.06,780
0.06,844
0.06,648
0.06,876
0.06,688
0.06,37
0.06,107
0.06,866
0.06,898
0.06,870
0.06,783
0.06,884
0.06,295
0.06,942
0.06,711
0.06,616
0.06,539
0.06,368
0.06,394
0.06,387
0.06,342
0.06,810
0.06,768
0.06,458
0.06,815
0.06,1003
0.06,197
0.06,504
0.06,1092
0.06,733
0.06,901
0.06,716
0.06,524
0.06,534
0.06,618
0.06,907
0.06,574
0.06,349
0.06,347
0.06,553
0.06,958
0.06,674
0.06,384
0.06,110
0.06,1031
0.06,74
0.06,785
0.06,779
0.06,366
0.06,866
0.06,1007
0.06,901
0.06,316
0.06,756
0.06,864
0.06,449
0.06,52
0.06,915
0.06,551
0.06,1009
0.06,443
0.06,456
0.06,476
0.06,313
0.06,572
0.06,839
0.06,398
0.06,899
0.06,1033
0.06,888
0.06,898
0.06,984
0.06,471
0.06,662
0.06,913
0.06,741
0.06,964
0.06,786
0.06,878
0.06,922
0.06,610
0.06,809
0.06,404
0.06,1016
0.06,193
0.06,507
0.06,508
0.06,688
0.06,700
0.06,907
0.06,748
0.06,376
0.06,930
0.06,1066
0.06,570
0.06,875
0.06,573
0.06,76
0.06,1010
0.06,897
0.06,768
0.06,408
0.06,745
0.06,648
0.06,862
0.06,540
0.06,961
0.06,410
0.06,841
0.06,1162
0.06,72
0.06,844
0.06,754
0.06,28
0.06,408
0.06,97
0.06,813
0.06,613
0.06,872
0.06,699
0.06,483
0.06,458
0.06,800
0.06,1009
0.06,347
0.06,820
0.06,575
0.06,390
0.06,753
0.06,439
0.06,756
0.06,581
0.06,1049
0.06,1041
0.06,557
0.06,758
0.06,785
0.06,657
0.06,697
0.06,638
0.06,404
0.06,590
0.06,365
0.06,498
0.06,700
0.06,956
0.06,890
0.06,604
0.06,422
0.06,111
0.06,534
0.06,951
0.06,747
0.06,787
0.06,1029
0.06,612
0.06,1054
0.06,684
0.06,608
0.06,125
0.06,129
0.06,58
0.06,352
0.06,1063
0.06,817
0.06,971
0.06,448
0.06,1012
0.06,426
0.06,783
0.06,966
0.06,408
0.06,567
0.06,425
0.06,1069
0.06,996
0.06,769
0.06,458
0.06,684
0.06,576
0.06,981
0.06,906
0.06,1078
0.06,118
0.06,298
0.06,128
0.06,920
0.06,87
0.06,441
0.06,90
0.06,410
0.06,375
0.06,843
0.06,199
0.06,462
0.06,317
0.06,1085
0.06,505
0.06,706
0.06,964
0.06,549
0.06,939
0.06,596
0.06,767
0.06,816
0.06,676
0.06,706
0.06,214
0.06,608
0.06,513
0.06,133
0.06,101
0.06,643
0.06,781
0.06,739
0.06,28
0.06,899
0.06,1066
0.06,995
0.06,51
0.06,963
0.06,251
0.06,421
0.06,554
0.06,1045
0.06,825
0.06,236
0.06,1013
0.06,341
0.06,965
0.06,1090
0.06,817
0.06,827
0.06,686
0.06,764
0.06,478
0.06,1021
0.06,896
0.06,894
0.06,710
0.06,944
0.06,416
0.06,825
0.06,677
0.06,606
0.06,966
0.06,743
0.06,554
0.06,477
0.06,407
0.06,727
0.06,974
0.06,434
0.06,492
0.06,1007
0.06,765
0.06,488
0.06,13
0.06,238
0.06,581
0.06,100
0.06,1003
0.06,725
0.06,571
0.06,536
0.06,582
0.06,556
0.06,994
0.06,534
0.06,1149
0.06,526
0.06,823
0.06,1000
0.06,1030
0.06,907
0.06,828
0.06,1002
0.06,809
0.06,819
0.06,840
0.06,506
0.06,959
0.06,956
0.06,960
0.06,522
0.06,885
0.06,360
0.06,532
0.06,853
0.06,935
0.06,716
0.06,80
0.06,922
0.06,362
0.06,201
0.06,827
0.06,1040
0.06,524
0.06,192
0.06,1055
0.06,886
0.06,955
0.06,763
0.06,1126
0.06,381
0.06,667
0.06,968
0.06,907
0.06,739
0.06,811
0.06,534
0.06,396
0.06,899
0.06,184
0.06,943
0.06,890
0.06,933
0.06,728
0.06,481
0.06,986
0.06,591
0.06,831
0.06,496
0.06,1041
0.06,352
0.06,528
0.06,758
0.06,905
0.06,1164
0.06,757
0.06,55
0.06,522
0.06,48
0.06,1065
0.06,788
0.06,539
0.06,1070
0.06,781
0.06,979
0.06,263
0.06,120
0.06,828
0.06,403
0.06,337
0.06,728
0.06,856
0.06,874
0.06,1001
0.06,210
0.06,869
0.06,712
0.06,201
0.06,887
0.06,706
0.06,709
0.06,824
0.06,1041
0.06,927
0.06,303
0.06,813
0.06,843
0.06,794
0.06,639
0.06,1005
0.06,785
0.06,231
0.06,980
0.06,787
0.06,879
0.06,592
0.06,201
0.06,109
0.06,735
0.06,918
0.06,612
0.06,597
0.06,991
0.06,754
0.06,1096
0.06,953
0.06,970
0.06,723
0.06,1114
0.06,530
0.06,983
0.06,513
0.06,986
0.06,1005
0.06,200
0.06,792
0.06,826
0.06,769
0.06,185
0.06,692
0.06,900
0.06,617
0.06,900
0.06,966
0.06,213
0.06,173
0.06,530
0.06,80
0.06,795
0.06,339
0.06,854
0.06,18
0.06,269
0.06,580
0.06,93
0.06,652
0.06,471
0.06,499
0.06,344
0.06,599
0.06,371
0.06,479
0.06,1086
0.06,581
0.06,908
0.06,692
0.06,693
0.06,368
0.06,144
0.06,262
0.06,678
0.06,1093
0.06,806
0.06,425
0.06,259
0.06,624
0.06,719
0.06,11
0.06,775
0.06,647
0.06,752
0.06,652
0.06,889
0.06,964
0.06,948
0.06,327
0.06,81
0.06,613
0.06,755
0.06,163
0.06,863
0.06,864
0.06,349
0.06,928
0.06,588
0.06,325
0.06,903
0.06,1041
0.06,440
0.06,887
0.06,428
0.06,945
0.06,415
0.06,885
0.06,272
0.06,1078
0.06,1045
0.06,925
0.06,688
0.06,51
0.06,584
0.06,790
0.06,853
0.06,602
0.06,729
0.06,813
0.06,303
0.06,519
0.06,710
0.06,708
0.06,593
0.06,764
0.06,897
0.06,66
0.06,862
0.06,1067
0.06,515
0.06,632
0.06,954
0.06,681
0.06,904
0.06,929
0.06,931
0.06,697
0.06,980
0.06,2
0.06,602
0.06,632
0.06,975
0.06,644
0.06,19
0.06,1175
0.06,568
0.06,1035
0.06,100
0.06,863
0.06,468
0.06,972
0.06,718
0.06,410
0.06,712
0.06,688
