0.01,410
0.01,61
0.01,283
0.01,322
0.01,246
0.01,659
0.01,698
0.01,56
0.01,522
0.01,136
0.01,605
0.01,388
0.01,1038
0.01,955
0.01,441
0.01,239
0.01,530
0.01,437
0.01,837
0.01,176
0.01,266
0.01,26
0.01,97
0.01,710
0.01,98
0.01,153
0.01,78
0.01,397
0.01,50
0.01,47
0.01,88
0.01,368
0.01,153
0.01,446
0.01,636
0.01,395
0.01,357
0.01,113
0.01,983
0.01,456
0.01,701
0.01,42
0.01,224
0.01,142
0.01,54
0.01,123
0.01,596
0.01,764
0.01,590
0.01,337
0.01,23
0.01,563
0.01,274
0.01,245
0.01,841
0.01,295
0.01,236
0.01,392
0.01,491
0.01,715
0.01,713
0.01,368
0.01,1065
0.01,206
0.01,126
0.01,440
0.01,562
0.01,433
0.01,71
0.01,302
0.01,691
0.01,163
0.01,272
0.01,85
0.01,609
0.01,230
0.01,422
0.01,103
0.01,475
0.01,423
0.01,399
0.01,327
0.01,457
0.01,424
0.01,542
0.01,569
0.01,678
0.01,935
0.01,21
0.01,198
0.01,859
0.01,25
0.01,376
0.01,25
0.01,397
0.01,258
0.01,763
0.01,293
0.01,355
0.01,146
0.01,46
0.01,49
0.01,35
0.01,372
0.01,662
0.01,214
0.01,118
0.01,326
0.01,452
0.01,306
0.01,635
0.01,663
0.01,667
0.01,109
0.01,402
0.01,272
0.01,378
0.01,681
0.01,223
0.01,101
0.01,906
0.01,22
0.01,469
0.01,603
0.01,1289
0.01,652
0.01,650
0.01,51
0.01,342
0.01,184
0.01,448
0.01,265
0.01,119
0.01,24
0.01,141
0.01,508
0.01,469
0.01,568
0.01,121
0.01,281
0.01,33
0.01,293
0.01,336
0.01,119
0.01,323
0.01,284
0.01,158
0.01,1064
0.01,727
0.01,128
0.01,607
0.01,48
0.01,365
0.01,702
0.01,693
0.01,463
0.01,353
0.01,703
0.01,37
0.01,75
0.01,36
0.01,12
0.01,688
0.01,390
0.01,1021
0.01,424
0.01,959
0.01,639
0.01,199
0.01,927
0.01,131
0.01,79
0.01,33
0.01,772
0.01,61
0.01,553
0.01,396
0.01,222
0.01,153
0.01,175
0.01,129
0.01,195
0.01,523
0.01,959
0.01,63
0.01,845
0.01,242
0.01,422
0.01,390
0.01,620
0.01,168
0.01,175
0.01,782
0.01,452
0.01,1006
0.01,42
0.01,537
0.01,380
0.01,244
0.01,553
0.01,296
0.01,559
0.01,150
0.01,732
0.01,624
0.01,273
0.01,155
0.01,777
0.01,688
0.01,164
0.01,218
0.01,533
0.01,53
0.01,347
0.01,495
0.01,434
0.01,304
0.01,128
0.01,636
0.01,593
0.01,682
0.01,871
0.01,270
0.01,77
0.01,88
0.01,273
0.01,462
0.01,433
0.01,268
0.01,841
0.01,527
0.01,42
0.01,542
0.01,989
0.01,403
0.01,164
0.01,497
0.01,308
0.01,411
0.01,524
0.01,383
0.01,87
0.01,172
0.01,315
0.01,680
0.01,619
0.01,710
0.01,314
0.01,817
0.01,205
0.01,820
0.01,910
0.01,326
0.01,184
0.01,1
0.01,653
0.01,256
0.01,251
0.01,505
0.01,397
0.01,499
0.01,337
0.01,716
0.01,175
0.01,292
0.01,914
0.01,266
0.01,856
0.01,127
0.01,519
0.01,516
0.01,362
0.01,263
0.01,92
0.01,99
0.01,791
0.01,404
0.01,494
0.01,453
0.01,232
0.01,611
0.01,565
0.01,155
0.01,626
0.01,838
0.01,380
0.01,168
0.01,987
0.01,654
0.01,537
0.01,51
0.01,7
0.01,258
0.01,345
0.01,1313
0.01,169
0.01,576
0.01,27
0.01,429
0.01,482
0.01,260
0.01,184
0.01,455
0.01,164
0.01,105
0.01,124
0.01,911
0.01,628
0.01,467
0.01,166
0.01,414
0.01,92
0.01,67
0.01,731
0.01,371
0.01,145
0.01,668
0.01,58
0.01,659
0.01,552
0.01,716
0.01,203
0.01,336
0.01,123
0.01,442
0.01,44
0.01,693
0.01,241
0.01,243
0.01,58
0.01,439
0.01,65
0.01,75
0.01,414
0.01,622
0.01,208
0.01,415
0.01,526
0.01,12
0.01,59
0.01,111
0.01,45
0.01,400
0.01,382
0.01,435
0.01,876
0.01,652
0.01,377
0.01,102
0.01,117
0.01,709
0.01,233
0.01,760
0.01,326
0.01,548
0.01,140
0.01,233
0.01,483
0.01,919
0.01,45
0.01,8
0.01,329
0.01,30
0.01,807
0.01,37
0.01,224
0.01,498
0.01,33
0.01,224
0.01,106
0.01,699
0.01,116
0.01,834
0.01,546
0.01,895
0.01,525
0.01,623
0.01,38
0.01,317
0.01,223
0.01,40
0.01,21
0.01,484
0.01,792
0.01,104
0.01,165
0.01,513
0.01,760
0.01,556
0.01,157
0.01,1071
0.01,87
0.01,222
0.01,733
0.01,121
0.01,400
0.01,906
0.01,322
0.01,473
0.01,57
0.01,279
0.01,581
0.01,797
0.01,312
0.01,947
0.01,453
0.01,79
0.01,378
0.01,11
0.01,65
0.01,128
0.01,731
0.01,202
0.01,814
0.01,231
0.01,1
0.01,273
0.01,915
0.01,485
0.01,846
0.01,328
0.01,955
0.01,1055
0.01,822
0.01,85
0.01,4
0.01,457
0.01,240
0.01,678
0.01,133
0.01,905
0.01,617
0.01,311
0.01,246
0.01,665
0.01,224
0.01,136
0.01,107
0.01,592
0.01,434
0.01,531
0.01,440
0.01,499
0.01,199
0.01,78
0.01,81
0.01,880
0.01,419
0.01,232
0.01,481
0.01,195
0.01,363
0.01,201
0.01,723
0.01,111
0.01,111
0.01,753
0.01,329
0.01,214
0.01,397
0.01,198
0.01,487
0.01,705
0.01,599
0.01,351
0.01,492
0.01,54
0.01,193
0.01,249
0.01,150
0.01,171
0.01,386
0.01,264
0.01,155
0.01,78
0.01,326
0.01,401
0.01,399
0.01,114
0.01,414
0.01,185
0.01,245
0.01,830
0.01,39
0.01,168
0.01,472
0.01,58
0.01,504
0.01,838
0.01,385
0.01,690
0.01,89
0.01,101
0.01,835
0.01,460
0.01,87
0.01,209
0.01,288
0.01,973
0.01,320
0.01,88
0.01,92
0.01,303
0.01,582
0.01,370
0.01,89
0.01,149
0.01,737
0.01,121
0.01,646
0.01,1020
0.01,116
0.01,169
0.01,993
0.01,310
0.01,636
0.01,121
0.01,420
0.01,278
0.01,913
0.01,305
0.01,796
0.01,24
0.01,168
0.01,365
0.01,366
0.01,491
0.01,275
0.01,122
0.01,644
0.01,156
0.01,553
0.01,154
0.01,472
0.01,143
0.01,799
0.01,300
0.01,188
0.01,52
0.01,54
0.01,836
0.01,382
0.01,859
0.01,142
0.01,118
0.01,161
0.01,526
0.01,698
0.01,51
0.01,80
0.01,627
0.01,3
0.01,300
0.01,34
0.01,881
0.01,213
0.01,573
0.01,522
0.01,110
0.01,632
0.01,336
0.01,269
0.01,206
0.01,19
0.01,655
0.01,288
0.01,137
0.01,446
0.01,277
0.01,413
0.01,414
0.01,955
0.01,451
0.01,967
0.01,438
0.01,617
0.01,294
0.01,512
0.01,309
0.01,249
0.01,158
0.01,258
0.01,19
0.01,236
0.01,160
0.01,125
0.01,1130
0.01,323
0.01,713
0.01,113
0.01,495
0.01,46
0.01,80
0.01,211
0.01,68
0.01,112
0.01,194
0.01,228
0.01,265
0.01,500
0.01,38
0.01,259
0.01,341
0.01,474
0.01,72
0.01,94
0.01,1063
0.01,869
0.01,72
0.01,318
0.01,82
0.01,179
0.01,53
0.01,143
0.01,727
0.01,46
0.01,133
0.01,532
0.01,741
0.01,728
0.01,353
0.01,44
0.01,467
0.01,130
0.01,1208
0.01,1098
0.01,326
0.01,13
0.01,769
0.01,58
0.01,179
0.01,373
0.01,417
0.01,351
0.01,352
0.01,549
0.01,22
0.01,520
0.01,778
0.01,584
0.01,762
0.01,81
0.01,458
0.01,985
0.01,166
0.01,649
0.01,113
0.01,472
0.01,320
0.01,693
0.01,884
0.01,608
0.01,527
0.01,387
0.01,306
0.01,577
0.01,550
0.01,718
0.01,205
0.01,326
0.01,67
0.01,476
0.01,11
0.01,718
0.01,284
0.01,599
0.01,419
0.01,166
0.01,389
0.01,541
0.01,24
0.01,188
0.01,10
0.01,565
0.01,242
0.01,239
0.01,32
0.01,306
0.01,421
0.01,226
0.01,239
0.01,469
0.01,839
0.01,997
0.01,157
0.01,314
0.01,871
0.01,536
0.01,325
0.01,720
0.01,456
0.01,426
0.01,323
0.01,599
0.01,592
0.01,830
0.01,826
0.01,366
0.01,314
0.01,537
0.01,104
0.01,894
0.01,118
0.01,86
0.01,750
0.01,225
0.01,1073
0.01,145
0.01,586
0.01,353
0.01,459
0.01,386
0.01,28
0.01,186
0.01,109
0.01,99
0.01,283
0.01,484
0.01,528
0.01,821
0.01,6
0.01,465
0.01,899
0.01,111
0.01,24
0.01,184
0.01,674
0.01,188
0.01,225
0.01,116
0.01,73
0.01,1022
0.01,470
0.01,546
0.01,817
0.01,992
0.01,23
0.01,302
0.01,362
0.01,53
0.01,276
0.01,615
0.01,662
0.01,258
0.01,182
0.01,486
0.01,561
0.01,554
0.01,166
0.01,371
0.01,468
0.01,610
0.01,596
0.01,180
0.01,310
0.01,216
0.01,897
0.01,163
0.01,418
0.01,486
0.01,240
0.01,398
0.01,593
0.01,6
0.01,546
0.01,589
0.01,279
0.01,333
0.01,271
0.01,745
0.01,13
0.01,646
0.01,743
0.01,249
0.01,315
0.01,50
0.01,869
0.01,608
0.01,725
0.01,449
0.01,744
0.01,134
0.01,245
0.01,280
0.01,238
0.01,124
0.01,131
0.01,588
0.01,332
0.01,279
0.01,398
0.01,390
0.01,737
0.01,479
0.01,429
0.01,16
0.01,394
0.01,454
0.01,226
0.01,379
0.01,87
0.01,14
0.01,94
0.01,88
0.01,551
0.01,503
0.01,194
0.01,69
0.01,553
0.01,129
0.01,642
0.01,326
0.01,116
0.01,369
0.01,65
0.01,171
0.01,1005
0.01,222
0.01,680
0.01,295
0.01,623
0.01,995
0.01,757
0.01,188
0.01,182
0.01,792
0.01,147
0.01,969
0.01,70
0.01,413
0.01,491
0.01,578
0.01,498
0.01,171
0.01,403
0.01,497
0.01,373
0.01,381
0.01,246
0.01,319
0.01,96
0.01,403
0.01,493
0.01,388
0.01,879
0.01,418
0.01,352
0.01,589
0.01,183
0.01,472
0.01,189
0.01,150
0.01,627
0.01,658
0.01,466
0.01,923
0.01,593
0.01,234
0.01,426
0.01,1041
0.01,10
0.01,153
0.01,549
0.01,632
0.01,259
0.01,75
0.01,684
0.01,134
0.01,654
0.01,216
0.01,607
0.01,823
0.01,435
0.01,8
0.01,674
0.01,108
0.01,141
0.01,267
0.01,484
0.01,240
0.01,405
0.01,295
0.01,534
0.01,1001
0.01,677
0.01,66
0.01,876
0.01,561
0.01,571
0.01,263
0.01,71
0.01,584
0.01,100
0.01,3
0.01,404
0.01,1199
0.01,297
0.01,114
0.01,111
0.01,957
0.01,306
0.01,250
0.01,51
0.01,870
0.01,705
0.01,910
0.01,384
0.01,612
0.01,205
0.01,648
0.01,133
0.01,138
0.01,537
0.01,438
0.01,793
0.01,396
0.01,598
0.01,278
0.01,261
0.01,730
0.01,578
0.01,299
0.01,190
0.01,643
0.01,529
0.01,446
0.01,492
0.01,797
0.01,98
0.01,680
0.01,152
0.01,152
0.01,227
0.01,116
0.01,453
0.01,93
0.01,308
0.01,753
0.01,50
0.01,111
0.01,694
0.01,647
0.01,191
0.01,12
0.01,389
0.01,4
0.01,317
0.01,348
0.01,748
0.01,532
0.01,100
0.01,762
0.01,797
0.01,410
0.01,455
0.01,58
0.01,1223
0.01,77
0.01,69
0.01,447
0.01,414
0.01,466
0.01,57
0.01,556
0.01,35
0.01,449
0.01,390
0.01,974
0.01,9
0.01,69
0.01,396
0.01,504
0.01,324
0.01,1065
0.01,248
0.01,662
0.01,271
0.01,810
0.01,437
0.01,793
0.01,243
0.01,300
0.01,190
0.01,325
0.01,230
0.01,296
0.01,814
0.01,295
0.01,124
0.01,371
0.01,407
0.01,843
0.01,3
0.01,733
0.01,598
0.01,312
0.01,899
0.01,760
0.01,422
0.01,887
