0.02,1607
0.02,1057
0.02,1584
0.02,1337
0.02,1644
0.02,1686
0.02,1472
0.02,1508
0.02,1742
0.02,1178
0.02,1560
0.02,1630
0.02,1589
0.02,1101
0.02,1009
0.02,1400
0.02,1646
0.02,1411
0.02,1623
0.02,1590
0.02,1621
0.02,1610
0.02,1542
0.02,1527
0.02,1622
0.02,1559
0.02,1434
0.02,1568
0.02,1568
0.02,1489
0.02,1638
0.02,1724
0.02,1669
0.02,1636
0.02,1606
0.02,1576
0.02,1617
0.02,1495
0.02,1324
0.02,1604
0.02,1490
0.02,1642
0.02,1413
0.02,1786
0.02,1617
0.02,1635
0.02,1454
0.02,1427
0.02,1544
0.02,1618
0.02,1687
0.02,1586
0.02,1667
0.02,1028
0.02,1348
0.02,1557
0.02,1661
0.02,1699
0.02,1598
0.02,1666
0.02,1615
0.02,1461
0.02,1654
0.02,1387
0.02,1585
0.02,1592
0.02,1686
0.02,1540
0.02,1590
0.02,1590
0.02,1662
0.02,1610
0.02,1598
0.02,1223
0.02,1609
0.02,1652
0.02,1560
0.02,1700
0.02,600
0.02,1729
0.02,1577
0.02,1172
0.02,1663
0.02,1621
0.02,1620
0.02,1624
0.02,1197
0.02,1589
0.02,1515
0.02,1604
0.02,1268
0.02,1647
0.02,1642
0.02,1732
0.02,1658
0.02,1626
0.02,1696
0.02,1580
0.02,1638
0.02,1603
0.02,1694
0.02,1482
0.02,1571
0.02,1642
0.02,1504
0.02,1616
0.02,1610
0.02,1575
0.02,1620
0.02,1608
0.02,1655
0.02,1668
0.02,1571
0.02,1557
0.02,1569
0.02,912
0.02,1540
0.02,1629
0.02,1522
0.02,1124
0.02,1522
0.02,1256
0.02,1604
0.02,1653
0.02,1581
0.02,1323
0.02,1578
0.02,1603
0.02,1577
0.02,1638
0.02,1566
0.02,1703
0.02,1655
0.02,1481
0.02,1605
0.02,1591
0.02,1592
0.02,1577
0.02,1693
0.02,1639
0.02,1529
0.02,406
0.02,1580
0.02,1549
0.02,1772
0.02,315
0.02,1671
0.02,1634
0.02,1601
0.02,1618
0.02,1638
0.02,1754
0.02,1634
0.02,1408
0.02,1613
0.02,1620
0.02,1606
0.02,1650
0.02,1445
0.02,1594
0.02,1516
0.02,1735
0.02,253
0.02,1637
0.02,1513
0.02,1661
0.02,1630
0.02,1702
0.02,1610
0.02,1598
0.02,1715
0.02,1561
0.02,1642
0.02,1572
0.02,1160
0.02,1562
0.02,1632
0.02,1676
0.02,1672
0.02,1660
0.02,1656
0.02,1724
0.02,1577
0.02,1533
0.02,1725
0.02,1577
0.02,1683
0.02,694
0.02,1607
0.02,1706
0.02,1625
0.02,1633
0.02,1562
0.02,1587
0.02,1623
0.02,1578
0.02,1159
0.02,1637
0.02,1625
0.02,759
0.02,1427
0.02,1554
0.02,1691
0.02,1571
0.02,1495
0.02,1551
0.02,1609
0.02,1673
0.02,1150
0.02,1550
0.02,1583
0.02,1399
0.02,1609
0.02,1522
0.02,1502
0.02,1559
0.02,1531
0.02,1591
0.02,1617
0.02,1617
0.02,1665
0.02,1589
0.02,1573
0.02,1621
0.02,1658
0.02,1626
0.02,1397
0.02,1450
0.02,1339
0.02,1587
0.02,1201
0.02,1463
0.02,1547
0.02,1638
0.02,1591
0.02,1726
0.02,1616
0.02,1622
0.02,1682
0.02,1577
0.02,1575
0.02,216
0.02,1458
0.02,1482
0.02,1482
0.02,1641
0.02,1667
0.02,1609
0.02,1630
0.02,1561
0.02,1579
0.02,1618
0.02,1497
0.02,1559
0.02,1441
0.02,1607
0.02,1575
0.02,741
0.02,1620
0.02,1637
0.02,1640
0.02,1638
0.02,1604
0.02,1615
0.02,1618
0.02,1152
0.02,1580
0.02,1370
0.02,1618
0.02,1439
0.02,1575
0.02,993
0.02,1600
0.02,1489
0.02,1643
0.02,1556
0.02,1083
0.02,1539
0.02,1634
0.02,1388
0.02,1516
0.02,1567
0.02,49
0.02,1335
0.02,1521
0.02,1658
0.02,1504
0.02,1524
0.02,1618
0.02,1705
0.02,1643
0.02,1562
0.02,1657
0.02,1638
0.02,1597
0.02,1634
0.02,1478
0.02,1083
0.02,1613
0.02,1643
0.02,1350
0.02,1521
0.02,1675
0.02,1551
0.02,1638
0.02,1633
0.02,1604
0.02,1609
0.02,1630
0.02,1618
0.02,1567
0.02,1448
0.02,1623
0.02,1573
0.02,1614
0.02,1697
0.02,1302
0.02,1514
0.02,1286
0.02,1517
0.02,1472
0.02,1677
0.02,1546
0.02,1631
0.02,1534
0.02,1632
0.02,1408
0.02,1532
0.02,1648
0.02,1725
0.02,1655
0.02,1515
0.02,1512
0.02,575
0.02,1637
0.02,1593
0.02,1661
0.02,1592
0.02,1609
0.02,1642
0.02,1586
0.02,1744
0.02,1712
0.02,1704
0.02,1688
0.02,1484
0.02,1603
0.02,1647
0.02,1586
0.02,1347
0.02,1549
0.02,1636
0.02,1663
0.02,1573
0.02,1686
0.02,1753
0.02,1607
0.02,1572
0.02,1586
0.02,1583
0.02,1724
0.02,1572
0.02,1499
0.02,1481
0.02,1587
0.02,1558
0.02,1652
0.02,1662
0.02,1717
0.02,1740
0.02,1721
0.02,1548
0.02,1572
0.02,1539
0.02,1621
0.02,1574
0.02,1603
0.02,1636
0.02,1286
0.02,1587
0.02,826
0.02,1157
0.02,1644
0.02,1710
0.02,1635
0.02,1694
0.02,1660
0.02,20
0.02,1676
0.02,1707
0.02,898
0.02,1517
0.02,1662
0.02,1377
0.02,1596
0.02,862
0.02,1619
0.02,1227
0.02,1614
0.02,1579
0.02,1613
0.02,1512
0.02,1627
0.02,1662
0.02,1520
0.02,1478
0.02,1417
0.02,1299
0.02,1537
0.02,1675
0.02,1503
0.02,1271
0.02,1529
0.02,1470
0.02,1596
0.02,1742
0.02,1648
0.02,1556
0.02,1694
0.02,1715
0.02,1604
0.02,1659
0.02,1657
0.02,1554
0.02,1628
0.02,1690
0.02,1580
0.02,408
0.02,1657
0.02,1576
0.02,1374
0.02,1686
0.02,1504
0.02,1498
0.02,1716
0.02,1499
0.02,1685
0.02,1543
0.02,1354
0.02,1596
0.02,1585
0.02,910
0.02,1602
0.02,1522
0.02,1356
0.02,1668
0.02,1601
0.02,1605
0.02,1179
0.02,1496
0.02,1630
0.02,1623
0.02,1675
0.02,1505
0.02,1601
0.02,44
0.02,1453
0.02,1552
0.02,1661
0.02,1627
0.02,1622
0.02,1657
0.02,1544
0.02,1570
0.02,1613
0.02,1717
0.02,1541
0.02,1605
0.02,1588
0.02,1686
0.02,1653
0.02,1688
0.02,1522
0.02,1591
0.02,47
0.02,1636
0.02,1630
0.02,1439
0.02,1631
0.02,1614
0.02,1562
0.02,1601
0.02,1641
0.02,1613
0.02,1664
0.02,1614
0.02,1444
0.02,1539
0.02,1669
0.02,1616
0.02,1535
0.02,1649
0.02,1357
0.02,1297
0.02,1719
0.02,1685
0.02,1616
0.02,1580
0.02,1530
0.02,1673
0.02,1628
0.02,382
0.02,1403
0.02,1561
0.02,1464
0.02,1389
0.02,1642
0.02,1651
0.02,1425
0.02,1715
0.02,1608
0.02,1575
0.02,1586
0.02,1633
0.02,1711
0.02,1282
0.02,1549
0.02,1553
0.02,1658
0.02,68
0.02,1657
0.02,1559
0.02,1603
0.02,1637
0.02,1711
0.02,1612
0.02,1478
0.02,1253
0.02,1164
0.02,1584
0.02,1293
0.02,1537
0.02,1628
0.02,1582
0.02,1450
0.02,1328
0.02,1744
0.02,1639
0.02,1515
0.02,1439
0.02,1562
0.02,1599
0.02,1546
0.02,1526
0.02,1604
0.02,1607
0.02,1579
0.02,1616
0.02,1607
0.02,1463
0.02,1771
0.02,1586
0.02,1600
0.02,1655
0.02,1479
0.02,1585
0.02,1477
0.02,1583
0.02,1524
0.02,1665
0.02,1572
0.02,1564
0.02,1634
0.02,1483
0.02,1630
0.02,1595
0.02,1575
0.02,1653
0.02,1579
0.02,1589
0.02,1574
0.02,1507
0.02,1545
0.02,1658
0.02,1644
0.02,981
0.02,1532
0.02,1534
0.02,935
0.02,1613
0.02,1623
0.02,1439
0.02,1444
0.02,1679
0.02,1715
0.02,1579
0.02,1658
0.02,1557
0.02,1408
0.02,1507
0.02,1622
0.02,1635
0.02,1445
0.02,1628
0.02,1663
0.02,1617
0.02,1305
0.02,1459
0.02,1605
0.02,1619
0.02,969
0.02,1485
0.02,1535
0.02,1576
0.02,1594
0.02,1626
0.02,1536
0.02,1673
0.02,1595
0.02,1470
0.02,1664
0.02,1661
0.02,1379
0.02,1499
0.02,1582
0.02,1651
0.02,1592
0.02,1617
0.02,1528
0.02,1499
0.02,1490
0.02,1618
0.02,1614
0.02,1492
0.02,290
0.02,1624
0.02,1632
0.02,1724
0.02,1628
0.02,1663
0.02,1635
0.02,1626
0.02,1697
0.02,1580
0.02,773
0.02,1597
0.02,1476
0.02,1360
0.02,1611
0.02,1431
0.02,1407
0.02,1661
0.02,1552
0.02,1729
0.02,1525
0.02,1523
0.02,1646
0.02,1328
0.02,1358
0.02,1686
0.02,1471
0.02,1620
0.02,1573
0.02,1481
0.02,1515
0.02,1610
0.02,1571
0.02,1409
0.02,1474
0.02,1604
0.02,1476
0.02,1604
0.02,1636
0.02,1509
0.02,1637
0.02,1638
0.02,1608
0.02,1525
0.02,1308
0.02,585
0.02,1422
0.02,1464
0.02,1549
0.02,1682
0.02,1560
0.02,1711
0.02,1604
0.02,1538
0.02,1471
0.02,430
0.02,1673
0.02,1575
0.02,1388
0.02,1510
0.02,1600
0.02,1697
0.02,1660
0.02,1693
0.02,1619
0.02,1661
0.02,1687
0.02,1634
0.02,1611
0.02,1689
0.02,1380
0.02,1409
0.02,1443
0.02,1593
0.02,1557
0.02,1681
0.02,1526
0.02,1632
0.02,1578
0.02,1140
0.02,1505
0.02,1640
0.02,1537
0.02,1393
0.02,1625
0.02,1572
0.02,1416
0.02,1717
0.02,1557
0.02,1559
0.02,1046
0.02,1639
0.02,280
0.02,1663
0.02,1635
0.02,1332
0.02,1583
0.02,1649
0.02,1416
0.02,1451
0.02,354
0.02,1293
0.02,1688
0.02,1586
0.02,1675
0.02,1582
0.02,1543
0.02,1529
0.02,1568
0.02,1626
0.02,1648
0.02,1149
0.02,1512
0.02,1658
0.02,1361
0.02,1510
0.02,1494
0.02,954
0.02,1565
0.02,1274
0.02,1439
0.02,1235
0.02,1648
0.02,1321
0.02,1349
0.02,1688
0.02,1420
0.02,1572
0.02,1655
0.02,1583
0.02,1615
0.02,1266
0.02,1671
0.02,1639
0.02,1524
0.02,1576
0.02,874
0.02,1341
0.02,1591
0.02,1649
0.02,1510
0.02,1503
0.02,1662
0.02,1643
0.02,1591
0.02,1618
0.02,1543
0.02,1606
0.02,1565
0.02,1628
0.02,1643
0.02,1588
0.02,1618
0.02,1601
0.02,947
0.02,1644
0.02,1594
0.02,1433
0.02,956
0.02,1650
0.02,1596
0.02,1530
0.02,1593
0.02,1483
0.02,1315
0.02,1488
0.02,1598
0.02,1321
0.02,1622
0.02,1624
0.02,1599
0.02,1625
0.02,1598
0.02,1163
0.02,1229
0.02,1626
0.02,1503
0.02,1517
0.02,1473
0.02,1665
0.02,1436
0.02,1609
0.02,1624
0.02,1529
0.02,1034
0.02,1219
0.02,1652
0.02,1623
0.02,1496
0.02,1651
0.02,1633
0.02,1637
0.02,1689
0.02,1403
0.02,1577
0.02,1678
0.02,692
0.02,1603
0.02,1631
0.02,1633
0.02,1071
0.02,1645
0.02,32
0.02,1561
0.02,355
0.02,1507
0.02,1167
0.02,1612
0.02,1563
0.02,1634
0.02,1497
0.02,1608
0.02,1522
0.02,1640
0.02,1565
0.02,1607
0.02,149
0.02,1543
0.02,1541
0.02,1655
0.02,1498
0.02,1726
0.02,947
0.02,1216
0.02,1621
0.02,1538
0.02,1382
0.02,1561
0.02,1533
0.02,1532
0.02,1570
0.02,1582
0.02,1696
0.02,1450
0.02,1663
0.02,1508
0.02,1634
0.02,1729
0.02,1620
0.02,1492
0.02,1609
0.02,1557
0.02,1582
0.02,1028
0.02,1553
0.02,1452
0.02,1581
0.02,1095
0.02,1577
0.02,1684
0.02,1564
0.02,1715
0.02,1694
0.02,1601
0.02,1518
0.02,1613
0.02,1668
0.02,1146
0.02,1684
0.02,1661
0.02,1593
0.02,1496
0.02,1625
0.02,1727
0.02,1532
0.02,1593
0.02,1629
0.02,1606
0.02,1571
0.02,1701
0.02,1607
0.02,1646
0.02,1642
0.02,1670
0.02,1594
0.02,1455
0.02,1527
0.02,1672
0.02,1667
0.02,1183
0.02,1710
0.02,1597
0.02,1734
0.02,1650
0.02,1672
0.02,1596
0.02,1497
0.02,1602
0.02,1492
0.02,1455
0.02,1420
0.02,1458
0.02,1485
0.02,1479
0.02,1704
0.02,1492
0.02,1503
0.02,1612
0.02,1335
0.02,1667
0.02,1474
0.02,1165
0.02,1631
0.02,1497
0.02,1584
0.02,1521
0.02,1638
0.02,1600
0.02,1487
0.02,1630
0.02,1600
0.02,1501
0.02,1683
0.02,1146
0.02,1444
0.02,1061
0.02,1590
0.02,1595
0.02,1670
0.02,1618
0.02,1620
0.02,1588
0.02,1641
0.02,1661
0.02,1533
0.02,1600
0.02,1397
0.02,1620
0.02,1586
0.02,1552
0.02,1542
0.02,1365
0.02,1501
0.02,1491
0.02,1595
0.02,1526
0.02,1628
0.02,1611
0.02,1556
0.02,1628
0.02,1604
0.02,1459
0.02,1618
0.02,1571
0.02,954
0.02,1634
0.02,1638
0.02,1568
0.02,1505
0.02,1362
0.02,1565
0.02,1294
0.02,1658
0.02,1604
0.02,1566
0.02,1559
0.02,1137
0.02,1479
0.02,1056
0.02,1703
0.02,594
0.02,1607
0.02,1544
0.02,1524
0.02,1348
0.02,1647
0.02,1624
0.02,1507
0.02,1651
0.02,1673
0.02,1643
0.02,1611
0.02,1513
0.02,1624
0.02,1702
0.02,1689
