0.04,777
0.04,914
0.04,259
0.04,223
0.04,110
0.04,432
0.04,58
0.04,636
0.04,279
0.04,479
0.04,650
0.04,804
0.04,327
0.04,442
0.04,503
0.04,35
0.04,755
0.04,797
0.04,569
0.04,803
0.04,523
0.04,408
0.04,348
0.04,38
0.04,764
0.04,895
0.04,852
0.04,607
0.04,925
0.04,530
0.04,655
0.04,520
0.04,291
0.04,196
0.04,67
0.04,171
0.04,828
0.04,884
0.04,811
0.04,458
0.04,379
0.04,745
0.04,540
0.04,218
0.04,281
0.04,694
0.04,854
0.04,755
0.04,715
0.04,368
0.04,720
0.04,375
0.04,277
0.04,80
0.04,571
0.04,811
0.04,621
0.04,48
0.04,263
0.04,110
0.04,329
0.04,885
0.04,748
0.04,821
0.04,310
0.04,590
0.04,672
0.04,654
0.04,254
0.04,403
0.04,812
0.04,279
0.04,576
0.04,629
0.04,493
0.04,280
0.04,811
0.04,714
0.04,758
0.04,327
0.04,143
0.04,532
0.04,976
0.04,500
0.04,66
0.04,15
0.04,53
0.04,816
0.04,599
0.04,535
0.04,28
0.04,510
0.04,727
0.04,420
0.04,510
0.04,809
0.04,371
0.04,852
0.04,715
0.04,325
0.04,424
0.04,900
0.04,555
0.04,568
0.04,752
0.04,881
0.04,857
0.04,424
0.04,629
0.04,415
0.04,292
0.04,662
0.04,547
0.04,881
0.04,904
0.04,814
0.04,745
0.04,842
0.04,745
0.04,112
0.04,29
0.04,122
0.04,874
0.04,675
0.04,331
0.04,741
0.04,420
0.04,698
0.04,252
0.04,901
0.04,604
0.04,428
0.04,884
0.04,315
0.04,399
0.04,891
0.04,754
0.04,55
0.04,571
0.04,253
0.04,572
0.04,491
0.04,462
0.04,699
0.04,736
0.04,604
0.04,238
0.04,733
0.04,61
0.04,917
0.04,923
0.04,68
0.04,167
0.04,610
0.04,720
0.04,670
0.04,612
0.04,845
0.04,544
0.04,757
0.04,817
0.04,366
0.04,214
0.04,322
0.04,516
0.04,564
0.04,111
0.04,564
0.04,832
0.04,905
0.04,725
0.04,533
0.04,539
0.04,650
0.04,351
0.04,755
0.04,493
0.04,308
0.04,829
0.04,630
0.04,360
0.04,272
0.04,618
0.04,597
0.04,556
0.04,208
0.04,655
0.04,545
0.04,646
0.04,800
0.04,394
0.04,916
0.04,563
0.04,261
0.04,577
0.04,73
0.04,674
0.04,600
0.04,388
0.04,105
0.04,604
0.04,641
0.04,828
0.04,580
0.04,830
0.04,61
0.04,768
0.04,583
0.04,643
0.04,691
0.04,310
0.04,712
0.04,761
0.04,829
0.04,781
0.04,472
0.04,771
0.04,455
0.04,549
0.04,418
0.04,189
0.04,724
0.04,340
0.04,474
0.04,112
0.04,873
0.04,376
0.04,699
0.04,223
0.04,752
0.04,257
0.04,864
0.04,574
0.04,866
0.04,826
0.04,201
0.04,564
0.04,746
0.04,547
0.04,168
0.04,425
0.04,529
0.04,397
0.04,253
0.04,894
0.04,482
0.04,322
0.04,48
0.04,471
0.04,657
0.04,529
0.04,520
0.04,864
0.04,299
0.04,799
0.04,626
0.04,390
0.04,661
0.04,627
0.04,463
0.04,634
0.04,547
0.04,86
0.04,328
0.04,901
0.04,91
0.04,177
0.04,531
0.04,364
0.04,119
0.04,636
0.04,529
0.04,396
0.04,362
0.04,582
0.04,105
0.04,243
0.04,742
0.04,372
0.04,330
0.04,749
0.04,452
0.04,662
0.04,804
0.04,564
0.04,407
0.04,310
0.04,789
0.04,563
0.04,509
0.04,335
0.04,1
0.04,736
0.04,593
0.04,675
0.04,303
0.04,431
0.04,780
0.04,847
0.04,696
0.04,411
0.04,807
0.04,427
0.04,263
0.04,275
0.04,710
0.04,351
0.04,823
0.04,826
0.04,908
0.04,810
0.04,261
0.04,487
0.04,928
0.04,710
0.04,743
0.04,718
0.04,795
0.04,486
0.04,687
0.04,599
0.04,730
0.04,551
0.04,531
0.04,816
0.04,7
0.04,508
0.04,614
0.04,396
0.04,683
0.04,561
0.04,776
0.04,808
0.04,808
0.04,550
0.04,191
0.04,547
0.04,813
0.04,834
0.04,392
0.04,435
0.04,96
0.04,7
0.04,562
0.04,798
0.04,773
0.04,700
0.04,794
0.04,682
0.04,821
0.04,494
0.04,306
0.04,843
0.04,122
0.04,666
0.04,471
0.04,766
0.04,226
0.04,682
0.04,872
0.04,723
0.04,561
0.04,669
0.04,721
0.04,247
0.04,357
0.04,194
0.04,622
0.04,832
0.04,594
0.04,212
0.04,550
0.04,535
0.04,404
0.04,432
0.04,439
0.04,529
0.04,809
0.04,369
0.04,244
0.04,76
0.04,692
0.04,684
0.04,721
0.04,194
0.04,340
0.04,527
0.04,609
0.04,649
0.04,804
0.04,574
0.04,246
0.04,190
0.04,320
0.04,442
0.04,662
0.04,524
0.04,9
0.04,494
0.04,741
0.04,405
0.04,835
0.04,772
0.04,934
0.04,646
0.04,469
0.04,356
0.04,709
0.04,425
0.04,657
0.04,287
0.04,242
0.04,874
0.04,814
0.04,791
0.04,161
0.04,604
0.04,388
0.04,730
0.04,516
0.04,237
0.04,666
0.04,808
0.04,470
0.04,338
0.04,803
0.04,882
0.04,493
0.04,451
0.04,245
0.04,592
0.04,599
0.04,253
0.04,842
0.04,542
0.04,743
0.04,396
0.04,558
0.04,948
0.04,169
0.04,143
0.04,406
0.04,486
0.04,276
0.04,145
0.04,434
0.04,427
0.04,832
0.04,681
0.04,836
0.04,502
0.04,748
0.04,897
0.04,700
0.04,16
0.04,349
0.04,808
0.04,776
0.04,786
0.04,466
0.04,676
0.04,699
0.04,231
0.04,584
0.04,597
0.04,465
0.04,519
0.04,558
0.04,728
0.04,304
0.04,686
0.04,196
0.04,202
0.04,327
0.04,743
0.04,677
0.04,662
0.04,711
0.04,388
0.04,755
0.04,509
0.04,83
0.04,196
0.04,255
0.04,638
0.04,603
0.04,757
0.04,580
0.04,636
0.04,760
0.04,789
0.04,646
0.04,798
0.04,859
0.04,365
0.04,517
0.04,835
0.04,70
0.04,473
0.04,550
0.04,636
0.04,200
0.04,473
0.04,283
0.04,727
0.04,368
0.04,904
0.04,508
0.04,637
0.04,865
0.04,873
0.04,219
0.04,646
0.04,90
0.04,880
0.04,668
0.04,757
0.04,398
0.04,187
0.04,118
0.04,354
0.04,342
0.04,568
0.04,440
0.04,470
0.04,721
0.04,474
0.04,775
0.04,384
0.04,876
0.04,126
0.04,402
0.04,662
0.04,238
0.04,823
0.04,511
0.04,728
0.04,435
0.04,748
0.04,747
0.04,167
0.04,455
0.04,582
0.04,745
0.04,337
0.04,513
0.04,908
0.04,702
0.04,192
0.04,441
0.04,772
0.04,664
0.04,576
0.04,435
0.04,562
0.04,419
0.04,144
0.04,205
0.04,293
0.04,593
0.04,25
0.04,202
0.04,129
0.04,667
0.04,125
0.04,80
0.04,706
0.04,617
0.04,651
0.04,381
0.04,105
0.04,744
0.04,805
0.04,531
0.04,648
0.04,190
0.04,334
0.04,504
0.04,363
0.04,654
0.04,207
0.04,365
0.04,666
0.04,556
0.04,819
0.04,678
0.04,92
0.04,515
0.04,650
0.04,300
0.04,363
0.04,65
0.04,205
0.04,517
0.04,697
0.04,328
0.04,767
0.04,255
0.04,159
0.04,706
0.04,554
0.04,812
0.04,385
0.04,807
0.04,437
0.04,381
0.04,362
0.04,817
0.04,446
0.04,885
0.04,768
0.04,527
0.04,837
0.04,114
0.04,640
0.04,880
0.04,753
0.04,464
0.04,648
0.04,672
0.04,766
0.04,621
0.04,694
0.04,780
0.04,526
0.04,516
0.04,130
0.04,703
0.04,387
0.04,783
0.04,554
0.04,61
0.04,74
0.04,191
0.04,54
0.04,935
0.04,622
0.04,224
0.04,746
0.04,143
0.04,86
0.04,424
0.04,69
0.04,248
0.04,453
0.04,551
0.04,332
0.04,930
0.04,71
0.04,558
0.04,583
0.04,400
0.04,820
0.04,663
0.04,808
0.04,458
0.04,424
0.04,650
0.04,4
0.04,709
0.04,518
0.04,810
0.04,753
0.04,28
0.04,472
0.04,812
0.04,309
0.04,521
0.04,273
0.04,433
0.04,647
0.04,415
0.04,696
0.04,345
0.04,254
0.04,294
0.04,149
0.04,539
0.04,295
0.04,705
0.04,739
0.04,97
0.04,782
0.04,580
0.04,769
0.04,754
0.04,458
0.04,342
0.04,786
0.04,624
0.04,703
0.04,837
0.04,624
0.04,633
0.04,142
0.04,274
0.04,710
0.04,628
0.04,394
0.04,647
0.04,810
0.04,94
0.04,84
0.04,817
0.04,294
0.04,881
0.04,175
0.04,397
0.04,492
0.04,622
0.04,482
0.04,270
0.04,824
0.04,829
0.04,179
0.04,740
0.04,472
0.04,833
0.04,595
0.04,660
0.04,709
0.04,300
0.04,560
0.04,599
0.04,325
0.04,38
0.04,845
0.04,308
0.04,819
0.04,530
0.04,749
0.04,44
0.04,343
0.04,731
0.04,402
0.04,466
0.04,142
0.04,252
0.04,773
0.04,736
0.04,927
0.04,213
0.04,800
0.04,791
0.04,535
0.04,504
0.04,820
0.04,341
0.04,437
0.04,564
0.04,97
0.04,739
0.04,676
0.04,694
0.04,517
0.04,569
0.04,470
0.04,307
0.04,611
0.04,696
0.04,753
0.04,886
0.04,840
0.04,725
0.04,472
0.04,279
0.04,374
0.04,812
0.04,132
0.04,187
0.04,381
0.04,402
0.04,130
0.04,658
0.04,425
0.04,680
0.04,703
0.04,618
0.04,254
0.04,601
0.04,680
0.04,687
0.04,278
0.04,666
0.04,501
0.04,821
0.04,767
0.04,223
0.04,666
0.04,450
0.04,232
0.04,887
0.04,374
0.04,327
0.04,841
0.04,766
0.04,814
0.04,401
0.04,598
0.04,422
0.04,316
0.04,626
0.04,665
0.04,287
0.04,362
0.04,311
0.04,813
0.04,536
0.04,797
0.04,234
0.04,799
0.04,662
0.04,166
0.04,510
0.04,652
0.04,610
0.04,333
0.04,673
0.04,20
0.04,496
0.04,183
0.04,209
0.04,603
0.04,476
0.04,763
0.04,369
0.04,377
0.04,736
0.04,778
0.04,801
0.04,566
0.04,778
0.04,651
0.04,746
0.04,539
0.04,218
0.04,46
0.04,527
0.04,339
0.04,465
0.04,665
0.04,697
0.04,137
0.04,177
0.04,178
0.04,743
0.04,379
0.04,912
0.04,38
0.04,834
0.04,653
0.04,967
0.04,805
0.04,888
0.04,434
0.04,727
0.04,701
0.04,142
0.04,281
0.04,277
0.04,499
0.04,792
0.04,775
0.04,721
0.04,375
0.04,169
0.04,621
0.04,718
0.04,885
0.04,456
0.04,376
0.04,713
0.04,370
0.04,467
0.04,486
0.04,356
0.04,427
0.04,513
0.04,189
0.04,391
0.04,710
0.04,239
0.04,411
0.04,145
0.04,722
0.04,452
0.04,503
0.04,842
0.04,382
0.04,232
0.04,742
0.04,551
0.04,327
0.04,471
0.04,823
0.04,830
0.04,460
0.04,797
0.04,763
0.04,568
0.04,595
0.04,125
0.04,246
0.04,778
0.04,251
0.04,521
0.04,693
0.04,634
0.04,572
0.04,601
0.04,409
0.04,333
0.04,208
0.04,822
0.04,199
0.04,812
0.04,535
0.04,452
0.04,268
0.04,324
0.04,775
0.04,848
0.04,564
0.04,676
0.04,716
0.04,423
0.04,611
0.04,567
0.04,789
0.04,548
0.04,47
0.04,666
0.04,721
0.04,92
0.04,664
0.04,609
0.04,965
0.04,722
0.04,706
0.04,688
0.04,185
0.04,581
0.04,294
0.04,539
0.04,570
0.04,861
0.04,107
0.04,500
0.04,868
0.04,512
0.04,437
0.04,90
0.04,585
0.04,743
0.04,726
0.04,843
0.04,866
0.04,276
0.04,277
0.04,817
0.04,702
0.04,364
0.04,409
0.04,420
0.04,854
0.04,843
0.04,504
0.04,213
0.04,762
0.04,20
0.04,771
0.04,497
0.04,710
0.04,361
0.04,276
0.04,880
0.04,786
0.04,688
0.04,486
0.04,521
0.04,185
0.04,619
0.04,469
0.04,904
0.04,895
0.04,641
0.04,916
0.04,702
0.04,526
0.04,391
0.04,406
0.04,429
0.04,220
0.04,645
0.04,683
0.04,476
0.04,719
0.04,451
0.04,646
0.04,355
