0.04,1550
0.04,1539
0.04,1499
0.04,1533
0.04,1541
0.04,1443
0.04,1302
0.04,653
0.04,1590
0.04,1389
0.04,1460
0.04,1194
0.04,1500
0.04,1262
0.04,1472
0.04,1463
0.04,1592
0.04,1408
0.04,1593
0.04,1456
0.04,1478
0.04,1534
0.04,1632
0.04,1456
0.04,1352
0.04,694
0.04,1533
0.04,1343
0.04,991
0.04,1531
0.04,1496
0.04,1463
0.04,1403
0.04,1012
0.04,1469
0.04,1496
0.04,1278
0.04,1481
0.04,844
0.04,1558
0.04,1569
0.04,1518
0.04,1271
0.04,1290
0.04,1310
0.04,1460
0.04,1431
0.04,1555
0.04,1466
0.04,1275
0.04,1606
0.04,1405
0.04,1388
0.04,1501
0.04,832
0.04,1194
0.04,1545
0.04,1571
0.04,1329
0.04,1509
0.04,1437
0.04,1494
0.04,669
0.04,1488
0.04,1336
0.04,1089
0.04,1326
0.04,1580
0.04,818
0.04,1485
0.04,1426
0.04,1392
0.04,1373
0.04,1267
0.04,1483
0.04,1226
0.04,1586
0.04,1471
0.04,1284
0.04,1509
0.04,1544
0.04,1496
0.04,1592
0.04,725
0.04,1489
0.04,1252
0.04,1542
0.04,1441
0.04,1308
0.04,1100
0.04,606
0.04,1333
0.04,484
0.04,1486
0.04,1486
0.04,1268
0.04,1450
0.04,1581
0.04,1517
0.04,1618
0.04,174
0.04,1373
0.04,560
0.04,1513
0.04,1295
0.04,1519
0.04,1554
0.04,1486
0.04,1376
0.04,1167
0.04,1562
0.04,167
0.04,1562
0.04,1489
0.04,1489
0.04,1362
0.04,1564
0.04,1532
0.04,1248
0.04,1312
0.04,1545
0.04,1455
0.04,1634
0.04,1155
0.04,141
0.04,1480
0.04,1543
0.04,1455
0.04,452
0.04,1313
0.04,1478
0.04,1572
0.04,1432
0.04,1533
0.04,1476
0.04,1560
0.04,1642
0.04,1396
0.04,1418
0.04,1414
0.04,1232
0.04,1155
0.04,1447
0.04,1528
0.04,753
0.04,1529
0.04,1476
0.04,1350
0.04,749
0.04,1523
0.04,1502
0.04,1534
0.04,1501
0.04,1341
0.04,1039
0.04,1567
0.04,1412
0.04,1515
0.04,1498
0.04,1563
0.04,1560
0.04,1558
0.04,1269
0.04,1537
0.04,1540
0.04,1014
0.04,1560
0.04,1452
0.04,123
0.04,1438
0.04,1582
0.04,1550
0.04,1197
0.04,1232
0.04,999
0.04,1493
0.04,1441
0.04,1603
0.04,1508
0.04,1414
0.04,1520
0.04,1243
0.04,1381
0.04,1514
0.04,706
0.04,1346
0.04,1468
0.04,1573
0.04,1628
0.04,1270
0.04,1330
0.04,1437
0.04,1589
0.04,1499
0.04,1537
0.04,1446
0.04,1390
0.04,1168
0.04,1494
0.04,1447
0.04,1311
0.04,1568
0.04,1435
0.04,1524
0.04,1555
0.04,1063
0.04,1357
0.04,1554
0.04,1605
0.04,1391
0.04,1442
0.04,1258
0.04,1491
0.04,674
0.04,1504
0.04,1422
0.04,1223
0.04,1099
0.04,1353
0.04,1517
0.04,1398
0.04,1562
0.04,1526
0.04,1504
0.04,1337
0.04,1420
0.04,1572
0.04,969
0.04,1019
0.04,1368
0.04,1270
0.04,1597
0.04,1412
0.04,1495
0.04,1532
0.04,1450
0.04,736
0.04,1503
0.04,1549
0.04,1589
0.04,1027
0.04,1561
0.04,1385
0.04,1559
0.04,1497
0.04,704
0.04,1340
0.04,1568
0.04,1551
0.04,1439
0.04,1488
0.04,1559
0.04,1628
0.04,1549
0.04,1535
0.04,1392
0.04,1413
0.04,1554
0.04,1546
0.04,1511
0.04,1560
0.04,1021
0.04,1581
0.04,1337
0.04,1507
0.04,1519
0.04,958
0.04,1522
0.04,1543
0.04,1444
0.04,1411
0.04,1435
0.04,1555
0.04,1489
0.04,1446
0.04,1094
0.04,1235
0.04,1551
0.04,1644
0.04,1470
0.04,1551
0.04,1604
0.04,1561
0.04,1481
0.04,1521
0.04,1490
0.04,1380
0.04,1472
0.04,1585
0.04,1470
0.04,1477
0.04,1112
0.04,1523
0.04,1517
0.04,1086
0.04,1580
0.04,1421
0.04,1505
0.04,1518
0.04,1545
0.04,1339
0.04,1429
0.04,957
0.04,1452
0.04,1526
0.04,1427
0.04,1580
0.04,1243
0.04,1560
0.04,1342
0.04,1494
0.04,1332
0.04,1526
0.04,1541
0.04,1360
0.04,1476
0.04,748
0.04,1314
0.04,1408
0.04,1526
0.04,820
0.04,1525
0.04,743
0.04,1551
0.04,1498
0.04,1275
0.04,1303
0.04,1541
0.04,1292
0.04,1414
0.04,1437
0.04,1189
0.04,1390
0.04,1533
0.04,1517
0.04,1398
0.04,994
0.04,1318
0.04,1282
0.04,1281
0.04,1538
0.04,1352
0.04,1599
0.04,1463
0.04,1534
0.04,187
0.04,1589
0.04,1349
0.04,1459
0.04,1566
0.04,826
0.04,1257
0.04,1375
0.04,1198
0.04,1316
0.04,1500
0.04,1543
0.04,1492
0.04,584
0.04,1446
0.04,1479
0.04,1637
0.04,1422
0.04,1314
0.04,1584
0.04,1292
0.04,1517
0.04,1433
0.04,1594
0.04,1422
0.04,1417
0.04,1233
0.04,223
0.04,1440
0.04,1558
0.04,1621
0.04,1502
0.04,382
0.04,1302
0.04,1526
0.04,1407
0.04,1404
0.04,1506
0.04,1024
0.04,1516
0.04,1499
0.04,1482
0.04,1339
0.04,1489
0.04,1502
0.04,1539
0.04,945
0.04,1502
0.04,1464
0.04,1498
0.04,1403
0.04,1579
0.04,1429
0.04,1168
0.04,1173
0.04,1649
0.04,1547
0.04,1411
0.04,1268
0.04,1427
0.04,1498
0.04,1419
0.04,1550
0.04,1539
0.04,1236
0.04,1334
0.04,1247
0.04,1632
0.04,1462
0.04,1341
0.04,1452
0.04,1432
0.04,1128
0.04,1486
0.04,1470
0.04,680
0.04,1315
0.04,1577
0.04,1575
0.04,1488
0.04,1488
0.04,1527
0.04,1598
0.04,1017
0.04,23
0.04,440
0.04,1533
0.04,1576
0.04,1337
0.04,1527
0.04,1453
0.04,1589
0.04,1484
0.04,1410
0.04,1452
0.04,1527
0.04,1553
0.04,1496
0.04,1444
0.04,1547
0.04,269
0.04,1484
0.04,1379
0.04,1519
0.04,1282
0.04,1392
0.04,1503
0.04,1466
0.04,1303
0.04,1555
0.04,1426
0.04,732
0.04,1540
0.04,1402
0.04,1507
0.04,1529
0.04,1519
0.04,1535
0.04,1584
0.04,1497
0.04,872
0.04,1484
0.04,1556
0.04,1636
0.04,1474
0.04,1480
0.04,1316
0.04,1367
0.04,1448
0.04,1610
0.04,1489
0.04,350
0.04,108
0.04,1589
0.04,1497
0.04,1119
0.04,1174
0.04,1368
0.04,1520
0.04,1503
0.04,1213
0.04,1497
0.04,1371
0.04,1572
0.04,1332
0.04,1297
0.04,1614
0.04,1420
0.04,1475
0.04,1430
0.04,1512
0.04,1494
0.04,1446
0.04,1072
0.04,1557
0.04,1511
0.04,1504
0.04,1432
0.04,1420
0.04,1128
0.04,1504
0.04,1408
0.04,1568
0.04,1579
0.04,1499
0.04,1457
0.04,1454
0.04,1485
0.04,1599
0.04,1598
0.04,1574
0.04,1539
0.04,967
0.04,1568
0.04,1474
0.04,1451
0.04,1389
0.04,1427
0.04,1438
0.04,1289
0.04,1038
0.04,1538
0.04,1448
0.04,1581
0.04,1516
0.04,1477
0.04,1427
0.04,1368
0.04,1553
0.04,1463
0.04,1396
0.04,707
0.04,1480
0.04,1535
0.04,1492
0.04,1587
0.04,1538
0.04,1490
0.04,1033
0.04,1491
0.04,1408
0.04,1551
0.04,1046
0.04,1209
0.04,789
0.04,1559
0.04,1434
0.04,1336
0.04,1272
0.04,1663
0.04,1369
0.04,1335
0.04,1622
0.04,1568
0.04,1480
0.04,1361
0.04,1451
0.04,1452
0.04,421
0.04,1431
0.04,863
0.04,1536
0.04,1291
0.04,1011
0.04,1599
0.04,1264
0.04,1634
0.04,1574
0.04,1511
0.04,1390
0.04,1530
0.04,1246
0.04,1185
0.04,1608
0.04,1229
0.04,1526
0.04,1446
0.04,1473
0.04,1377
0.04,1235
0.04,1442
0.04,1357
0.04,1554
0.04,1440
0.04,1446
0.04,1491
0.04,976
0.04,1478
0.04,1428
0.04,1528
0.04,1359
0.04,960
0.04,1592
0.04,1323
0.04,1452
0.04,1182
0.04,1523
0.04,1515
0.04,907
0.04,1094
0.04,1586
0.04,1447
0.04,1289
0.04,1382
0.04,1203
0.04,1527
0.04,1606
0.04,1396
0.04,1438
0.04,1516
0.04,1499
0.04,1371
0.04,454
0.04,1389
0.04,1487
0.04,1437
0.04,1521
0.04,1423
0.04,1570
0.04,1506
0.04,1603
0.04,982
0.04,1493
0.04,1534
0.04,1512
0.04,1415
0.04,1370
0.04,846
0.04,1481
0.04,1270
0.04,1390
0.04,1524
0.04,1435
0.04,1035
0.04,1492
0.04,1153
0.04,1436
0.04,1550
0.04,1529
0.04,812
0.04,1359
0.04,1603
0.04,1563
0.04,1547
0.04,1559
0.04,1358
0.04,1385
0.04,1470
0.04,1278
0.04,1345
0.04,1537
0.04,1548
0.04,1419
0.04,1119
0.04,1332
0.04,1402
0.04,1129
0.04,1542
0.04,1542
0.04,1578
0.04,1503
0.04,1518
0.04,426
0.04,1417
0.04,1473
0.04,1519
0.04,1401
0.04,1534
0.04,1470
0.04,1206
0.04,1173
0.04,1380
0.04,1594
0.04,1525
0.04,654
0.04,1504
0.04,1061
0.04,360
0.04,1266
0.04,1523
0.04,1540
0.04,1118
0.04,1097
0.04,1525
0.04,1267
0.04,1421
0.04,1435
0.04,1231
0.04,1169
0.04,1452
0.04,1612
0.04,1175
0.04,1083
0.04,1486
0.04,1514
0.04,1449
0.04,1409
0.04,1374
0.04,1528
0.04,1403
0.04,1485
0.04,1445
0.04,1500
0.04,1281
0.04,1545
0.04,1570
0.04,1608
0.04,1587
0.04,1442
0.04,1137
0.04,1537
0.04,564
0.04,1475
0.04,1565
0.04,1466
0.04,1668
0.04,1404
0.04,1337
0.04,1601
0.04,1628
0.04,1598
0.04,1373
0.04,1541
0.04,1535
0.04,1488
0.04,1325
0.04,1247
0.04,1484
0.04,1590
0.04,1486
0.04,1486
0.04,1412
0.04,1542
0.04,1324
0.04,1566
0.04,1467
0.04,1536
0.04,1052
0.04,982
0.04,1611
0.04,1384
0.04,1452
0.04,1421
0.04,885
0.04,1445
0.04,1536
0.04,1404
0.04,1568
0.04,972
0.04,1536
0.04,1467
0.04,1493
0.04,1036
0.04,1098
0.04,1468
0.04,1580
0.04,904
0.04,1505
0.04,1417
0.04,1432
0.04,1013
0.04,1364
0.04,1474
0.04,1253
0.04,1487
0.04,1505
0.04,1369
0.04,1524
0.04,1463
0.04,1437
0.04,1509
0.04,1577
0.04,1493
0.04,1597
0.04,1533
0.04,1208
0.04,1547
0.04,1459
0.04,1458
0.04,1472
0.04,1499
0.04,1342
0.04,1460
0.04,1514
0.04,1191
0.04,1543
0.04,1453
0.04,1439
0.04,1555
0.04,1388
0.04,1523
0.04,1356
0.04,1424
0.04,1571
0.04,1303
0.04,1509
0.04,1524
0.04,1468
0.04,1450
0.04,744
0.04,1531
0.04,1059
0.04,1520
0.04,1612
0.04,1544
0.04,1024
0.04,1640
0.04,1534
0.04,1387
0.04,1446
0.04,1482
0.04,1622
0.04,1463
0.04,1438
0.04,1546
0.04,1601
0.04,1547
0.04,1197
0.04,1425
0.04,1376
0.04,507
0.04,1369
0.04,1577
0.04,1498
0.04,1610
0.04,1523
0.04,198
0.04,1175
0.04,1508
0.04,1511
0.04,1442
0.04,1168
0.04,1436
0.04,1054
0.04,1571
0.04,1226
0.04,1600
0.04,1399
0.04,1572
0.04,1456
0.04,1550
0.04,1434
0.04,1394
0.04,1518
0.04,1420
0.04,1332
0.04,1591
0.04,1363
0.04,1537
0.04,1330
0.04,1513
0.04,1489
0.04,1577
0.04,630
0.04,1454
0.04,1321
0.04,1445
0.04,1638
0.04,359
0.04,1522
0.04,1510
0.04,1533
0.04,1499
0.04,1453
0.04,1556
0.04,1482
0.04,1575
0.04,277
0.04,1528
0.04,921
0.04,1586
0.04,1448
0.04,1171
0.04,1495
0.04,1389
0.04,1558
0.04,1497
0.04,1120
0.04,1599
0.04,1357
0.04,1428
0.04,1651
0.04,1441
0.04,1444
0.04,1460
0.04,1479
0.04,1520
0.04,1475
0.04,1589
0.04,1521
0.04,1463
0.04,1359
0.04,1511
0.04,1640
0.04,1515
0.04,1552
0.04,1464
0.04,1346
0.04,1056
0.04,1563
0.04,1451
0.04,1376
0.04,1676
0.04,1399
0.04,1406
0.04,1098
0.04,1484
0.04,1483
0.04,1547
0.04,379
0.04,1140
0.04,1502
0.04,1482
0.04,1443
0.04,1207
0.04,147
0.04,1490
0.04,998
0.04,1512
0.04,953
0.04,1508
0.04,1251
0.04,1458
0.04,1444
0.04,1619
0.04,1402
0.04,1511
0.04,1552
0.04,1357
0.04,1458
0.04,1523
0.04,1541
0.04,1571
0.04,1524
0.04,1541
0.04,1554
0.04,1546
0.04,1541
0.04,1421
0.04,1581
0.04,1461
0.04,1673
0.04,1555
0.04,1621
0.04,1620
0.04,1505
0.04,1448
0.04,1427
0.04,1535
0.04,1503
0.04,1514
0.04,1522
0.04,1431
0.04,1166
0.04,1376
0.04,1612
0.04,1548
0.04,1576
0.04,1436
0.04,1405
0.04,1475
0.04,1570
0.04,1163
0.04,1482
0.04,508
0.04,1554
0.04,1427
0.04,1598
0.04,1413
0.04,1557
0.04,1239
0.04,1570
0.04,1569
0.04,1543
0.04,1379
0.04,1522
0.04,1501
0.04,1463
0.04,1521
0.04,1151
0.04,1253
0.04,1383
0.04,1567
0.04,1533
0.04,1482
0.04,1471
0.04,1450
0.04,1566
0.04,1466
0.04,1268
0.04,1563
0.04,1438
0.04,1197
0.04,1442
0.04,614
