0.01,430
0.01,236
0.01,179
0.01,287
0.01,50
0.01,182
0.01,409
0.01,146
0.01,115
0.01,891
0.01,10
0.01,155
0.01,481
0.01,309
0.01,571
0.01,633
0.01,203
0.01,359
0.01,245
0.01,394
0.01,770
0.01,654
0.01,57
0.01,317
0.01,418
0.01,389
0.01,728
0.01,2
0.01,746
0.01,125
0.01,34
0.01,156
0.01,124
0.01,133
0.01,784
0.01,172
0.01,661
0.01,242
0.01,103
0.01,193
0.01,178
0.01,523
0.01,449
0.01,277
0.01,304
0.01,249
0.01,660
0.01,162
0.01,234
0.01,122
0.01,548
0.01,7
0.01,148
0.01,229
0.01,158
0.01,82
0.01,276
0.01,282
0.01,649
0.01,536
0.01,170
0.01,71
0.01,823
0.01,921
0.01,63
0.01,209
0.01,158
0.01,589
0.01,183
0.01,457
0.01,574
0.01,243
0.01,265
0.01,479
0.01,50
0.01,551
0.01,151
0.01,563
0.01,100
0.01,489
0.01,194
0.01,547
0.01,11
0.01,95
0.01,141
0.01,253
0.01,145
0.01,196
0.01,12
0.01,99
0.01,185
0.01,249
0.01,296
0.01,268
0.01,633
0.01,301
0.01,461
0.01,44
0.01,466
0.01,322
0.01,249
0.01,133
0.01,361
0.01,538
0.01,962
0.01,608
0.01,246
0.01,381
0.01,211
0.01,831
0.01,181
0.01,305
0.01,44
0.01,475
0.01,555
0.01,72
0.01,66
0.01,46
0.01,380
0.01,429
0.01,452
0.01,143
0.01,855
0.01,917
0.01,29
0.01,457
0.01,677
0.01,190
0.01,156
0.01,168
0.01,163
0.01,183
0.01,374
0.01,110
0.01,241
0.01,396
0.01,246
0.01,57
0.01,180
0.01,128
0.01,585
0.01,547
0.01,409
0.01,675
0.01,478
0.01,379
0.01,190
0.01,592
0.01,281
0.01,298
0.01,59
0.01,262
0.01,90
0.01,780
0.01,803
0.01,523
0.01,711
0.01,152
0.01,137
0.01,76
0.01,125
0.01,738
0.01,655
0.01,61
0.01,552
0.01,585
0.01,32
0.01,436
0.01,805
0.01,137
0.01,69
0.01,792
0.01,794
0.01,505
0.01,410
0.01,152
0.01,82
0.01,311
0.01,498
0.01,254
0.01,9
0.01,157
0.01,744
0.01,57
0.01,969
0.01,284
0.01,127
0.01,74
0.01,295
0.01,42
0.01,517
0.01,522
0.01,73
0.01,828
0.01,117
0.01,311
0.01,145
0.01,291
0.01,38
0.01,345
0.01,352
0.01,826
0.01,243
0.01,366
0.01,187
0.01,678
0.01,181
0.01,398
0.01,382
0.01,334
0.01,28
0.01,275
0.01,143
0.01,101
0.01,23
0.01,225
0.01,357
0.01,698
0.01,180
0.01,250
0.01,647
0.01,549
0.01,414
0.01,450
0.01,237
0.01,336
0.01,455
0.01,225
0.01,435
0.01,379
0.01,138
0.01,433
0.01,264
0.01,203
0.01,183
0.01,197
0.01,164
0.01,628
0.01,87
0.01,323
0.01,654
0.01,28
0.01,105
0.01,519
0.01,351
0.01,269
0.01,4
0.01,654
0.01,160
0.01,296
0.01,71
0.01,358
0.01,245
0.01,961
0.01,96
0.01,240
0.01,290
0.01,137
0.01,354
0.01,575
0.01,337
0.01,219
0.01,367
0.01,49
0.01,361
0.01,354
0.01,508
0.01,452
0.01,325
0.01,121
0.01,78
0.01,601
0.01,594
0.01,905
0.01,749
0.01,158
0.01,548
0.01,1046
0.01,928
0.01,26
0.01,56
0.01,271
0.01,415
0.01,198
0.01,5
0.01,316
0.01,399
0.01,231
0.01,305
0.01,177
0.01,778
0.01,399
0.01,711
0.01,592
0.01,324
0.01,15
0.01,123
0.01,269
0.01,805
0.01,605
0.01,788
0.01,149
0.01,104
0.01,173
0.01,1028
0.01,91
0.01,423
0.01,157
0.01,171
0.01,203
0.01,58
0.01,433
0.01,940
0.01,277
0.01,516
0.01,58
0.01,706
0.01,473
0.01,655
0.01,427
0.01,300
0.01,43
0.01,72
0.01,407
0.01,1004
0.01,235
0.01,439
0.01,309
0.01,10
0.01,347
0.01,248
0.01,42
0.01,879
0.01,558
0.01,365
0.01,378
0.01,371
0.01,231
0.01,590
0.01,631
0.01,95
0.01,307
0.01,260
0.01,730
0.01,556
0.01,652
0.01,280
0.01,80
0.01,176
0.01,140
0.01,290
0.01,445
0.01,838
0.01,298
0.01,196
0.01,551
0.01,42
0.01,491
0.01,117
0.01,60
0.01,144
0.01,528
0.01,245
0.01,210
0.01,23
0.01,554
0.01,351
0.01,634
0.01,282
0.01,366
0.01,382
0.01,792
0.01,668
0.01,569
0.01,773
0.01,404
0.01,524
0.01,87
0.01,930
0.01,158
0.01,623
0.01,463
0.01,176
0.01,677
0.01,269
0.01,89
0.01,896
0.01,344
0.01,415
0.01,151
0.01,956
0.01,315
0.01,321
0.01,62
0.01,175
0.01,250
0.01,18
0.01,205
0.01,1004
0.01,639
0.01,396
0.01,121
0.01,93
0.01,339
0.01,720
0.01,272
0.01,370
0.01,5
0.01,740
0.01,160
0.01,572
0.01,8
0.01,217
0.01,587
0.01,485
0.01,282
0.01,713
0.01,863
0.01,949
0.01,82
0.01,320
0.01,369
0.01,633
0.01,721
0.01,110
0.01,179
0.01,333
0.01,587
0.01,510
0.01,465
0.01,490
0.01,137
0.01,422
0.01,24
0.01,114
0.01,909
0.01,209
0.01,170
0.01,268
0.01,6
0.01,486
0.01,78
0.01,611
0.01,478
0.01,477
0.01,67
0.01,620
0.01,84
0.01,487
0.01,307
0.01,143
0.01,258
0.01,138
0.01,268
0.01,35
0.01,259
0.01,351
0.01,248
0.01,50
0.01,568
0.01,493
0.01,23
0.01,170
0.01,29
0.01,394
0.01,483
0.01,367
0.01,244
0.01,422
0.01,865
0.01,182
0.01,850
0.01,348
0.01,298
0.01,49
0.01,422
0.01,389
0.01,509
0.01,18
0.01,204
0.01,252
0.01,55
0.01,158
0.01,226
0.01,475
0.01,191
0.01,496
0.01,255
0.01,354
0.01,251
0.01,619
0.01,228
0.01,19
0.01,251
0.01,533
0.01,380
0.01,45
0.01,64
0.01,409
0.01,194
0.01,141
0.01,464
0.01,236
0.01,404
0.01,519
0.01,249
0.01,11
0.01,271
0.01,128
0.01,228
0.01,164
0.01,271
0.01,33
0.01,451
0.01,452
0.01,235
0.01,411
0.01,244
0.01,481
0.01,330
0.01,533
0.01,19
0.01,843
0.01,39
0.01,341
0.01,473
0.01,30
0.01,532
0.01,456
0.01,160
0.01,512
0.01,29
0.01,371
0.01,159
0.01,52
0.01,176
0.01,234
0.01,268
0.01,92
0.01,1046
0.01,508
0.01,149
0.01,152
0.01,680
0.01,766
0.01,284
0.01,179
0.01,9
0.01,283
0.01,146
0.01,440
0.01,262
0.01,729
0.01,528
0.01,151
0.01,709
0.01,662
0.01,84
0.01,67
0.01,167
0.01,15
0.01,168
0.01,621
0.01,382
0.01,194
0.01,516
0.01,365
0.01,317
0.01,298
0.01,623
0.01,571
0.01,550
0.01,272
0.01,102
0.01,64
0.01,90
0.01,1017
0.01,263
0.01,120
0.01,413
0.01,194
0.01,113
0.01,175
0.01,7
0.01,21
0.01,59
0.01,393
0.01,991
0.01,496
0.01,220
0.01,587
0.01,524
0.01,763
0.01,208
0.01,269
0.01,464
0.01,26
0.01,268
0.01,137
0.01,114
0.01,405
0.01,321
0.01,423
0.01,1174
0.01,494
0.01,698
0.01,371
0.01,121
0.01,267
0.01,492
0.01,339
0.01,205
0.01,378
0.01,448
0.01,83
0.01,599
0.01,225
0.01,205
0.01,495
0.01,341
0.01,95
0.01,309
0.01,62
0.01,24
0.01,124
0.01,744
0.01,93
0.01,92
0.01,525
0.01,312
0.01,374
0.01,282
0.01,150
0.01,675
0.01,76
0.01,554
0.01,790
0.01,600
0.01,348
0.01,551
0.01,520
0.01,19
0.01,483
0.01,504
0.01,206
0.01,75
0.01,70
0.01,561
0.01,215
0.01,1048
0.01,104
0.01,146
0.01,504
0.01,486
0.01,336
0.01,156
0.01,421
0.01,413
0.01,118
0.01,505
0.01,314
0.01,249
0.01,17
0.01,62
0.01,556
0.01,84
0.01,127
0.01,1192
0.01,604
0.01,416
0.01,165
0.01,62
0.01,801
0.01,578
0.01,78
0.01,1012
0.01,630
0.01,800
0.01,14
0.01,467
0.01,573
0.01,177
0.01,152
0.01,652
0.01,70
0.01,43
0.01,395
0.01,608
0.01,114
0.01,269
0.01,53
0.01,13
0.01,99
0.01,425
0.01,274
0.01,510
0.01,446
0.01,217
0.01,235
0.01,378
0.01,658
0.01,172
0.01,932
0.01,45
0.01,413
0.01,855
0.01,94
0.01,567
0.01,189
0.01,69
0.01,256
0.01,150
0.01,563
0.01,713
0.01,1103
0.01,605
0.01,822
0.01,287
0.01,638
0.01,87
0.01,487
0.01,648
0.01,401
0.01,647
0.01,283
0.01,94
0.01,199
0.01,745
0.01,109
0.01,762
0.01,73
0.01,670
0.01,831
0.01,595
0.01,341
0.01,35
0.01,414
0.01,252
0.01,462
0.01,499
0.01,334
0.01,176
0.01,538
0.01,37
0.01,344
0.01,80
0.01,162
0.01,145
0.01,91
0.01,420
0.01,573
0.01,858
0.01,379
0.01,333
0.01,6
0.01,20
0.01,89
0.01,145
0.01,302
0.01,650
0.01,359
0.01,401
0.01,337
0.01,909
0.01,4
0.01,292
0.01,259
0.01,13
0.01,462
0.01,47
0.01,187
0.01,599
0.01,250
0.01,112
0.01,75
0.01,708
0.01,686
0.01,871
0.01,208
0.01,351
0.01,772
0.01,135
0.01,488
0.01,253
0.01,102
0.01,44
0.01,168
0.01,176
0.01,490
0.01,86
0.01,39
0.01,12
0.01,158
0.01,332
0.01,742
0.01,489
0.01,121
0.01,1051
0.01,334
0.01,1093
0.01,583
0.01,148
0.01,638
0.01,609
0.01,425
0.01,1069
0.01,52
0.01,492
0.01,18
0.01,83
0.01,701
0.01,364
0.01,211
0.01,478
0.01,658
0.01,71
0.01,446
0.01,239
0.01,133
0.01,121
0.01,204
0.01,155
0.01,962
0.01,298
0.01,279
0.01,146
0.01,555
0.01,349
0.01,552
0.01,805
0.01,466
0.01,431
0.01,40
0.01,125
0.01,430
0.01,211
0.01,24
0.01,561
0.01,806
0.01,387
0.01,183
0.01,16
0.01,425
0.01,590
0.01,711
0.01,663
0.01,436
0.01,23
0.01,83
0.01,331
0.01,389
0.01,834
0.01,101
0.01,228
0.01,391
0.01,475
0.01,445
0.01,667
0.01,231
0.01,615
0.01,18
0.01,247
0.01,482
0.01,229
0.01,308
0.01,723
0.01,289
0.01,50
0.01,375
0.01,250
0.01,412
0.01,228
0.01,132
0.01,516
0.01,147
0.01,289
0.01,24
0.01,8
0.01,587
0.01,398
0.01,270
0.01,157
0.01,44
0.01,64
0.01,52
0.01,928
0.01,166
0.01,154
0.01,405
0.01,250
0.01,32
0.01,293
0.01,486
0.01,23
0.01,402
0.01,648
0.01,186
0.01,297
0.01,787
0.01,237
0.01,336
0.01,396
0.01,64
0.01,242
0.01,264
0.01,466
0.01,79
0.01,17
0.01,170
0.01,51
0.01,138
0.01,251
0.01,553
0.01,548
0.01,268
0.01,75
0.01,646
0.01,381
0.01,768
0.01,465
0.01,432
0.01,575
0.01,769
0.01,595
0.01,917
0.01,1015
0.01,415
0.01,300
0.01,175
0.01,231
0.01,657
0.01,66
0.01,58
0.01,117
0.01,148
0.01,18
0.01,101
0.01,461
0.01,284
0.01,25
0.01,7
0.01,36
0.01,651
0.01,705
0.01,247
0.01,238
0.01,495
0.01,9
0.01,28
0.01,711
0.01,230
0.01,282
0.01,220
0.01,73
0.01,70
0.01,673
0.01,511
0.01,87
0.01,230
0.01,16
0.01,391
0.01,26
0.01,100
0.01,248
0.01,69
0.01,8
0.01,614
0.01,479
0.01,402
0.01,670
0.01,1165
0.01,92
0.01,210
0.01,298
0.01,84
0.01,439
0.01,389
0.01,288
0.01,77
0.01,882
0.01,335
0.01,162
0.01,311
0.01,127
0.01,195
0.01,13
0.01,48
0.01,668
0.01,527
0.01,422
0.01,364
0.01,889
0.01,270
0.01,384
0.01,367
0.01,68
0.01,162
0.01,725
0.01,117
0.01,54
