0.01,712
0.01,323
0.01,204
0.01,449
0.01,47
0.01,185
0.01,409
0.01,721
0.01,505
0.01,60
0.01,680
0.01,12
0.01,185
0.01,543
0.01,443
0.01,183
0.01,683
0.01,181
0.01,397
0.01,251
0.01,436
0.01,469
0.01,799
0.01,716
0.01,311
0.01,358
0.01,452
0.01,813
0.01,635
0.01,502
0.01,2
0.01,823
0.01,133
0.01,33
0.01,147
0.01,71
0.01,53
0.01,861
0.01,177
0.01,713
0.01,265
0.01,99
0.01,280
0.01,428
0.01,626
0.01,568
0.01,59
0.01,541
0.01,306
0.01,726
0.01,164
0.01,146
0.01,79
0.01,692
0.01,10
0.01,560
0.01,182
0.01,271
0.01,495
0.01,329
0.01,307
0.01,718
0.01,565
0.01,281
0.01,1005
0.01,1110
0.01,69
0.01,220
0.01,173
0.01,823
0.01,201
0.01,481
0.01,607
0.01,385
0.01,489
0.01,389
0.01,492
0.01,64
0.01,291
0.01,917
0.01,217
0.01,595
0.01,687
0.01,398
0.01,597
0.01,230
0.01,599
0.01,223
0.01,150
0.01,274
0.01,152
0.01,276
0.01,177
0.01,166
0.01,396
0.01,261
0.01,316
0.01,420
0.01,770
0.01,496
0.01,386
0.01,384
0.01,490
0.01,341
0.01,248
0.01,279
0.01,200
0.01,427
0.01,486
0.01,1013
0.01,631
0.01,460
0.01,626
0.01,194
0.01,222
0.01,483
0.01,25
0.01,571
0.01,559
0.01,147
0.01,79
0.01,43
0.01,52
0.01,423
0.01,438
0.01,468
0.01,573
0.01,716
0.01,134
0.01,908
0.01,242
0.01,500
0.01,201
0.01,313
0.01,185
0.01,206
0.01,236
0.01,425
0.01,120
0.01,255
0.01,301
0.01,271
0.01,62
0.01,487
0.01,57
0.01,506
0.01,641
0.01,635
0.01,491
0.01,20
0.01,720
0.01,510
0.01,388
0.01,28
0.01,640
0.01,31
0.01,356
0.01,1035
0.01,405
0.01,65
0.01,398
0.01,73
0.01,106
0.01,212
0.01,815
0.01,886
0.01,585
0.01,855
0.01,156
0.01,429
0.01,159
0.01,146
0.01,815
0.01,127
0.01,799
0.01,816
0.01,53
0.01,509
0.01,711
0.01,33
0.01,467
0.01,851
0.01,1010
0.01,44
0.01,70
0.01,908
0.01,915
0.01,419
0.01,154
0.01,83
0.01,327
0.01,520
0.01,378
0.01,82
0.01,546
0.01,808
0.01,201
0.01,443
0.01,355
0.01,90
0.01,332
0.01,44
0.01,614
0.01,845
0.01,979
0.01,140
0.01,562
0.01,327
0.01,218
0.01,473
0.01,42
0.01,800
0.01,826
0.01,618
0.01,654
0.01,268
0.01,249
0.01,405
0.01,196
0.01,763
0.01,224
0.01,462
0.01,455
0.01,144
0.01,357
0.01,32
0.01,203
0.01,224
0.01,385
0.01,230
0.01,549
0.01,733
0.01,38
0.01,218
0.01,812
0.01,576
0.01,470
0.01,647
0.01,234
0.01,386
0.01,354
0.01,493
0.01,145
0.01,410
0.01,295
0.01,466
0.01,294
0.01,214
0.01,210
0.01,228
0.01,220
0.01,197
0.01,691
0.01,881
0.01,557
0.01,741
0.01,27
0.01,757
0.01,554
0.01,582
0.01,223
0.01,365
0.01,1009
0.01,536
0.01,312
0.01,806
0.01,80
0.01,203
0.01,444
0.01,412
0.01,1017
0.01,290
0.01,297
0.01,1075
0.01,420
0.01,591
0.01,198
0.01,242
0.01,226
0.01,608
0.01,60
0.01,429
0.01,417
0.01,577
0.01,348
0.01,88
0.01,80
0.01,196
0.01,898
0.01,991
0.01,563
0.01,180
0.01,618
0.01,1207
0.01,970
0.01,26
0.01,54
0.01,292
0.01,2
0.01,485
0.01,206
0.01,143
0.01,164
0.01,164
0.01,332
0.01,358
0.01,16
0.01,318
0.01,184
0.01,846
0.01,452
0.01,359
0.01,724
0.01,4
0.01,414
0.01,106
0.01,118
0.01,322
0.01,405
0.01,533
0.01,970
0.01,956
0.01,196
0.01,143
0.01,179
0.01,1129
0.01,71
0.01,98
0.01,403
0.01,191
0.01,182
0.01,230
0.01,56
0.01,509
0.01,234
0.01,998
0.01,297
0.01,542
0.01,265
0.01,768
0.01,551
0.01,772
0.01,478
0.01,629
0.01,447
0.01,85
0.01,448
0.01,1056
0.01,513
0.01,462
0.01,508
0.01,80
0.01,37
0.01,223
0.01,412
0.01,716
0.01,627
0.01,64
0.01,925
0.01,681
0.01,517
0.01,389
0.01,372
0.01,272
0.01,666
0.01,524
0.01,95
0.01,262
0.01,284
0.01,794
0.01,607
0.01,337
0.01,897
0.01,419
0.01,179
0.01,1004
0.01,237
0.01,527
0.01,890
0.01,308
0.01,191
0.01,671
0.01,775
0.01,219
0.01,161
0.01,76
0.01,611
0.01,557
0.01,251
0.01,647
0.01,31
0.01,38
0.01,328
0.01,735
0.01,370
0.01,405
0.01,442
0.01,707
0.01,685
0.01,925
0.01,862
0.01,11
0.01,664
0.01,28
0.01,1017
0.01,133
0.01,91
0.01,692
0.01,483
0.01,267
0.01,172
0.01,724
0.01,239
0.01,76
0.01,316
0.01,74
0.01,1057
0.01,398
0.01,544
0.01,34
0.01,154
0.01,1018
0.01,332
0.01,347
0.01,26
0.01,247
0.01,6
0.01,18
0.01,170
0.01,1105
0.01,410
0.01,436
0.01,198
0.01,475
0.01,106
0.01,388
0.01,291
0.01,397
0.01,69
0.01,788
0.01,204
0.01,642
0.01,281
0.01,286
0.01,621
0.01,739
0.01,554
0.01,404
0.01,1076
0.01,1009
0.01,111
0.01,322
0.01,395
0.01,681
0.01,794
0.01,125
0.01,179
0.01,406
0.01,781
0.01,198
0.01,504
0.01,554
0.01,388
0.01,550
0.01,633
0.01,24
0.01,129
0.01,1011
0.01,240
0.01,240
0.01,192
0.01,10
0.01,637
0.01,127
0.01,746
0.01,481
0.01,585
0.01,555
0.01,654
0.01,610
0.01,98
0.01,523
0.01,308
0.01,160
0.01,267
0.01,95
0.01,285
0.01,70
0.01,362
0.01,309
0.01,25
0.01,315
0.01,484
0.01,50
0.01,683
0.01,273
0.01,520
0.01,23
0.01,181
0.01,415
0.01,499
0.01,423
0.01,566
0.01,428
0.01,917
0.01,192
0.01,894
0.01,465
0.01,340
0.01,80
0.01,844
0.01,286
0.01,272
0.01,616
0.01,19
0.01,289
0.01,358
0.01,195
0.01,236
0.01,294
0.01,217
0.01,808
0.01,283
0.01,959
0.01,361
0.01,840
0.01,269
0.01,649
0.01,161
0.01,625
0.01,422
0.01,48
0.01,76
0.01,596
0.01,611
0.01,133
0.01,719
0.01,169
0.01,774
0.01,241
0.01,726
0.01,607
0.01,167
0.01,9
0.01,300
0.01,119
0.01,207
0.01,268
0.01,4
0.01,172
0.01,536
0.01,350
0.01,411
0.01,492
0.01,490
0.01,662
0.01,22
0.01,1134
0.01,41
0.01,363
0.01,489
0.01,128
0.01,573
0.01,471
0.01,20
0.01,324
0.01,597
0.01,223
0.01,372
0.01,210
0.01,120
0.01,347
0.01,805
0.01,52
0.01,316
0.01,361
0.01,274
0.01,1094
0.01,548
0.01,65
0.01,240
0.01,168
0.01,849
0.01,846
0.01,729
0.01,764
0.01,428
0.01,9
0.01,910
0.01,154
0.01,499
0.01,279
0.01,72
0.01,763
0.01,154
0.01,762
0.01,756
0.01,123
0.01,229
0.01,191
0.01,14
0.01,92
0.01,684
0.01,437
0.01,121
0.01,524
0.01,560
0.01,429
0.01,423
0.01,298
0.01,301
0.01,657
0.01,612
0.01,251
0.01,403
0.01,110
0.01,108
0.01,741
0.01,1058
0.01,228
0.01,131
0.01,470
0.01,207
0.01,460
0.01,140
0.01,212
0.01,7
0.01,21
0.01,59
0.01,593
0.01,417
0.01,1137
0.01,219
0.01,229
0.01,637
0.01,559
0.01,821
0.01,257
0.01,295
0.01,598
0.01,32
0.01,34
0.01,195
0.01,112
0.01,447
0.01,419
0.01,440
0.01,1224
0.01,472
0.01,835
0.01,390
0.01,121
0.01,289
0.01,559
0.01,410
0.01,370
0.01,710
0.01,593
0.01,64
0.01,258
0.01,373
0.01,489
0.01,353
0.01,20
0.01,147
0.01,91
0.01,122
0.01,93
0.01,582
0.01,330
0.01,462
0.01,308
0.01,176
0.01,909
0.01,321
0.01,507
0.01,898
0.01,419
0.01,115
0.01,948
0.01,377
0.01,54
0.01,40
0.01,538
0.01,25
0.01,611
0.01,514
0.01,14
0.01,112
0.01,94
0.01,626
0.01,217
0.01,1131
0.01,371
0.01,159
0.01,529
0.01,289
0.01,367
0.01,651
0.01,447
0.01,453
0.01,397
0.01,556
0.01,470
0.01,388
0.01,38
0.01,15
0.01,64
0.01,592
0.01,99
0.01,132
0.01,1217
0.01,784
0.01,434
0.01,559
0.01,61
0.01,846
0.01,637
0.01,261
0.01,708
0.01,840
0.01,20
0.01,651
0.01,597
0.01,174
0.01,158
0.01,849
0.01,70
0.01,42
0.01,500
0.01,439
0.01,117
0.01,264
0.01,92
0.01,114
0.01,431
0.01,360
0.01,589
0.01,225
0.01,708
0.01,226
0.01,374
0.01,699
0.01,200
0.01,1109
0.01,116
0.01,149
0.01,477
0.01,915
0.01,961
0.01,590
0.01,126
0.01,611
0.01,188
0.01,68
0.01,715
0.01,546
0.01,623
0.01,753
0.01,1198
0.01,790
0.01,408
0.01,1001
0.01,298
0.01,627
0.01,89
0.01,524
0.01,685
0.01,465
0.01,712
0.01,293
0.01,180
0.01,254
0.01,578
0.01,837
0.01,77
0.01,853
0.01,85
0.01,764
0.01,901
0.01,653
0.01,346
0.01,563
0.01,44
0.01,452
0.01,86
0.01,557
0.01,305
0.01,524
0.01,328
0.01,322
0.01,499
0.01,578
0.01,84
0.01,102
0.01,183
0.01,165
0.01,111
0.01,476
0.01,441
0.01,44
0.01,739
0.01,894
0.01,216
0.01,292
0.01,647
0.01,233
0.01,20
0.01,198
0.01,160
0.01,419
0.01,784
0.01,391
0.01,346
0.01,1106
0.01,1155
0.01,513
0.01,365
0.01,589
0.01,42
0.01,526
0.01,65
0.01,360
0.01,623
0.01,268
0.01,422
0.01,203
0.01,744
0.01,106
0.01,38
0.01,736
0.01,1005
0.01,219
0.01,471
0.01,846
0.01,1041
0.01,648
0.01,532
0.01,289
0.01,148
0.01,42
0.01,139
0.01,247
0.01,678
0.01,157
0.01,42
0.01,588
0.01,287
0.01,444
0.01,351
0.01,888
0.01,523
0.01,185
0.01,1117
0.01,347
0.01,1149
0.01,754
0.01,693
0.01,177
0.01,669
0.01,146
0.01,506
0.01,1153
0.01,927
0.01,106
0.01,570
0.01,3
0.01,118
0.01,579
0.01,241
0.01,496
0.01,754
0.01,109
0.01,444
0.01,542
0.01,151
0.01,185
0.01,113
0.01,492
0.01,154
0.01,1061
0.01,487
0.01,314
0.01,557
0.01,208
0.01,364
0.01,575
0.01,871
0.01,535
0.01,182
0.01,773
0.01,134
0.01,453
0.01,537
0.01,316
0.01,25
0.01,766
0.01,875
0.01,540
0.01,201
0.01,239
0.01,524
0.01,702
0.01,662
0.01,30
0.01,50
0.01,485
0.01,22
0.01,620
0.01,84
0.01,339
0.01,437
0.01,248
0.01,142
0.01,107
0.01,242
0.01,425
0.01,524
0.01,503
0.01,667
0.01,282
0.01,18
0.01,270
0.01,545
0.01,242
0.01,140
0.01,600
0.01,313
0.01,52
0.01,10
0.01,211
0.01,560
0.01,264
0.01,490
0.01,265
0.01,143
0.01,273
0.01,229
0.01,643
0.01,8
0.01,756
0.01,426
0.01,291
0.01,519
0.01,145
0.01,45
0.01,65
0.01,69
0.01,990
0.01,169
0.01,183
0.01,467
0.01,274
0.01,34
0.01,358
0.01,556
0.01,470
0.01,702
0.01,227
0.01,292
0.01,1083
0.01,233
0.01,386
0.01,429
0.01,63
0.01,271
0.01,451
0.01,173
0.01,29
0.01,75
0.01,120
0.01,416
0.01,186
0.01,64
0.01,200
0.01,549
0.01,631
0.01,740
0.01,334
0.01,78
0.01,579
0.01,714
0.01,429
0.01,812
0.01,497
0.01,238
0.01,518
0.01,579
0.01,339
0.01,378
0.01,680
0.01,1001
0.01,1056
0.01,309
0.01,393
0.01,364
0.01,664
0.01,390
0.01,60
0.01,404
