0.0004,4
0.0004,43
0.0004,3
0.0004,4
0.0004,10
0.0004,10
0.0004,1
0.0004,1
0.0004,14
0.0004,1
0.0004,20
0.0004,1
0.0004,11
0.0004,6
0.0004,6
0.0004,42
0.0004,1
0.0004,7
0.0004,13
0.0004,9
0.0004,1
0.0004,12
0.0004,3
0.0004,1
0.0004,2
0.0004,6
0.0004,5
0.0004,18
0.0004,14
0.0004,16
0.0004,26
0.0004,1
0.0004,6
0.0004,1
0.0004,4
0.0004,17
0.0004,6
0.0004,20
0.0004,7
0.0004,2
0.0004,17
0.0004,16
0.0004,2
0.0004,8
0.0004,1
0.0004,5
0.0004,9
0.0004,4
0.0004,30
0.0004,1
0.0004,8
0.0004,2
0.0004,21
0.0004,10
0.0004,3
0.0004,3
0.0004,1
0.0004,37
0.0004,3
0.0004,5
0.0004,7
0.0004,1
0.0004,13
0.0004,8
0.0004,10
0.0004,8
0.0004,2
0.0004,4
0.0004,8
0.0004,5
0.0004,7
0.0004,4
0.0004,43
0.0004,9
0.0004,7
0.0004,11
0.0004,1
0.0004,8
0.0004,7
0.0004,2
0.0004,2
0.0004,6
0.0004,5
0.0004,7
0.0004,13
0.0004,11
0.0004,18
0.0004,4
0.0004,18
0.0004,4
0.0004,1
0.0004,18
0.0004,17
0.0004,1
0.0004,17
0.0004,6
0.0004,5
0.0004,7
0.0004,10
0.0004,17
0.0004,7
0.0004,13
0.0004,15
0.0004,14
0.0004,1
0.0004,3
0.0004,1
0.0004,2
0.0004,4
0.0004,27
0.0004,5
0.0004,1
0.0004,2
0.0004,7
0.0004,20
0.0004,8
0.0004,6
0.0004,10
0.0004,10
0.0004,2
0.0004,6
0.0004,7
0.0004,7
0.0004,12
0.0004,15
0.0004,7
0.0004,2
0.0004,8
0.0004,3
0.0004,10
0.0004,2
0.0004,7
0.0004,10
0.0004,4
0.0004,2
0.0004,1
0.0004,6
0.0004,15
0.0004,4
0.0004,5
0.0004,13
0.0004,8
0.0004,3
0.0004,20
0.0004,9
0.0004,51
0.0004,14
0.0004,3
0.0004,18
0.0004,11
0.0004,12
0.0004,11
0.0004,15
0.0004,12
0.0004,3
0.0004,4
0.0004,6
0.0004,4
0.0004,17
0.0004,15
0.0004,17
0.0004,18
0.0004,5
0.0004,26
0.0004,7
0.0004,6
0.0004,37
0.0004,2
0.0004,7
0.0004,9
0.0004,1
0.0004,6
0.0004,7
0.0004,2
0.0004,6
0.0004,6
0.0004,2
0.0004,14
0.0004,18
0.0004,10
0.0004,10
0.0004,6
0.0004,41
0.0004,13
0.0004,37
0.0004,25
0.0004,1
0.0004,7
0.0004,29
0.0004,10
0.0004,14
0.0004,1
0.0004,8
0.0004,6
0.0004,4
0.0004,9
0.0004,8
0.0004,19
0.0004,8
0.0004,1
0.0004,6
0.0004,4
0.0004,2
0.0004,2
0.0004,14
0.0004,14
0.0004,20
0.0004,9
0.0004,1
0.0004,2
0.0004,24
0.0004,1
0.0004,18
0.0004,1
0.0004,34
0.0004,2
0.0004,3
0.0004,15
0.0004,2
0.0004,1
0.0004,21
0.0004,9
0.0004,3
0.0004,3
0.0004,6
0.0004,5
0.0004,15
0.0004,1
0.0004,7
0.0004,11
0.0004,12
0.0004,6
0.0004,7
0.0004,19
0.0004,3
0.0004,1
0.0004,6
0.0004,3
0.0004,4
0.0004,8
0.0004,16
0.0004,1
0.0004,19
0.0004,2
0.0004,14
0.0004,6
0.0004,1
0.0004,5
0.0004,10
0.0004,8
0.0004,21
0.0004,5
0.0004,3
0.0004,22
0.0004,23
0.0004,8
0.0004,22
0.0004,4
0.0004,21
0.0004,12
0.0004,4
0.0004,6
0.0004,5
0.0004,2
0.0004,2
0.0004,5
0.0004,29
0.0004,10
0.0004,6
0.0004,4
0.0004,9
0.0004,2
0.0004,1
0.0004,1
0.0004,6
0.0004,10
0.0004,6
0.0004,14
0.0004,6
0.0004,2
0.0004,10
0.0004,36
0.0004,2
0.0004,2
0.0004,9
0.0004,4
0.0004,16
0.0004,5
0.0004,46
0.0004,20
0.0004,34
0.0004,26
0.0004,34
0.0004,2
0.0004,4
0.0004,33
0.0004,3
0.0004,16
0.0004,3
0.0004,23
0.0004,13
0.0004,11
0.0004,3
0.0004,5
0.0004,8
0.0004,3
0.0004,2
0.0004,6
0.0004,13
0.0004,35
0.0004,5
0.0004,11
0.0004,10
0.0004,2
0.0004,6
0.0004,8
0.0004,7
0.0004,12
0.0004,3
0.0004,8
0.0004,2
0.0004,10
0.0004,2
0.0004,3
0.0004,13
0.0004,13
0.0004,3
0.0004,13
0.0004,7
0.0004,1
0.0004,1
0.0004,22
0.0004,44
0.0004,4
0.0004,7
0.0004,6
0.0004,3
0.0004,13
0.0004,7
0.0004,2
0.0004,1
0.0004,3
0.0004,26
0.0004,16
0.0004,13
0.0004,3
0.0004,3
0.0004,18
0.0004,16
0.0004,4
0.0004,1
0.0004,8
0.0004,3
0.0004,3
0.0004,1
0.0004,1
0.0004,1
0.0004,9
0.0004,2
0.0004,4
0.0004,1
0.0004,8
0.0004,18
0.0004,14
0.0004,1
0.0004,13
0.0004,16
0.0004,2
0.0004,9
0.0004,24
0.0004,5
0.0004,7
0.0004,18
0.0004,3
0.0004,3
0.0004,18
0.0004,2
0.0004,5
0.0004,2
0.0004,1
0.0004,4
0.0004,9
0.0004,3
0.0004,13
0.0004,29
0.0004,12
0.0004,4
0.0004,17
0.0004,12
0.0004,16
0.0004,7
0.0004,2
0.0004,8
0.0004,2
0.0004,4
0.0004,3
0.0004,1
0.0004,6
0.0004,18
0.0004,9
0.0004,1
0.0004,4
0.0004,16
0.0004,24
0.0004,16
0.0004,1
0.0004,6
0.0004,4
0.0004,4
0.0004,17
0.0004,9
0.0004,4
0.0004,17
0.0004,4
0.0004,6
0.0004,19
0.0004,3
0.0004,1
0.0004,2
0.0004,28
0.0004,7
0.0004,6
0.0004,23
0.0004,34
0.0004,12
0.0004,6
0.0004,30
0.0004,18
0.0004,16
0.0004,6
0.0004,12
0.0004,10
0.0004,2
0.0004,21
0.0004,3
0.0004,3
0.0004,28
0.0004,6
0.0004,35
0.0004,10
0.0004,3
0.0004,2
0.0004,12
0.0004,7
0.0004,33
0.0004,1
0.0004,14
0.0004,7
0.0004,14
0.0004,2
0.0004,12
0.0004,10
0.0004,1
0.0004,4
0.0004,13
0.0004,9
0.0004,14
0.0004,10
0.0004,5
0.0004,3
0.0004,3
0.0004,6
0.0004,1
0.0004,5
0.0004,2
0.0004,2
0.0004,7
0.0004,3
0.0004,2
0.0004,5
0.0004,25
0.0004,1
0.0004,9
0.0004,13
0.0004,8
0.0004,1
0.0004,4
0.0004,14
0.0004,11
0.0004,10
0.0004,20
0.0004,4
0.0004,12
0.0004,6
0.0004,2
0.0004,12
0.0004,5
0.0004,1
0.0004,7
0.0004,2
0.0004,3
0.0004,5
0.0004,16
0.0004,11
0.0004,2
0.0004,22
0.0004,32
0.0004,8
0.0004,17
0.0004,12
0.0004,6
0.0004,2
0.0004,1
0.0004,6
0.0004,28
0.0004,32
0.0004,2
0.0004,4
0.0004,6
0.0004,8
0.0004,5
0.0004,7
0.0004,16
0.0004,2
0.0004,8
0.0004,4
0.0004,8
0.0004,12
0.0004,18
0.0004,2
0.0004,4
0.0004,5
0.0004,12
0.0004,9
0.0004,16
0.0004,17
0.0004,10
0.0004,6
0.0004,1
0.0004,1
0.0004,4
0.0004,15
0.0004,1
0.0004,6
0.0004,4
0.0004,10
0.0004,10
0.0004,1
0.0004,6
0.0004,20
0.0004,5
0.0004,3
0.0004,2
0.0004,1
0.0004,16
0.0004,2
0.0004,4
0.0004,7
0.0004,2
0.0004,11
0.0004,9
0.0004,7
0.0004,10
0.0004,4
0.0004,19
0.0004,4
0.0004,7
0.0004,7
0.0004,8
0.0004,9
0.0004,2
0.0004,1
0.0004,11
0.0004,17
0.0004,22
0.0004,3
0.0004,2
0.0004,16
0.0004,15
0.0004,6
0.0004,10
0.0004,8
0.0004,17
0.0004,13
0.0004,8
0.0004,7
0.0004,3
0.0004,22
0.0004,5
0.0004,14
0.0004,5
0.0004,23
0.0004,4
0.0004,8
0.0004,8
0.0004,19
0.0004,4
0.0004,3
0.0004,2
0.0004,5
0.0004,6
0.0004,4
0.0004,3
0.0004,14
0.0004,9
0.0004,15
0.0004,11
0.0004,5
0.0004,9
0.0004,3
0.0004,10
0.0004,19
0.0004,3
0.0004,5
0.0004,21
0.0004,7
0.0004,26
0.0004,8
0.0004,42
0.0004,10
0.0004,13
0.0004,6
0.0004,4
0.0004,11
0.0004,3
0.0004,10
0.0004,1
0.0004,11
0.0004,7
0.0004,20
0.0004,11
0.0004,2
0.0004,10
0.0004,7
0.0004,15
0.0004,5
0.0004,21
0.0004,4
0.0004,2
0.0004,18
0.0004,6
0.0004,10
0.0004,5
0.0004,11
0.0004,1
0.0004,2
0.0004,7
0.0004,2
0.0004,2
0.0004,1
0.0004,5
0.0004,5
0.0004,1
0.0004,3
0.0004,15
0.0004,4
0.0004,25
0.0004,7
0.0004,11
0.0004,5
0.0004,14
0.0004,6
0.0004,5
0.0004,37
0.0004,1
0.0004,9
0.0004,7
0.0004,2
0.0004,14
0.0004,21
0.0004,3
0.0004,6
0.0004,7
0.0004,1
0.0004,16
0.0004,1
0.0004,31
0.0004,17
0.0004,15
0.0004,2
0.0004,2
0.0004,6
0.0004,5
0.0004,10
0.0004,9
0.0004,6
0.0004,22
0.0004,5
0.0004,11
0.0004,3
0.0004,7
0.0004,3
0.0004,24
0.0004,1
0.0004,6
0.0004,7
0.0004,18
0.0004,30
0.0004,15
0.0004,13
0.0004,1
0.0004,10
0.0004,8
0.0004,2
0.0004,1
0.0004,4
0.0004,8
0.0004,3
0.0004,1
0.0004,11
0.0004,4
0.0004,6
0.0004,1
0.0004,1
0.0004,3
0.0004,25
0.0004,2
0.0004,18
0.0004,5
0.0004,2
0.0004,10
0.0004,4
0.0004,2
0.0004,2
0.0004,13
0.0004,5
0.0004,7
0.0004,4
0.0004,21
0.0004,14
0.0004,2
0.0004,11
0.0004,6
0.0004,10
0.0004,3
0.0004,2
0.0004,1
0.0004,33
0.0004,7
0.0004,28
0.0004,5
0.0004,1
0.0004,8
0.0004,2
0.0004,9
0.0004,18
0.0004,7
0.0004,2
0.0004,4
0.0004,20
0.0004,5
0.0004,4
0.0004,24
0.0004,20
0.0004,3
0.0004,4
0.0004,2
0.0004,3
0.0004,7
0.0004,12
0.0004,1
0.0004,4
0.0004,2
0.0004,44
0.0004,8
0.0004,27
0.0004,3
0.0004,5
0.0004,4
0.0004,3
0.0004,2
0.0004,6
0.0004,7
0.0004,7
0.0004,22
0.0004,16
0.0004,7
0.0004,3
0.0004,5
0.0004,10
0.0004,2
0.0004,5
0.0004,14
0.0004,6
0.0004,4
0.0004,2
0.0004,1
0.0004,4
0.0004,11
0.0004,2
0.0004,3
0.0004,12
0.0004,1
0.0004,11
0.0004,10
0.0004,30
0.0004,8
0.0004,27
0.0004,21
0.0004,5
0.0004,1
0.0004,3
0.0004,7
0.0004,1
0.0004,14
0.0004,14
0.0004,2
0.0004,12
0.0004,12
0.0004,20
0.0004,21
0.0004,3
0.0004,14
0.0004,9
0.0004,5
0.0004,2
0.0004,8
0.0004,33
0.0004,12
0.0004,14
0.0004,9
0.0004,23
0.0004,1
0.0004,8
0.0004,3
0.0004,16
0.0004,10
0.0004,3
0.0004,16
0.0004,10
0.0004,18
0.0004,11
0.0004,20
0.0004,3
0.0004,5
0.0004,1
0.0004,1
0.0004,12
0.0004,10
0.0004,22
0.0004,16
0.0004,5
0.0004,5
0.0004,3
0.0004,2
0.0004,4
0.0004,8
0.0004,1
0.0004,4
0.0004,1
0.0004,1
0.0004,4
0.0004,3
0.0004,1
0.0004,1
0.0004,25
0.0004,6
0.0004,9
0.0004,16
0.0004,2
0.0004,2
0.0004,1
0.0004,12
0.0004,3
0.0004,10
0.0004,17
0.0004,7
0.0004,6
0.0004,2
0.0004,27
0.0004,23
0.0004,3
0.0004,2
0.0004,1
0.0004,6
0.0004,4
0.0004,9
0.0004,21
0.0004,5
0.0004,3
0.0004,11
0.0004,16
0.0004,10
0.0004,5
0.0004,3
0.0004,8
0.0004,5
0.0004,27
0.0004,10
0.0004,38
0.0004,7
0.0004,6
0.0004,6
0.0004,13
0.0004,5
0.0004,3
0.0004,24
0.0004,3
0.0004,4
0.0004,7
0.0004,1
0.0004,2
0.0004,31
0.0004,12
0.0004,5
0.0004,8
0.0004,4
0.0004,11
0.0004,4
0.0004,5
0.0004,25
0.0004,8
0.0004,29
0.0004,5
0.0004,1
0.0004,5
0.0004,4
0.0004,5
0.0004,2
0.0004,6
0.0004,16
0.0004,6
0.0004,34
0.0004,17
0.0004,2
0.0004,26
0.0004,14
0.0004,3
0.0004,3
0.0004,19
0.0004,1
0.0004,21
0.0004,13
0.0004,17
0.0004,3
0.0004,15
0.0004,14
0.0004,1
0.0004,1
0.0004,1
0.0004,7
0.0004,5
0.0004,5
0.0004,13
0.0004,5
0.0004,26
0.0004,4
0.0004,2
0.0004,6
0.0004,5
0.0004,15
0.0004,4
0.0004,1
0.0004,6
0.0004,13
0.0004,6
0.0004,4
0.0004,1
0.0004,1
0.0004,1
0.0004,9
0.0004,3
0.0004,12
0.0004,22
0.0004,3
0.0004,9
0.0004,14
0.0004,9
0.0004,5
0.0004,1
0.0004,25
0.0004,14
0.0004,3
0.0004,6
0.0004,15
0.0004,43
0.0004,33
0.0004,7
0.0004,2
0.0004,11
0.0004,4
0.0004,1
0.0004,12
0.0004,4
0.0004,7
0.0004,20
0.0004,2
0.0004,9
0.0004,8
0.0004,12
0.0004,2
0.0004,6
0.0004,19
0.0004,21
0.0004,3
0.0004,27
0.0004,7
0.0004,1
0.0004,14
0.0004,13
0.0004,13
0.0004,20
0.0004,5
0.0004,7
0.0004,2
0.0004,4
0.0004,11
0.0004,4
0.0004,12
0.0004,22
