42.731
32.5437
7.40903
7.16867
27.2451
27.1876
28.2671
8.56164
48.314
44.1757
7.06827
39.9245
28.6867
7.02854
24.2175
31.6869
7.47515
27.3502
35.5139
28.877
48.6087
31.4279
41.2268
25.4862
7.36832
36.9331
7.12508
25.7484
7.17353
7.28361
25.5907
36.3934
31.1549
7.01171
39.399
14.6714
7.0859
65.0089
40.0821
32.3955
16.8743
33.0374
29.1862
41.0832
21.5093
33.0683
32.4245
35.9389
7.05719
11.2849
33.1113
7.23868
32.4658
28.0107
7.00323
33.4645
39.7851
23.5472
27.2347
7.3843
7.03889
41.0108
7.90747
30.9324
34.3925
39.7804
33.3195
7.11293
7.13797
32.3151
7.08028
42.8942
34.1711
37.6585
29.0168
12.0932
7.11819
35.0023
15.5051
7.05597
37.5478
7.20232
32.9927
7.22912
38.4979
7.62291
47.072
7.02175
34.8746
31.0329
34.7785
24.5588
7.13759
28.6603
7.41667
34.7863
32.4873
41.8011
24.8481
21.4896
41.0281
42.6896
7.54289
36.7093
7.13126
7.05255
43.9896
32.5961
18.1034
40.875
7.10038
26.7005
7.01686
27.079
38.8718
38.3435
30.6532
50.8654
32.2052
7.05346
44.5529
46.8914
33.2479
44.7396
45.4103
7.28537
34.4902
39.2794
43.2656
7.07329
19.974
7.19824
37.6406
25.4043
31.0867
37.8881
7.03081
25.9338
39.5624
7.40959
40.7531
42.9918
28.137
47.16
7.22536
30.515
27.7687
24.6852
25.8165
13.0909
7.22555
23.9445
25.2445
39.7499
7.28999
29.0578
32.4983
38.216
7.13923
17.6789
28.3289
35.3227
25.6098
29.1026
36.3139
33.0184
7.27115
33.3906
18.5356
44.2531
43.2144
24.9124
7.26903
7.36488
33.7578
7.60271
33.0614
7.11419
48.2449
36.9696
40.1455
7.142
26.8521
29.3769
45.475
23.8009
45.2214
49.2687
7.0764
32.6625
24.4229
7.0544
39.498
34.8748
33.4413
23.6085
32.4171
24.1954
44.9172
28.1219
35.1063
38.8848
32.2542
34.53
28.5195
7.17743
36.842
44.6513
7.04039
35.5008
29.5237
8.11003
33.0213
7.07675
29.5241
37.7391
45.7514
25.4819
37.3846
34.6262
50.7099
40.3629
38.6814
34.2571
37.8784
35.51
21.3318
36.2716
37.0577
34.2516
7.33648
30.5355
7.11215
41.4051
7.01849
7.23243
7.00913
7.1835
28.2199
32.1672
36.1464
7.54773
7.01835
33.993
7.69981
39.9533
7.41311
22.5674
50.8292
7.12008
34.287
43.7328
7.43898
7.12467
43.545
7.07447
7.02034
48.0091
7.05933
34.015
28.6188
7.62181
26.4707
32.4789
7.32667
7.03574
7.18736
35.6146
41.7853
27.015
7.40219
7.7029
35.8587
30.0021
31.2034
34.9471
26.7652
7.00588
7.1999
39.9525
27.8492
7.22026
33.7464
7.144
7.03768
35.8066
33.2142
7.64492
40.253
7.15456
48.8544
36.4375
7.05275
33.7395
25.4208
29.7017
7.11489
7.10652
29.4198
40.6303
7.05742
7.16177
42.2099
7.05405
7.04066
22.5281
7.098
26.2641
7.07223
31.3401
34.2136
35.0515
34.2133
7.1189
39.2806
40.1998
7.0693
11.957
18.5047
42.1759
41.1417
25.9233
7.01618
7.12781
7.04203
7.07994
7.00045
7.03973
19.2721
7.29621
7.00294
7.34141
30.244
26.426
43.4439
40.6829
21.4882
7.03662
7.0621
7.48436
32.548
30.009
44.3685
41.8716
59.9554
47.0152
22.8724
35.2387
7.16205
17.8746
23.6153
23.0155
40.4161
7.15537
40.6254
7.43348
26.5202
28.759
39.0086
27.1918
31.1227
32.8018
7.13382
7.58718
44.7908
34.7403
27.372
7.02315
43.8243
26.2693
30.1644
7.03732
42.4196
7.60282
7.12404
42.0419
33.0292
39.2507
7.19879
34.5379
30.1675
23.7922
7.02973
23.727
7.02235
47.3648
32.4225
42.2729
26.5655
29.8738
24.0937
43.058
25.972
7.23458
23.9022
7.46238
31.7555
7.48292
7.25603
25.3484
21.5051
31.187
7.19448
7.12123
7.21055
7.50291
33.1198
7.38019
29.8144
24.0189
37.3082
39.3134
7.2205
30.6126
7.25601
7.19191
29.982
36.1429
26.9334
19.6091
7.20821
20.9511
34.9862
28.7526
7.42446
8.7452
43.4888
7.14019
35.5336
39.5797
7.0447
36.0612
20.6236
29.7485
33.7732
27.1548
48.588
33.8262
47.4706
7.03785
32.4649
27.774
7.21132
36.7262
31.8644
34.4174
7.77327
42.077
7.01759
7.09785
31.5873
7.56152
29.6409
26.4573
41.1769
8.42114
34.736
7.22138
34.5544
32.2228
26.1869
28.236
7.05067
30.0799
33.0197
7.09034
22.2265
24.7154
7.01357
7.24366
36.1116
7.16248
7.62436
31.1876
35.8023
30.1156
48.0675
44.6
7.06469
32.5533
18.0236
31.6831
7.06572
7.21719
7.07527
31.1001
39.0453
39.9836
35.0696
7.04308
7.34972
7.52073
7.11373
39.5943
7.15859
7.28464
7.00705
7.24486
24.2026
38.3557
7.19719
34.5853
32.7418
29.9704
7.0347
22.2801
7.03695
25.66
41.3602
7.0316
7.01264
7.01384
34.2322
37.1775
7.02596
41.3886
25.5671
7.05802
30.9297
7.08499
30.2741
30.4588
30.2452
7.06003
33.012
28.4838
7.1053
62.0221
27.9479
14.684
63.789
66.0182
7.38326
7.11337
33.8835
27.5982
34.7601
30.8412
41.2173
43.9423
49.788
7.42478
7.24546
28.2295
7.01428
40.5769
7.51759
36.6763
7.00442
27.0689
7.32771
40.5482
32.6807
36.6349
7.03521
7.35541
46.8523
31.7605
7.18449
7.09797
19.7138
44.9767
38.3374
43.1383
26.7312
7.82474
35.6748
7.09184
45.12
27.397
77.9141
43.8869
7.24503
44.4689
37.135
29.5096
28.4781
7.02213
25.3487
42.2149
33.4737
28.8031
18.4949
7.05208
7.13868
7.0973
33.7835
27.204
7.15593
29.4876
33.5587
7.18892
24.8934
7.67877
7.07363
44.1645
36.3757
28.2312
28.3125
7.18093
7.05347
22.2575
7.08996
35.1597
50.9661
7.80408
28.3017
21.9546
41.2225
33.7332
50.873
7.11344
46.7332
32.485
40.3508
7.03913
7.36716
33.5239
31.9134
31.5734
37.4481
33.4252
28.8367
36.6717
33.0961
7.19511
7.22304
35.785
31.038
7.34712
8.69549
20.1748
7.29264
29.9663
35.2802
37.9403
31.4546
41.0116
36.8396
7.10238
39.9709
30.4672
7.39793
28.1856
34.1544
39.9447
7.15601
50.7535
48.0401
42.703
36.9419
42.4018
26.9697
41.4338
41.3597
7.09114
33.1302
7.53462
33.2597
33.2955
52.0424
30.5106
40.1491
7.30393
38.7344
37.9616
46.2032
7.15575
38.6595
8.38892
7.62265
57.9395
31.5069
7.28391
35.2329
28.0075
44.8185
47.5942
29.5846
7.07058
7.06202
37.266
30.7276
39.5803
32.1599
40.667
29.2854
7.66049
7.25518
38.4133
34.0225
16.338
44.4522
26.5356
7.07086
7.06851
12.7933
52.0787
7.074
7.23127
30.4446
29.8273
26.8085
49.6707
46.2775
30.5751
19.6838
51.1193
43.0392
34.5393
7.2682
35.7971
7.17385
7.1042
40.2546
7.04616
7.86394
22.6559
21.4891
7.0009
7.00062
7.02439
27.7557
36.956
36.1046
41.3588
30.729
36.0401
7.12737
36.6935
38.7982
7.07911
7.11481
32.8598
7.13792
22.1543
7.59192
33.5465
7.05124
41.161
7.08033
7.14709
7.38439
7.03854
37.5887
7.48
45.1001
7.07015
21.2236
36.6308
34.6804
7.15046
30.9531
34.1301
28.763
30.1954
7.18612
33.6311
31.3864
57.5572
39.8733
7.22814
56.9823
7.18222
22.0417
7.14684
39.3888
7.15168
7.13261
35.9952
35.052
27.0029
26.0892
7.02719
7.10082
43.6194
7.21505
44.1036
7.0396
27.6135
27.3236
24.1373
7.2581
7.10554
7.04423
34.844
38.1757
31.0537
41.4871
7.1697
40.7349
29.2518
37.8181
28.194
29.6552
7.36776
7.03589
28.5712
41.0177
47.1882
34.661
7.29955
41.3564
28.6087
32.504
7.13657
34.0137
37.3111
36.6012
25.6179
38.9093
34.3423
32.157
39.3858
27.7728
54.1501
53.4815
7.09013
7.00708
49.6077
32.553
23.3675
38.1519
7.07344
50.5883
35.2815
40.1179
30.5763
7.20375
51.1023
33.0348
7.20681
31.4871
7.54418
27.5379
37.4997
8.02465
7.02318
7.21134
30.6986
28.1952
27.8746
7.09668
35.7407
27.7773
30.5703
7.00455
39.7285
7.01278
7.05738
7.07686
42.631
40.3481
7.07485
7.13111
47.1885
33.0259
36.5867
31.1398
32.6894
31.3617
39.82
29.4895
7.04731
39.8182
7.22098
32.6748
34.576
33.8667
7.1493
32.5268
28.1825
41.4538
25.5228
37.3438
7.44212
7.05829
7.06295
26.3416
30.1048
36.385
7.13447
15.9824
34.2391
26.4524
7.04353
33.7423
25.8003
51.7135
26.4255
7.03989
7.19271
7.43235
24.0503
7.07524
7.0136
28.4032
27.0333
7.21115
34.4602
33.4807
7.23044
7.04613
36.6578
7.08899
26.1431
36.4797
30.7632
7.05418
33.7069
33.7949
7.03827
7.24684
7.33785
7.00238
28.1188
7.01779
7.20114
33.0195
31.2051
43.8961
48.0441
38.6512
43.0104
24.8121
35.8467
43.2744
36.416
36.7615
7.32009
37.2944
36.6434
22.1207
33.9318
35.7119
7.20691
49.7362
27.5759
7.06491
25.738
47.4057
37.5378
7.24349
7.2184
7.0569
7.38313
14.9986
7.08217
7.03621
37.2128
14.6999
36.5632
29.6649
7.41572
29.6511
7.68465
33.8684
32.3721
7.08787
29.5843
7.20515
7.41104
40.3648
7.04351
29.3734
7.39
22.3287
26.4231
7.07271
30.9537
61.9754
7.0097
35.6175
34.961
33.2809
40.3424
29.2241
22.7565
27.8425
27.011
7.02655
7.00978
7.07299
25.1278
8.15305
7.01885
41.7641
32.5494
8.11121
34.8215
28.3403
36.9259
7.40184
7.19689
7.19569
31.475
29.0279
7.24325
44.6089
7.08655
30.2103
7.1272
7.93751
7.54384
46.6157
28.0254
7.10673
7.00315
42.9609
28.9359
7.24155
32.906
7.27227
32.9818
27.0134
34.7658
7.10534
51.406
7.15452
39.9463
7.09923
20.2108
7.18294
26.808
37.3665
41.6173
17.7705
7.47983
29.3791
7.06304
46.1502
32.3876
35.2287
7.59037
26.9931
7.03578
34.6839
39.6494
35.061
39.5923
31.1121