0.02,36
0.02,1296
0.02,943
0.02,834
0.02,242
0.02,1129
0.02,1522
0.02,1126
0.02,1430
0.02,676
0.02,527
0.02,95
0.02,1430
0.02,45
0.02,1298
0.02,1092
0.02,1069
0.02,809
0.02,1194
0.02,1319
0.02,42
0.02,1315
0.02,770
0.02,1350
0.02,1306
0.02,1216
0.02,51
0.02,474
0.02,1280
0.02,1607
0.02,1430
0.02,1520
0.02,1558
0.02,626
0.02,1021
0.02,1368
0.02,41
0.02,1521
0.02,949
0.02,960
0.02,435
0.02,982
0.02,1364
0.02,5
0.02,1461
0.02,1503
0.02,1382
0.02,1000
0.02,1291
0.02,999
0.02,1347
0.02,95
0.02,1418
0.02,3
0.02,456
0.02,1560
0.02,1259
0.02,306
0.02,196
0.02,1515
0.02,1414
0.02,245
0.02,1499
0.02,1503
0.02,1563
0.02,1401
0.02,767
0.02,1005
0.02,217
0.02,154
0.02,1421
0.02,1500
0.02,1370
0.02,150
0.02,1432
0.02,1493
0.02,402
0.02,52
0.02,234
0.02,1385
0.02,1273
0.02,361
0.02,1371
0.02,595
0.02,1428
0.02,1393
0.02,1504
0.02,1541
0.02,187
0.02,40
0.02,897
0.02,1400
0.02,9
0.02,1362
0.02,1455
0.02,1168
0.02,32
0.02,4
0.02,1470
0.02,1511
0.02,1394
0.02,908
0.02,1289
0.02,1186
0.02,983
0.02,102
0.02,1477
0.02,1492
0.02,565
0.02,6
0.02,1261
0.02,1233
0.02,34
0.02,1555
0.02,1198
0.02,1350
0.02,1431
0.02,1004
0.02,964
0.02,1098
0.02,301
0.02,3
0.02,1445
0.02,1
0.02,1271
0.02,101
0.02,1202
0.02,1296
0.02,691
0.02,297
0.02,1419
0.02,467
0.02,1410
0.02,19
0.02,58
0.02,775
0.02,966
0.02,977
0.02,228
0.02,1450
0.02,1379
0.02,125
0.02,19
0.02,711
0.02,1120
0.02,3
0.02,6
0.02,1457
0.02,1532
0.02,10
0.02,1268
0.02,916
0.02,14
0.02,1301
0.02,1531
0.02,2
0.02,1498
0.02,1554
0.02,1356
0.02,1286
0.02,44
0.02,854
0.02,748
0.02,781
0.02,8
0.02,1380
0.02,233
0.02,1420
0.02,1247
0.02,2
0.02,81
0.02,1440
0.02,1053
0.02,1155
0.02,136
0.02,1313
0.02,1350
0.02,223
0.02,827
0.02,1409
0.02,556
0.02,1337
0.02,1374
0.02,1131
0.02,1218
0.02,1466
0.02,137
0.02,1562
0.02,1348
0.02,1398
0.02,485
0.02,88
0.02,169
0.02,692
0.02,1507
0.02,1398
0.02,807
0.02,1108
0.02,1029
0.02,1596
0.02,1375
0.02,1315
0.02,1312
0.02,1498
0.02,355
0.02,1150
0.02,1463
0.02,525
0.02,733
0.02,1174
0.02,276
0.02,1586
0.02,1550
0.02,125
0.02,1135
0.02,214
0.02,1473
0.02,1385
0.02,244
0.02,1510
0.02,428
0.02,394
0.02,1310
0.02,303
0.02,1469
0.02,1501
0.02,1343
0.02,1401
0.02,1464
0.02,22
0.02,739
0.02,1440
0.02,920
0.02,1148
0.02,540
0.02,957
0.02,14
0.02,1
0.02,1578
0.02,47
0.02,1084
0.02,41
0.02,1371
0.02,1572
0.02,1452
0.02,1254
0.02,925
0.02,871
0.02,816
0.02,413
0.02,1081
0.02,875
0.02,1211
0.02,1325
0.02,1137
0.02,1055
0.02,656
0.02,1047
0.02,243
0.02,1472
0.02,523
0.02,725
0.02,1372
0.02,1522
0.02,13
0.02,944
0.02,1509
0.02,971
0.02,21
0.02,676
0.02,1168
0.02,1545
0.02,1166
0.02,1191
0.02,130
0.02,1168
0.02,1402
0.02,1534
0.02,1498
0.02,1081
0.02,1417
0.02,6
0.02,1421
0.02,1039
0.02,1514
0.02,1480
0.02,1127
0.02,1418
0.02,846
0.02,1541
0.02,1125
0.02,624
0.02,1474
0.02,1215
0.02,4
0.02,1582
0.02,1455
0.02,1484
0.02,136
0.02,1425
0.02,1378
0.02,1198
0.02,1571
0.02,1430
0.02,1469
0.02,3
0.02,2
0.02,1460
0.02,775
0.02,752
0.02,607
0.02,194
0.02,1517
0.02,11
0.02,218
0.02,1528
0.02,41
0.02,1281
0.02,1048
0.02,294
0.02,1045
0.02,1007
0.02,1348
0.02,12
0.02,1397
0.02,4
0.02,252
0.02,1279
0.02,96
0.02,1412
0.02,1432
0.02,22
0.02,579
0.02,125
0.02,751
0.02,1458
0.02,1589
0.02,1493
0.02,1391
0.02,172
0.02,1526
0.02,1290
0.02,1538
0.02,1321
0.02,1371
0.02,1134
0.02,11
0.02,508
0.02,825
0.02,46
0.02,202
0.02,1241
0.02,332
0.02,816
0.02,5
0.02,1292
0.02,1302
0.02,1489
0.02,1288
0.02,1413
0.02,1484
0.02,1217
0.02,1409
0.02,1234
0.02,112
0.02,1474
0.02,1538
0.02,1349
0.02,1315
0.02,1216
0.02,837
0.02,66
0.02,90
0.02,1422
0.02,1202
0.02,52
0.02,2
0.02,1407
0.02,1495
0.02,1510
0.02,1027
0.02,1564
0.02,244
0.02,37
0.02,1392
0.02,1421
0.02,663
0.02,719
0.02,1
0.02,2
0.02,1352
0.02,811
0.02,386
0.02,35
0.02,1540
0.02,1388
0.02,1007
0.02,1159
0.02,1260
0.02,121
0.02,688
0.02,834
0.02,1518
0.02,1450
0.02,1616
0.02,3
0.02,1371
0.02,642
0.02,237
0.02,1227
0.02,1177
0.02,1200
0.02,1512
0.02,265
0.02,1458
0.02,184
0.02,1462
0.02,1047
0.02,1330
0.02,63
0.02,1415
0.02,954
0.02,1437
0.02,503
0.02,162
0.02,845
0.02,466
0.02,1447
0.02,1264
0.02,19
0.02,1364
0.02,1443
0.02,997
0.02,592
0.02,1472
0.02,1371
0.02,1286
0.02,64
0.02,1
0.02,1180
0.02,1480
0.02,1433
0.02,172
0.02,1133
0.02,1098
0.02,586
0.02,105
0.02,674
0.02,1614
0.02,649
0.02,1439
0.02,702
0.02,299
0.02,377
0.02,1498
0.02,679
0.02,1285
0.02,1272
0.02,1362
0.02,767
0.02,1083
0.02,1328
0.02,1197
0.02,1468
0.02,1405
0.02,1330
0.02,1331
0.02,1449
0.02,1366
0.02,249
0.02,4
0.02,1385
0.02,1249
0.02,724
0.02,1086
0.02,821
0.02,1195
0.02,582
0.02,1369
0.02,8
0.02,1638
0.02,1272
0.02,1524
0.02,1170
0.02,241
0.02,1425
0.02,125
0.02,629
0.02,971
0.02,891
0.02,1499
0.02,744
0.02,491
0.02,34
0.02,435
0.02,1382
0.02,1243
0.02,507
0.02,1004
0.02,1431
0.02,1059
0.02,1553
0.02,207
0.02,203
0.02,1235
0.02,722
0.02,8
0.02,1260
0.02,1343
0.02,621
0.02,1400
0.02,1409
0.02,966
0.02,1486
0.02,817
0.02,1163
0.02,1137
0.02,1227
0.02,842
0.02,338
0.02,1362
0.02,1551
0.02,261
0.02,1127
0.02,1534
0.02,1390
0.02,1076
0.02,1073
0.02,1464
0.02,1366
0.02,1144
0.02,1248
0.02,1100
0.02,196
0.02,733
0.02,912
0.02,425
0.02,840
0.02,1115
0.02,498
0.02,142
0.02,37
0.02,711
0.02,762
0.02,85
0.02,92
0.02,794
0.02,1511
0.02,1491
0.02,1443
0.02,1213
0.02,232
0.02,1473
0.02,1459
0.02,1446
0.02,45
0.02,325
0.02,1411
0.02,1474
0.02,1375
0.02,296
0.02,238
0.02,1509
0.02,1457
0.02,1070
0.02,1565
0.02,1443
0.02,902
0.02,1362
0.02,20
0.02,1518
0.02,845
0.02,1459
0.02,1511
0.02,487
0.02,1138
0.02,173
0.02,704
0.02,1390
0.02,81
0.02,1408
0.02,1185
0.02,689
0.02,34
0.02,1334
0.02,1312
0.02,1550
0.02,4
0.02,163
0.02,17
0.02,1489
0.02,1500
0.02,1535
0.02,386
0.02,439
0.02,1274
0.02,1552
0.02,1154
0.02,1246
0.02,1385
0.02,1358
0.02,15
0.02,1552
0.02,2
0.02,343
0.02,1379
0.02,67
0.02,1241
0.02,515
0.02,783
0.02,1107
0.02,1615
0.02,1565
0.02,1544
0.02,231
0.02,1436
0.02,1299
0.02,115
0.02,3
0.02,1431
0.02,1559
0.02,28
0.02,577
0.02,271
0.02,1277
0.02,1037
0.02,888
0.02,1117
0.02,1051
0.02,19
0.02,1187
0.02,1355
0.02,203
0.02,109
0.02,950
0.02,1399
0.02,482
0.02,288
0.02,667
0.02,1203
0.02,370
0.02,1294
0.02,297
0.02,1527
0.02,1477
0.02,1437
0.02,32
0.02,3
0.02,1448
0.02,1118
0.02,1348
0.02,1250
0.02,910
0.02,1226
0.02,1
0.02,1454
0.02,317
0.02,1337
0.02,405
0.02,1501
0.02,1190
0.02,391
0.02,437
0.02,957
0.02,920
0.02,1526
0.02,1390
0.02,943
0.02,1131
0.02,1485
0.02,1477
0.02,2
0.02,175
0.02,379
0.02,1242
0.02,1225
0.02,717
0.02,1609
0.02,405
0.02,1325
0.02,1374
0.02,834
0.02,489
0.02,1366
0.02,1098
0.02,1318
0.02,170
0.02,1376
0.02,1505
0.02,242
0.02,1431
0.02,29
0.02,1416
0.02,1211
0.02,1119
0.02,1519
0.02,1511
0.02,1443
0.02,1497
0.02,1339
0.02,1402
0.02,1184
0.02,1486
0.02,1333
0.02,1435
0.02,1249
0.02,29
0.02,1509
0.02,4
0.02,1108
0.02,798
0.02,1441
0.02,1575
0.02,29
0.02,1009
0.02,1110
0.02,635
0.02,1420
0.02,1029
0.02,192
0.02,684
0.02,1243
0.02,52
0.02,85
0.02,987
0.02,1458
0.02,1045
0.02,470
0.02,125
0.02,1321
0.02,1370
0.02,1376
0.02,8
0.02,868
0.02,4
0.02,1548
0.02,1188
0.02,1095
0.02,1136
0.02,25
0.02,1229
0.02,624
0.02,1245
0.02,1218
0.02,637
0.02,1563
0.02,1415
0.02,1255
0.02,1352
0.02,1187
0.02,1010
0.02,1387
0.02,1192
0.02,1332
0.02,1296
0.02,637
0.02,765
0.02,1273
0.02,1299
0.02,1537
0.02,598
0.02,1517
0.02,1007
0.02,1250
0.02,1398
0.02,897
0.02,1259
0.02,1290
0.02,1310
0.02,1285
0.02,1350
0.02,1545
0.02,307
0.02,1287
0.02,12
0.02,57
0.02,704
0.02,1485
0.02,660
0.02,441
0.02,94
0.02,1428
0.02,750
0.02,81
0.02,1453
0.02,1321
0.02,63
0.02,1440
0.02,1446
0.02,1530
0.02,1010
0.02,17
0.02,228
0.02,2
0.02,289
0.02,1498
0.02,905
0.02,347
0.02,1429
0.02,920
0.02,1487
0.02,37
0.02,1489
0.02,43
0.02,6
0.02,105
0.02,23
0.02,728
0.02,2
0.02,1352
0.02,1529
0.02,884
0.02,15
0.02,807
0.02,950
0.02,58
0.02,1248
0.02,1
0.02,1381
0.02,634
0.02,163
0.02,170
0.02,9
0.02,5
0.02,870
0.02,88
0.02,962
0.02,486
0.02,1367
0.02,1106
0.02,820
0.02,1462
0.02,1277
0.02,496
0.02,1417
0.02,3
0.02,1599
0.02,1395
0.02,1321
0.02,1332
0.02,13
0.02,681
0.02,1421
0.02,1385
0.02,1075
0.02,1512
0.02,1387
0.02,1444
0.02,1397
0.02,52
0.02,35
0.02,1505
0.02,1086
0.02,1
0.02,784
0.02,841
0.02,392
0.02,1354
0.02,1387
0.02,508
0.02,1315
0.02,1462
0.02,1175
0.02,154
0.02,1193
0.02,1217
0.02,693
0.02,1354
0.02,1449
0.02,1600
0.02,1337
0.02,309
0.02,872
0.02,1312
0.02,1330
0.02,1524
0.02,564
0.02,806
0.02,1527
0.02,255
0.02,1362
0.02,692
0.02,1255
0.02,54
0.02,165
0.02,894
0.02,1417
0.02,1519
0.02,1357
0.02,1486
0.02,740
0.02,1274
0.02,316
0.02,1358
0.02,558
0.02,1407
0.02,922
0.02,1416
0.02,352
0.02,977
0.02,845
0.02,1435
0.02,325
0.02,1479
0.02,592
0.02,318
0.02,1392
0.02,1421
0.02,1523
0.02,25
0.02,1511
0.02,43
0.02,43
0.02,1540
0.02,1237
0.02,498
0.02,1
0.02,1516
0.02,1546
0.02,1361
0.02,1272
0.02,1
0.02,1510
0.02,1150
0.02,863
0.02,765
0.02,12
0.02,29
0.02,1450
0.02,1367
0.02,733
0.02,1283
0.02,1336
0.02,1439
0.02,977
0.02,1517
0.02,1525
0.02,216
0.02,3
0.02,1456
0.02,1371
0.02,10
0.02,979
0.02,1
0.02,107
0.02,1218
0.02,1535
0.02,106
0.02,1240
0.02,6
0.02,622
0.02,1507
0.02,1562
0.02,1292
0.02,399
0.02,1330
0.02,492
0.02,1506
0.02,1102
0.02,1436
0.02,1480
0.02,1453
0.02,685
0.02,982
0.02,420
0.02,800
0.02,1348
0.02,1451
0.02,1261
0.02,1275
0.02,664
0.02,1418
0.02,516
0.02,1386
0.02,1
0.02,1706
0.02,1213
0.02,1463
0.02,1497
0.02,1213
0.02,1485
0.02,1031
0.02,1089
0.02,1271
0.02,1359
0.02,1212
0.02,44
0.02,1567
0.02,1086
0.02,16
0.02,54
0.02,1291
0.02,1346
0.02,1421
0.02,274
0.02,1472
0.02,122
0.02,1109
0.02,6
0.02,1039
