0.04,1447
0.04,1254
0.04,1061
0.04,1227
0.04,740
0.04,1196
0.04,1319
0.04,1335
0.04,1342
0.04,1391
0.04,1342
0.04,750
0.04,1205
0.04,1139
0.04,1025
0.04,1272
0.04,1224
0.04,1251
0.04,1043
0.04,1090
0.04,1325
0.04,1171
0.04,482
0.04,1375
0.04,1326
0.04,1354
0.04,1291
0.04,1336
0.04,1212
0.04,1330
0.04,1206
0.04,1213
0.04,1359
0.04,956
0.04,1211
0.04,1404
0.04,1362
0.04,1351
0.04,271
0.04,1426
0.04,1124
0.04,1334
0.04,1333
0.04,1379
0.04,1259
0.04,1232
0.04,1259
0.04,182
0.04,730
0.04,1100
0.04,1377
0.04,726
0.04,856
0.04,1181
0.04,1423
0.04,1265
0.04,1248
0.04,1344
0.04,1104
0.04,14
0.04,1291
0.04,1362
0.04,1041
0.04,1247
0.04,1410
0.04,1353
0.04,1335
0.04,1357
0.04,1069
0.04,356
0.04,1202
0.04,1116
0.04,1238
0.04,1266
0.04,1288
0.04,1336
0.04,1369
0.04,1049
0.04,1381
0.04,1373
0.04,1307
0.04,1270
0.04,1377
0.04,573
0.04,1306
0.04,1337
0.04,1277
0.04,1123
0.04,648
0.04,1332
0.04,1289
0.04,1320
0.04,1271
0.04,841
0.04,1211
0.04,1042
0.04,1403
0.04,1362
0.04,701
0.04,1245
0.04,1321
0.04,1388
0.04,1296
0.04,1157
0.04,1341
0.04,1179
0.04,1418
0.04,1388
0.04,872
0.04,1269
0.04,1268
0.04,1310
0.04,1303
0.04,238
0.04,1317
0.04,1238
0.04,1262
0.04,1308
0.04,1280
0.04,1306
0.04,1002
0.04,783
0.04,517
0.04,1394
0.04,1257
0.04,1290
0.04,1201
0.04,1240
0.04,375
0.04,1307
0.04,1418
0.04,513
0.04,1237
0.04,1137
0.04,1287
0.04,1008
0.04,1351
0.04,1232
0.04,1233
0.04,1263
0.04,1194
0.04,1225
0.04,1153
0.04,1295
0.04,1396
0.04,1358
0.04,1425
0.04,1322
0.04,1347
0.04,1321
0.04,1365
0.04,1378
0.04,1333
0.04,1393
0.04,1297
0.04,1348
0.04,1424
0.04,1178
0.04,1421
0.04,1096
0.04,1314
0.04,1429
0.04,1323
0.04,1321
0.04,1356
0.04,1319
0.04,320
0.04,1294
0.04,1368
0.04,1368
0.04,869
0.04,1460
0.04,1259
0.04,1012
0.04,1265
0.04,1016
0.04,1186
0.04,1046
0.04,1220
0.04,1380
0.04,1366
0.04,1131
0.04,1392
0.04,1355
0.04,1156
0.04,1223
0.04,1372
0.04,1364
0.04,1368
0.04,1380
0.04,1147
0.04,1292
0.04,1357
0.04,1329
0.04,1376
0.04,1279
0.04,1300
0.04,1375
0.04,1163
0.04,1338
0.04,1318
0.04,1388
0.04,805
0.04,1408
0.04,1376
0.04,1346
0.04,1289
0.04,1391
0.04,1332
0.04,1343
0.04,1388
0.04,1303
0.04,1152
0.04,1205
0.04,1361
0.04,1354
0.04,1107
0.04,1204
0.04,1196
0.04,1268
0.04,1100
0.04,1332
0.04,1099
0.04,276
0.04,1350
0.04,1141
0.04,1360
0.04,1240
0.04,1410
0.04,1288
0.04,1115
0.04,1255
0.04,1337
0.04,1292
0.04,1332
0.04,1220
0.04,1249
0.04,985
0.04,1279
0.04,1033
0.04,1277
0.04,794
0.04,1292
0.04,1371
0.04,1291
0.04,1229
0.04,1321
0.04,1246
0.04,1303
0.04,1162
0.04,761
0.04,991
0.04,1311
0.04,1148
0.04,1273
0.04,1372
0.04,1398
0.04,1362
0.04,1365
0.04,1320
0.04,1320
0.04,1124
0.04,1352
0.04,1344
0.04,995
0.04,1358
0.04,1234
0.04,1369
0.04,1313
0.04,1318
0.04,1354
0.04,1271
0.04,1057
0.04,407
0.04,675
0.04,1382
0.04,1049
0.04,1288
0.04,1334
0.04,1388
0.04,1332
0.04,1292
0.04,1398
0.04,1240
0.04,1114
0.04,1463
0.04,1283
0.04,1311
0.04,1035
0.04,1282
0.04,1243
0.04,1290
0.04,1270
0.04,1417
0.04,1426
0.04,1262
0.04,176
0.04,1322
0.04,1330
0.04,1004
0.04,1299
0.04,1357
0.04,1302
0.04,1199
0.04,1128
0.04,908
0.04,1000
0.04,1347
0.04,1364
0.04,726
0.04,633
0.04,1313
0.04,1309
0.04,1346
0.04,1370
0.04,1342
0.04,752
0.04,1329
0.04,503
0.04,1302
0.04,1241
0.04,1339
0.04,1425
0.04,1348
0.04,1100
0.04,1365
0.04,1375
0.04,1264
0.04,77
0.04,1274
0.04,1313
0.04,1041
0.04,1042
0.04,833
0.04,1173
0.04,1290
0.04,727
0.04,1283
0.04,1260
0.04,1286
0.04,1430
0.04,1340
0.04,1269
0.04,1303
0.04,1397
0.04,1320
0.04,1271
0.04,1324
0.04,1197
0.04,683
0.04,1067
0.04,1260
0.04,1241
0.04,1328
0.04,1332
0.04,1266
0.04,1369
0.04,1316
0.04,1191
0.04,1245
0.04,1352
0.04,1142
0.04,90
0.04,1264
0.04,1171
0.04,1296
0.04,1350
0.04,1261
0.04,1173
0.04,1120
0.04,1372
0.04,1346
0.04,1374
0.04,1293
0.04,914
0.04,1378
0.04,1311
0.04,1337
0.04,1258
0.04,1294
0.04,1390
0.04,1341
0.04,1289
0.04,1153
0.04,1175
0.04,1386
0.04,1374
0.04,1399
0.04,1274
0.04,1331
0.04,1202
0.04,1158
0.04,1148
0.04,1356
0.04,1236
0.04,1227
0.04,1388
0.04,1317
0.04,1261
0.04,1344
0.04,1278
0.04,1398
0.04,1273
0.04,1342
0.04,1280
0.04,1367
0.04,873
0.04,1216
0.04,1326
0.04,753
0.04,834
0.04,1242
0.04,1237
0.04,881
0.04,1134
0.04,1314
0.04,1192
0.04,1186
0.04,1480
0.04,1145
0.04,1067
0.04,508
0.04,1284
0.04,870
0.04,1245
0.04,1194
0.04,1372
0.04,1210
0.04,1287
0.04,1198
0.04,1362
0.04,1338
0.04,1351
0.04,1229
0.04,1372
0.04,1151
0.04,1412
0.04,1346
0.04,1255
0.04,1385
0.04,1275
0.04,1203
0.04,1327
0.04,1358
0.04,1325
0.04,560
0.04,805
0.04,1157
0.04,1241
0.04,1278
0.04,1301
0.04,689
0.04,958
0.04,1139
0.04,916
0.04,1283
0.04,1277
0.04,1368
0.04,1020
0.04,1435
0.04,1283
0.04,1259
0.04,1361
0.04,1068
0.04,1168
0.04,1285
0.04,1368
0.04,1240
0.04,1287
0.04,465
0.04,1396
0.04,1318
0.04,1126
0.04,1305
0.04,1270
0.04,1036
0.04,1370
0.04,902
0.04,1283
0.04,1298
0.04,1168
0.04,1407
0.04,1413
0.04,1120
0.04,1272
0.04,1309
0.04,933
0.04,1342
0.04,1379
0.04,964
0.04,1225
0.04,1309
0.04,1304
0.04,1097
0.04,1337
0.04,1224
0.04,1325
0.04,966
0.04,1344
0.04,1335
0.04,1429
0.04,1304
0.04,205
0.04,1361
0.04,272
0.04,1328
0.04,1346
0.04,1291
0.04,1454
0.04,1300
0.04,1350
0.04,1342
0.04,1379
0.04,1325
0.04,1154
0.04,1330
0.04,1252
0.04,1373
0.04,1254
0.04,1369
0.04,1336
0.04,1330
0.04,1191
0.04,1002
0.04,813
0.04,1334
0.04,184
0.04,1073
0.04,1130
0.04,1044
0.04,1381
0.04,1212
0.04,1240
0.04,1255
0.04,1390
0.04,1168
0.04,935
0.04,1231
0.04,1299
0.04,1353
0.04,1074
0.04,1405
0.04,202
0.04,1215
0.04,1375
0.04,1411
0.04,1193
0.04,1288
0.04,1354
0.04,1368
0.04,1260
0.04,891
0.04,1245
0.04,1263
0.04,1334
0.04,1396
0.04,1288
0.04,1384
0.04,1253
0.04,1375
0.04,1129
0.04,1407
0.04,1331
0.04,1191
0.04,1087
0.04,398
0.04,1361
0.04,982
0.04,1309
0.04,1336
0.04,600
0.04,1204
0.04,1341
0.04,1425
0.04,1268
0.04,1314
0.04,1016
0.04,1096
0.04,1281
0.04,1162
0.04,1252
0.04,1274
0.04,973
0.04,1133
0.04,1260
0.04,1300
0.04,1022
0.04,1331
0.04,54
0.04,336
0.04,1299
0.04,1123
0.04,843
0.04,1288
0.04,1315
0.04,1175
0.04,1232
0.04,1264
0.04,1393
0.04,1306
0.04,1341
0.04,1414
0.04,1397
0.04,1300
0.04,1194
0.04,1328
0.04,1303
0.04,1440
0.04,1105
0.04,1358
0.04,1338
0.04,1221
0.04,1273
0.04,1125
0.04,1366
0.04,1332
0.04,1300
0.04,1403
0.04,1416
0.04,1337
0.04,1296
0.04,1229
0.04,1265
0.04,1384
0.04,1279
0.04,917
0.04,1084
0.04,1369
0.04,1169
0.04,634
0.04,1362
0.04,1361
0.04,1341
0.04,886
0.04,1444
0.04,1331
0.04,1185
0.04,773
0.04,1085
0.04,1058
0.04,662
0.04,1288
0.04,300
0.04,1198
0.04,1322
0.04,990
0.04,1407
0.04,1298
0.04,1340
0.04,1391
0.04,1236
0.04,1133
0.04,1366
0.04,1328
0.04,1305
0.04,1211
0.04,1438
0.04,1392
0.04,1379
0.04,1274
0.04,1310
0.04,1407
0.04,1280
0.04,1308
0.04,1177
0.04,1365
0.04,1342
0.04,940
0.04,1306
0.04,1298
0.04,986
0.04,58
0.04,1392
0.04,1361
0.04,1340
0.04,392
0.04,1343
0.04,612
0.04,1227
0.04,1284
0.04,966
0.04,1298
0.04,1359
0.04,1339
0.04,1256
0.04,674
0.04,894
0.04,623
0.04,1274
0.04,1284
0.04,1355
0.04,1248
0.04,748
0.04,1334
0.04,1274
0.04,1199
0.04,1183
0.04,1185
0.04,1186
0.04,1227
0.04,1389
0.04,1168
0.04,1278
0.04,1360
0.04,1417
0.04,1091
0.04,1282
0.04,1336
0.04,1200
0.04,357
0.04,1354
0.04,1134
0.04,868
0.04,1322
0.04,388
0.04,734
0.04,1307
0.04,1054
0.04,1226
0.04,28
0.04,1244
0.04,1274
0.04,1271
0.04,899
0.04,951
0.04,1321
0.04,1419
0.04,1388
0.04,1279
0.04,1436
0.04,582
0.04,1303
0.04,1201
0.04,1407
0.04,1374
0.04,1380
0.04,1252
0.04,1208
0.04,1436
0.04,1337
0.04,1212
0.04,1334
0.04,1302
0.04,1326
0.04,1331
0.04,1421
0.04,1271
0.04,855
0.04,1087
0.04,1130
0.04,1239
0.04,1106
0.04,1323
0.04,1349
0.04,1137
0.04,1239
0.04,1256
0.04,1249
0.04,1058
0.04,1391
0.04,781
0.04,1229
0.04,1338
0.04,1036
0.04,1176
0.04,1062
0.04,1305
0.04,1335
0.04,1335
0.04,1376
0.04,1249
0.04,1301
0.04,730
0.04,1383
0.04,1314
0.04,1405
0.04,1338
0.04,810
0.04,1308
0.04,1134
0.04,1373
0.04,1312
0.04,1352
0.04,1249
0.04,1276
0.04,1227
0.04,1334
0.04,941
0.04,1323
0.04,1392
0.04,1238
0.04,1333
0.04,943
0.04,1365
0.04,913
0.04,1231
0.04,1287
0.04,1333
0.04,1112
0.04,1162
0.04,1268
0.04,1236
0.04,651
0.04,1325
0.04,1346
0.04,1202
0.04,1127
0.04,1227
0.04,1332
0.04,1350
0.04,1405
0.04,1257
0.04,1298
0.04,1317
0.04,1429
0.04,1268
0.04,1295
0.04,1214
0.04,884
0.04,1328
0.04,1082
0.04,1234
0.04,1298
0.04,1245
0.04,1141
0.04,718
0.04,217
0.04,1048
0.04,942
0.04,1340
0.04,1133
0.04,1302
0.04,1220
0.04,1362
0.04,1276
0.04,1307
0.04,798
0.04,1226
0.04,1308
0.04,662
0.04,1351
0.04,333
0.04,1049
0.04,393
0.04,601
0.04,1306
0.04,1300
0.04,1338
0.04,1136
0.04,1027
0.04,429
0.04,1050
0.04,1254
0.04,1381
0.04,1339
0.04,1324
0.04,1135
0.04,773
0.04,1310
0.04,1397
0.04,1409
0.04,806
0.04,1301
0.04,1260
0.04,1418
0.04,1232
0.04,1203
0.04,1358
0.04,1335
0.04,1240
0.04,1164
0.04,1145
0.04,1119
0.04,1226
0.04,1349
0.04,1344
0.04,1261
0.04,1300
0.04,1240
0.04,965
0.04,1202
0.04,1166
0.04,1337
0.04,856
0.04,883
0.04,1263
0.04,34
0.04,1035
0.04,1360
0.04,1416
0.04,1376
0.04,1291
0.04,1296
0.04,8
0.04,1254
0.04,1330
0.04,1314
0.04,468
0.04,1377
0.04,1290
0.04,1434
0.04,1306
0.04,1323
0.04,1306
0.04,1223
0.04,1293
0.04,1277
0.04,1351
0.04,675
0.04,734
0.04,745
0.04,1076
0.04,395
0.04,1322
0.04,1333
0.04,1359
0.04,1250
0.04,1255
0.04,1198
0.04,1307
0.04,746
0.04,1133
0.04,771
0.04,1287
0.04,1163
0.04,1356
0.04,1188
0.04,1214
0.04,1401
0.04,728
0.04,1178
0.04,990
0.04,1378
0.04,1270
0.04,785
0.04,1024
0.04,1357
0.04,1313
0.04,1344
0.04,1054
0.04,841
0.04,1087
0.04,1319
0.04,1324
0.04,1000
0.04,1392
0.04,1201
0.04,1318
0.04,1325
0.04,1216
0.04,1180
0.04,958
0.04,975
0.04,1301
0.04,1363
0.04,1259
0.04,1307
0.04,1386
0.04,854
0.04,1398
0.04,913
0.04,965
0.04,851
0.04,1299
0.04,1324
0.04,1306
0.04,668
0.04,1336
0.04,1307
0.04,1311
0.04,1199
0.04,1390
0.04,1239
0.04,1105
0.04,1256
0.04,1156
0.04,1341
0.04,1426
0.04,1281
0.04,841
0.04,1190
0.04,1373
0.04,1269
0.04,1343
0.04,1409
0.04,1209
0.04,1126
0.04,1146
0.04,701
0.04,1191
0.04,1378
0.04,1381
0.04,1302
0.04,180
0.04,1352
0.04,698
0.04,1293
0.04,927
0.04,582
0.04,1329
