0.06,1105
0.06,1087
0.06,1107
0.06,821
0.06,998
0.06,1123
0.06,1137
0.06,571
0.06,659
0.06,1134
0.06,1007
0.06,1000
0.06,1123
0.06,1014
0.06,934
0.06,748
0.06,1049
0.06,978
0.06,546
0.06,900
0.06,1039
0.06,675
0.06,1169
0.06,883
0.06,872
0.06,971
0.06,492
0.06,973
0.06,1069
0.06,602
0.06,797
0.06,1160
0.06,931
0.06,780
0.06,867
0.06,1038
0.06,1095
0.06,1165
0.06,1081
0.06,1043
0.06,824
0.06,882
0.06,293
0.06,780
0.06,1041
0.06,955
0.06,543
0.06,852
0.06,1006
0.06,266
0.06,1107
0.06,985
0.06,954
0.06,948
0.06,995
0.06,1035
0.06,558
0.06,923
0.06,1023
0.06,1086
0.06,1142
0.06,887
0.06,974
0.06,1039
0.06,855
0.06,153
0.06,998
0.06,1084
0.06,1007
0.06,1015
0.06,1041
0.06,1043
0.06,1004
0.06,623
0.06,917
0.06,988
0.06,1045
0.06,1082
0.06,1053
0.06,951
0.06,987
0.06,426
0.06,741
0.06,1006
0.06,1093
0.06,876
0.06,900
0.06,152
0.06,1051
0.06,1023
0.06,1198
0.06,965
0.06,1048
0.06,297
0.06,995
0.06,766
0.06,116
0.06,256
0.06,380
0.06,1168
0.06,1063
0.06,1151
0.06,993
0.06,866
0.06,154
0.06,738
0.06,120
0.06,717
0.06,884
0.06,916
0.06,1022
0.06,1101
0.06,1065
0.06,1037
0.06,873
0.06,666
0.06,851
0.06,989
0.06,953
0.06,1036
0.06,831
0.06,970
0.06,141
0.06,789
0.06,1045
0.06,1185
0.06,993
0.06,1145
0.06,623
0.06,551
0.06,962
0.06,1254
0.06,1061
0.06,1193
0.06,1176
0.06,1030
0.06,770
0.06,1008
0.06,1153
0.06,527
0.06,804
0.06,891
0.06,1018
0.06,760
0.06,1027
0.06,1170
0.06,944
0.06,578
0.06,1201
0.06,1085
0.06,1023
0.06,1144
0.06,1055
0.06,966
0.06,1072
0.06,1139
0.06,1112
0.06,1086
0.06,862
0.06,733
0.06,894
0.06,694
0.06,1095
0.06,535
0.06,1181
0.06,936
0.06,1012
0.06,919
0.06,881
0.06,1205
0.06,612
0.06,324
0.06,913
0.06,1116
0.06,890
0.06,618
0.06,227
0.06,1121
0.06,1090
0.06,858
0.06,449
0.06,1138
0.06,734
0.06,620
0.06,1081
0.06,142
0.06,764
0.06,1109
0.06,746
0.06,1132
0.06,889
0.06,870
0.06,845
0.06,1058
0.06,265
0.06,957
0.06,812
0.06,123
0.06,1131
0.06,1154
0.06,884
0.06,1140
0.06,536
0.06,1148
0.06,820
0.06,944
0.06,1093
0.06,1081
0.06,1030
0.06,1082
0.06,778
0.06,682
0.06,1144
0.06,1180
0.06,988
0.06,841
0.06,831
0.06,1038
0.06,1188
0.06,320
0.06,1104
0.06,1140
0.06,993
0.06,705
0.06,738
0.06,1160
0.06,957
0.06,822
0.06,1047
0.06,848
0.06,966
0.06,1094
0.06,1047
0.06,1067
0.06,929
0.06,1053
0.06,988
0.06,962
0.06,992
0.06,1121
0.06,1039
0.06,1137
0.06,738
0.06,1096
0.06,1134
0.06,694
0.06,1114
0.06,1129
0.06,999
0.06,752
0.06,1112
0.06,1032
0.06,860
0.06,1115
0.06,1015
0.06,1113
0.06,938
0.06,906
0.06,846
0.06,909
0.06,269
0.06,921
0.06,848
0.06,1122
0.06,1037
0.06,1085
0.06,781
0.06,888
0.06,790
0.06,1204
0.06,1050
0.06,1126
0.06,616
0.06,870
0.06,1120
0.06,981
0.06,934
0.06,1048
0.06,895
0.06,1068
0.06,1061
0.06,499
0.06,781
0.06,667
0.06,1013
0.06,892
0.06,828
0.06,1148
0.06,1043
0.06,1224
0.06,1019
0.06,912
0.06,1227
0.06,512
0.06,27
0.06,1004
0.06,942
0.06,1051
0.06,498
0.06,857
0.06,1163
0.06,597
0.06,877
0.06,943
0.06,928
0.06,698
0.06,896
0.06,967
0.06,1109
0.06,997
0.06,1048
0.06,880
0.06,841
0.06,1085
0.06,954
0.06,995
0.06,1212
0.06,1101
0.06,1091
0.06,941
0.06,749
0.06,997
0.06,1107
0.06,1122
0.06,878
0.06,358
0.06,457
0.06,189
0.06,967
0.06,657
0.06,1083
0.06,875
0.06,1009
0.06,1036
0.06,1189
0.06,513
0.06,1046
0.06,1096
0.06,1188
0.06,1052
0.06,1113
0.06,733
0.06,1109
0.06,483
0.06,255
0.06,1058
0.06,236
0.06,478
0.06,1108
0.06,1035
0.06,927
0.06,1133
0.06,860
0.06,1124
0.06,794
0.06,1032
0.06,1094
0.06,1017
0.06,1081
0.06,754
0.06,1149
0.06,971
0.06,936
0.06,977
0.06,867
0.06,1053
0.06,995
0.06,582
0.06,997
0.06,510
0.06,1127
0.06,37
0.06,1083
0.06,1130
0.06,1017
0.06,1059
0.06,1100
0.06,914
0.06,1100
0.06,73
0.06,1101
0.06,728
0.06,1188
0.06,805
0.06,687
0.06,1034
0.06,1073
0.06,1144
0.06,1023
0.06,1137
0.06,803
0.06,1059
0.06,907
0.06,1093
0.06,959
0.06,1129
0.06,938
0.06,15
0.06,1064
0.06,1156
0.06,1079
0.06,1057
0.06,1008
0.06,1089
0.06,857
0.06,799
0.06,1066
0.06,1015
0.06,925
0.06,935
0.06,773
0.06,871
0.06,169
0.06,1162
0.06,1018
0.06,904
0.06,455
0.06,1037
0.06,962
0.06,591
0.06,1066
0.06,1165
0.06,1022
0.06,1063
0.06,1087
0.06,800
0.06,1041
0.06,873
0.06,971
0.06,1015
0.06,1100
0.06,839
0.06,725
0.06,1203
0.06,1013
0.06,898
0.06,822
0.06,914
0.06,882
0.06,823
0.06,742
0.06,815
0.06,159
0.06,494
0.06,1072
0.06,769
0.06,534
0.06,1081
0.06,1002
0.06,587
0.06,698
0.06,1020
0.06,841
0.06,473
0.06,842
0.06,1142
0.06,1086
0.06,926
0.06,541
0.06,903
0.06,1170
0.06,1058
0.06,1095
0.06,1085
0.06,967
0.06,954
0.06,1103
0.06,1068
0.06,1051
0.06,1012
0.06,851
0.06,918
0.06,1145
0.06,1068
0.06,872
0.06,1164
0.06,835
0.06,378
0.06,779
0.06,699
0.06,672
0.06,438
0.06,871
0.06,947
0.06,1052
0.06,804
0.06,434
0.06,275
0.06,1086
0.06,994
0.06,1148
0.06,842
0.06,1185
0.06,808
0.06,1105
0.06,944
0.06,250
0.06,1086
0.06,711
0.06,1119
0.06,735
0.06,1111
0.06,1057
0.06,950
0.06,1006
0.06,1069
0.06,1019
0.06,1103
0.06,1065
0.06,1137
0.06,997
0.06,1062
0.06,649
0.06,956
0.06,704
0.06,1151
0.06,915
0.06,560
0.06,129
0.06,529
0.06,1044
0.06,1066
0.06,1058
0.06,1191
0.06,1054
0.06,383
0.06,792
0.06,91
0.06,1141
0.06,1093
0.06,919
0.06,971
0.06,7
0.06,498
0.06,739
0.06,652
0.06,1035
0.06,1035
0.06,869
0.06,971
0.06,886
0.06,1172
0.06,569
0.06,704
0.06,780
0.06,788
0.06,1034
0.06,858
0.06,923
0.06,1164
0.06,1122
0.06,1092
0.06,1006
0.06,1079
0.06,1082
0.06,1048
0.06,296
0.06,1117
0.06,971
0.06,1054
0.06,1052
0.06,768
0.06,1149
0.06,1218
0.06,947
0.06,962
0.06,661
0.06,611
0.06,815
0.06,1049
0.06,4
0.06,1034
0.06,1008
0.06,1104
0.06,1060
0.06,820
0.06,1093
0.06,721
0.06,384
0.06,720
0.06,927
0.06,173
0.06,657
0.06,1117
0.06,959
0.06,1059
0.06,979
0.06,1112
0.06,702
0.06,1054
0.06,996
0.06,171
0.06,952
0.06,1165
0.06,980
0.06,1057
0.06,1135
0.06,171
0.06,673
0.06,1076
0.06,595
0.06,676
0.06,724
0.06,975
0.06,1099
0.06,761
0.06,158
0.06,959
0.06,382
0.06,914
0.06,1064
0.06,917
0.06,1093
0.06,988
0.06,89
0.06,543
0.06,214
0.06,1002
0.06,1011
0.06,1097
0.06,894
0.06,941
0.06,925
0.06,416
0.06,1097
0.06,872
0.06,732
0.06,1087
0.06,1147
0.06,1143
0.06,1089
0.06,86
0.06,456
0.06,952
0.06,1238
0.06,1137
0.06,997
0.06,583
0.06,1075
0.06,1116
0.06,1122
0.06,831
0.06,744
0.06,993
0.06,1184
0.06,986
0.06,1034
0.06,875
0.06,1136
0.06,1186
0.06,1193
0.06,837
0.06,941
0.06,1007
0.06,994
0.06,773
0.06,1135
0.06,1136
0.06,1168
0.06,1019
0.06,804
0.06,462
0.06,1220
0.06,656
0.06,1047
0.06,1034
0.06,1072
0.06,1000
0.06,1030
0.06,533
0.06,703
0.06,1138
0.06,214
0.06,1085
0.06,792
0.06,1057
0.06,790
0.06,1058
0.06,958
0.06,593
0.06,1076
0.06,895
0.06,1028
0.06,1032
0.06,644
0.06,287
0.06,1003
0.06,474
0.06,981
0.06,303
0.06,996
0.06,553
0.06,167
0.06,1099
0.06,355
0.06,1170
0.06,1223
0.06,929
0.06,786
0.06,1058
0.06,1007
0.06,1058
0.06,1122
0.06,88
0.06,1012
0.06,948
0.06,488
0.06,1028
0.06,874
0.06,1077
0.06,994
0.06,1104
0.06,960
0.06,774
0.06,960
0.06,1065
0.06,967
0.06,537
0.06,1018
0.06,1244
0.06,499
0.06,46
0.06,1131
0.06,1118
0.06,970
0.06,1014
0.06,822
0.06,1125
0.06,1177
0.06,1014
0.06,1162
0.06,817
0.06,35
0.06,1164
0.06,434
0.06,955
0.06,992
0.06,740
0.06,1080
0.06,1086
0.06,1043
0.06,153
0.06,1088
0.06,990
0.06,990
0.06,139
0.06,1029
0.06,893
0.06,802
0.06,943
0.06,901
0.06,1085
0.06,637
0.06,873
0.06,805
0.06,1153
0.06,1062
0.06,705
0.06,1145
0.06,215
0.06,598
0.06,1076
0.06,1015
0.06,890
0.06,1068
0.06,1176
0.06,1048
0.06,337
0.06,521
0.06,899
0.06,1013
0.06,612
0.06,851
0.06,1097
0.06,1014
0.06,1059
0.06,1063
0.06,1020
0.06,1092
0.06,702
0.06,1043
0.06,1080
0.06,457
0.06,368
0.06,701
0.06,351
0.06,877
0.06,1235
0.06,986
0.06,1023
0.06,940
0.06,1056
0.06,1118
0.06,1123
0.06,848
0.06,635
0.06,975
0.06,996
0.06,993
0.06,618
0.06,740
0.06,1011
0.06,957
0.06,1144
0.06,1112
0.06,379
0.06,1044
0.06,987
0.06,912
0.06,684
0.06,1022
0.06,1135
0.06,1046
0.06,1057
0.06,885
0.06,407
0.06,724
0.06,1064
0.06,1031
0.06,1046
0.06,1097
0.06,1171
0.06,1041
0.06,376
0.06,1018
0.06,964
0.06,1065
0.06,930
0.06,896
0.06,1094
0.06,1108
0.06,1139
0.06,385
0.06,734
0.06,974
0.06,1170
0.06,1069
0.06,939
0.06,1081
0.06,882
0.06,1039
0.06,1020
0.06,1001
0.06,939
0.06,758
0.06,1048
0.06,1084
0.06,674
0.06,996
0.06,322
0.06,471
0.06,1029
0.06,700
0.06,1090
0.06,684
0.06,1141
0.06,858
0.06,1039
0.06,957
0.06,864
0.06,958
0.06,662
0.06,1011
0.06,766
0.06,884
0.06,1166
0.06,260
0.06,516
0.06,581
0.06,1122
0.06,1103
0.06,1132
0.06,1057
0.06,596
0.06,1053
0.06,1140
0.06,801
0.06,54
0.06,989
0.06,867
0.06,1111
0.06,1129
0.06,834
0.06,996
0.06,1004
0.06,391
0.06,1080
0.06,1014
0.06,1030
0.06,302
0.06,877
0.06,1031
0.06,1027
0.06,1019
0.06,1082
0.06,1083
0.06,1035
0.06,909
0.06,1015
0.06,921
0.06,920
0.06,1081
0.06,723
0.06,1063
0.06,599
0.06,408
0.06,326
0.06,79
0.06,498
0.06,971
0.06,1046
0.06,643
0.06,1189
0.06,987
0.06,1114
0.06,68
0.06,933
0.06,1123
0.06,1149
0.06,1055
0.06,1058
0.06,666
0.06,514
0.06,1165
0.06,703
0.06,125
0.06,527
0.06,756
0.06,914
0.06,1125
0.06,258
0.06,966
0.06,930
0.06,1066
0.06,365
0.06,976
0.06,79
0.06,397
0.06,1086
0.06,1036
0.06,872
0.06,864
0.06,1191
0.06,930
0.06,982
0.06,931
0.06,17
0.06,1002
0.06,840
0.06,1015
0.06,1012
0.06,803
0.06,845
0.06,663
0.06,1153
0.06,1140
0.06,831
0.06,1146
0.06,1185
0.06,683
0.06,1011
0.06,999
0.06,789
0.06,1013
0.06,1088
0.06,1072
0.06,1004
0.06,605
0.06,509
0.06,1169
0.06,760
0.06,951
0.06,633
0.06,988
0.06,1030
0.06,191
0.06,1082
0.06,958
0.06,1030
0.06,1112
0.06,854
0.06,1020
0.06,765
0.06,802
0.06,993
0.06,1036
0.06,621
0.06,113
0.06,1079
0.06,1145
0.06,850
0.06,986
0.06,1091
0.06,1097
0.06,1140
0.06,996
0.06,977
0.06,891
0.06,952
0.06,1096
