0.02,976
0.02,606
0.02,1278
0.02,862
0.02,1189
0.02,836
0.02,611
0.02,1344
0.02,182
0.02,1234
0.02,174
0.02,177
0.02,951
0.02,1322
0.02,1295
0.02,1129
0.02,1341
0.02,1176
0.02,1266
0.02,776
0.02,1097
0.02,498
0.02,791
0.02,1278
0.02,819
0.02,1160
0.02,1211
0.02,1340
0.02,1195
0.02,1171
0.02,869
0.02,1063
0.02,1113
0.02,976
0.02,1311
0.02,1103
0.02,1333
0.02,904
0.02,1178
0.02,1274
0.02,1207
0.02,1089
0.02,1221
0.02,657
0.02,500
0.02,1312
0.02,1357
0.02,1168
0.02,1286
0.02,1167
0.02,1013
0.02,1335
0.02,928
0.02,1117
0.02,806
0.02,1077
0.02,1220
0.02,1282
0.02,1165
0.02,1289
0.02,1229
0.02,1018
0.02,1187
0.02,1175
0.02,1172
0.02,860
0.02,1091
0.02,1229
0.02,1153
0.02,183
0.02,1248
0.02,1167
0.02,654
0.02,1135
0.02,1109
0.02,1243
0.02,322
0.02,1178
0.02,1072
0.02,1297
0.02,1292
0.02,1317
0.02,1250
0.02,1255
0.02,947
0.02,791
0.02,898
0.02,1242
0.02,1182
0.02,1005
0.02,1211
0.02,1382
0.02,1267
0.02,755
0.02,1153
0.02,1295
0.02,1079
0.02,1052
0.02,1337
0.02,1112
0.02,1151
0.02,985
0.02,614
0.02,1160
0.02,812
0.02,1256
0.02,1353
0.02,552
0.02,1277
0.02,1133
0.02,1135
0.02,1339
0.02,1241
0.02,1103
0.02,1121
0.02,1019
0.02,1082
0.02,1126
0.02,1193
0.02,1241
0.02,1390
0.02,665
0.02,369
0.02,826
0.02,1129
0.02,1114
0.02,128
0.02,1205
0.02,800
0.02,1058
0.02,642
0.02,850
0.02,653
0.02,1253
0.02,899
0.02,1240
0.02,1301
0.02,1076
0.02,1264
0.02,1258
0.02,1014
0.02,278
0.02,496
0.02,1358
0.02,1318
0.02,804
0.02,219
0.02,1311
0.02,1291
0.02,1261
0.02,1310
0.02,1398
0.02,877
0.02,1356
0.02,1189
0.02,1403
0.02,1301
0.02,125
0.02,1029
0.02,953
0.02,1232
0.02,821
0.02,923
0.02,1267
0.02,597
0.02,1340
0.02,1362
0.02,50
0.02,979
0.02,1313
0.02,1238
0.02,904
0.02,1072
0.02,1338
0.02,347
0.02,1298
0.02,714
0.02,1107
0.02,1020
0.02,305
0.02,1221
0.02,198
0.02,979
0.02,1113
0.02,1428
0.02,1318
0.02,1244
0.02,848
0.02,1007
0.02,662
0.02,1300
0.02,1042
0.02,1112
0.02,1153
0.02,1288
0.02,1394
0.02,198
0.02,1383
0.02,1180
0.02,36
0.02,573
0.02,1270
0.02,1357
0.02,426
0.02,1364
0.02,1196
0.02,1083
0.02,1244
0.02,945
0.02,1016
0.02,964
0.02,1272
0.02,891
0.02,1261
0.02,1399
0.02,1249
0.02,1351
0.02,555
0.02,993
0.02,881
0.02,1167
0.02,900
0.02,1190
0.02,635
0.02,231
0.02,1194
0.02,1040
0.02,1306
0.02,1214
0.02,611
0.02,1165
0.02,682
0.02,1246
0.02,1195
0.02,1132
0.02,1035
0.02,1168
0.02,1299
0.02,1064
0.02,1348
0.02,1228
0.02,1282
0.02,1042
0.02,1161
0.02,29
0.02,1305
0.02,444
0.02,473
0.02,1209
0.02,1319
0.02,709
0.02,1033
0.02,1197
0.02,1252
0.02,1280
0.02,1285
0.02,1286
0.02,1160
0.02,853
0.02,1042
0.02,475
0.02,1189
0.02,1274
0.02,692
0.02,1113
0.02,666
0.02,1143
0.02,1001
0.02,1325
0.02,1084
0.02,1168
0.02,1189
0.02,1248
0.02,928
0.02,1187
0.02,1228
0.02,1299
0.02,1272
0.02,1051
0.02,904
0.02,279
0.02,1209
0.02,1096
0.02,669
0.02,1198
0.02,671
0.02,1276
0.02,1321
0.02,1199
0.02,1227
0.02,1384
0.02,1258
0.02,1232
0.02,1154
0.02,1284
0.02,1176
0.02,842
0.02,1111
0.02,1390
0.02,1274
0.02,1348
0.02,1010
0.02,1331
0.02,1047
0.02,1262
0.02,946
0.02,1169
0.02,1056
0.02,1075
0.02,590
0.02,149
0.02,1166
0.02,205
0.02,1212
0.02,1269
0.02,1307
0.02,1182
0.02,1229
0.02,971
0.02,1277
0.02,1296
0.02,1104
0.02,1073
0.02,829
0.02,1308
0.02,1296
0.02,396
0.02,1025
0.02,1220
0.02,743
0.02,1259
0.02,1332
0.02,1138
0.02,356
0.02,1139
0.02,1179
0.02,889
0.02,1311
0.02,215
0.02,1006
0.02,1211
0.02,1095
0.02,1000
0.02,1292
0.02,1159
0.02,324
0.02,866
0.02,1171
0.02,1112
0.02,978
0.02,727
0.02,1187
0.02,841
0.02,1026
0.02,1273
0.02,1251
0.02,1239
0.02,1391
0.02,1191
0.02,1348
0.02,1333
0.02,909
0.02,1018
0.02,1274
0.02,1162
0.02,1114
0.02,890
0.02,1354
0.02,1285
0.02,865
0.02,1322
0.02,283
0.02,1259
0.02,998
0.02,1184
0.02,1098
0.02,510
0.02,1105
0.02,899
0.02,1381
0.02,1229
0.02,165
0.02,1197
0.02,1255
0.02,1315
0.02,1061
0.02,961
0.02,1054
0.02,1341
0.02,1167
0.02,699
0.02,1216
0.02,1246
0.02,1039
0.02,1040
0.02,1245
0.02,1068
0.02,1239
0.02,1332
0.02,1066
0.02,979
0.02,1284
0.02,1136
0.02,992
0.02,1253
0.02,1131
0.02,992
0.02,1188
0.02,1005
0.02,1376
0.02,968
0.02,1217
0.02,71
0.02,871
0.02,1177
0.02,1333
0.02,840
0.02,497
0.02,1266
0.02,1303
0.02,1276
0.02,1329
0.02,1342
0.02,127
0.02,1173
0.02,1010
0.02,906
0.02,1307
0.02,1244
0.02,746
0.02,1230
0.02,1178
0.02,222
0.02,1060
0.02,1280
0.02,1391
0.02,852
0.02,1221
0.02,1095
0.02,1232
0.02,35
0.02,1286
0.02,777
0.02,1289
0.02,1076
0.02,996
0.02,1064
0.02,700
0.02,660
0.02,1100
0.02,700
0.02,953
0.02,879
0.02,1222
0.02,1197
0.02,1358
0.02,951
0.02,198
0.02,737
0.02,812
0.02,1309
0.02,769
0.02,1150
0.02,1248
0.02,708
0.02,1259
0.02,1136
0.02,1240
0.02,1013
0.02,1296
0.02,1314
0.02,1080
0.02,1330
0.02,1006
0.02,817
0.02,716
0.02,1311
0.02,1173
0.02,1076
0.02,1385
0.02,964
0.02,506
0.02,1097
0.02,1232
0.02,648
0.02,1164
0.02,1167
0.02,870
0.02,1345
0.02,854
0.02,1283
0.02,500
0.02,1095
0.02,540
0.02,952
0.02,1013
0.02,1263
0.02,1111
0.02,1172
0.02,1032
0.02,975
0.02,799
0.02,1267
0.02,1229
0.02,1134
0.02,1148
0.02,1226
0.02,1178
0.02,1016
0.02,1097
0.02,1089
0.02,457
0.02,896
0.02,221
0.02,1206
0.02,578
0.02,1207
0.02,1188
0.02,873
0.02,1367
0.02,841
0.02,1124
0.02,1034
0.02,691
0.02,439
0.02,1320
0.02,1027
0.02,1201
0.02,1047
0.02,1315
0.02,1247
0.02,66
0.02,1243
0.02,1218
0.02,637
0.02,1250
0.02,1305
0.02,232
0.02,1237
0.02,1193
0.02,1280
0.02,625
0.02,870
0.02,924
0.02,1012
0.02,994
0.02,748
0.02,1229
0.02,922
0.02,1208
0.02,1180
0.02,1249
0.02,686
0.02,1083
0.02,783
0.02,1214
0.02,942
0.02,1247
0.02,1039
0.02,976
0.02,1079
0.02,1061
0.02,1077
0.02,1006
0.02,1033
0.02,1238
0.02,1255
0.02,972
0.02,1215
0.02,1144
0.02,527
0.02,1056
0.02,697
0.02,309
0.02,1012
0.02,869
0.02,1111
0.02,923
0.02,822
0.02,1187
0.02,1040
0.02,1126
0.02,1295
0.02,70
0.02,567
0.02,1019
0.02,1137
0.02,1295
0.02,1145
0.02,1152
0.02,1329
0.02,1237
0.02,1128
0.02,953
0.02,775
0.02,970
0.02,1280
0.02,934
0.02,1239
0.02,1032
0.02,1293
0.02,1290
0.02,615
0.02,882
0.02,835
0.02,1234
0.02,1127
0.02,602
0.02,1287
0.02,1206
0.02,1025
0.02,803
0.02,1035
0.02,1298
0.02,113
0.02,1102
0.02,148
0.02,1325
0.02,1310
0.02,52
0.02,1299
0.02,946
0.02,764
0.02,191
0.02,994
0.02,1289
0.02,1154
0.02,1329
0.02,1328
0.02,681
0.02,977
0.02,1184
0.02,1101
0.02,673
0.02,1048
0.02,331
0.02,1146
0.02,1416
0.02,961
0.02,630
0.02,1015
0.02,157
0.02,1158
0.02,753
0.02,885
0.02,1387
0.02,853
0.02,972
0.02,1289
0.02,1159
0.02,1238
0.02,417
0.02,1234
0.02,1070
0.02,1269
0.02,283
0.02,546
0.02,1200
0.02,731
0.02,950
0.02,1106
0.02,1354
0.02,1328
0.02,1182
0.02,1333
0.02,1161
0.02,805
0.02,1069
0.02,1174
0.02,1314
0.02,973
0.02,1236
0.02,1152
0.02,680
0.02,795
0.02,987
0.02,718
0.02,15
0.02,1396
0.02,1264
0.02,1193
0.02,824
0.02,1120
0.02,423
0.02,1242
0.02,689
0.02,1335
0.02,1319
0.02,1147
0.02,917
0.02,1044
0.02,796
0.02,1291
0.02,1039
0.02,1104
0.02,1010
0.02,1000
0.02,1348
0.02,928
0.02,1290
0.02,1255
0.02,456
0.02,609
0.02,1374
0.02,833
0.02,1266
0.02,1226
0.02,1388
0.02,461
0.02,654
0.02,1359
0.02,293
0.02,1201
0.02,946
0.02,1243
0.02,1163
0.02,1203
0.02,1305
0.02,1279
0.02,1142
0.02,1176
0.02,388
0.02,1139
0.02,1144
0.02,1064
0.02,1135
0.02,1172
0.02,1183
0.02,1071
0.02,424
0.02,395
0.02,1196
0.02,1318
0.02,1308
0.02,481
0.02,1268
0.02,1188
0.02,881
0.02,934
0.02,960
0.02,1231
0.02,1083
0.02,1282
0.02,1302
0.02,1066
0.02,1248
0.02,1260
0.02,894
0.02,1050
0.02,1140
0.02,1013
0.02,382
0.02,1327
0.02,956
0.02,1251
0.02,534
0.02,1218
0.02,1321
0.02,1327
0.02,1350
0.02,1317
0.02,22
0.02,1190
0.02,1211
0.02,1224
0.02,1245
0.02,1336
0.02,1104
0.02,1118
0.02,147
0.02,910
0.02,1114
0.02,1107
0.02,1053
0.02,1318
0.02,1128
0.02,1151
0.02,1327
0.02,1241
0.02,1296
0.02,1265
0.02,1039
0.02,1231
0.02,826
0.02,1253
0.02,697
0.02,1309
0.02,1334
0.02,1279
0.02,399
0.02,1049
0.02,815
0.02,900
0.02,845
0.02,1027
0.02,966
0.02,1285
0.02,1181
0.02,1291
0.02,1317
0.02,1320
0.02,616
0.02,1172
0.02,1251
0.02,711
0.02,1176
0.02,246
0.02,827
0.02,1139
0.02,1256
0.02,793
0.02,531
0.02,910
0.02,503
0.02,1214
0.02,1257
0.02,1066
0.02,960
0.02,1228
0.02,1244
0.02,1284
0.02,226
0.02,762
0.02,932
0.02,1301
0.02,1006
0.02,601
0.02,918
0.02,1013
0.02,1207
0.02,434
0.02,1109
0.02,1334
0.02,1012
0.02,1039
0.02,1213
0.02,1181
0.02,618
0.02,1266
0.02,807
0.02,1328
0.02,1143
0.02,966
0.02,927
0.02,1084
0.02,732
0.02,1042
0.02,1083
0.02,1157
0.02,613
0.02,575
0.02,1327
0.02,236
0.02,1114
0.02,1133
0.02,774
0.02,1317
0.02,1116
0.02,1267
0.02,1295
0.02,1303
0.02,998
0.02,1306
0.02,1174
0.02,858
0.02,786
0.02,1046
0.02,1131
0.02,1096
0.02,1135
0.02,1085
0.02,1244
0.02,1269
0.02,1302
0.02,1063
0.02,442
0.02,1215
0.02,1054
0.02,538
0.02,1340
0.02,202
0.02,1213
0.02,618
0.02,1305
0.02,1029
0.02,1240
0.02,1063
0.02,1202
0.02,1294
0.02,1260
0.02,544
0.02,463
0.02,1303
0.02,1342
0.02,986
0.02,1109
0.02,778
0.02,1358
0.02,1293
0.02,932
0.02,356
0.02,1325
0.02,400
0.02,839
0.02,857
0.02,1058
0.02,1145
0.02,1232
0.02,1245
0.02,733
0.02,1054
0.02,1160
0.02,1030
0.02,465
0.02,278
0.02,1169
0.02,1179
0.02,1296
0.02,1267
0.02,580
0.02,193
0.02,1343
0.02,893
0.02,962
0.02,598
0.02,511
0.02,1048
0.02,1263
0.02,1305
0.02,813
0.02,865
0.02,550
0.02,137
0.02,919
0.02,1365
0.02,1076
0.02,1197
0.02,1112
0.02,1245
0.02,1359
0.02,1189
0.02,852
0.02,1249
0.02,798
0.02,1276
0.02,1117
0.02,659
0.02,1230
0.02,1391
0.02,854
0.02,1156
0.02,1295
0.02,983
0.02,1321
0.02,1087
0.02,1165
0.02,1331
0.02,466
0.02,1204
0.02,1258
0.02,861
0.02,636
0.02,1201
0.02,476
0.02,1247
0.02,546
0.02,831
0.02,1263
0.02,915
0.02,1129
0.02,1245
0.02,873
0.02,536
0.02,987
0.02,1246
0.02,862
0.02,446
0.02,1201
0.02,1131
0.02,1295
0.02,894
0.02,983
0.02,1116
0.02,1033
0.02,1210
0.02,962
0.02,1129
0.02,1206
0.02,1072
0.02,1193
0.02,820
0.02,22
0.02,1109
0.02,742
0.02,668
0.02,1202
0.02,664
0.02,1290
0.02,1159
0.02,1009
