0.02,1215
0.02,172
0.02,1429
0.02,1465
0.02,1089
0.02,17
0.02,1450
0.02,234
0.02,210
0.02,1330
0.02,1358
0.02,389
0.02,7
0.02,927
0.02,1444
0.02,1263
0.02,1350
0.02,959
0.02,268
0.02,1368
0.02,1452
0.02,1108
0.02,3
0.02,1261
0.02,684
0.02,1265
0.02,1447
0.02,567
0.02,1475
0.02,1398
0.02,860
0.02,68
0.02,1409
0.02,1089
0.02,574
0.02,1392
0.02,642
0.02,1134
0.02,1275
0.02,895
0.02,1428
0.02,836
0.02,996
0.02,747
0.02,1165
0.02,649
0.02,625
0.02,1102
0.02,511
0.02,1529
0.02,767
0.02,71
0.02,1549
0.02,1202
0.02,891
0.02,1527
0.02,798
0.02,56
0.02,1300
0.02,1359
0.02,1072
0.02,280
0.02,687
0.02,178
0.02,1526
0.02,1517
0.02,1213
0.02,1402
0.02,1417
0.02,1429
0.02,1450
0.02,1444
0.02,1322
0.02,1347
0.02,350
0.02,1283
0.02,1394
0.02,1343
0.02,1083
0.02,51
0.02,293
0.02,1058
0.02,949
0.02,745
0.02,2
0.02,3
0.02,2
0.02,1472
0.02,1103
0.02,37
0.02,847
0.02,1269
0.02,536
0.02,1009
0.02,1438
0.02,1445
0.02,490
0.02,4
0.02,54
0.02,16
0.02,295
0.02,390
0.02,21
0.02,1529
0.02,1177
0.02,1104
0.02,6
0.02,17
0.02,1134
0.02,1290
0.02,185
0.02,1388
0.02,1
0.02,115
0.02,1583
0.02,559
0.02,1488
0.02,1487
0.02,1470
0.02,4
0.02,1218
0.02,3
0.02,482
0.02,1116
0.02,1252
0.02,1452
0.02,44
0.02,1080
0.02,26
0.02,1482
0.02,1527
0.02,1229
0.02,191
0.02,1494
0.02,1494
0.02,1265
0.02,826
0.02,1507
0.02,1493
0.02,1363
0.02,1448
0.02,1539
0.02,1247
0.02,86
0.02,3
0.02,1204
0.02,35
0.02,111
0.02,1510
0.02,21
0.02,709
0.02,1418
0.02,1
0.02,727
0.02,890
0.02,1494
0.02,1048
0.02,47
0.02,839
0.02,1345
0.02,234
0.02,1465
0.02,1472
0.02,1458
0.02,14
0.02,1118
0.02,228
0.02,1375
0.02,8
0.02,346
0.02,637
0.02,109
0.02,902
0.02,1212
0.02,1153
0.02,1482
0.02,858
0.02,370
0.02,1428
0.02,21
0.02,977
0.02,13
0.02,1009
0.02,1316
0.02,1523
0.02,1507
0.02,132
0.02,1082
0.02,731
0.02,895
0.02,20
0.02,446
0.02,360
0.02,1371
0.02,10
0.02,1502
0.02,1399
0.02,1093
0.02,1346
0.02,3
0.02,1371
0.02,1188
0.02,556
0.02,1329
0.02,22
0.02,1364
0.02,1370
0.02,1114
0.02,1105
0.02,1103
0.02,229
0.02,1187
0.02,205
0.02,965
0.02,1163
0.02,131
0.02,557
0.02,1514
0.02,1283
0.02,65
0.02,382
0.02,1425
0.02,1566
0.02,1607
0.02,1272
0.02,1574
0.02,38
0.02,1384
0.02,100
0.02,1004
0.02,1119
0.02,271
0.02,1203
0.02,1408
0.02,924
0.02,1210
0.02,1583
0.02,1463
0.02,1
0.02,1332
0.02,1585
0.02,1315
0.02,57
0.02,254
0.02,1555
0.02,13
0.02,840
0.02,1116
0.02,1196
0.02,1417
0.02,1245
0.02,320
0.02,1396
0.02,1
0.02,1373
0.02,1480
0.02,48
0.02,824
0.02,789
0.02,1427
0.02,711
0.02,964
0.02,1319
0.02,1303
0.02,44
0.02,1409
0.02,52
0.02,528
0.02,1411
0.02,1359
0.02,1485
0.02,677
0.02,1238
0.02,1379
0.02,206
0.02,1298
0.02,363
0.02,1347
0.02,1493
0.02,1109
0.02,662
0.02,1468
0.02,524
0.02,721
0.02,355
0.02,39
0.02,1040
0.02,1412
0.02,342
0.02,1362
0.02,1392
0.02,1302
0.02,24
0.02,228
0.02,1403
0.02,1410
0.02,1152
0.02,1310
0.02,2
0.02,1434
0.02,1597
0.02,1468
0.02,600
0.02,1420
0.02,1160
0.02,476
0.02,1352
0.02,1440
0.02,1377
0.02,1397
0.02,1459
0.02,1305
0.02,1118
0.02,2
0.02,1363
0.02,1347
0.02,865
0.02,305
0.02,322
0.02,1345
0.02,629
0.02,2
0.02,1434
0.02,365
0.02,1164
0.02,1148
0.02,1379
0.02,1343
0.02,1478
0.02,100
0.02,1503
0.02,984
0.02,1316
0.02,1473
0.02,1208
0.02,1446
0.02,1430
0.02,1190
0.02,1227
0.02,1094
0.02,878
0.02,1470
0.02,1139
0.02,1437
0.02,694
0.02,1367
0.02,665
0.02,825
0.02,401
0.02,1362
0.02,1503
0.02,1392
0.02,281
0.02,1429
0.02,1441
0.02,1212
0.02,1378
0.02,1363
0.02,3
0.02,895
0.02,1229
0.02,950
0.02,1377
0.02,753
0.02,187
0.02,1339
0.02,1360
0.02,1265
0.02,456
0.02,806
0.02,1391
0.02,1299
0.02,54
0.02,67
0.02,3
0.02,2
0.02,1197
0.02,1557
0.02,1085
0.02,1489
0.02,1296
0.02,1383
0.02,1204
0.02,1496
0.02,1452
0.02,1577
0.02,1419
0.02,1371
0.02,1582
0.02,1460
0.02,571
0.02,783
0.02,842
0.02,8
0.02,673
0.02,1228
0.02,1483
0.02,1319
0.02,733
0.02,18
0.02,1494
0.02,1319
0.02,1302
0.02,33
0.02,965
0.02,1173
0.02,1447
0.02,5
0.02,1214
0.02,1112
0.02,447
0.02,1450
0.02,843
0.02,1205
0.02,1447
0.02,1185
0.02,1529
0.02,971
0.02,1349
0.02,1459
0.02,1388
0.02,1300
0.02,1214
0.02,1144
0.02,1514
0.02,1084
0.02,8
0.02,32
0.02,1568
0.02,1504
0.02,1443
0.02,1208
0.02,1380
0.02,605
0.02,655
0.02,1550
0.02,238
0.02,3
0.02,1126
0.02,1492
0.02,863
0.02,62
0.02,984
0.02,1429
0.02,779
0.02,1340
0.02,640
0.02,1478
0.02,295
0.02,1415
0.02,1582
0.02,1262
0.02,1060
0.02,564
0.02,624
0.02,1306
0.02,1410
0.02,1231
0.02,1200
0.02,589
0.02,1298
0.02,1156
0.02,1156
0.02,1515
0.02,458
0.02,18
0.02,791
0.02,1213
0.02,1014
0.02,1402
0.02,992
0.02,1251
0.02,883
0.02,985
0.02,1401
0.02,543
0.02,591
0.02,1475
0.02,661
0.02,1355
0.02,1282
0.02,459
0.02,1149
0.02,1512
0.02,1246
0.02,690
0.02,726
0.02,1147
0.02,1491
0.02,114
0.02,1147
0.02,1047
0.02,1360
0.02,14
0.02,1479
0.02,1462
0.02,312
0.02,1145
0.02,1022
0.02,52
0.02,1322
0.02,2
0.02,1180
0.02,976
0.02,2
0.02,1
0.02,1228
0.02,1380
0.02,1310
0.02,176
0.02,1374
0.02,1
0.02,1445
0.02,114
0.02,569
0.02,10
0.02,970
0.02,952
0.02,1000
0.02,356
0.02,10
0.02,1414
0.02,730
0.02,1373
0.02,759
0.02,1314
0.02,1328
0.02,1463
0.02,772
0.02,1291
0.02,783
0.02,1187
0.02,1337
0.02,856
0.02,4
0.02,1355
0.02,1272
0.02,763
0.02,1
0.02,916
0.02,84
0.02,62
0.02,1349
0.02,972
0.02,1244
0.02,682
0.02,1388
0.02,112
0.02,99
0.02,1286
0.02,1263
0.02,1179
0.02,66
0.02,1450
0.02,1575
0.02,355
0.02,1471
0.02,653
0.02,1333
0.02,1333
0.02,962
0.02,145
0.02,1409
0.02,804
0.02,97
0.02,469
0.02,1271
0.02,1132
0.02,307
0.02,1
0.02,1496
0.02,1548
0.02,973
0.02,1204
0.02,22
0.02,172
0.02,1287
0.02,1525
0.02,1431
0.02,1240
0.02,1345
0.02,223
0.02,1466
0.02,82
0.02,1115
0.02,1380
0.02,5
0.02,979
0.02,425
0.02,4
0.02,1028
0.02,1114
0.02,206
0.02,1294
0.02,1439
0.02,1446
0.02,1396
0.02,203
0.02,520
0.02,1182
0.02,12
0.02,1545
0.02,907
0.02,1367
0.02,1244
0.02,348
0.02,1079
0.02,1369
0.02,792
0.02,1301
0.02,1422
0.02,1162
0.02,1360
0.02,1
0.02,1415
0.02,2
0.02,1499
0.02,44
0.02,1495
0.02,826
0.02,1306
0.02,789
0.02,1403
0.02,1389
0.02,839
0.02,712
0.02,76
0.02,1563
0.02,1382
0.02,1011
0.02,1317
0.02,374
0.02,959
0.02,672
0.02,1366
0.02,1382
0.02,1403
0.02,1225
0.02,67
0.02,1382
0.02,1246
0.02,27
0.02,1221
0.02,1215
0.02,1158
0.02,1387
0.02,1177
0.02,1388
0.02,1466
0.02,273
0.02,1331
0.02,72
0.02,1
0.02,285
0.02,1278
0.02,1571
0.02,1477
0.02,1258
0.02,556
0.02,934
0.02,530
0.02,598
0.02,1186
0.02,1267
0.02,1436
0.02,371
0.02,1
0.02,1447
0.02,1346
0.02,1287
0.02,1196
0.02,1314
0.02,334
0.02,1500
0.02,137
0.02,1112
0.02,1358
0.02,848
0.02,62
0.02,1369
0.02,218
0.02,1
0.02,729
0.02,1359
0.02,1550
0.02,1136
0.02,15
0.02,587
0.02,1261
0.02,86
0.02,1470
0.02,448
0.02,864
0.02,625
0.02,921
0.02,74
0.02,31
0.02,1155
0.02,1189
0.02,1048
0.02,1293
0.02,93
0.02,1489
0.02,1437
0.02,734
0.02,1423
0.02,177
0.02,1463
0.02,1209
0.02,1468
0.02,1
0.02,1620
0.02,996
0.02,1527
0.02,1383
0.02,1367
0.02,1388
0.02,1506
0.02,11
0.02,1549
0.02,1146
0.02,1169
0.02,1445
0.02,1522
0.02,1063
0.02,1384
0.02,1446
0.02,1398
0.02,1263
0.02,1461
0.02,1227
0.02,1392
0.02,128
0.02,572
0.02,1522
0.02,1
0.02,1401
0.02,1334
0.02,532
0.02,993
0.02,423
0.02,436
0.02,1394
0.02,1512
0.02,98
0.02,827
0.02,726
0.02,1425
0.02,1342
0.02,1374
0.02,1119
0.02,1282
0.02,861
0.02,410
0.02,1385
0.02,93
0.02,1341
0.02,1338
0.02,65
0.02,1090
0.02,1424
0.02,429
0.02,1444
0.02,1234
0.02,1325
0.02,1096
0.02,1193
0.02,1
0.02,1392
0.02,1202
0.02,1137
0.02,961
0.02,1402
0.02,1542
0.02,560
0.02,1363
0.02,1432
0.02,1328
0.02,1279
0.02,997
0.02,21
0.02,1261
0.02,1443
0.02,1410
0.02,712
0.02,984
0.02,158
0.02,1419
0.02,643
0.02,1236
0.02,1150
0.02,744
0.02,1475
0.02,1450
0.02,222
0.02,1227
0.02,1466
0.02,1384
0.02,1320
0.02,1103
0.02,273
0.02,99
0.02,1248
0.02,983
0.02,465
0.02,1474
0.02,257
0.02,1156
0.02,1491
0.02,91
0.02,1
0.02,1353
0.02,1325
0.02,1390
0.02,1160
0.02,1046
0.02,1180
0.02,447
0.02,15
0.02,42
0.02,1037
0.02,1498
0.02,494
0.02,1126
0.02,652
0.02,883
0.02,1000
0.02,1558
0.02,1484
0.02,1
0.02,12
0.02,1153
0.02,1077
0.02,1418
0.02,1017
0.02,1424
0.02,1327
0.02,892
0.02,1259
0.02,1370
0.02,1124
0.02,1449
0.02,1512
0.02,1072
0.02,628
0.02,1530
0.02,921
0.02,1231
0.02,1298
0.02,1214
0.02,1484
0.02,1407
0.02,1029
0.02,1471
0.02,1404
0.02,560
0.02,574
0.02,96
0.02,1468
0.02,76
0.02,612
0.02,1256
0.02,1420
0.02,412
0.02,19
0.02,1223
0.02,11
0.02,1193
0.02,1552
0.02,1257
0.02,2
0.02,623
0.02,1431
0.02,1132
0.02,559
0.02,1260
0.02,40
0.02,735
0.02,829
0.02,1134
0.02,985
0.02,1
0.02,103
0.02,987
0.02,92
0.02,1314
0.02,1253
0.02,247
0.02,1026
0.02,1326
0.02,1417
0.02,5
0.02,1438
0.02,780
0.02,1261
0.02,1511
0.02,1246
0.02,1280
0.02,517
0.02,958
0.02,1449
0.02,48
0.02,225
0.02,1370
0.02,1347
0.02,1480
0.02,1526
0.02,1444
0.02,434
0.02,1471
0.02,1176
0.02,1306
0.02,188
0.02,995
0.02,787
0.02,1182
0.02,1410
0.02,1340
0.02,1445
0.02,1065
0.02,473
0.02,207
0.02,1457
0.02,1373
0.02,229
0.02,1456
0.02,308
0.02,594
0.02,1208
0.02,1001
0.02,1228
0.02,1123
0.02,32
0.02,1507
0.02,966
0.02,1059
0.02,956
0.02,92
0.02,1400
0.02,1435
0.02,1414
0.02,1151
0.02,1535
0.02,1530
0.02,524
0.02,722
0.02,270
0.02,1302
0.02,1331
0.02,1607
0.02,1223
0.02,1113
0.02,1440
0.02,1486
0.02,407
0.02,45
0.02,1397
0.02,1252
0.02,1563
0.02,1373
0.02,1372
0.02,1257
0.02,1412
0.02,70
0.02,396
0.02,1484
0.02,8
0.02,1252
0.02,1256
0.02,4
0.02,1157
0.02,795
0.02,1440
0.02,1544
0.02,1206
0.02,1262
0.02,1136
0.02,818
0.02,23
0.02,349
0.02,1434
0.02,320
0.02,685
0.02,200
0.02,1419
0.02,943
0.02,621
0.02,1240
0.02,661
0.02,458
0.02,1419
0.02,1293
0.02,1339
0.02,1127
0.02,1554
0.02,1326
0.02,782
0.02,1312
0.02,1097
0.02,1432
