0.01,88
0.01,8
0.01,2
0.01,72
0.01,43
0.01,1
0.01,120
0.01,9
0.01,77
0.01,13
0.01,4
0.01,36
0.01,9
0.01,268
0.01,37
0.01,1
0.01,15
0.01,9
0.01,1
0.01,39
0.01,117
0.01,90
0.01,10
0.01,1
0.01,37
0.01,45
0.01,364
0.01,104
0.01,349
0.01,129
0.01,11
0.01,27
0.01,305
0.01,113
0.01,10
0.01,12
0.01,66
0.01,97
0.01,2
0.01,46
0.01,290
0.01,37
0.01,5
0.01,13
0.01,210
0.01,1
0.01,217
0.01,187
0.01,9
0.01,41
0.01,9
0.01,132
0.01,78
0.01,35
0.01,2
0.01,59
0.01,1
0.01,18
0.01,2
0.01,4
0.01,282
0.01,10
0.01,1
0.01,58
0.01,22
0.01,117
0.01,1
0.01,17
0.01,44
0.01,45
0.01,3
0.01,30
0.01,2
0.01,8
0.01,75
0.01,2
0.01,1
0.01,20
0.01,56
0.01,11
0.01,17
0.01,1
0.01,2
0.01,36
0.01,77
0.01,4
0.01,14
0.01,8
0.01,16
0.01,226
0.01,122
0.01,5
0.01,148
0.01,13
0.01,3
0.01,63
0.01,4
0.01,36
0.01,34
0.01,1
0.01,264
0.01,20
0.01,6
0.01,21
0.01,334
0.01,7
0.01,102
0.01,27
0.01,2
0.01,2
0.01,2
0.01,108
0.01,27
0.01,41
0.01,24
0.01,7
0.01,7
0.01,201
0.01,5
0.01,512
0.01,92
0.01,103
0.01,514
0.01,7
0.01,42
0.01,14
0.01,284
0.01,307
0.01,5
0.01,3
0.01,1
0.01,537
0.01,416
0.01,93
0.01,8
0.01,138
0.01,13
0.01,3
0.01,213
0.01,424
0.01,1
0.01,2
0.01,452
0.01,77
0.01,1
0.01,11
0.01,178
0.01,177
0.01,35
0.01,7
0.01,161
0.01,15
0.01,6
0.01,3
0.01,1
0.01,10
0.01,3
0.01,69
0.01,52
0.01,11
0.01,83
0.01,416
0.01,3
0.01,1
0.01,1
0.01,8
0.01,1
0.01,264
0.01,40
0.01,18
0.01,427
0.01,31
0.01,43
0.01,43
0.01,145
0.01,14
0.01,11
0.01,25
0.01,4
0.01,26
0.01,17
0.01,2
0.01,504
0.01,63
0.01,14
0.01,3
0.01,21
0.01,15
0.01,40
0.01,157
0.01,86
0.01,216
0.01,168
0.01,2
0.01,273
0.01,1
0.01,299
0.01,21
0.01,25
0.01,199
0.01,15
0.01,59
0.01,75
0.01,4
0.01,3
0.01,4
0.01,49
0.01,325
0.01,14
0.01,35
0.01,241
0.01,1
0.01,4
0.01,3
0.01,21
0.01,28
0.01,1
0.01,25
0.01,138
0.01,57
0.01,1
0.01,7
0.01,1
0.01,50
0.01,25
0.01,67
0.01,155
0.01,5
0.01,52
0.01,38
0.01,1
0.01,17
0.01,7
0.01,244
0.01,313
0.01,355
0.01,1
0.01,24
0.01,109
0.01,375
0.01,2
0.01,16
0.01,5
0.01,24
0.01,116
0.01,91
0.01,5
0.01,224
0.01,1
0.01,87
0.01,10
0.01,22
0.01,75
0.01,11
0.01,121
0.01,187
0.01,32
0.01,103
0.01,1
0.01,250
0.01,370
0.01,15
0.01,22
0.01,12
0.01,223
0.01,1
0.01,97
0.01,22
0.01,12
0.01,64
0.01,42
0.01,115
0.01,3
0.01,89
0.01,300
0.01,8
0.01,170
0.01,9
0.01,1
0.01,99
0.01,29
0.01,4
0.01,1
0.01,21
0.01,217
0.01,10
0.01,9
0.01,5
0.01,10
0.01,9
0.01,61
0.01,15
0.01,9
0.01,54
0.01,71
0.01,14
0.01,3
0.01,184
0.01,7
0.01,1
0.01,3
0.01,234
0.01,40
0.01,9
0.01,107
0.01,7
0.01,8
0.01,1
0.01,1
0.01,14
0.01,2
0.01,3
0.01,1
0.01,2
0.01,18
0.01,1
0.01,1
0.01,234
0.01,4
0.01,10
0.01,339
0.01,11
0.01,30
0.01,19
0.01,29
0.01,3
0.01,442
0.01,438
0.01,2
0.01,20
0.01,28
0.01,238
0.01,14
0.01,211
0.01,1
0.01,2
0.01,76
0.01,20
0.01,108
0.01,88
0.01,4
0.01,18
0.01,5
0.01,1
0.01,2
0.01,13
0.01,2
0.01,2
0.01,439
0.01,16
0.01,188
0.01,189
0.01,5
0.01,28
0.01,51
0.01,2
0.01,9
0.01,4
0.01,177
0.01,48
0.01,1
0.01,66
0.01,1
0.01,1
0.01,158
0.01,474
0.01,47
0.01,14
0.01,1
0.01,44
0.01,3
0.01,10
0.01,247
0.01,18
0.01,5
0.01,1
0.01,32
0.01,48
0.01,87
0.01,4
0.01,1
0.01,1
0.01,99
0.01,1
0.01,2
0.01,1
0.01,5
0.01,79
0.01,29
0.01,55
0.01,21
0.01,62
0.01,3
0.01,1
0.01,12
0.01,4
0.01,36
0.01,2
0.01,1
0.01,2
0.01,262
0.01,4
0.01,3
0.01,3
0.01,139
0.01,14
0.01,8
0.01,349
0.01,7
0.01,210
0.01,23
0.01,2
0.01,168
0.01,222
0.01,200
0.01,559
0.01,19
0.01,189
0.01,6
0.01,10
0.01,39
0.01,3
0.01,153
0.01,4
0.01,66
0.01,8
0.01,1
0.01,6
0.01,16
0.01,184
0.01,16
0.01,20
0.01,1
0.01,1
0.01,1
0.01,10
0.01,40
0.01,75
0.01,22
0.01,1
0.01,59
0.01,205
0.01,1
0.01,165
0.01,12
0.01,278
0.01,101
0.01,5
0.01,2
0.01,13
0.01,159
0.01,18
0.01,8
0.01,56
0.01,519
0.01,5
0.01,27
0.01,49
0.01,6
0.01,7
0.01,34
0.01,1
0.01,3
0.01,4
0.01,90
0.01,158
0.01,2
0.01,3
0.01,297
0.01,16
0.01,33
0.01,2
0.01,1
0.01,44
0.01,14
0.01,3
0.01,21
0.01,1
0.01,322
0.01,1
0.01,92
0.01,82
0.01,1
0.01,3
0.01,126
0.01,6
0.01,145
0.01,1
0.01,477
0.01,29
0.01,50
0.01,1
0.01,44
0.01,153
0.01,6
0.01,1
0.01,7
0.01,31
0.01,65
0.01,1
0.01,43
0.01,66
0.01,12
0.01,1
0.01,83
0.01,1
0.01,222
0.01,1
0.01,92
0.01,9
0.01,434
0.01,5
0.01,39
0.01,1
0.01,2
0.01,179
0.01,21
0.01,107
0.01,2
0.01,4
0.01,27
0.01,13
0.01,45
0.01,25
0.01,274
0.01,104
0.01,93
0.01,86
0.01,211
0.01,36
0.01,163
0.01,1
0.01,49
0.01,6
0.01,120
0.01,374
0.01,1
0.01,147
0.01,138
0.01,135
0.01,9
0.01,319
0.01,80
0.01,267
0.01,48
0.01,82
0.01,119
0.01,1
0.01,4
0.01,72
0.01,114
0.01,74
0.01,3
0.01,333
0.01,4
0.01,422
0.01,129
0.01,9
0.01,1
0.01,268
0.01,81
0.01,1
0.01,45
0.01,21
0.01,37
0.01,331
0.01,3
0.01,5
0.01,1
0.01,3
0.01,2
0.01,7
0.01,18
0.01,2
0.01,289
0.01,65
0.01,24
0.01,6
0.01,2
0.01,2
0.01,184
0.01,1
0.01,3
0.01,123
0.01,75
0.01,54
0.01,1
0.01,79
0.01,50
0.01,104
0.01,122
0.01,13
0.01,1
0.01,153
0.01,2
0.01,24
0.01,40
0.01,148
0.01,53
0.01,1
0.01,2
0.01,1
0.01,18
0.01,318
0.01,8
0.01,54
0.01,23
0.01,2
0.01,32
0.01,208
0.01,125
0.01,10
0.01,1
0.01,89
0.01,1
0.01,3
0.01,2
0.01,28
0.01,1
0.01,95
0.01,188
0.01,54
0.01,10
0.01,438
0.01,160
0.01,14
0.01,5
0.01,11
0.01,3
0.01,326
0.01,84
0.01,42
0.01,8
0.01,8
0.01,1
0.01,108
0.01,332
0.01,186
0.01,2
0.01,11
0.01,249
0.01,6
0.01,138
0.01,95
0.01,12
0.01,11
0.01,1
0.01,34
0.01,261
0.01,98
0.01,1
0.01,9
0.01,2
0.01,3
0.01,8
0.01,7
0.01,2
0.01,17
0.01,2
0.01,350
0.01,18
0.01,37
0.01,55
0.01,1
0.01,282
0.01,337
0.01,181
0.01,31
0.01,52
0.01,2
0.01,40
0.01,1
0.01,32
0.01,7
0.01,71
0.01,152
0.01,59
0.01,1
0.01,301
0.01,1
0.01,6
0.01,1
0.01,21
0.01,151
0.01,2
0.01,4
0.01,2
0.01,13
0.01,299
0.01,182
0.01,18
0.01,22
0.01,20
0.01,7
0.01,8
0.01,63
0.01,6
0.01,1
0.01,27
0.01,230
0.01,1
0.01,29
0.01,55
0.01,5
0.01,39
0.01,5
0.01,314
0.01,40
0.01,1
0.01,13
0.01,9
0.01,27
0.01,3
0.01,230
0.01,20
0.01,13
0.01,3
0.01,10
0.01,74
0.01,12
0.01,111
0.01,20
0.01,102
0.01,1
0.01,12
0.01,426
0.01,174
0.01,32
0.01,155
0.01,2
0.01,1
0.01,16
0.01,68
0.01,78
0.01,2
0.01,76
0.01,42
0.01,358
0.01,46
0.01,39
0.01,1
0.01,1
0.01,142
0.01,54
0.01,10
0.01,1
0.01,120
0.01,99
0.01,1
0.01,199
0.01,171
0.01,28
0.01,27
0.01,1
0.01,3
0.01,67
0.01,25
0.01,9
0.01,110
0.01,2
0.01,1
0.01,8
0.01,1
0.01,37
0.01,15
0.01,185
0.01,12
0.01,158
0.01,19
0.01,3
0.01,5
0.01,29
0.01,3
0.01,106
0.01,36
0.01,305
0.01,2
0.01,74
0.01,413
0.01,531
0.01,10
0.01,2
0.01,322
0.01,24
0.01,80
0.01,318
0.01,20
0.01,3
0.01,108
0.01,1
0.01,35
0.01,329
0.01,1
0.01,3
0.01,39
0.01,452
0.01,178
0.01,5
0.01,555
0.01,18
0.01,11
0.01,10
0.01,1
0.01,7
0.01,20
0.01,45
0.01,7
0.01,112
0.01,10
0.01,270
0.01,1
0.01,187
0.01,10
0.01,1
0.01,37
0.01,89
0.01,5
0.01,81
0.01,3
0.01,195
0.01,22
0.01,2
0.01,61
0.01,1
0.01,81
0.01,111
0.01,170
0.01,2
0.01,212
0.01,16
0.01,11
0.01,20
0.01,197
0.01,3
0.01,1
0.01,208
0.01,64
0.01,150
0.01,67
0.01,13
0.01,140
0.01,6
0.01,92
0.01,36
0.01,1
0.01,234
0.01,36
0.01,107
0.01,1
0.01,2
0.01,189
0.01,89
0.01,77
0.01,9
0.01,2
0.01,76
0.01,649
0.01,59
0.01,4
0.01,3
0.01,5
0.01,74
0.01,117
0.01,602
0.01,190
0.01,1
0.01,2
0.01,56
0.01,3
0.01,9
0.01,18
0.01,46
0.01,1
0.01,1
0.01,64
0.01,154
0.01,339
0.01,55
0.01,20
0.01,2
0.01,148
0.01,3
0.01,6
0.01,305
0.01,13
0.01,1
0.01,9
0.01,214
0.01,5
0.01,16
0.01,6
0.01,124
0.01,37
0.01,1
0.01,8
0.01,85
0.01,46
0.01,40
0.01,5
0.01,12
0.01,4
0.01,561
0.01,4
0.01,5
0.01,1
0.01,170
0.01,21
0.01,1
0.01,17
0.01,2
0.01,10
0.01,3
0.01,262
0.01,9
0.01,25
0.01,62
0.01,93
0.01,27
0.01,244
0.01,195
0.01,259
0.01,18
0.01,374
0.01,58
0.01,124
0.01,4
0.01,6
0.01,378
0.01,112
0.01,2
0.01,9
0.01,21
0.01,2
0.01,113
0.01,56
0.01,5
0.01,32
0.01,5
0.01,2
0.01,329
0.01,250
0.01,200
0.01,7
0.01,61
0.01,334
0.01,31
0.01,3
0.01,58
0.01,8
0.01,4
0.01,71
0.01,57
0.01,83
0.01,137
0.01,1
0.01,3
0.01,7
0.01,38
0.01,139
0.01,100
0.01,199
0.01,220
0.01,45
0.01,2
0.01,59
0.01,211
0.01,6
0.01,30
0.01,28
0.01,1
0.01,2
0.01,11
0.01,3
0.01,6
0.01,6
0.01,8
0.01,4
0.01,9
0.01,1
0.01,3
0.01,6
0.01,556
0.01,24
0.01,696
0.01,9
0.01,58
0.01,21
0.01,27
0.01,12
0.01,146
0.01,20
0.01,6
0.01,2
0.01,47
0.01,9
0.01,16
0.01,110
0.01,28
0.01,12
0.01,106
