0.02,116
0.02,1484
0.02,1051
0.02,899
0.02,301
0.02,1506
0.02,1595
0.02,1272
0.02,1616
0.02,959
0.02,701
0.02,126
0.02,1527
0.02,48
0.02,1423
0.02,1235
0.02,1216
0.02,1156
0.02,1511
0.02,1507
0.02,163
0.02,1528
0.02,859
0.02,1481
0.02,239
0.02,1525
0.02,1360
0.02,58
0.02,552
0.02,1460
0.02,1717
0.02,1488
0.02,1589
0.02,1614
0.02,754
0.02,1439
0.02,1487
0.02,46
0.02,1598
0.02,1340
0.02,1190
0.02,467
0.02,1529
0.02,1505
0.02,5
0.02,1635
0.02,1559
0.02,1515
0.02,1219
0.02,1343
0.02,1145
0.02,1495
0.02,106
0.02,1516
0.02,5
0.02,565
0.02,1635
0.02,1468
0.02,419
0.02,111
0.02,263
0.02,1653
0.02,1483
0.02,321
0.02,1618
0.02,1572
0.02,1748
0.02,1482
0.02,1003
0.02,1207
0.02,296
0.02,171
0.02,1542
0.02,1574
0.02,1522
0.02,259
0.02,1505
0.02,1668
0.02,504
0.02,60
0.02,623
0.02,278
0.02,1447
0.02,1407
0.02,463
0.02,1494
0.02,699
0.02,1501
0.02,1484
0.02,1551
0.02,1624
0.02,1127
0.02,47
0.02,1003
0.02,1578
0.02,10
0.02,1570
0.02,1532
0.02,1277
0.02,32
0.02,4
0.02,1603
0.02,1589
0.02,1532
0.02,1160
0.02,1486
0.02,1248
0.02,423
0.02,111
0.02,1583
0.02,1601
0.02,712
0.02,6
0.02,5
0.02,1370
0.02,1346
0.02,39
0.02,1659
0.02,1572
0.02,1284
0.02,1500
0.02,1524
0.02,1188
0.02,1604
0.02,1440
0.02,367
0.02,3
0.02,1610
0.02,1
0.02,1344
0.02,115
0.02,1350
0.02,1345
0.02,786
0.02,349
0.02,1547
0.02,588
0.02,1611
0.02,27
0.02,67
0.02,921
0.02,1537
0.02,1139
0.02,243
0.02,1562
0.02,1431
0.02,156
0.02,22
0.02,860
0.02,1261
0.02,3
0.02,7
0.02,1526
0.02,1606
0.02,213
0.02,1423
0.02,1086
0.02,14
0.02,1421
0.02,1612
0.02,2
0.02,1574
0.02,1626
0.02,1501
0.02,1394
0.02,49
0.02,1067
0.02,866
0.02,1492
0.02,8
0.02,1535
0.02,312
0.02,1569
0.02,1522
0.02,61
0.02,99
0.02,1506
0.02,1388
0.02,1429
0.02,152
0.02,1402
0.02,1629
0.02,790
0.02,1006
0.02,1542
0.02,754
0.02,1418
0.02,1521
0.02,1224
0.02,1496
0.02,1555
0.02,98
0.02,1646
0.02,1412
0.02,1520
0.02,1346
0.02,169
0.02,234
0.02,747
0.02,1594
0.02,1464
0.02,989
0.02,1247
0.02,1193
0.02,1589
0.02,1523
0.02,884
0.02,1363
0.02,1611
0.02,456
0.02,1355
0.02,1556
0.02,774
0.02,1041
0.02,1423
0.02,592
0.02,1654
0.02,1654
0.02,147
0.02,1314
0.02,268
0.02,1589
0.02,1470
0.02,299
0.02,1578
0.02,495
0.02,999
0.02,1473
0.02,434
0.02,1552
0.02,1585
0.02,1489
0.02,1593
0.02,1179
0.02,1570
0.02,25
0.02,1033
0.02,1536
0.02,1454
0.02,1408
0.02,726
0.02,1103
0.02,14
0.02,1
0.02,1606
0.02,1277
0.02,55
0.02,1563
0.02,1651
0.02,1669
0.02,1378
0.02,827
0.02,1048
0.02,1044
0.02,649
0.02,1266
0.02,1447
0.02,1326
0.02,1438
0.02,1288
0.02,1215
0.02,757
0.02,1194
0.02,310
0.02,1659
0.02,648
0.02,1523
0.02,1549
0.02,1635
0.02,13
0.02,884
0.02,1625
0.02,1132
0.02,66
0.02,740
0.02,1137
0.02,1267
0.02,1465
0.02,150
0.02,1646
0.02,1630
0.02,1620
0.02,1684
0.02,1460
0.02,1539
0.02,6
0.02,1587
0.02,1163
0.02,1620
0.02,1574
0.02,1281
0.02,1534
0.02,967
0.02,1624
0.02,1295
0.02,1495
0.02,1596
0.02,1370
0.02,4
0.02,1648
0.02,1569
0.02,1537
0.02,192
0.02,1494
0.02,1587
0.02,1354
0.02,1593
0.02,1656
0.02,1643
0.02,4
0.02,2
0.02,1643
0.02,891
0.02,923
0.02,746
0.02,199
0.02,1641
0.02,199
0.02,264
0.02,1621
0.02,44
0.02,1365
0.02,1298
0.02,1587
0.02,1205
0.02,1144
0.02,1561
0.02,12
0.02,1457
0.02,4
0.02,461
0.02,1428
0.02,100
0.02,1568
0.02,1522
0.02,20
0.02,654
0.02,137
0.02,963
0.02,1587
0.02,1667
0.02,1564
0.02,1529
0.02,228
0.02,1609
0.02,1363
0.02,1604
0.02,1482
0.02,892
0.02,1463
0.02,1278
0.02,11
0.02,630
0.02,1007
0.02,50
0.02,244
0.02,1255
0.02,1426
0.02,390
0.02,1190
0.02,19
0.02,1507
0.02,1426
0.02,1552
0.02,1516
0.02,1574
0.02,1554
0.02,1415
0.02,1485
0.02,1391
0.02,169
0.02,1588
0.02,1635
0.02,1590
0.02,1404
0.02,1337
0.02,1119
0.02,70
0.02,99
0.02,1514
0.02,1360
0.02,65
0.02,2
0.02,1515
0.02,1613
0.02,1596
0.02,1041
0.02,1693
0.02,317
0.02,43
0.02,1588
0.02,1538
0.02,777
0.02,843
0.02,1
0.02,2
0.02,1618
0.02,562
0.02,473
0.02,36
0.02,1517
0.02,1481
0.02,1119
0.02,1291
0.02,1419
0.02,148
0.02,803
0.02,1009
0.02,1642
0.02,1554
0.02,1697
0.02,3
0.02,1600
0.02,729
0.02,268
0.02,1377
0.02,1358
0.02,1408
0.02,1588
0.02,334
0.02,1580
0.02,231
0.02,1192
0.02,1518
0.02,75
0.02,1485
0.02,1492
0.02,1569
0.02,1501
0.02,1543
0.02,909
0.02,222
0.02,1178
0.02,803
0.02,1492
0.02,1388
0.02,23
0.02,1528
0.02,1537
0.02,1332
0.02,754
0.02,1544
0.02,1505
0.02,1427
0.02,196
0.02,1
0.02,1266
0.02,1549
0.02,1496
0.02,202
0.02,1315
0.02,1398
0.02,1003
0.02,119
0.02,793
0.02,1693
0.02,1213
0.02,1553
0.02,825
0.02,323
0.02,489
0.02,1605
0.02,855
0.02,1442
0.02,1351
0.02,1520
0.02,864
0.02,1200
0.02,1475
0.02,1307
0.02,1500
0.02,1511
0.02,1443
0.02,1462
0.02,1581
0.02,1475
0.02,282
0.02,4
0.02,1573
0.02,1590
0.02,838
0.02,1158
0.02,442
0.02,1372
0.02,1089
0.02,1433
0.02,9
0.02,1718
0.02,1378
0.02,1537
0.02,1391
0.02,275
0.02,1672
0.02,158
0.02,698
0.02,1053
0.02,1056
0.02,1628
0.02,890
0.02,601
0.02,380
0.02,569
0.02,1489
0.02,1399
0.02,637
0.02,1232
0.02,1624
0.02,1204
0.02,1627
0.02,229
0.02,242
0.02,1426
0.02,915
0.02,8
0.02,1462
0.02,736
0.02,1468
0.02,1580
0.02,1081
0.02,1597
0.02,1151
0.02,1271
0.02,1327
0.02,1510
0.02,1045
0.02,418
0.02,1457
0.02,1683
0.02,407
0.02,1295
0.02,1612
0.02,1503
0.02,1334
0.02,1129
0.02,1548
0.02,1500
0.02,1319
0.02,1496
0.02,1268
0.02,206
0.02,879
0.02,1125
0.02,489
0.02,1286
0.02,1269
0.02,580
0.02,169
0.02,38
0.02,880
0.02,879
0.02,99
0.02,102
0.02,1653
0.02,1634
0.02,1562
0.02,1596
0.02,1416
0.02,851
0.02,272
0.02,1546
0.02,1649
0.02,1566
0.02,49
0.02,349
0.02,1586
0.02,1627
0.02,1464
0.02,339
0.02,1345
0.02,1636
0.02,1584
0.02,1218
0.02,1639
0.02,1497
0.02,1052
0.02,1446
0.02,153
0.02,1639
0.02,981
0.02,1700
0.02,1593
0.02,695
0.02,1267
0.02,199
0.02,975
0.02,91
0.02,1577
0.02,1378
0.02,919
0.02,43
0.02,1396
0.02,1377
0.02,1630
0.02,4
0.02,236
0.02,20
0.02,1626
0.02,1620
0.02,1626
0.02,480
0.02,549
0.02,1424
0.02,1661
0.02,1308
0.02,1393
0.02,1524
0.02,1510
0.02,15
0.02,1546
0.02,1634
0.02,2
0.02,655
0.02,1505
0.02,77
0.02,1374
0.02,538
0.02,902
0.02,1304
0.02,1695
0.02,1653
0.02,1663
0.02,406
0.02,1565
0.02,1489
0.02,130
0.02,3
0.02,1608
0.02,1702
0.02,33
0.02,712
0.02,305
0.02,1452
0.02,1233
0.02,1136
0.02,1482
0.02,1293
0.02,19
0.02,1448
0.02,1428
0.02,540
0.02,132
0.02,30
0.02,1209
0.02,1533
0.02,999
0.02,388
0.02,752
0.02,1349
0.02,443
0.02,1402
0.02,375
0.02,1623
0.02,1546
0.02,1494
0.02,114
0.02,3
0.02,1541
0.02,1296
0.02,1546
0.02,1459
0.02,1564
0.02,1291
0.02,1375
0.02,1
0.02,1530
0.02,371
0.02,1544
0.02,481
0.02,1678
0.02,1459
0.02,787
0.02,558
0.02,1297
0.02,1111
0.02,1615
0.02,1517
0.02,1414
0.02,1243
0.02,1555
0.02,1546
0.02,2
0.02,230
0.02,478
0.02,1429
0.02,1403
0.02,832
0.02,1689
0.02,808
0.02,1386
0.02,1332
0.02,1548
0.02,567
0.02,1501
0.02,1136
0.02,1264
0.02,1483
0.02,331
0.02,1555
0.02,1555
0.02,306
0.02,1500
0.02,1526
0.02,30
0.02,1549
0.02,1441
0.02,1428
0.02,1606
0.02,1578
0.02,1609
0.02,1565
0.02,1511
0.02,1537
0.02,1303
0.02,1596
0.02,1391
0.02,1523
0.02,1467
0.02,31
0.02,1733
0.02,10
0.02,1287
0.02,966
0.02,1472
0.02,1664
0.02,48
0.02,1198
0.02,1222
0.02,811
0.02,1670
0.02,1260
0.02,230
0.02,846
0.02,1600
0.02,53
0.02,93
0.02,1197
0.02,1543
0.02,1292
0.02,638
0.02,144
0.02,1413
0.02,1598
0.02,1577
0.02,9
0.02,1069
0.02,4
0.02,1624
0.02,1318
0.02,1262
0.02,1325
0.02,26
0.02,1428
0.02,760
0.02,1467
0.02,1434
0.02,785
0.02,1639
0.02,1523
0.02,1374
0.02,1568
0.02,1364
0.02,1131
0.02,1401
0.02,1313
0.02,1581
0.02,1504
0.02,750
0.02,905
0.02,1374
0.02,1442
0.02,1633
0.02,760
0.02,1637
0.02,1289
0.02,1467
0.02,1555
0.02,1046
0.02,1381
0.02,1434
0.02,1445
0.02,1456
0.02,1546
0.02,1761
0.02,1084
0.02,1428
0.02,13
0.02,62
0.02,910
0.02,1547
0.02,1225
0.02,678
0.02,109
0.02,1539
0.02,1364
0.02,87
0.02,1656
0.02,1381
0.02,76
0.02,1514
0.02,1629
0.02,1611
0.02,1266
0.02,22
0.02,303
0.02,2
0.02,372
0.02,1572
0.02,1297
0.02,469
0.02,1573
0.02,1126
0.02,1638
0.02,40
0.02,1566
0.02,68
0.02,5
0.02,116
0.02,22
0.02,1132
0.02,2
0.02,1511
0.02,1627
0.02,1102
0.02,15
0.02,949
0.02,1120
0.02,62
0.02,1406
0.02,1
0.02,1431
0.02,1575
0.02,271
0.02,206
0.02,10
0.02,5
0.02,1470
0.02,112
0.02,1193
0.02,560
0.02,1342
0.02,1304
0.02,1552
0.02,1534
0.02,1430
0.02,571
0.02,1520
0.02,3
0.02,1641
0.02,1616
0.02,14
0.02,1411
0.02,1395
0.02,15
0.02,891
0.02,1605
0.02,1451
0.02,1267
0.02,1603
0.02,1497
0.02,1532
0.02,1523
0.02,153
0.02,57
0.02,1629
0.02,1217
0.02,1
0.02,851
0.02,1051
0.02,690
0.02,1491
0.02,1484
0.02,583
0.02,1443
0.02,1634
0.02,1280
0.02,194
0.02,1590
0.02,1325
0.02,782
0.02,1500
0.02,1631
0.02,1643
0.02,1427
0.02,359
0.02,1016
0.02,1361
0.02,1467
0.02,1688
0.02,745
0.02,1087
0.02,1616
0.02,1479
0.02,930
0.02,1457
0.02,96
0.02,218
0.02,1154
0.02,1512
0.02,1589
0.02,1503
0.02,1646
0.02,1051
0.02,1505
0.02,350
0.02,1510
0.02,738
0.02,1549
0.02,1065
0.02,1566
0.02,427
0.02,1298
0.02,1303
0.02,1555
0.02,1602
0.02,456
0.02,1516
0.02,957
0.02,356
0.02,1609
0.02,1496
0.02,1673
0.02,24
0.02,1581
0.02,57
0.02,61
0.02,1598
0.02,1456
0.02,1355
0.02,1
0.02,1650
0.02,1656
0.02,1515
0.02,1418
0.02,1
0.02,1637
0.02,1403
0.02,1051
0.02,910
0.02,14
0.02,29
0.02,1646
0.02,1550
0.02,938
0.02,1376
0.02,1463
0.02,1602
0.02,1132
0.02,1617
0.02,1604
0.02,259
0.02,3
0.02,1556
0.02,1508
0.02,11
0.02,1370
0.02,1
0.02,112
0.02,1354
0.02,1632
0.02,205
0.02,1454
0.02,6
0.02,743
0.02,1663
0.02,1673
0.02,1411
0.02,1440
0.02,497
0.02,1462
0.02,543
0.02,1596
0.02,1278
0.02,1523
0.02,1623
0.02,1566
0.02,842
0.02,1123
0.02,522
0.02,938
0.02,1504
0.02,1572
0.02,1486
0.02,1408
0.02,906
0.02,1546
0.02,573
0.02,1524
0.02,1
0.02,1782
0.02,1383
0.02,1531
0.02,1570
0.02,602
0.02,1347
0.02,1580
0.02,1189
0.02,1174
0.02,1471
0.02,1438
0.02,1455
