0.02,1636
0.02,1625
0.02,1565
0.02,1624
0.02,1618
0.02,725
0.02,1579
0.02,1629
0.02,1061
0.02,1654
0.02,1644
0.02,1662
0.02,1533
0.02,1417
0.02,1691
0.02,1637
0.02,1627
0.02,1546
0.02,1603
0.02,1619
0.02,1641
0.02,1556
0.02,1614
0.02,1641
0.02,1646
0.02,1626
0.02,1607
0.02,1624
0.02,1638
0.02,1546
0.02,1055
0.02,1639
0.02,1566
0.02,1614
0.02,1667
0.02,1561
0.02,1633
0.02,1661
0.02,1608
0.02,1608
0.02,1611
0.02,1072
0.02,1614
0.02,1403
0.02,1632
0.02,1637
0.02,1605
0.02,1455
0.02,1670
0.02,1666
0.02,1616
0.02,1632
0.02,1456
0.02,1601
0.02,1675
0.02,1629
0.02,1607
0.02,1101
0.02,1543
0.02,1631
0.02,1638
0.02,1668
0.02,1540
0.02,1242
0.02,1642
0.02,1598
0.02,1642
0.02,1592
0.02,1425
0.02,1651
0.02,1644
0.02,1626
0.02,1639
0.02,1552
0.02,1643
0.02,1631
0.02,1652
0.02,1582
0.02,1381
0.02,1506
0.02,1652
0.02,1513
0.02,1531
0.02,1656
0.02,1599
0.02,1522
0.02,1608
0.02,1568
0.02,1629
0.02,1676
0.02,1420
0.02,1505
0.02,1644
0.02,1621
0.02,1620
0.02,1645
0.02,1504
0.02,1535
0.02,1653
0.02,1619
0.02,1612
0.02,1622
0.02,1676
0.02,1578
0.02,1662
0.02,1583
0.02,1647
0.02,1063
0.02,1594
0.02,1646
0.02,1641
0.02,1673
0.02,1617
0.02,1657
0.02,1639
0.02,1614
0.02,1516
0.02,1631
0.02,1573
0.02,1565
0.02,1584
0.02,1581
0.02,1638
0.02,1604
0.02,1645
0.02,1598
0.02,1679
0.02,1621
0.02,1546
0.02,1568
0.02,1510
0.02,1557
0.02,1587
0.02,1667
0.02,1469
0.02,1227
0.02,1581
0.02,1364
0.02,1186
0.02,1028
0.02,1649
0.02,1473
0.02,1243
0.02,1649
0.02,1626
0.02,1590
0.02,1532
0.02,1664
0.02,1600
0.02,1518
0.02,1633
0.02,1617
0.02,1637
0.02,1598
0.02,1617
0.02,1615
0.02,1528
0.02,1606
0.02,1505
0.02,1608
0.02,1299
0.02,1614
0.02,1583
0.02,1626
0.02,1628
0.02,1685
0.02,1446
0.02,1699
0.02,1618
0.02,1602
0.02,1646
0.02,1669
0.02,1540
0.02,1640
0.02,1547
0.02,1454
0.02,1435
0.02,1595
0.02,1666
0.02,1611
0.02,1660
0.02,1283
0.02,1607
0.02,1617
0.02,1648
0.02,1612
0.02,1586
0.02,1648
0.02,1618
0.02,1118
0.02,1641
0.02,1641
0.02,1501
0.02,1642
0.02,1638
0.02,642
0.02,1662
0.02,1633
0.02,1646
0.02,1689
0.02,1539
0.02,1461
0.02,1662
0.02,1637
0.02,1621
0.02,1647
0.02,1602
0.02,1617
0.02,1356
0.02,1640
0.02,1574
0.02,1604
0.02,1650
0.02,1665
0.02,1639
0.02,1549
0.02,1568
0.02,1574
0.02,1652
0.02,1630
0.02,1450
0.02,1661
0.02,1634
0.02,1644
0.02,1649
0.02,1627
0.02,1665
0.02,1532
0.02,1697
0.02,1423
0.02,1312
0.02,1266
0.02,1589
0.02,1617
0.02,1337
0.02,1635
0.02,1584
0.02,1641
0.02,1486
0.02,1219
0.02,1613
0.02,1613
0.02,1509
0.02,1483
0.02,1594
0.02,1572
0.02,1641
0.02,1481
0.02,1675
0.02,1565
0.02,1589
0.02,1599
0.02,1647
0.02,1637
0.02,1643
0.02,1257
0.02,1563
0.02,1621
0.02,1634
0.02,1427
0.02,1460
0.02,1612
0.02,1383
0.02,1614
0.02,1580
0.02,1289
0.02,1528
0.02,1614
0.02,1635
0.02,1638
0.02,1487
0.02,1627
0.02,1108
0.02,1487
0.02,1697
0.02,1569
0.02,1599
0.02,1598
0.02,1460
0.02,1517
0.02,1630
0.02,1639
0.02,1588
0.02,1564
0.02,1601
0.02,1620
0.02,1698
0.02,1667
0.02,1644
0.02,1595
0.02,1655
0.02,1621
0.02,1634
0.02,1505
0.02,1617
0.02,1638
0.02,1643
0.02,1585
0.02,1381
0.02,1606
0.02,1601
0.02,1477
0.02,1620
0.02,1627
0.02,1572
0.02,1670
0.02,1627
0.02,1576
0.02,1693
0.02,1565
0.02,1587
0.02,1606
0.02,1515
0.02,1649
0.02,1643
0.02,1696
0.02,1607
0.02,1518
0.02,1596
0.02,1641
0.02,1260
0.02,1596
0.02,1645
0.02,1592
0.02,1630
0.02,1627
0.02,1369
0.02,1685
0.02,1658
0.02,1259
0.02,1666
0.02,1630
0.02,1567
0.02,1631
0.02,1672
0.02,1625
0.02,1443
0.02,1453
0.02,1681
0.02,1641
0.02,1606
0.02,1632
0.02,1583
0.02,1550
0.02,1647
0.02,1644
0.02,1406
0.02,1639
0.02,1600
0.02,1602
0.02,1434
0.02,1647
0.02,1615
0.02,1634
0.02,1389
0.02,1642
0.02,1593
0.02,1652
0.02,1604
0.02,1604
0.02,1646
0.02,1671
0.02,1643
0.02,1640
0.02,1603
0.02,1592
0.02,1646
0.02,1645
0.02,1592
0.02,1616
0.02,1588
0.02,1243
0.02,1543
0.02,1604
0.02,1596
0.02,1565
0.02,1621
0.02,1631
0.02,1531
0.02,1153
0.02,1589
0.02,1663
0.02,1623
0.02,1580
0.02,1530
0.02,1620
0.02,1581
0.02,1638
0.02,1684
0.02,1673
0.02,1547
0.02,1688
0.02,1633
0.02,1682
0.02,1546
0.02,1577
0.02,1653
0.02,1609
0.02,1616
0.02,1233
0.02,1274
0.02,1556
0.02,1680
0.02,1660
0.02,1641
0.02,1598
0.02,1599
0.02,1633
0.02,1671
0.02,1680
0.02,1519
0.02,1615
0.02,1674
0.02,1617
0.02,1526
0.02,1664
0.02,1621
0.02,1650
0.02,1515
0.02,1472
0.02,1259
0.02,1627
0.02,1652
0.02,1625
0.02,1549
0.02,1588
0.02,1623
0.02,1639
0.02,1569
0.02,1648
0.02,1637
0.02,1654
0.02,1608
0.02,1583
0.02,1680
0.02,1375
0.02,1552
0.02,1493
0.02,1695
0.02,1518
0.02,1646
0.02,1625
0.02,1660
0.02,1239
0.02,1610
0.02,1568
0.02,1648
0.02,1541
0.02,1639
0.02,1590
0.02,1676
0.02,1636
0.02,1678
0.02,1637
0.02,1479
0.02,1617
0.02,1406
0.02,1674
0.02,1620
0.02,1627
0.02,1690
0.02,1575
0.02,1590
0.02,1429
0.02,1589
0.02,1615
0.02,1582
0.02,1547
0.02,1612
0.02,1628
0.02,1620
0.02,1563
0.02,1628
0.02,1476
0.02,1586
0.02,1563
0.02,1672
0.02,1587
0.02,1636
0.02,1630
0.02,1394
0.02,1566
0.02,1648
0.02,1657
0.02,1524
0.02,1565
0.02,1556
0.02,1574
0.02,1468
0.02,1647
0.02,1645
0.02,1688
0.02,1639
0.02,1611
0.02,1541
0.02,1639
0.02,1671
0.02,1599
0.02,1604
0.02,1597
0.02,1652
0.02,1670
0.02,1561
0.02,1648
0.02,1685
0.02,1630
0.02,1637
0.02,1638
0.02,1682
0.02,1575
0.02,1625
0.02,1402
0.02,1645
0.02,1523
0.02,1563
0.02,1137
0.02,1491
0.02,1644
0.02,1392
0.02,1610
0.02,1019
0.02,1226
0.02,1225
0.02,1655
0.02,1376
0.02,1625
0.02,1615
0.02,1564
0.02,1565
0.02,1601
0.02,1651
0.02,1668
0.02,1585
0.02,1645
0.02,1659
0.02,1661
0.02,1651
0.02,1634
0.02,1647
0.02,1626
0.02,1649
0.02,1608
0.02,1518
0.02,1593
0.02,1666
0.02,1598
0.02,1458
0.02,1609
0.02,1632
0.02,1629
0.02,1621
0.02,1580
0.02,1559
0.02,865
0.02,1478
0.02,1669
0.02,1511
0.02,1596
0.02,1663
0.02,1640
0.02,1541
0.02,1321
0.02,1517
0.02,1640
0.02,1494
0.02,1609
0.02,1606
0.02,1592
0.02,1643
0.02,1500
0.02,1632
0.02,1619
0.02,1587
0.02,1637
0.02,1652
0.02,1596
0.02,1630
0.02,1600
0.02,1618
0.02,1629
0.02,1607
0.02,1643
0.02,1606
0.02,1425
0.02,1630
0.02,1627
0.02,1620
0.02,1656
0.02,1649
0.02,1438
0.02,1624
0.02,1268
0.02,1684
0.02,1589
0.02,1566
0.02,1610
0.02,1605
0.02,1471
0.02,1500
0.02,1567
0.02,1613
0.02,1669
0.02,1654
0.02,1650
0.02,1619
0.02,1634
0.02,1491
0.02,1645
0.02,1652
0.02,1647
0.02,1626
0.02,1500
0.02,1603
0.02,1501
0.02,1571
0.02,1556
0.02,1507
0.02,1489
0.02,1569
0.02,1620
0.02,1629
0.02,1593
0.02,1506
0.02,1598
0.02,748
0.02,1651
0.02,1662
0.02,1598
0.02,1637
0.02,1649
0.02,1668
0.02,1593
0.02,1626
0.02,1600
0.02,962
0.02,1665
0.02,1539
0.02,1651
0.02,1612
0.02,1496
0.02,1557
0.02,1394
0.02,1603
0.02,1623
0.02,1646
0.02,1627
0.02,1613
0.02,1601
0.02,1635
0.02,1644
0.02,1559
0.02,1568
0.02,1298
0.02,1642
0.02,1623
0.02,1639
0.02,1680
0.02,1665
0.02,1672
0.02,1572
0.02,1640
0.02,1615
0.02,1249
0.02,1661
0.02,1603
0.02,1511
0.02,1544
0.02,1573
0.02,1648
0.02,1583
0.02,1619
0.02,1686
0.02,1312
0.02,1633
0.02,1643
0.02,1444
0.02,1123
0.02,1619
0.02,1588
0.02,1659
0.02,1633
0.02,1648
0.02,1287
0.02,1543
0.02,1638
0.02,912
0.02,1545
0.02,1290
0.02,1582
0.02,1661
0.02,1626
0.02,1585
0.02,1610
0.02,1473
0.02,1664
0.02,1590
0.02,1674
0.02,1590
0.02,1582
0.02,1657
0.02,1642
0.02,1446
0.02,1616
0.02,1652
0.02,1639
0.02,1605
0.02,1614
0.02,1672
0.02,1605
0.02,1569
0.02,1654
0.02,1594
0.02,1631
0.02,1508
0.02,1652
0.02,1616
0.02,1663
0.02,1634
0.02,1584
0.02,1605
0.02,1658
0.02,1632
0.02,1652
0.02,1650
0.02,1378
0.02,1536
0.02,1613
0.02,1638
0.02,1615
0.02,1582
0.02,1491
0.02,1508
0.02,1550
0.02,1664
0.02,1674
0.02,1636
0.02,1530
0.02,1583
0.02,1598
0.02,1648
0.02,1605
0.02,1339
0.02,1666
0.02,1574
0.02,1718
0.02,1461
0.02,1620
0.02,1609
0.02,1554
0.02,1639
0.02,1575
0.02,1534
0.02,1631
0.02,1646
0.02,1382
0.02,1555
0.02,1507
0.02,1312
0.02,1616
0.02,1489
0.02,1567
0.02,1621
0.02,1634
0.02,1594
0.02,1642
0.02,1611
0.02,1334
0.02,1550
0.02,1565
0.02,1591
0.02,1633
0.02,1640
0.02,1579
0.02,1601
0.02,1585
0.02,1513
0.02,1656
0.02,1581
0.02,1465
0.02,1189
0.02,1643
0.02,1646
0.02,1617
0.02,1472
0.02,1647
0.02,1524
0.02,1555
0.02,1645
0.02,1651
0.02,1583
0.02,1614
0.02,1651
0.02,1455
0.02,1645
0.02,1672
0.02,1602
0.02,1644
0.02,1539
0.02,1626
0.02,1656
0.02,1499
0.02,1555
0.02,1567
0.02,1652
0.02,1571
0.02,1682
0.02,1608
0.02,1591
0.02,1546
0.02,1654
0.02,900
0.02,1600
0.02,1590
0.02,1587
0.02,1641
0.02,1405
0.02,1638
0.02,1591
0.02,1613
0.02,1630
0.02,1646
0.02,1573
0.02,1608
0.02,1641
0.02,1286
0.02,1616
0.02,216
0.02,1639
0.02,1589
0.02,1616
0.02,1527
0.02,1507
0.02,1568
0.02,1676
0.02,1679
0.02,1578
0.02,1528
0.02,1625
0.02,1404
0.02,1571
0.02,1514
0.02,1544
0.02,1614
0.02,1412
0.02,1590
0.02,1654
0.02,1627
0.02,1319
0.02,1587
0.02,1628
0.02,1602
0.02,1615
0.02,1641
0.02,1538
0.02,1611
0.02,1686
0.02,1636
0.02,1665
0.02,1621
0.02,1395
0.02,1610
0.02,1510
0.02,1606
0.02,1576
0.02,1584
0.02,1580
0.02,1620
0.02,1626
0.02,1621
0.02,1599
0.02,1650
0.02,1623
0.02,1646
0.02,1348
0.02,1553
0.02,1614
0.02,1606
0.02,1613
0.02,1643
0.02,1673
0.02,1487
0.02,1599
0.02,1627
0.02,1520
0.02,1579
0.02,1592
0.02,1624
0.02,963
0.02,1485
0.02,1580
0.02,1615
0.02,1553
0.02,1679
0.02,1614
0.02,1556
0.02,1644
0.02,1597
0.02,1716
0.02,1595
0.02,1624
0.02,1620
0.02,1283
0.02,1599
0.02,1320
0.02,1635
0.02,1343
0.02,1481
0.02,1616
0.02,1572
0.02,1639
0.02,1599
0.02,1619
0.02,1070
0.02,1697
0.02,1462
0.02,1653
0.02,1534
0.02,1629
0.02,1615
0.02,1658
0.02,1669
0.02,1618
0.02,1660
0.02,1655
0.02,1502
0.02,1601
0.02,1549
0.02,1602
0.02,1594
0.02,1631
0.02,1654
0.02,1370
0.02,1587
0.02,1643
0.02,1643
0.02,1530
0.02,1663
0.02,1601
0.02,1630
0.02,1652
0.02,1596
0.02,1530
0.02,1598
0.02,1636
0.02,1662
0.02,1605
0.02,1576
0.02,1610
0.02,1558
0.02,590
0.02,1536
0.02,1658
0.02,1636
0.02,1435
0.02,1658
0.02,1252
0.02,1560
0.02,1632
0.02,1625
0.02,1634
0.02,1624
0.02,1521
0.02,1611
0.02,1599
0.02,1106
0.02,1659
0.02,1555
0.02,1574
0.02,1628
0.02,1431
0.02,1582
0.02,1442
0.02,1607
0.02,1487
0.02,1618
0.02,1601
0.02,1642
0.02,1607
0.02,1627
0.02,1616
0.02,1090
0.02,1591
0.02,1679
0.02,1644
0.02,1554
0.02,938
0.02,1605
0.02,1587
0.02,1609
0.02,1672
0.02,1672
0.02,1594
0.02,1424
0.02,1616
0.02,1638
0.02,1434
0.02,1657
0.02,1612
0.02,1628
0.02,1610
