0.01,369
0.01,184
0.01,424
0.01,797
0.01,638
0.01,281
0.01,179
0.01,560
0.01,292
0.01,383
0.01,441
0.01,377
0.01,549
0.01,342
0.01,527
0.01,1028
0.01,556
0.01,853
0.01,519
0.01,166
0.01,607
0.01,417
0.01,568
0.01,414
0.01,676
0.01,332
0.01,802
0.01,591
0.01,504
0.01,259
0.01,479
0.01,399
0.01,512
0.01,347
0.01,594
0.01,275
0.01,567
0.01,39
0.01,195
0.01,751
0.01,202
0.01,208
0.01,524
0.01,877
0.01,646
0.01,579
0.01,310
0.01,550
0.01,650
0.01,344
0.01,511
0.01,184
0.01,407
0.01,775
0.01,821
0.01,400
0.01,790
0.01,928
0.01,404
0.01,457
0.01,553
0.01,156
0.01,670
0.01,99
0.01,849
0.01,308
0.01,491
0.01,410
0.01,748
0.01,275
0.01,56
0.01,547
0.01,18
0.01,755
0.01,387
0.01,226
0.01,504
0.01,429
0.01,761
0.01,567
0.01,135
0.01,718
0.01,638
0.01,302
0.01,459
0.01,842
0.01,195
0.01,316
0.01,449
0.01,814
0.01,136
0.01,130
0.01,374
0.01,548
0.01,255
0.01,598
0.01,316
0.01,590
0.01,96
0.01,370
0.01,583
0.01,561
0.01,332
0.01,303
0.01,452
0.01,871
0.01,143
0.01,732
0.01,676
0.01,71
0.01,106
0.01,899
0.01,475
0.01,340
0.01,61
0.01,810
0.01,564
0.01,332
0.01,648
0.01,711
0.01,61
0.01,727
0.01,493
0.01,909
0.01,330
0.01,278
0.01,178
0.01,888
0.01,172
0.01,694
0.01,236
0.01,242
0.01,418
0.01,333
0.01,489
0.01,826
0.01,254
0.01,608
0.01,806
0.01,470
0.01,450
0.01,555
0.01,625
0.01,324
0.01,238
0.01,341
0.01,443
0.01,664
0.01,139
0.01,370
0.01,895
0.01,283
0.01,360
0.01,245
0.01,336
0.01,35
0.01,352
0.01,618
0.01,264
0.01,322
0.01,450
0.01,382
0.01,143
0.01,466
0.01,574
0.01,491
0.01,420
0.01,266
0.01,606
0.01,1023
0.01,604
0.01,725
0.01,439
0.01,285
0.01,623
0.01,518
0.01,210
0.01,234
0.01,363
0.01,366
0.01,80
0.01,596
0.01,253
0.01,975
0.01,437
0.01,349
0.01,489
0.01,326
0.01,360
0.01,366
0.01,559
0.01,871
0.01,252
0.01,429
0.01,159
0.01,298
0.01,520
0.01,229
0.01,613
0.01,150
0.01,580
0.01,275
0.01,315
0.01,416
0.01,327
0.01,413
0.01,182
0.01,470
0.01,609
0.01,384
0.01,497
0.01,367
0.01,66
0.01,206
0.01,395
0.01,582
0.01,684
0.01,233
0.01,568
0.01,199
0.01,479
0.01,272
0.01,202
0.01,387
0.01,604
0.01,958
0.01,726
0.01,715
0.01,467
0.01,424
0.01,682
0.01,658
0.01,148
0.01,206
0.01,425
0.01,536
0.01,714
0.01,244
0.01,810
0.01,298
0.01,342
0.01,883
0.01,626
0.01,320
0.01,624
0.01,969
0.01,668
0.01,246
0.01,168
0.01,418
0.01,162
0.01,217
0.01,448
0.01,400
0.01,348
0.01,730
0.01,88
0.01,330
0.01,433
0.01,255
0.01,661
0.01,872
0.01,112
0.01,538
0.01,975
0.01,418
0.01,471
0.01,313
0.01,632
0.01,400
0.01,514
0.01,857
0.01,332
0.01,187
0.01,308
0.01,191
0.01,614
0.01,221
0.01,663
0.01,268
0.01,504
0.01,446
0.01,212
0.01,310
0.01,640
0.01,524
0.01,1027
0.01,749
0.01,190
0.01,639
0.01,616
0.01,645
0.01,531
0.01,128
0.01,425
0.01,508
0.01,103
0.01,437
0.01,662
0.01,597
0.01,251
0.01,62
0.01,458
0.01,317
0.01,751
0.01,753
0.01,387
0.01,752
0.01,65
0.01,840
0.01,301
0.01,152
0.01,575
0.01,399
0.01,521
0.01,558
0.01,541
0.01,879
0.01,598
0.01,244
0.01,251
0.01,630
0.01,282
0.01,633
0.01,622
0.01,234
0.01,270
0.01,654
0.01,133
0.01,256
0.01,751
0.01,678
0.01,746
0.01,333
0.01,485
0.01,226
0.01,807
0.01,388
0.01,433
0.01,238
0.01,333
0.01,439
0.01,192
0.01,380
0.01,1055
0.01,705
0.01,676
0.01,277
0.01,233
0.01,679
0.01,520
0.01,339
0.01,228
0.01,638
0.01,549
0.01,557
0.01,234
0.01,195
0.01,707
0.01,189
0.01,402
0.01,334
0.01,403
0.01,223
0.01,282
0.01,521
0.01,706
0.01,218
0.01,313
0.01,223
0.01,858
0.01,327
0.01,671
0.01,336
0.01,558
0.01,504
0.01,274
0.01,493
0.01,307
0.01,287
0.01,436
0.01,522
0.01,91
0.01,362
0.01,287
0.01,184
0.01,435
0.01,824
0.01,609
0.01,700
0.01,579
0.01,1057
0.01,742
0.01,854
0.01,342
0.01,811
0.01,1130
0.01,98
0.01,715
0.01,49
0.01,181
0.01,632
0.01,443
0.01,352
0.01,430
0.01,364
0.01,518
0.01,608
0.01,465
0.01,575
0.01,763
0.01,412
0.01,460
0.01,445
0.01,303
0.01,398
0.01,486
0.01,655
0.01,70
0.01,143
0.01,789
0.01,596
0.01,217
0.01,95
0.01,164
0.01,586
0.01,234
0.01,545
0.01,504
0.01,555
0.01,253
0.01,302
0.01,298
0.01,554
0.01,269
0.01,516
0.01,713
0.01,328
0.01,360
0.01,977
0.01,303
0.01,357
0.01,742
0.01,244
0.01,608
0.01,83
0.01,375
0.01,403
0.01,726
0.01,176
0.01,593
0.01,345
0.01,563
0.01,368
0.01,290
0.01,369
0.01,208
0.01,148
0.01,574
0.01,543
0.01,373
0.01,245
0.01,309
0.01,369
0.01,734
0.01,568
0.01,128
0.01,76
0.01,599
0.01,453
0.01,89
0.01,745
0.01,698
0.01,695
0.01,622
0.01,190
0.01,501
0.01,441
0.01,699
0.01,170
0.01,483
0.01,504
0.01,335
0.01,37
0.01,176
0.01,594
0.01,637
0.01,352
0.01,140
0.01,139
0.01,496
0.01,834
0.01,807
0.01,723
0.01,278
0.01,281
0.01,380
0.01,350
0.01,670
0.01,310
0.01,494
0.01,388
0.01,194
0.01,224
0.01,543
0.01,156
0.01,289
0.01,533
0.01,700
0.01,749
0.01,258
0.01,519
0.01,807
0.01,403
0.01,1194
0.01,323
0.01,437
0.01,648
0.01,312
0.01,533
0.01,838
0.01,539
0.01,165
0.01,249
0.01,527
0.01,507
0.01,430
0.01,415
0.01,299
0.01,320
0.01,311
0.01,367
0.01,609
0.01,176
0.01,796
0.01,591
0.01,218
0.01,157
0.01,519
0.01,753
0.01,306
0.01,369
0.01,415
0.01,590
0.01,745
0.01,382
0.01,57
0.01,556
0.01,560
0.01,429
0.01,579
0.01,637
0.01,530
0.01,761
0.01,750
0.01,454
0.01,813
0.01,595
0.01,420
0.01,521
0.01,578
0.01,351
0.01,237
0.01,927
0.01,368
0.01,23
0.01,137
0.01,443
0.01,490
0.01,244
0.01,371
0.01,182
0.01,269
0.01,748
0.01,615
0.01,474
0.01,1002
0.01,508
0.01,504
0.01,176
0.01,532
0.01,330
0.01,330
0.01,36
0.01,590
0.01,441
0.01,638
0.01,67
0.01,403
0.01,116
0.01,353
0.01,836
0.01,430
0.01,491
0.01,278
0.01,722
0.01,339
0.01,441
0.01,644
0.01,525
0.01,57
0.01,352
0.01,383
0.01,448
0.01,456
0.01,119
0.01,728
0.01,178
0.01,565
0.01,338
0.01,469
0.01,502
0.01,300
0.01,744
0.01,310
0.01,310
0.01,535
0.01,244
0.01,132
0.01,651
0.01,111
0.01,368
0.01,370
0.01,566
0.01,311
0.01,398
0.01,325
0.01,538
0.01,314
0.01,253
0.01,491
0.01,605
0.01,433
0.01,198
0.01,486
0.01,486
0.01,520
0.01,322
0.01,482
0.01,579
0.01,369
0.01,957
0.01,473
0.01,594
0.01,234
0.01,179
0.01,887
0.01,261
0.01,437
0.01,329
0.01,206
0.01,489
0.01,497
0.01,465
0.01,391
0.01,88
0.01,275
0.01,514
0.01,716
0.01,261
0.01,698
0.01,424
0.01,719
0.01,731
0.01,747
0.01,166
0.01,599
0.01,207
0.01,586
0.01,441
0.01,347
0.01,307
0.01,487
0.01,323
0.01,762
0.01,564
0.01,466
0.01,290
0.01,677
0.01,434
0.01,352
0.01,307
0.01,504
0.01,680
0.01,259
0.01,390
0.01,744
0.01,407
0.01,409
0.01,345
0.01,247
0.01,229
0.01,313
0.01,423
0.01,430
0.01,290
0.01,455
0.01,449
0.01,621
0.01,474
0.01,810
0.01,43
0.01,213
0.01,726
0.01,169
0.01,172
0.01,577
0.01,786
0.01,342
0.01,515
0.01,452
0.01,288
0.01,585
0.01,587
0.01,143
0.01,411
0.01,389
0.01,1173
0.01,191
0.01,448
0.01,511
0.01,629
0.01,890
0.01,1011
0.01,406
0.01,333
0.01,228
0.01,566
0.01,535
0.01,541
0.01,449
0.01,469
0.01,126
0.01,870
0.01,210
0.01,267
0.01,722
0.01,782
0.01,441
0.01,414
0.01,837
0.01,744
0.01,153
0.01,278
0.01,556
0.01,300
0.01,655
0.01,63
0.01,272
0.01,109
0.01,602
0.01,903
0.01,251
0.01,116
0.01,271
0.01,268
0.01,805
0.01,121
0.01,622
0.01,1108
0.01,107
0.01,416
0.01,476
0.01,624
0.01,70
0.01,345
0.01,714
0.01,567
0.01,176
0.01,819
0.01,188
0.01,29
0.01,362
0.01,872
0.01,611
0.01,578
0.01,623
0.01,749
0.01,499
0.01,103
0.01,342
0.01,623
0.01,409
0.01,421
0.01,84
0.01,434
0.01,46
0.01,190
0.01,525
0.01,390
0.01,86
0.01,397
0.01,91
0.01,557
0.01,408
0.01,197
0.01,471
0.01,383
0.01,475
0.01,131
0.01,127
0.01,653
0.01,606
0.01,331
0.01,153
0.01,521
0.01,730
0.01,592
0.01,327
0.01,431
0.01,745
0.01,574
0.01,690
0.01,200
0.01,257
0.01,475
0.01,224
0.01,629
0.01,695
0.01,1012
0.01,915
0.01,177
0.01,311
0.01,297
0.01,612
0.01,494
0.01,431
0.01,263
0.01,676
0.01,186
0.01,34
0.01,407
0.01,875
0.01,376
0.01,287
0.01,648
0.01,406
0.01,276
0.01,809
0.01,593
0.01,959
0.01,867
0.01,144
0.01,347
0.01,285
0.01,254
0.01,221
0.01,1038
0.01,485
0.01,175
0.01,732
0.01,420
0.01,360
0.01,369
0.01,37
0.01,553
0.01,548
0.01,816
0.01,515
0.01,284
0.01,474
0.01,91
0.01,535
0.01,313
0.01,539
0.01,625
0.01,316
0.01,497
0.01,359
0.01,536
0.01,555
0.01,394
0.01,568
0.01,393
0.01,213
0.01,754
0.01,503
0.01,59
0.01,240
0.01,168
0.01,887
0.01,338
0.01,327
0.01,278
0.01,585
0.01,759
0.01,425
0.01,346
0.01,94
0.01,397
0.01,481
0.01,324
0.01,609
0.01,475
0.01,191
0.01,491
0.01,349
0.01,656
0.01,294
0.01,224
0.01,446
0.01,219
0.01,759
0.01,321
0.01,68
0.01,202
0.01,368
0.01,526
0.01,298
0.01,474
0.01,616
0.01,966
0.01,94
0.01,347
0.01,901
0.01,487
0.01,380
0.01,688
0.01,511
0.01,529
0.01,420
0.01,668
0.01,336
0.01,322
0.01,694
0.01,435
0.01,750
0.01,725
0.01,489
0.01,728
0.01,350
0.01,256
0.01,167
0.01,690
0.01,785
0.01,506
0.01,623
0.01,504
0.01,547
0.01,222
0.01,707
0.01,114
0.01,757
0.01,137
0.01,522
0.01,155
0.01,443
0.01,547
0.01,376
0.01,638
0.01,417
0.01,244
0.01,311
0.01,185
0.01,572
0.01,653
0.01,390
0.01,420
0.01,557
0.01,105
0.01,552
0.01,484
0.01,803
0.01,138
0.01,698
0.01,673
0.01,331
0.01,839
0.01,272
0.01,534
0.01,253
0.01,556
0.01,929
0.01,431
0.01,224
0.01,203
0.01,467
0.01,157
0.01,469
0.01,431
0.01,772
0.01,390
0.01,427
0.01,313
0.01,354
0.01,615
0.01,243
0.01,673
0.01,796
0.01,399
0.01,192
0.01,616
0.01,458
0.01,673
0.01,468
0.01,301
0.01,430
0.01,162
0.01,67
0.01,203
