0.02,1529
0.02,1530
0.02,1439
0.02,1473
0.02,1515
0.02,1501
0.02,1515
0.02,620
0.02,1505
0.02,1557
0.02,1545
0.02,1384
0.02,1571
0.02,1555
0.02,1513
0.02,1552
0.02,1476
0.02,426
0.02,1476
0.02,1510
0.02,1502
0.02,1528
0.02,1565
0.02,1459
0.02,1497
0.02,1520
0.02,1528
0.02,1424
0.02,795
0.02,1358
0.02,1501
0.02,1536
0.02,1441
0.02,1504
0.02,1575
0.02,1512
0.02,1503
0.02,1492
0.02,908
0.02,1512
0.02,1203
0.02,1292
0.02,1535
0.02,1494
0.02,1530
0.02,1329
0.02,1561
0.02,1563
0.02,1501
0.02,1498
0.02,1137
0.02,1537
0.02,1087
0.02,1511
0.02,1493
0.02,948
0.02,1409
0.02,1319
0.02,1522
0.02,1573
0.02,1369
0.02,1016
0.02,1497
0.02,1468
0.02,1532
0.02,1521
0.02,1181
0.02,1555
0.02,1510
0.02,1613
0.02,1494
0.02,1501
0.02,1523
0.02,1460
0.02,961
0.02,1382
0.02,1526
0.02,1286
0.02,1405
0.02,1538
0.02,1457
0.02,1424
0.02,1466
0.02,1486
0.02,1516
0.02,1571
0.02,1094
0.02,1366
0.02,1597
0.02,1514
0.02,1515
0.02,1535
0.02,32
0.02,1405
0.02,1472
0.02,1094
0.02,1465
0.02,1514
0.02,1534
0.02,1510
0.02,1475
0.02,234
0.02,1543
0.02,3
0.02,1456
0.02,1518
0.02,1552
0.02,1557
0.02,1269
0.02,1580
0.02,1530
0.02,1362
0.02,1531
0.02,1475
0.02,1454
0.02,1292
0.02,1468
0.02,1548
0.02,1354
0.02,1563
0.02,1504
0.02,1599
0.02,1466
0.02,1484
0.02,1379
0.02,1421
0.02,1428
0.02,1574
0.02,1466
0.02,1465
0.02,1142
0.02,1189
0.02,1547
0.02,1515
0.02,1529
0.02,1497
0.02,1414
0.02,1541
0.02,898
0.02,1397
0.02,1432
0.02,1466
0.02,1497
0.02,1463
0.02,1462
0.02,1498
0.02,1383
0.02,1319
0.02,1164
0.02,1536
0.02,1475
0.02,1514
0.02,1509
0.02,1590
0.02,1313
0.02,1571
0.02,1506
0.02,1498
0.02,1546
0.02,1578
0.02,1370
0.02,1523
0.02,1424
0.02,1308
0.02,1477
0.02,1587
0.02,1540
0.02,1484
0.02,141
0.02,1499
0.02,1524
0.02,1514
0.02,1537
0.02,1548
0.02,1494
0.02,950
0.02,1128
0.02,1568
0.02,1229
0.02,775
0.02,1519
0.02,545
0.02,1535
0.02,1533
0.02,1528
0.02,1585
0.02,1556
0.02,1322
0.02,1568
0.02,1537
0.02,1494
0.02,1542
0.02,1299
0.02,1510
0.02,757
0.02,1533
0.02,1450
0.02,1537
0.02,1550
0.02,1550
0.02,1524
0.02,1440
0.02,1437
0.02,1359
0.02,1553
0.02,1495
0.02,1533
0.02,341
0.02,1526
0.02,1523
0.02,1457
0.02,1506
0.02,1566
0.02,1389
0.02,1605
0.02,1448
0.02,952
0.02,1508
0.02,1504
0.02,1224
0.02,1379
0.02,1470
0.02,1463
0.02,1326
0.02,1136
0.02,1502
0.02,1343
0.02,1365
0.02,1385
0.02,1478
0.02,1552
0.02,1204
0.02,1568
0.02,1434
0.02,1468
0.02,1478
0.02,1533
0.02,1545
0.02,1519
0.02,1468
0.02,1444
0.02,1529
0.02,1445
0.02,1338
0.02,1509
0.02,1509
0.02,1489
0.02,1181
0.02,1379
0.02,1436
0.02,1552
0.02,1248
0.02,1502
0.02,1373
0.02,1608
0.02,1361
0.02,1502
0.02,1388
0.02,1530
0.02,1534
0.02,1440
0.02,1450
0.02,1522
0.02,1498
0.02,1460
0.02,1537
0.02,1558
0.02,1478
0.02,1558
0.02,1491
0.02,1510
0.02,1427
0.02,1529
0.02,1518
0.02,1523
0.02,1411
0.02,1244
0.02,1484
0.02,1526
0.02,1266
0.02,1503
0.02,1507
0.02,1446
0.02,1580
0.02,1304
0.02,1480
0.02,1612
0.02,1443
0.02,1427
0.02,1513
0.02,1438
0.02,1540
0.02,1463
0.02,1606
0.02,1350
0.02,1493
0.02,1486
0.02,1507
0.02,1489
0.02,1396
0.02,1535
0.02,1509
0.02,1183
0.02,1560
0.02,1556
0.02,1220
0.02,1560
0.02,1249
0.02,1356
0.02,1520
0.02,1567
0.02,1379
0.02,1323
0.02,1111
0.02,1523
0.02,1526
0.02,1485
0.02,1395
0.02,1545
0.02,1470
0.02,1539
0.02,1524
0.02,1485
0.02,1510
0.02,1037
0.02,1549
0.02,1498
0.02,1536
0.02,1302
0.02,1550
0.02,1492
0.02,1537
0.02,760
0.02,1551
0.02,1551
0.02,1490
0.02,1568
0.02,1489
0.02,1558
0.02,509
0.02,1422
0.02,1511
0.02,1572
0.02,1513
0.02,1154
0.02,1476
0.02,1490
0.02,1563
0.02,1504
0.02,1461
0.02,1559
0.02,1496
0.02,1418
0.02,709
0.02,1426
0.02,1551
0.02,1521
0.02,1486
0.02,1398
0.02,1553
0.02,1358
0.02,1555
0.02,1588
0.02,1554
0.02,1481
0.02,1571
0.02,1524
0.02,1580
0.02,1435
0.02,1453
0.02,1544
0.02,1476
0.02,1033
0.02,1371
0.02,1018
0.02,1424
0.02,1574
0.02,1518
0.02,1510
0.02,1442
0.02,1494
0.02,1558
0.02,1532
0.02,1343
0.02,1510
0.02,1605
0.02,1457
0.02,1330
0.02,1537
0.02,1500
0.02,1562
0.02,1406
0.02,1335
0.02,1248
0.02,1519
0.02,1566
0.02,1524
0.02,1467
0.02,1476
0.02,1558
0.02,1520
0.02,1489
0.02,1537
0.02,1552
0.02,1586
0.02,1547
0.02,1505
0.02,1391
0.02,1592
0.02,1398
0.02,1123
0.02,1375
0.02,1365
0.02,1556
0.02,1486
0.02,1511
0.02,1483
0.02,1570
0.02,1568
0.02,1495
0.02,1462
0.02,1545
0.02,1456
0.02,1523
0.02,1476
0.02,1599
0.02,1550
0.02,1598
0.02,1176
0.02,1430
0.02,1481
0.02,1197
0.02,1481
0.02,1520
0.02,1525
0.02,1578
0.02,1488
0.02,1481
0.02,1517
0.02,1583
0.02,1516
0.02,1461
0.02,1413
0.02,1466
0.02,1510
0.02,1516
0.02,1462
0.02,1505
0.02,1474
0.02,1428
0.02,1441
0.02,1403
0.02,1495
0.02,1522
0.02,1539
0.02,1269
0.02,1429
0.02,1504
0.02,1542
0.02,1401
0.02,1425
0.02,1420
0.02,1455
0.02,1541
0.02,1531
0.02,1564
0.02,1525
0.02,1413
0.02,1515
0.02,1339
0.02,1437
0.02,1504
0.02,1494
0.02,1550
0.02,1362
0.02,1501
0.02,1592
0.02,1501
0.02,1539
0.02,1476
0.02,1550
0.02,1335
0.02,1316
0.02,1505
0.02,1179
0.02,1558
0.02,1397
0.02,1304
0.02,815
0.02,1367
0.02,1504
0.02,1010
0.02,1507
0.02,713
0.02,528
0.02,1518
0.02,1547
0.02,1247
0.02,1506
0.02,1515
0.02,1439
0.02,1459
0.02,1520
0.02,1561
0.02,1523
0.02,1501
0.02,1523
0.02,1525
0.02,1584
0.02,1589
0.02,1537
0.02,1553
0.02,1531
0.02,1524
0.02,1494
0.02,1417
0.02,1475
0.02,1498
0.02,1502
0.02,1282
0.02,1560
0.02,1531
0.02,1524
0.02,1545
0.02,1516
0.02,1438
0.02,561
0.02,1297
0.02,1550
0.02,1310
0.02,1490
0.02,1604
0.02,1528
0.02,1431
0.02,1206
0.02,1368
0.02,1559
0.02,1362
0.02,1505
0.02,1507
0.02,1459
0.02,1413
0.02,1542
0.02,1545
0.02,1487
0.02,1534
0.02,1565
0.02,1497
0.02,1524
0.02,1483
0.02,1490
0.02,1532
0.02,1447
0.02,1522
0.02,1510
0.02,1298
0.02,1508
0.02,1539
0.02,1508
0.02,1555
0.02,1584
0.02,1352
0.02,1534
0.02,1392
0.02,1568
0.02,1390
0.02,1446
0.02,1404
0.02,1345
0.02,906
0.02,1393
0.02,1441
0.02,1480
0.02,1511
0.02,1530
0.02,1549
0.02,1531
0.02,1532
0.02,1482
0.02,1546
0.02,1551
0.02,1407
0.02,1399
0.02,1525
0.02,1171
0.02,1449
0.02,1358
0.02,1011
0.02,1324
0.02,1464
0.02,1556
0.02,1479
0.02,1501
0.02,1379
0.02,1615
0.02,643
0.02,1536
0.02,1388
0.02,1474
0.02,1489
0.02,1547
0.02,1594
0.02,1487
0.02,1523
0.02,1505
0.02,856
0.02,1527
0.02,1537
0.02,1505
0.02,1416
0.02,1420
0.02,1239
0.02,1489
0.02,1542
0.02,1538
0.02,1524
0.02,1469
0.02,1550
0.02,1514
0.02,1511
0.02,1117
0.02,1540
0.02,1508
0.02,1461
0.02,1390
0.02,1367
0.02,1589
0.02,1518
0.02,1577
0.02,955
0.02,1577
0.02,1203
0.02,1502
0.02,1440
0.02,1441
0.02,1466
0.02,1545
0.02,1437
0.02,1517
0.02,1593
0.02,1569
0.02,1522
0.02,1509
0.02,1310
0.02,1298
0.02,1451
0.02,1489
0.02,1475
0.02,1545
0.02,1177
0.02,1509
0.02,1258
0.02,809
0.02,1424
0.02,1210
0.02,1441
0.02,1550
0.02,1520
0.02,1509
0.02,1480
0.02,1330
0.02,1564
0.02,1443
0.02,1576
0.02,1420
0.02,1418
0.02,1550
0.02,1540
0.02,1322
0.02,1531
0.02,1564
0.02,1525
0.02,1517
0.02,1572
0.02,1505
0.02,1495
0.02,1559
0.02,1517
0.02,1525
0.02,1370
0.02,1522
0.02,1515
0.02,1562
0.02,1540
0.02,1279
0.02,1498
0.02,1498
0.02,1557
0.02,1539
0.02,1527
0.02,1260
0.02,1308
0.02,1497
0.02,1559
0.02,1486
0.02,1526
0.02,1277
0.02,1514
0.02,1388
0.02,1495
0.02,1538
0.02,1542
0.02,1483
0.02,1499
0.02,1459
0.02,1513
0.02,1439
0.02,1195
0.02,1544
0.02,1386
0.02,1643
0.02,1278
0.02,1547
0.02,1485
0.02,1441
0.02,1393
0.02,1313
0.02,1533
0.02,1555
0.02,1044
0.02,1316
0.02,1474
0.02,1530
0.02,1354
0.02,1451
0.02,1551
0.02,1549
0.02,1480
0.02,1528
0.02,1524
0.02,1272
0.02,1409
0.02,1438
0.02,1525
0.02,1543
0.02,1495
0.02,1509
0.02,1525
0.02,1204
0.02,1563
0.02,1503
0.02,1032
0.02,1495
0.02,1522
0.02,1503
0.02,1360
0.02,1513
0.02,1376
0.02,1430
0.02,1534
0.02,1187
0.02,1434
0.02,1558
0.02,1324
0.02,1543
0.02,1574
0.02,1535
0.02,1553
0.02,1411
0.02,1502
0.02,1462
0.02,146
0.02,1487
0.02,1536
0.02,1455
0.02,1421
0.02,1345
0.02,1392
0.02,1541
0.02,1433
0.02,1489
0.02,1549
0.02,1268
0.02,1537
0.02,1477
0.02,1539
0.02,1489
0.02,1319
0.02,1459
0.02,1489
0.02,1525
0.02,1052
0.02,1529
0.02,1484
0.02,1493
0.02,1466
0.02,1515
0.02,1408
0.02,1326
0.02,1519
0.02,1428
0.02,1622
0.02,1551
0.02,1380
0.02,1356
0.02,1565
0.02,1343
0.02,1400
0.02,1459
0.02,1456
0.02,1519
0.02,1240
0.02,1557
0.02,1539
0.02,1517
0.02,1045
0.02,1458
0.02,1496
0.02,1496
0.02,1543
0.02,1415
0.02,1488
0.02,1529
0.02,1515
0.02,1555
0.02,1501
0.02,1222
0.02,1506
0.02,1405
0.02,1416
0.02,1482
0.02,1476
0.02,1252
0.02,1477
0.02,1566
0.02,1520
0.02,1486
0.02,1409
0.02,1560
0.02,1534
0.02,1557
0.02,1208
0.02,1449
0.02,1512
0.02,1458
0.02,1519
0.02,1457
0.02,1577
0.02,1239
0.02,1523
0.02,1501
0.02,1403
0.02,1451
0.02,1224
0.02,1485
0.02,1118
0.02,1359
0.02,1453
0.02,1500
0.02,1415
0.02,1585
0.02,1509
0.02,1414
0.02,1498
0.02,1505
0.02,1630
0.02,1498
0.02,1519
0.02,1433
0.02,610
0.02,1167
0.02,122
0.02,1547
0.02,1184
0.02,1092
0.02,1460
0.02,1466
0.02,1462
0.02,1097
0.02,1601
0.02,1347
0.02,1557
0.02,1380
0.02,1517
0.02,1487
0.02,1540
0.02,1552
0.02,1507
0.02,1573
0.02,1510
0.02,1398
0.02,1425
0.02,1475
0.02,1522
0.02,1536
0.02,1295
0.02,1548
0.02,1560
0.02,1536
0.02,1422
0.02,1523
0.02,1568
0.02,1550
0.02,1522
0.02,1502
0.02,1307
0.02,1309
0.02,1542
0.02,1530
0.02,1480
0.02,1301
0.02,1496
0.02,1435
0.02,676
0.02,1417
0.02,1549
0.02,1511
0.02,1261
0.02,1501
0.02,1131
0.02,1385
0.02,1480
0.02,1522
0.02,1505
0.02,1514
0.02,1117
0.02,1483
0.02,1465
0.02,829
0.02,1577
0.02,1406
0.02,1446
0.02,1492
0.02,1333
0.02,1487
0.02,1316
0.02,1521
0.02,1367
0.02,1432
0.02,1500
0.02,1536
0.02,1507
0.02,1507
0.02,1518
0.02,844
0.02,1364
0.02,1484
0.02,1516
0.02,1433
0.02,717
0.02,1440
0.02,1566
0.02,1111
0.02,1116
0.02,1303
0.02,1525
0.02,1552
0.02,1319
0.02,1562
0.02,1509
0.02,1547
0.02,1443
0.02,1388
0.02,1522
0.02,1547
0.02,1545
0.02,1550
0.02,1513
0.02,548
0.02,1400
0.02,1527
0.02,1437
0.02,1282
0.02,1513
0.02,1200
0.02,1510
0.02,1391
0.02,1481
0.02,1443
0.02,1530
0.02,1544
0.02,1522
0.02,1479
0.02,1558
0.02,1564
0.02,1525
0.02,1140
0.02,1548
0.02,1549
0.02,1450
0.02,1516
0.02,573
0.02,1500
0.02,1534
0.02,1401
0.02,1481
0.02,1513
0.02,1569
0.02,1548
0.02,1493
0.02,1567
0.02,1514
0.02,1540
0.02,1537
0.02,1462
0.02,1548
0.02,1513
0.02,1489
0.02,1482
0.02,1533
