0.04,1229
0.04,707
0.04,1021
0.04,838
0.04,937
0.04,515
0.04,861
0.04,927
0.04,1144
0.04,348
0.04,979
0.04,1057
0.04,1398
0.04,671
0.04,291
0.04,1130
0.04,138
0.04,762
0.04,1313
0.04,89
0.04,998
0.04,613
0.04,994
0.04,1042
0.04,1013
0.04,334
0.04,1123
0.04,1101
0.04,1287
0.04,973
0.04,1209
0.04,856
0.04,442
0.04,730
0.04,1029
0.04,430
0.04,203
0.04,624
0.04,1034
0.04,873
0.04,838
0.04,358
0.04,115
0.04,425
0.04,1152
0.04,330
0.04,1098
0.04,895
0.04,887
0.04,788
0.04,1078
0.04,1181
0.04,179
0.04,414
0.04,772
0.04,1191
0.04,97
0.04,330
0.04,480
0.04,224
0.04,532
0.04,513
0.04,1308
0.04,76
0.04,554
0.04,1099
0.04,1362
0.04,583
0.04,349
0.04,598
0.04,827
0.04,1058
0.04,826
0.04,467
0.04,880
0.04,1033
0.04,1300
0.04,33
0.04,1055
0.04,584
0.04,1165
0.04,1178
0.04,747
0.04,611
0.04,1313
0.04,1075
0.04,90
0.04,872
0.04,1079
0.04,658
0.04,914
0.04,599
0.04,1092
0.04,33
0.04,228
0.04,1137
0.04,354
0.04,425
0.04,79
0.04,976
0.04,575
0.04,1230
0.04,950
0.04,1015
0.04,956
0.04,480
0.04,961
0.04,483
0.04,747
0.04,979
0.04,1118
0.04,1068
0.04,1007
0.04,1008
0.04,675
0.04,810
0.04,339
0.04,1003
0.04,805
0.04,742
0.04,1172
0.04,555
0.04,869
0.04,846
0.04,743
0.04,1204
0.04,4
0.04,1245
0.04,712
0.04,805
0.04,781
0.04,706
0.04,1137
0.04,1303
0.04,723
0.04,527
0.04,627
0.04,569
0.04,232
0.04,850
0.04,898
0.04,1163
0.04,1177
0.04,821
0.04,529
0.04,1316
0.04,1340
0.04,1140
0.04,1003
0.04,26
0.04,690
0.04,1222
0.04,1030
0.04,555
0.04,579
0.04,705
0.04,1048
0.04,1022
0.04,1076
0.04,99
0.04,776
0.04,1097
0.04,955
0.04,654
0.04,926
0.04,842
0.04,267
0.04,417
0.04,694
0.04,603
0.04,1155
0.04,1128
0.04,813
0.04,1163
0.04,738
0.04,964
0.04,1324
0.04,357
0.04,42
0.04,824
0.04,1057
0.04,1185
0.04,1013
0.04,1252
0.04,678
0.04,901
0.04,1113
0.04,836
0.04,1214
0.04,98
0.04,157
0.04,1075
0.04,545
0.04,883
0.04,777
0.04,305
0.04,566
0.04,887
0.04,1024
0.04,455
0.04,645
0.04,243
0.04,1100
0.04,1177
0.04,184
0.04,969
0.04,62
0.04,355
0.04,889
0.04,1351
0.04,1263
0.04,527
0.04,222
0.04,1043
0.04,1032
0.04,233
0.04,663
0.04,1253
0.04,808
0.04,987
0.04,260
0.04,1306
0.04,1123
0.04,1239
0.04,829
0.04,277
0.04,422
0.04,1054
0.04,912
0.04,906
0.04,1265
0.04,1284
0.04,34
0.04,439
0.04,789
0.04,1179
0.04,200
0.04,382
0.04,568
0.04,928
0.04,1270
0.04,798
0.04,619
0.04,1203
0.04,970
0.04,1183
0.04,726
0.04,1014
0.04,892
0.04,66
0.04,322
0.04,478
0.04,1110
0.04,651
0.04,1144
0.04,1031
0.04,634
0.04,712
0.04,762
0.04,1144
0.04,1218
0.04,412
0.04,1147
0.04,1290
0.04,1107
0.04,392
0.04,854
0.04,773
0.04,1125
0.04,670
0.04,798
0.04,573
0.04,85
0.04,1345
0.04,477
0.04,1289
0.04,1315
0.04,1183
0.04,364
0.04,944
0.04,727
0.04,1189
0.04,600
0.04,227
0.04,1059
0.04,1211
0.04,297
0.04,593
0.04,906
0.04,1074
0.04,1165
0.04,982
0.04,1168
0.04,990
0.04,418
0.04,304
0.04,850
0.04,824
0.04,1027
0.04,876
0.04,171
0.04,1150
0.04,1241
0.04,1247
0.04,47
0.04,894
0.04,656
0.04,1260
0.04,1056
0.04,501
0.04,58
0.04,1273
0.04,1321
0.04,1005
0.04,1212
0.04,1182
0.04,1127
0.04,654
0.04,1236
0.04,1142
0.04,636
0.04,767
0.04,850
0.04,678
0.04,1346
0.04,1272
0.04,936
0.04,1112
0.04,753
0.04,594
0.04,217
0.04,819
0.04,233
0.04,72
0.04,1024
0.04,93
0.04,1108
0.04,794
0.04,1333
0.04,1201
0.04,817
0.04,1145
0.04,1253
0.04,875
0.04,1202
0.04,737
0.04,370
0.04,1205
0.04,619
0.04,1209
0.04,1247
0.04,159
0.04,32
0.04,873
0.04,349
0.04,1011
0.04,1257
0.04,1012
0.04,1210
0.04,1161
0.04,285
0.04,1004
0.04,327
0.04,467
0.04,894
0.04,1184
0.04,908
0.04,599
0.04,963
0.04,914
0.04,821
0.04,493
0.04,521
0.04,480
0.04,1294
0.04,655
0.04,745
0.04,930
0.04,107
0.04,1131
0.04,957
0.04,1081
0.04,1045
0.04,414
0.04,1058
0.04,1057
0.04,1077
0.04,670
0.04,795
0.04,486
0.04,1170
0.04,645
0.04,1017
0.04,1161
0.04,910
0.04,563
0.04,673
0.04,343
0.04,1039
0.04,989
0.04,1285
0.04,1076
0.04,1164
0.04,1158
0.04,213
0.04,1103
0.04,659
0.04,1002
0.04,885
0.04,1039
0.04,683
0.04,1315
0.04,656
0.04,52
0.04,670
0.04,471
0.04,931
0.04,749
0.04,1047
0.04,19
0.04,186
0.04,955
0.04,1137
0.04,1252
0.04,386
0.04,692
0.04,1030
0.04,603
0.04,768
0.04,570
0.04,962
0.04,155
0.04,993
0.04,883
0.04,694
0.04,400
0.04,85
0.04,192
0.04,313
0.04,612
0.04,939
0.04,871
0.04,801
0.04,607
0.04,994
0.04,717
0.04,472
0.04,587
0.04,855
0.04,1123
0.04,683
0.04,1345
0.04,1049
0.04,1056
0.04,102
0.04,1231
0.04,1147
0.04,932
0.04,1245
0.04,553
0.04,802
0.04,1079
0.04,1178
0.04,1141
0.04,960
0.04,1180
0.04,320
0.04,878
0.04,1006
0.04,1345
0.04,1078
0.04,16
0.04,477
0.04,553
0.04,20
0.04,745
0.04,951
0.04,344
0.04,864
0.04,706
0.04,654
0.04,231
0.04,903
0.04,1078
0.04,1053
0.04,559
0.04,876
0.04,865
0.04,738
0.04,1135
0.04,521
0.04,526
0.04,484
0.04,667
0.04,918
0.04,1314
0.04,388
0.04,1274
0.04,896
0.04,1290
0.04,1219
0.04,622
0.04,369
0.04,196
0.04,330
0.04,393
0.04,1143
0.04,1218
0.04,1141
0.04,812
0.04,184
0.04,1071
0.04,1076
0.04,710
0.04,419
0.04,1019
0.04,1056
0.04,1026
0.04,910
0.04,1178
0.04,336
0.04,1111
0.04,1153
0.04,238
0.04,619
0.04,950
0.04,1158
0.04,1255
0.04,640
0.04,1167
0.04,554
0.04,946
0.04,1326
0.04,1283
0.04,37
0.04,1218
0.04,274
0.04,577
0.04,66
0.04,1084
0.04,866
0.04,597
0.04,1196
0.04,387
0.04,50
0.04,657
0.04,284
0.04,684
0.04,1106
0.04,952
0.04,213
0.04,1216
0.04,1067
0.04,821
0.04,506
0.04,713
0.04,597
0.04,1135
0.04,209
0.04,813
0.04,671
0.04,1110
0.04,522
0.04,735
0.04,895
0.04,188
0.04,561
0.04,626
0.04,1288
0.04,957
0.04,637
0.04,1195
0.04,272
0.04,90
0.04,923
0.04,603
0.04,1211
0.04,1039
0.04,757
0.04,741
0.04,911
0.04,1010
0.04,1039
0.04,922
0.04,1104
0.04,993
0.04,1042
0.04,909
0.04,871
0.04,956
0.04,305
0.04,692
0.04,740
0.04,1321
0.04,584
0.04,1145
0.04,1195
0.04,1117
0.04,269
0.04,695
0.04,807
0.04,995
0.04,828
0.04,1268
0.04,968
0.04,411
0.04,395
0.04,953
0.04,779
0.04,1170
0.04,803
0.04,1154
0.04,695
0.04,49
0.04,884
0.04,670
0.04,1245
0.04,1214
0.04,915
0.04,300
0.04,549
0.04,453
0.04,493
0.04,279
0.04,30
0.04,1119
0.04,950
0.04,143
0.04,708
0.04,956
0.04,1114
0.04,469
0.04,406
0.04,595
0.04,701
0.04,237
0.04,431
0.04,1310
0.04,781
0.04,30
0.04,721
0.04,260
0.04,1145
0.04,1366
0.04,325
0.04,1221
0.04,1152
0.04,737
0.04,1176
0.04,150
0.04,1205
0.04,1006
0.04,681
0.04,578
0.04,1131
0.04,838
0.04,776
0.04,1105
0.04,54
0.04,998
0.04,164
0.04,636
0.04,852
0.04,1208
0.04,1082
0.04,1243
0.04,967
0.04,986
0.04,1197
0.04,579
0.04,1233
0.04,1155
0.04,95
0.04,1141
0.04,183
0.04,840
0.04,766
0.04,1021
0.04,228
0.04,143
0.04,858
0.04,265
0.04,1037
0.04,977
0.04,847
0.04,952
0.04,1242
0.04,362
0.04,728
0.04,1004
0.04,435
0.04,664
0.04,914
0.04,369
0.04,883
0.04,39
0.04,1153
0.04,1191
0.04,733
0.04,620
0.04,57
0.04,481
0.04,384
0.04,1169
0.04,124
0.04,1330
0.04,821
0.04,584
0.04,1166
0.04,886
0.04,636
0.04,1036
0.04,144
0.04,398
0.04,301
0.04,515
0.04,1357
0.04,962
0.04,378
0.04,467
0.04,1004
0.04,1194
0.04,785
0.04,693
0.04,878
0.04,773
0.04,371
0.04,807
0.04,518
0.04,1130
0.04,1265
0.04,28
0.04,496
0.04,586
0.04,890
0.04,1104
0.04,739
0.04,1119
0.04,1248
0.04,68
0.04,819
0.04,899
0.04,996
0.04,477
0.04,1116
0.04,92
0.04,737
0.04,7
0.04,356
0.04,994
0.04,900
0.04,1193
0.04,1034
0.04,632
0.04,784
0.04,585
0.04,970
0.04,1110
0.04,973
0.04,551
0.04,1023
0.04,1218
0.04,433
0.04,1171
0.04,148
0.04,1076
0.04,1176
0.04,722
0.04,905
0.04,990
0.04,885
0.04,622
0.04,478
0.04,1032
0.04,908
0.04,1335
0.04,1345
0.04,227
0.04,1179
0.04,983
0.04,467
0.04,818
0.04,932
0.04,942
0.04,762
0.04,151
0.04,393
0.04,1183
0.04,1114
0.04,1127
0.04,842
0.04,951
0.04,1140
0.04,1039
0.04,1348
0.04,1314
0.04,938
0.04,73
0.04,942
0.04,1121
0.04,1328
0.04,393
0.04,94
0.04,1328
0.04,959
0.04,962
0.04,265
0.04,882
0.04,1043
0.04,37
0.04,500
0.04,904
0.04,443
0.04,1159
0.04,330
0.04,381
0.04,301
0.04,1134
0.04,140
0.04,805
0.04,1255
0.04,1122
0.04,1048
0.04,491
0.04,628
0.04,49
0.04,404
0.04,1097
0.04,698
0.04,680
0.04,486
0.04,695
0.04,823
0.04,1243
0.04,1362
0.04,1219
0.04,1101
0.04,791
0.04,888
0.04,906
0.04,938
0.04,108
0.04,1315
0.04,334
0.04,490
0.04,1337
0.04,915
0.04,1112
0.04,1304
0.04,78
0.04,1029
0.04,652
0.04,1219
0.04,756
0.04,235
0.04,979
0.04,930
0.04,1165
0.04,548
0.04,324
0.04,1231
0.04,912
0.04,905
0.04,714
0.04,668
0.04,401
0.04,463
0.04,184
0.04,1242
0.04,1035
0.04,959
0.04,884
0.04,127
0.04,66
0.04,1259
0.04,142
0.04,918
0.04,960
0.04,354
0.04,27
0.04,998
0.04,667
0.04,709
0.04,903
0.04,1276
0.04,1223
0.04,1102
0.04,501
0.04,1280
0.04,1032
0.04,321
0.04,90
0.04,755
0.04,312
0.04,1127
0.04,229
0.04,1222
0.04,798
0.04,102
0.04,890
0.04,779
0.04,1174
0.04,329
0.04,693
0.04,1196
0.04,623
0.04,1110
0.04,249
0.04,874
0.04,982
0.04,1240
0.04,1295
0.04,1046
0.04,223
0.04,1079
0.04,932
0.04,741
0.04,1047
0.04,619
0.04,235
0.04,845
0.04,944
0.04,1117
0.04,1033
0.04,1162
0.04,762
0.04,979
0.04,193
0.04,284
0.04,259
0.04,1133
0.04,860
0.04,608
0.04,1111
0.04,1368
0.04,606
0.04,1153
0.04,1196
0.04,748
0.04,706
0.04,893
0.04,602
0.04,593
0.04,1125
0.04,464
0.04,700
0.04,890
0.04,31
0.04,974
0.04,1025
0.04,831
0.04,1113
0.04,1034
0.04,1163
0.04,981
0.04,19
0.04,492
0.04,602
0.04,555
0.04,1244
0.04,888
0.04,755
0.04,1002
0.04,833
0.04,903
0.04,265
0.04,259
0.04,996
0.04,597
0.04,414
0.04,957
0.04,929
0.04,48
0.04,1077
0.04,1161
0.04,1007
0.04,1
0.04,802
0.04,878
0.04,1185
0.04,1060
0.04,12
0.04,152
0.04,216
0.04,252
0.04,1299
0.04,501
0.04,1203
0.04,877
0.04,617
0.04,1158
0.04,399
0.04,1150
0.04,826
0.04,834
0.04,4
0.04,1028
0.04,975
0.04,855
0.04,1019
