0.1,1203
0.1,1010
0.1,844
0.1,1252
0.1,1232
0.1,1192
0.1,928
0.1,1177
0.1,1061
0.1,1082
0.1,1237
0.1,1216
0.1,1198
0.1,1028
0.1,1239
0.1,1211
0.1,886
0.1,1291
0.1,1178
0.1,1229
0.1,1162
0.1,722
0.1,959
0.1,1213
0.1,1155
0.1,1215
0.1,730
0.1,750
0.1,1233
0.1,1066
0.1,843
0.1,284
0.1,1194
0.1,1217
0.1,1071
0.1,1253
0.1,1132
0.1,980
0.1,1243
0.1,1054
0.1,237
0.1,1176
0.1,1159
0.1,1313
0.1,1191
0.1,1144
0.1,1057
0.1,1233
0.1,1175
0.1,1268
0.1,1250
0.1,1212
0.1,1187
0.1,1148
0.1,1172
0.1,907
0.1,1142
0.1,1012
0.1,1212
0.1,1126
0.1,1158
0.1,1186
0.1,1000
0.1,1076
0.1,1060
0.1,1045
0.1,863
0.1,539
0.1,391
0.1,950
0.1,1084
0.1,1228
0.1,1245
0.1,1158
0.1,1267
0.1,956
0.1,450
0.1,958
0.1,1153
0.1,1121
0.1,1194
0.1,1200
0.1,972
0.1,165
0.1,1180
0.1,1272
0.1,1011
0.1,172
0.1,1257
0.1,1199
0.1,1265
0.1,1090
0.1,1275
0.1,1278
0.1,1254
0.1,1201
0.1,1233
0.1,1047
0.1,1025
0.1,563
0.1,1298
0.1,675
0.1,1169
0.1,1180
0.1,1119
0.1,1236
0.1,1242
0.1,1195
0.1,856
0.1,287
0.1,1163
0.1,268
0.1,1263
0.1,1150
0.1,1181
0.1,1244
0.1,1236
0.1,1093
0.1,447
0.1,1031
0.1,1226
0.1,1199
0.1,916
0.1,1225
0.1,990
0.1,1254
0.1,1121
0.1,1195
0.1,1147
0.1,1144
0.1,1045
0.1,1163
0.1,1250
0.1,1280
0.1,1227
0.1,1241
0.1,1291
0.1,1274
0.1,1272
0.1,1290
0.1,1177
0.1,1159
0.1,156
0.1,901
0.1,1242
0.1,1192
0.1,1250
0.1,1210
0.1,857
0.1,1203
0.1,1233
0.1,1031
0.1,1133
0.1,1112
0.1,450
0.1,1298
0.1,1217
0.1,645
0.1,1210
0.1,1278
0.1,1238
0.1,115
0.1,840
0.1,1054
0.1,313
0.1,1050
0.1,1228
0.1,989
0.1,1157
0.1,1203
0.1,1178
0.1,111
0.1,1092
0.1,991
0.1,919
0.1,1202
0.1,1316
0.1,729
0.1,1150
0.1,1101
0.1,1185
0.1,1058
0.1,1298
0.1,1182
0.1,1094
0.1,1158
0.1,1155
0.1,1261
0.1,1142
0.1,1259
0.1,1246
0.1,1017
0.1,1124
0.1,1193
0.1,1083
0.1,1088
0.1,1065
0.1,1212
0.1,1196
0.1,583
0.1,1242
0.1,1225
0.1,889
0.1,1240
0.1,1263
0.1,1055
0.1,413
0.1,475
0.1,1206
0.1,1167
0.1,1199
0.1,1157
0.1,1233
0.1,194
0.1,1220
0.1,1251
0.1,1192
0.1,1150
0.1,1140
0.1,1190
0.1,1229
0.1,1079
0.1,1250
0.1,1107
0.1,1193
0.1,1160
0.1,850
0.1,1244
0.1,1125
0.1,1167
0.1,1176
0.1,948
0.1,1260
0.1,1062
0.1,998
0.1,1195
0.1,828
0.1,1144
0.1,1131
0.1,1250
0.1,1152
0.1,1053
0.1,1226
0.1,1200
0.1,1122
0.1,1158
0.1,877
0.1,1000
0.1,50
0.1,1194
0.1,1238
0.1,1243
0.1,1159
0.1,1126
0.1,1202
0.1,1195
0.1,1250
0.1,554
0.1,1227
0.1,236
0.1,1020
0.1,677
0.1,1071
0.1,1296
0.1,1179
0.1,969
0.1,1185
0.1,1196
0.1,1239
0.1,1178
0.1,1185
0.1,1229
0.1,1277
0.1,593
0.1,1267
0.1,1201
0.1,1163
0.1,942
0.1,1206
0.1,1074
0.1,1112
0.1,827
0.1,1122
0.1,1114
0.1,850
0.1,1227
0.1,1197
0.1,117
0.1,1138
0.1,882
0.1,436
0.1,1271
0.1,1285
0.1,905
0.1,1038
0.1,1224
0.1,1173
0.1,792
0.1,691
0.1,724
0.1,1007
0.1,558
0.1,1155
0.1,1046
0.1,976
0.1,1195
0.1,638
0.1,1246
0.1,1211
0.1,206
0.1,1022
0.1,1263
0.1,1189
0.1,722
0.1,1105
0.1,1179
0.1,1216
0.1,1198
0.1,1185
0.1,1205
0.1,1122
0.1,1215
0.1,708
0.1,1243
0.1,1106
0.1,1148
0.1,861
0.1,1211
0.1,1217
0.1,1053
0.1,193
0.1,1301
0.1,1297
0.1,1210
0.1,1137
0.1,1127
0.1,1142
0.1,1135
0.1,1017
0.1,1331
0.1,1012
0.1,1079
0.1,1225
0.1,1245
0.1,997
0.1,1003
0.1,1082
0.1,1100
0.1,549
0.1,1158
0.1,1277
0.1,1084
0.1,861
0.1,1212
0.1,1245
0.1,1236
0.1,943
0.1,301
0.1,1165
0.1,1221
0.1,1151
0.1,1103
0.1,501
0.1,928
0.1,1033
0.1,1225
0.1,716
0.1,1272
0.1,800
0.1,1226
0.1,774
0.1,1269
0.1,1126
0.1,1185
0.1,1193
0.1,1254
0.1,1216
0.1,1263
0.1,1095
0.1,1154
0.1,1152
0.1,1226
0.1,1196
0.1,1291
0.1,1260
0.1,920
0.1,1243
0.1,1183
0.1,1126
0.1,1234
0.1,1128
0.1,817
0.1,1247
0.1,757
0.1,780
0.1,1125
0.1,957
0.1,1258
0.1,531
0.1,1275
0.1,690
0.1,1119
0.1,1274
0.1,1222
0.1,1010
0.1,863
0.1,930
0.1,439
0.1,1246
0.1,1234
0.1,482
0.1,1238
0.1,1141
0.1,1301
0.1,781
0.1,1195
0.1,236
0.1,1184
0.1,727
0.1,1144
0.1,1145
0.1,1078
0.1,1346
0.1,1297
0.1,1192
0.1,1305
0.1,1238
0.1,1245
0.1,1020
0.1,1294
0.1,1168
0.1,1114
0.1,1259
0.1,1040
0.1,1231
0.1,1273
0.1,763
0.1,102
0.1,31
0.1,1086
0.1,900
0.1,1222
0.1,1213
0.1,1256
0.1,1274
0.1,1223
0.1,609
0.1,1040
0.1,1118
0.1,1259
0.1,1257
0.1,1160
0.1,1140
0.1,1242
0.1,892
0.1,1250
0.1,1113
0.1,1227
0.1,137
0.1,1263
0.1,1252
0.1,1306
0.1,1147
0.1,726
0.1,967
0.1,1061
0.1,1105
0.1,1243
0.1,1215
0.1,1202
0.1,1231
0.1,855
0.1,1250
0.1,1198
0.1,1048
0.1,1153
0.1,518
0.1,1183
0.1,1256
0.1,929
0.1,926
0.1,1234
0.1,1155
0.1,1316
0.1,1092
0.1,1267
0.1,1218
0.1,633
0.1,1215
0.1,774
0.1,1245
0.1,1045
0.1,561
0.1,1287
0.1,1242
0.1,765
0.1,990
0.1,1260
0.1,971
0.1,1248
0.1,1262
0.1,1088
0.1,1222
0.1,1129
0.1,1246
0.1,1183
0.1,1051
0.1,1210
0.1,1188
0.1,1187
0.1,1285
0.1,731
0.1,1241
0.1,1218
0.1,1107
0.1,1137
0.1,969
0.1,1206
0.1,477
0.1,1186
0.1,1265
0.1,1107
0.1,1294
0.1,1172
0.1,1049
0.1,896
0.1,1175
0.1,878
0.1,1262
0.1,1143
0.1,1061
0.1,1180
0.1,1350
0.1,1258
0.1,1109
0.1,1010
0.1,1134
0.1,1150
0.1,1253
0.1,1036
0.1,725
0.1,985
0.1,606
0.1,1076
0.1,1161
0.1,1075
0.1,1142
0.1,969
0.1,1123
0.1,1065
0.1,1018
0.1,915
0.1,1234
0.1,1182
0.1,1146
0.1,1179
0.1,50
0.1,1243
0.1,1180
0.1,1201
0.1,1006
0.1,1217
0.1,390
0.1,1111
0.1,1165
0.1,261
0.1,1231
0.1,1044
0.1,1172
0.1,538
0.1,1147
0.1,1213
0.1,791
0.1,1256
0.1,1044
0.1,964
0.1,1195
0.1,932
0.1,1138
0.1,1100
0.1,678
0.1,1262
0.1,913
0.1,1172
0.1,1161
0.1,1255
0.1,1065
0.1,1101
0.1,1264
0.1,1119
0.1,1218
0.1,868
0.1,1175
0.1,1107
0.1,1191
0.1,1181
0.1,850
0.1,1286
0.1,1099
0.1,530
0.1,1012
0.1,913
0.1,1159
0.1,739
0.1,1243
0.1,1120
0.1,1079
0.1,1239
0.1,1173
0.1,665
0.1,1259
0.1,1001
0.1,1224
0.1,1125
0.1,886
0.1,1186
0.1,1229
0.1,1191
0.1,1226
0.1,1165
0.1,1290
0.1,1234
0.1,1146
0.1,864
0.1,1059
0.1,1165
0.1,1192
0.1,1216
0.1,1268
0.1,1218
0.1,1063
0.1,1181
0.1,1119
0.1,1223
0.1,1188
0.1,721
0.1,980
0.1,1212
0.1,909
0.1,731
0.1,1017
0.1,1184
0.1,1123
0.1,626
0.1,1195
0.1,1146
0.1,1266
0.1,1182
0.1,975
0.1,1183
0.1,1191
0.1,1039
0.1,1026
0.1,1157
0.1,1199
0.1,1245
0.1,860
0.1,1208
0.1,1281
0.1,1192
0.1,1255
0.1,546
0.1,596
0.1,1124
0.1,1201
0.1,1179
0.1,909
0.1,1121
0.1,794
0.1,1268
0.1,1310
0.1,1133
0.1,1077
0.1,1024
0.1,1260
0.1,1254
0.1,1224
0.1,958
0.1,1234
0.1,1166
0.1,963
0.1,989
0.1,1205
0.1,1132
0.1,1143
0.1,1094
0.1,1289
0.1,974
0.1,1056
0.1,1280
0.1,1082
0.1,1242
0.1,1194
0.1,1094
0.1,1186
0.1,1220
0.1,1238
0.1,1112
0.1,1006
0.1,1130
0.1,1176
0.1,1161
0.1,1259
0.1,1174
0.1,784
0.1,1229
0.1,1208
0.1,871
0.1,1259
0.1,1067
0.1,1063
0.1,287
0.1,1161
0.1,1269
0.1,1062
0.1,245
0.1,1090
0.1,981
0.1,1101
0.1,1272
0.1,994
0.1,1178
0.1,1179
0.1,1137
0.1,1176
0.1,1146
0.1,1230
0.1,1230
0.1,1205
0.1,1197
0.1,1242
0.1,956
0.1,512
0.1,1080
0.1,1059
0.1,1254
0.1,905
0.1,1031
0.1,1220
0.1,775
0.1,643
0.1,1168
0.1,1241
0.1,1203
0.1,1170
0.1,584
0.1,1296
0.1,1095
0.1,1215
0.1,1235
0.1,1067
0.1,1191
0.1,1196
0.1,721
0.1,1250
0.1,1095
0.1,1119
0.1,856
0.1,854
0.1,1083
0.1,1186
0.1,1240
0.1,1264
0.1,1250
0.1,1010
0.1,1050
0.1,880
0.1,1104
0.1,1180
0.1,1284
0.1,1238
0.1,1184
0.1,968
0.1,1163
0.1,542
0.1,1194
0.1,1229
0.1,1259
0.1,605
0.1,1165
0.1,832
0.1,1228
0.1,578
0.1,1221
0.1,902
0.1,1197
0.1,1195
0.1,1151
0.1,1089
0.1,1106
0.1,1220
0.1,1247
0.1,1146
0.1,1200
0.1,954
0.1,1009
0.1,852
0.1,1270
0.1,1175
0.1,1135
0.1,1082
0.1,1119
0.1,1164
0.1,1206
0.1,1154
0.1,1044
0.1,1258
0.1,1054
0.1,1133
0.1,1166
0.1,955
0.1,1274
0.1,474
0.1,1184
0.1,896
0.1,1131
0.1,789
0.1,1292
0.1,931
0.1,1252
0.1,1027
0.1,77
0.1,386
0.1,1146
0.1,1206
0.1,1129
0.1,1280
0.1,1209
0.1,1159
0.1,709
0.1,1188
0.1,1163
0.1,1229
0.1,1135
0.1,1171
0.1,943
0.1,1107
0.1,1327
0.1,1246
0.1,1252
0.1,1210
0.1,1323
0.1,871
0.1,778
0.1,1213
0.1,1241
0.1,951
0.1,1159
0.1,1231
0.1,1085
0.1,1304
0.1,1183
0.1,1261
0.1,1220
0.1,1208
0.1,1052
0.1,958
0.1,866
0.1,1156
0.1,1236
0.1,1157
0.1,663
0.1,977
0.1,1220
0.1,1229
0.1,1200
0.1,1214
0.1,1272
0.1,778
0.1,843
0.1,596
0.1,1208
0.1,1233
0.1,855
0.1,158
0.1,1187
0.1,1211
0.1,831
0.1,1171
0.1,1073
0.1,976
0.1,769
0.1,938
0.1,880
0.1,1273
0.1,1047
0.1,980
0.1,1200
0.1,1112
0.1,1281
0.1,973
0.1,1232
0.1,989
0.1,1064
0.1,1189
0.1,1176
0.1,672
0.1,1277
0.1,403
0.1,1191
0.1,1137
0.1,1163
0.1,1072
0.1,1223
0.1,1184
0.1,1169
0.1,1281
0.1,1249
0.1,1063
0.1,1128
0.1,1021
0.1,1234
0.1,137
0.1,1225
0.1,1147
0.1,979
0.1,1009
0.1,977
0.1,1213
0.1,1283
0.1,1069
0.1,998
0.1,1121
0.1,1195
0.1,1165
0.1,1252
0.1,1160
0.1,1213
0.1,1193
0.1,1206
0.1,1196
0.1,1249
0.1,1175
0.1,1112
0.1,1098
0.1,1156
0.1,984
0.1,1223
0.1,1178
0.1,1216
0.1,837
0.1,1242
0.1,1176
0.1,1249
0.1,1171
0.1,1237
0.1,363
0.1,1065
0.1,1237
0.1,1098
0.1,1083
0.1,1147
0.1,919
0.1,979
0.1,1257
0.1,1359
0.1,1161
0.1,1076
0.1,598
0.1,1073
0.1,1235
0.1,994
0.1,1116
0.1,400
0.1,1091
0.1,1183
0.1,1190
0.1,888
0.1,823
0.1,1221
0.1,1285
0.1,1237
0.1,431
0.1,1242
0.1,1259
0.1,998
0.1,1071
0.1,1257
0.1,864
0.1,1213
0.1,809
0.1,1165
0.1,841
0.1,1297
0.1,1241
0.1,429
0.1,1052
0.1,1218
0.1,1214
0.1,1219
0.1,1236
0.1,973
0.1,1206
0.1,922
0.1,1142
0.1,1200
0.1,1000
0.1,1205
0.1,1234
0.1,1190
