0.04,16
0.04,74
0.04,82
0.04,2
0.04,3
0.04,5
0.04,1
0.04,95
0.04,3
0.04,7
0.04,83
0.04,28
0.04,11
0.04,12
0.04,18
0.04,21
0.04,19
0.04,94
0.04,13
0.04,5
0.04,18
0.04,2
0.04,17
0.04,47
0.04,31
0.04,5
0.04,19
0.04,4
0.04,10
0.04,3
0.04,23
0.04,20
0.04,16
0.04,22
0.04,12
0.04,94
0.04,14
0.04,39
0.04,27
0.04,6
0.04,2
0.04,33
0.04,7
0.04,18
0.04,23
0.04,3
0.04,14
0.04,34
0.04,7
0.04,9
0.04,26
0.04,20
0.04,2
0.04,5
0.04,2
0.04,19
0.04,12
0.04,19
0.04,44
0.04,8
0.04,8
0.04,2
0.04,6
0.04,58
0.04,8
0.04,14
0.04,11
0.04,37
0.04,6
0.04,10
0.04,16
0.04,62
0.04,11
0.04,80
0.04,27
0.04,2
0.04,38
0.04,8
0.04,14
0.04,6
0.04,8
0.04,25
0.04,10
0.04,49
0.04,1
0.04,19
0.04,27
0.04,1
0.04,5
0.04,24
0.04,17
0.04,29
0.04,58
0.04,2
0.04,18
0.04,3
0.04,12
0.04,40
0.04,3
0.04,1
0.04,13
0.04,16
0.04,150
0.04,126
0.04,8
0.04,9
0.04,2
0.04,1
0.04,80
0.04,9
0.04,5
0.04,5
0.04,19
0.04,1
0.04,37
0.04,17
0.04,5
0.04,116
0.04,30
0.04,15
0.04,36
0.04,11
0.04,4
0.04,36
0.04,1
0.04,1
0.04,20
0.04,10
0.04,33
0.04,26
0.04,6
0.04,66
0.04,7
0.04,29
0.04,18
0.04,5
0.04,5
0.04,18
0.04,22
0.04,12
0.04,105
0.04,1
0.04,7
0.04,70
0.04,2
0.04,21
0.04,17
0.04,50
0.04,11
0.04,1
0.04,3
0.04,11
0.04,1
0.04,7
0.04,80
0.04,10
0.04,9
0.04,1
0.04,11
0.04,1
0.04,6
0.04,91
0.04,73
0.04,12
0.04,16
0.04,17
0.04,12
0.04,10
0.04,1
0.04,4
0.04,23
0.04,2
0.04,21
0.04,5
0.04,47
0.04,2
0.04,36
0.04,3
0.04,8
0.04,4
0.04,5
0.04,9
0.04,21
0.04,3
0.04,2
0.04,248
0.04,8
0.04,59
0.04,6
0.04,24
0.04,12
0.04,91
0.04,28
0.04,42
0.04,10
0.04,2
0.04,10
0.04,7
0.04,35
0.04,21
0.04,13
0.04,6
0.04,1
0.04,41
0.04,38
0.04,1
0.04,14
0.04,8
0.04,12
0.04,1
0.04,15
0.04,23
0.04,4
0.04,4
0.04,46
0.04,28
0.04,11
0.04,3
0.04,114
0.04,5
0.04,2
0.04,22
0.04,14
0.04,3
0.04,22
0.04,3
0.04,33
0.04,24
0.04,4
0.04,17
0.04,32
0.04,2
0.04,10
0.04,10
0.04,2
0.04,30
0.04,32
0.04,27
0.04,5
0.04,9
0.04,5
0.04,20
0.04,53
0.04,1
0.04,7
0.04,8
0.04,1
0.04,17
0.04,24
0.04,22
0.04,6
0.04,67
0.04,20
0.04,5
0.04,16
0.04,22
0.04,1
0.04,29
0.04,15
0.04,2
0.04,3
0.04,1
0.04,27
0.04,3
0.04,11
0.04,64
0.04,27
0.04,10
0.04,7
0.04,21
0.04,20
0.04,16
0.04,13
0.04,10
0.04,84
0.04,86
0.04,9
0.04,27
0.04,48
0.04,80
0.04,133
0.04,2
0.04,1
0.04,11
0.04,12
0.04,43
0.04,13
0.04,17
0.04,65
0.04,5
0.04,62
0.04,47
0.04,12
0.04,30
0.04,16
0.04,13
0.04,5
0.04,21
0.04,2
0.04,33
0.04,6
0.04,17
0.04,22
0.04,3
0.04,24
0.04,1
0.04,3
0.04,14
0.04,75
0.04,2
0.04,12
0.04,40
0.04,26
0.04,5
0.04,3
0.04,80
0.04,8
0.04,17
0.04,52
0.04,39
0.04,45
0.04,1
0.04,15
0.04,64
0.04,20
0.04,42
0.04,6
0.04,36
0.04,175
0.04,11
0.04,15
0.04,3
0.04,35
0.04,7
0.04,37
0.04,11
0.04,9
0.04,59
0.04,16
0.04,74
0.04,2
0.04,29
0.04,38
0.04,47
0.04,7
0.04,5
0.04,15
0.04,19
0.04,17
0.04,5
0.04,2
0.04,9
0.04,7
0.04,14
0.04,15
0.04,18
0.04,46
0.04,1
0.04,25
0.04,3
0.04,29
0.04,27
0.04,17
0.04,2
0.04,67
0.04,106
0.04,27
0.04,17
0.04,14
0.04,67
0.04,4
0.04,39
0.04,5
0.04,17
0.04,2
0.04,2
0.04,135
0.04,1
0.04,14
0.04,24
0.04,4
0.04,4
0.04,11
0.04,5
0.04,1
0.04,24
0.04,2
0.04,85
0.04,20
0.04,11
0.04,6
0.04,11
0.04,25
0.04,123
0.04,24
0.04,1
0.04,5
0.04,10
0.04,23
0.04,30
0.04,14
0.04,22
0.04,52
0.04,3
0.04,4
0.04,28
0.04,19
0.04,22
0.04,22
0.04,4
0.04,13
0.04,1
0.04,11
0.04,4
0.04,2
0.04,15
0.04,15
0.04,5
0.04,16
0.04,30
0.04,61
0.04,84
0.04,121
0.04,45
0.04,49
0.04,7
0.04,9
0.04,35
0.04,31
0.04,1
0.04,5
0.04,3
0.04,8
0.04,13
0.04,30
0.04,13
0.04,5
0.04,5
0.04,5
0.04,13
0.04,36
0.04,17
0.04,7
0.04,78
0.04,83
0.04,167
0.04,1
0.04,6
0.04,5
0.04,8
0.04,9
0.04,83
0.04,149
0.04,13
0.04,10
0.04,13
0.04,2
0.04,9
0.04,12
0.04,14
0.04,1
0.04,39
0.04,16
0.04,6
0.04,9
0.04,3
0.04,13
0.04,16
0.04,109
0.04,18
0.04,3
0.04,9
0.04,75
0.04,6
0.04,82
0.04,81
0.04,7
0.04,30
0.04,3
0.04,8
0.04,29
0.04,4
0.04,26
0.04,66
0.04,2
0.04,26
0.04,8
0.04,45
0.04,67
0.04,17
0.04,2
0.04,11
0.04,25
0.04,19
0.04,12
0.04,13
0.04,181
0.04,3
0.04,8
0.04,3
0.04,37
0.04,14
0.04,11
0.04,5
0.04,14
0.04,3
0.04,32
0.04,1
0.04,24
0.04,17
0.04,39
0.04,29
0.04,3
0.04,34
0.04,40
0.04,2
0.04,1
0.04,62
0.04,9
0.04,16
0.04,1
0.04,137
0.04,211
0.04,8
0.04,235
0.04,22
0.04,44
0.04,1
0.04,4
0.04,129
0.04,2
0.04,12
0.04,3
0.04,96
0.04,69
0.04,27
0.04,4
0.04,21
0.04,4
0.04,11
0.04,12
0.04,123
0.04,6
0.04,10
0.04,5
0.04,18
0.04,13
0.04,44
0.04,4
0.04,6
0.04,8
0.04,30
0.04,6
0.04,5
0.04,1
0.04,10
0.04,33
0.04,48
0.04,5
0.04,12
0.04,6
0.04,35
0.04,295
0.04,81
0.04,30
0.04,348
0.04,15
0.04,68
0.04,15
0.04,12
0.04,2
0.04,7
0.04,16
0.04,17
0.04,12
0.04,23
0.04,1
0.04,3
0.04,15
0.04,23
0.04,29
0.04,1
0.04,1
0.04,29
0.04,12
0.04,11
0.04,164
0.04,26
0.04,1
0.04,28
0.04,30
0.04,17
0.04,74
0.04,26
0.04,67
0.04,110
0.04,43
0.04,74
0.04,2
0.04,73
0.04,14
0.04,6
0.04,26
0.04,10
0.04,13
0.04,20
0.04,12
0.04,10
0.04,14
0.04,62
0.04,22
0.04,12
0.04,6
0.04,11
0.04,29
0.04,4
0.04,15
0.04,39
0.04,69
0.04,35
0.04,61
0.04,14
0.04,84
0.04,35
0.04,3
0.04,1
0.04,3
0.04,11
0.04,27
0.04,48
0.04,17
0.04,76
0.04,32
0.04,4
0.04,4
0.04,27
0.04,1
0.04,46
0.04,353
0.04,13
0.04,98
0.04,8
0.04,9
0.04,11
0.04,1
0.04,85
0.04,8
0.04,84
0.04,5
0.04,3
0.04,1
0.04,2
0.04,5
0.04,2
0.04,24
0.04,2
0.04,24
0.04,49
0.04,24
0.04,1
0.04,34
0.04,15
0.04,4
0.04,17
0.04,9
0.04,183
0.04,45
0.04,35
0.04,6
0.04,11
0.04,1
0.04,14
0.04,2
0.04,7
0.04,9
0.04,1
0.04,15
0.04,17
0.04,4
0.04,24
0.04,47
0.04,74
0.04,18
0.04,20
0.04,1
0.04,9
0.04,2
0.04,47
0.04,5
0.04,90
0.04,28
0.04,3
0.04,8
0.04,31
0.04,33
0.04,18
0.04,111
0.04,2
0.04,3
0.04,28
0.04,10
0.04,215
0.04,142
0.04,3
0.04,2
0.04,29
0.04,27
0.04,4
0.04,31
0.04,4
0.04,6
0.04,19
0.04,26
0.04,5
0.04,24
0.04,23
0.04,18
0.04,1
0.04,15
0.04,9
0.04,14
0.04,24
0.04,1
0.04,23
0.04,134
0.04,58
0.04,90
0.04,10
0.04,70
0.04,13
0.04,13
0.04,3
0.04,7
0.04,23
0.04,5
0.04,12
0.04,6
0.04,11
0.04,49
0.04,4
0.04,7
0.04,41
0.04,4
0.04,34
0.04,74
0.04,17
0.04,5
0.04,49
0.04,28
0.04,66
0.04,16
0.04,3
0.04,35
0.04,6
0.04,11
0.04,11
0.04,2
0.04,1
0.04,40
0.04,35
0.04,1
0.04,57
0.04,65
0.04,6
0.04,9
0.04,2
0.04,1
0.04,1
0.04,134
0.04,23
0.04,2
0.04,17
0.04,5
0.04,7
0.04,34
0.04,1
0.04,25
0.04,4
0.04,21
0.04,16
0.04,34
0.04,16
0.04,19
0.04,13
0.04,1
0.04,7
0.04,8
0.04,1
0.04,7
0.04,51
0.04,5
0.04,41
0.04,110
0.04,21
0.04,13
0.04,7
0.04,3
0.04,60
0.04,37
0.04,24
0.04,42
0.04,16
0.04,13
0.04,6
0.04,13
0.04,2
0.04,17
0.04,1
0.04,18
0.04,1
0.04,4
0.04,23
0.04,21
0.04,11
0.04,20
0.04,5
0.04,31
0.04,26
0.04,1
0.04,73
0.04,15
0.04,11
0.04,2
0.04,16
0.04,7
0.04,20
0.04,12
0.04,18
0.04,1
0.04,30
0.04,51
0.04,17
0.04,31
0.04,1
0.04,21
0.04,6
0.04,4
0.04,32
0.04,25
0.04,36
0.04,7
0.04,8
0.04,115
0.04,7
0.04,25
0.04,2
0.04,2
0.04,18
0.04,9
0.04,35
0.04,12
0.04,10
0.04,11
0.04,29
0.04,26
0.04,1
0.04,2
0.04,24
0.04,14
0.04,22
0.04,7
0.04,64
0.04,26
0.04,96
0.04,45
0.04,12
0.04,32
0.04,5
0.04,22
0.04,14
0.04,7
0.04,61
0.04,1
0.04,1
0.04,24
0.04,23
0.04,11
0.04,22
0.04,30
0.04,33
0.04,1
0.04,17
0.04,17
0.04,60
0.04,5
0.04,18
0.04,6
0.04,5
0.04,9
0.04,1
0.04,56
0.04,5
0.04,3
0.04,47
0.04,9
0.04,59
0.04,48
0.04,3
0.04,7
0.04,48
0.04,73
0.04,52
0.04,34
0.04,8
0.04,9
0.04,51
0.04,3
0.04,29
0.04,10
0.04,40
0.04,3
0.04,3
0.04,116
0.04,82
0.04,54
0.04,11
0.04,3
0.04,13
0.04,90
0.04,13
0.04,28
0.04,5
0.04,4
0.04,77
0.04,1
0.04,17
0.04,2
0.04,28
0.04,35
0.04,60
0.04,4
0.04,3
0.04,13
0.04,3
0.04,8
0.04,46
0.04,7
0.04,150
0.04,3
0.04,43
0.04,4
0.04,9
0.04,10
0.04,24
0.04,25
0.04,84
0.04,48
0.04,19
0.04,29
0.04,15
0.04,13
0.04,10
0.04,18
0.04,28
0.04,7
0.04,59
0.04,6
0.04,21
0.04,9
0.04,1
0.04,5
0.04,16
0.04,2
0.04,88
0.04,7
0.04,1
0.04,31
0.04,13
0.04,15
0.04,1
0.04,4
0.04,26
0.04,177
0.04,108
0.04,30
0.04,68
0.04,9
0.04,7
0.04,21
0.04,9
0.04,71
0.04,3
0.04,38
0.04,22
0.04,4
0.04,10
0.04,25
0.04,37
0.04,91
0.04,30
0.04,32
0.04,16
0.04,16
0.04,2
0.04,25
0.04,8
0.04,36
0.04,9
0.04,8
0.04,4
