0.01,22
0.01,24
0.01,2
0.01,7
0.01,58
0.01,4
0.01,218
0.01,287
0.01,1
0.01,15
0.01,244
0.01,3
0.01,5
0.01,2
0.01,40
0.01,277
0.01,3
0.01,236
0.01,185
0.01,5
0.01,10
0.01,179
0.01,107
0.01,17
0.01,35
0.01,3
0.01,36
0.01,1
0.01,34
0.01,3
0.01,168
0.01,232
0.01,151
0.01,136
0.01,19
0.01,426
0.01,67
0.01,2
0.01,10
0.01,7
0.01,43
0.01,31
0.01,3
0.01,70
0.01,1
0.01,5
0.01,9
0.01,41
0.01,5
0.01,3
0.01,14
0.01,2
0.01,190
0.01,10
0.01,114
0.01,7
0.01,7
0.01,33
0.01,470
0.01,104
0.01,125
0.01,270
0.01,89
0.01,93
0.01,16
0.01,224
0.01,7
0.01,60
0.01,230
0.01,1
0.01,1
0.01,42
0.01,82
0.01,81
0.01,35
0.01,83
0.01,94
0.01,6
0.01,14
0.01,7
0.01,13
0.01,2
0.01,104
0.01,35
0.01,79
0.01,24
0.01,21
0.01,1
0.01,37
0.01,65
0.01,1
0.01,3
0.01,4
0.01,116
0.01,34
0.01,13
0.01,31
0.01,294
0.01,21
0.01,3
0.01,24
0.01,5
0.01,27
0.01,30
0.01,1
0.01,155
0.01,8
0.01,315
0.01,1
0.01,190
0.01,26
0.01,17
0.01,69
0.01,1
0.01,17
0.01,2
0.01,64
0.01,1
0.01,1
0.01,2
0.01,18
0.01,134
0.01,74
0.01,147
0.01,9
0.01,3
0.01,3
0.01,188
0.01,5
0.01,34
0.01,288
0.01,271
0.01,10
0.01,28
0.01,4
0.01,1
0.01,215
0.01,16
0.01,9
0.01,89
0.01,107
0.01,130
0.01,7
0.01,8
0.01,119
0.01,204
0.01,44
0.01,8
0.01,85
0.01,6
0.01,11
0.01,5
0.01,163
0.01,14
0.01,153
0.01,4
0.01,275
0.01,146
0.01,1
0.01,158
0.01,633
0.01,206
0.01,192
0.01,14
0.01,2
0.01,113
0.01,307
0.01,58
0.01,12
0.01,410
0.01,3
0.01,4
0.01,10
0.01,1
0.01,149
0.01,1
0.01,26
0.01,68
0.01,1
0.01,106
0.01,4
0.01,171
0.01,11
0.01,1
0.01,3
0.01,7
0.01,42
0.01,4
0.01,18
0.01,2
0.01,1
0.01,1
0.01,6
0.01,44
0.01,12
0.01,31
0.01,15
0.01,2
0.01,2
0.01,626
0.01,6
0.01,105
0.01,32
0.01,538
0.01,2
0.01,5
0.01,1
0.01,1
0.01,1
0.01,36
0.01,1
0.01,109
0.01,107
0.01,52
0.01,17
0.01,46
0.01,20
0.01,352
0.01,228
0.01,80
0.01,102
0.01,96
0.01,6
0.01,9
0.01,6
0.01,14
0.01,34
0.01,115
0.01,294
0.01,111
0.01,11
0.01,204
0.01,9
0.01,129
0.01,2
0.01,1
0.01,26
0.01,9
0.01,18
0.01,11
0.01,10
0.01,2
0.01,64
0.01,20
0.01,77
0.01,132
0.01,3
0.01,1
0.01,24
0.01,8
0.01,1
0.01,2
0.01,20
0.01,85
0.01,41
0.01,4
0.01,10
0.01,12
0.01,62
0.01,10
0.01,7
0.01,32
0.01,46
0.01,1
0.01,175
0.01,1
0.01,21
0.01,7
0.01,1
0.01,4
0.01,33
0.01,11
0.01,38
0.01,1
0.01,22
0.01,47
0.01,3
0.01,2
0.01,25
0.01,1
0.01,6
0.01,19
0.01,1
0.01,163
0.01,28
0.01,1
0.01,193
0.01,1
0.01,157
0.01,68
0.01,5
0.01,2
0.01,103
0.01,3
0.01,11
0.01,1
0.01,15
0.01,93
0.01,7
0.01,162
0.01,3
0.01,2
0.01,28
0.01,111
0.01,206
0.01,3
0.01,16
0.01,2
0.01,95
0.01,2
0.01,1
0.01,422
0.01,1
0.01,192
0.01,28
0.01,265
0.01,51
0.01,118
0.01,3
0.01,24
0.01,6
0.01,17
0.01,4
0.01,24
0.01,13
0.01,15
0.01,7
0.01,4
0.01,196
0.01,23
0.01,7
0.01,2
0.01,7
0.01,48
0.01,1
0.01,33
0.01,5
0.01,5
0.01,406
0.01,93
0.01,15
0.01,1
0.01,3
0.01,4
0.01,4
0.01,1
0.01,2
0.01,230
0.01,3
0.01,15
0.01,1
0.01,77
0.01,335
0.01,267
0.01,41
0.01,2
0.01,17
0.01,2
0.01,25
0.01,46
0.01,1
0.01,31
0.01,26
0.01,80
0.01,512
0.01,5
0.01,9
0.01,2
0.01,29
0.01,415
0.01,20
0.01,117
0.01,1
0.01,6
0.01,11
0.01,4
0.01,4
0.01,5
0.01,6
0.01,15
0.01,183
0.01,3
0.01,158
0.01,69
0.01,45
0.01,44
0.01,19
0.01,150
0.01,22
0.01,20
0.01,1
0.01,5
0.01,7
0.01,1
0.01,11
0.01,8
0.01,11
0.01,4
0.01,208
0.01,1
0.01,5
0.01,1
0.01,3
0.01,2
0.01,8
0.01,2
0.01,55
0.01,27
0.01,9
0.01,263
0.01,2
0.01,85
0.01,100
0.01,6
0.01,6
0.01,190
0.01,28
0.01,188
0.01,27
0.01,6
0.01,13
0.01,111
0.01,2
0.01,2
0.01,2
0.01,118
0.01,1
0.01,39
0.01,1
0.01,16
0.01,57
0.01,7
0.01,1
0.01,126
0.01,7
0.01,46
0.01,119
0.01,51
0.01,69
0.01,1
0.01,119
0.01,57
0.01,3
0.01,205
0.01,18
0.01,102
0.01,253
0.01,6
0.01,12
0.01,40
0.01,115
0.01,351
0.01,76
0.01,1
0.01,5
0.01,160
0.01,3
0.01,37
0.01,60
0.01,35
0.01,16
0.01,2
0.01,1
0.01,24
0.01,68
0.01,15
0.01,4
0.01,23
0.01,319
0.01,12
0.01,266
0.01,62
0.01,1
0.01,120
0.01,408
0.01,19
0.01,76
0.01,9
0.01,207
0.01,1
0.01,13
0.01,3
0.01,11
0.01,2
0.01,83
0.01,40
0.01,45
0.01,2
0.01,308
0.01,1
0.01,104
0.01,1
0.01,6
0.01,1
0.01,85
0.01,5
0.01,15
0.01,1
0.01,42
0.01,15
0.01,2
0.01,6
0.01,30
0.01,19
0.01,5
0.01,11
0.01,58
0.01,100
0.01,69
0.01,1
0.01,34
0.01,4
0.01,15
0.01,75
0.01,118
0.01,22
0.01,1
0.01,65
0.01,172
0.01,10
0.01,4
0.01,528
0.01,77
0.01,110
0.01,47
0.01,3
0.01,16
0.01,207
0.01,28
0.01,26
0.01,337
0.01,3
0.01,7
0.01,13
0.01,21
0.01,60
0.01,5
0.01,4
0.01,20
0.01,15
0.01,18
0.01,153
0.01,1
0.01,8
0.01,20
0.01,1
0.01,11
0.01,5
0.01,1
0.01,169
0.01,347
0.01,300
0.01,296
0.01,1
0.01,1
0.01,2
0.01,449
0.01,35
0.01,232
0.01,135
0.01,215
0.01,21
0.01,5
0.01,157
0.01,45
0.01,48
0.01,21
0.01,60
0.01,223
0.01,18
0.01,254
0.01,21
0.01,178
0.01,50
0.01,9
0.01,4
0.01,102
0.01,21
0.01,10
0.01,6
0.01,13
0.01,43
0.01,5
0.01,18
0.01,347
0.01,15
0.01,4
0.01,54
0.01,15
0.01,1
0.01,8
0.01,6
0.01,39
0.01,29
0.01,97
0.01,334
0.01,73
0.01,10
0.01,14
0.01,2
0.01,3
0.01,36
0.01,1
0.01,377
0.01,15
0.01,11
0.01,1
0.01,68
0.01,12
0.01,3
0.01,11
0.01,3
0.01,8
0.01,51
0.01,124
0.01,387
0.01,6
0.01,46
0.01,54
0.01,16
0.01,1
0.01,107
0.01,2
0.01,37
0.01,1
0.01,4
0.01,5
0.01,153
0.01,62
0.01,18
0.01,15
0.01,38
0.01,27
0.01,218
0.01,208
0.01,5
0.01,2
0.01,84
0.01,4
0.01,140
0.01,220
0.01,1
0.01,77
0.01,376
0.01,130
0.01,281
0.01,19
0.01,6
0.01,301
0.01,1
0.01,61
0.01,70
0.01,293
0.01,84
0.01,1
0.01,427
0.01,42
0.01,121
0.01,18
0.01,67
0.01,1
0.01,2
0.01,17
0.01,10
0.01,1
0.01,105
0.01,17
0.01,23
0.01,119
0.01,509
0.01,4
0.01,12
0.01,1
0.01,597
0.01,1
0.01,1
0.01,13
0.01,1
0.01,1
0.01,30
0.01,45
0.01,99
0.01,2
0.01,405
0.01,21
0.01,67
0.01,1
0.01,58
0.01,155
0.01,328
0.01,1
0.01,55
0.01,4
0.01,5
0.01,146
0.01,50
0.01,1
0.01,4
0.01,131
0.01,1
0.01,9
0.01,4
0.01,138
0.01,71
0.01,33
0.01,44
0.01,85
0.01,20
0.01,78
0.01,2
0.01,109
0.01,81
0.01,99
0.01,24
0.01,4
0.01,11
0.01,1
0.01,3
0.01,2
0.01,11
0.01,142
0.01,1
0.01,2
0.01,3
0.01,1
0.01,2
0.01,7
0.01,1
0.01,1
0.01,4
0.01,185
0.01,4
0.01,213
0.01,52
0.01,1
0.01,87
0.01,8
0.01,17
0.01,336
0.01,1
0.01,99
0.01,66
0.01,64
0.01,5
0.01,80
0.01,95
0.01,1
0.01,24
0.01,220
0.01,29
0.01,101
0.01,179
0.01,87
0.01,17
0.01,35
0.01,5
0.01,144
0.01,21
0.01,46
0.01,46
0.01,12
0.01,2
0.01,158
0.01,3
0.01,27
0.01,8
0.01,381
0.01,47
0.01,80
0.01,7
0.01,4
0.01,6
0.01,61
0.01,71
0.01,55
0.01,1
0.01,80
0.01,17
0.01,170
0.01,8
0.01,2
0.01,16
0.01,10
0.01,52
0.01,7
0.01,25
0.01,2
0.01,352
0.01,101
0.01,53
0.01,28
0.01,5
0.01,60
0.01,10
0.01,20
0.01,2
0.01,14
0.01,9
0.01,165
0.01,7
0.01,164
0.01,207
0.01,177
0.01,58
0.01,32
0.01,62
0.01,74
0.01,10
0.01,74
0.01,378
0.01,77
0.01,23
0.01,121
0.01,626
0.01,459
0.01,113
0.01,2
0.01,81
0.01,3
0.01,226
0.01,216
0.01,255
0.01,71
0.01,49
0.01,7
0.01,10
0.01,105
0.01,8
0.01,122
0.01,1
0.01,5
0.01,1
0.01,34
0.01,8
0.01,1
0.01,94
0.01,1
0.01,5
0.01,17
0.01,1
0.01,20
0.01,31
0.01,362
0.01,1
0.01,114
0.01,9
0.01,19
0.01,17
0.01,8
0.01,77
0.01,138
0.01,7
0.01,1
0.01,76
0.01,1
0.01,8
0.01,16
0.01,1
0.01,48
0.01,51
0.01,59
0.01,2
0.01,30
0.01,308
0.01,34
0.01,10
0.01,2
0.01,1
0.01,474
0.01,10
0.01,2
0.01,20
0.01,2
0.01,4
0.01,3
0.01,1
0.01,2
0.01,6
0.01,31
0.01,32
0.01,214
0.01,139
0.01,1
0.01,4
0.01,263
0.01,32
0.01,280
0.01,2
0.01,10
0.01,133
0.01,2
0.01,18
0.01,16
0.01,183
0.01,41
0.01,73
0.01,41
0.01,140
0.01,213
0.01,155
0.01,13
0.01,90
0.01,5
0.01,169
0.01,4
0.01,486
0.01,4
0.01,8
0.01,240
0.01,11
0.01,88
0.01,57
0.01,1
0.01,19
0.01,124
0.01,56
0.01,4
0.01,20
0.01,183
0.01,17
0.01,1
0.01,237
0.01,199
0.01,3
0.01,8
0.01,22
0.01,4
0.01,150
0.01,18
0.01,4
0.01,163
0.01,4
0.01,1
0.01,162
0.01,1
0.01,1
0.01,33
0.01,9
0.01,1
0.01,1
0.01,14
0.01,16
0.01,318
0.01,45
0.01,5
0.01,14
0.01,32
0.01,104
0.01,53
0.01,6
0.01,47
0.01,143
0.01,17
0.01,13
0.01,28
0.01,50
0.01,112
0.01,181
0.01,9
0.01,39
0.01,91
0.01,28
0.01,386
0.01,223
0.01,84
0.01,3
0.01,111
0.01,2
0.01,208
0.01,15
0.01,150
0.01,7
0.01,81
0.01,1
0.01,28
0.01,99
0.01,3
0.01,11
0.01,294
0.01,25
0.01,221
0.01,97
0.01,69
0.01,161
0.01,48
0.01,18
0.01,44
0.01,29
0.01,1
0.01,64
0.01,279
0.01,49
0.01,98
0.01,2
0.01,14
0.01,37
0.01,8
0.01,3
0.01,3
0.01,85
