0.02,1511
0.02,820
0.02,1080
0.02,1237
0.02,1444
0.02,2
0.02,1345
0.02,5
0.02,95
0.02,1406
0.02,542
0.02,13
0.02,1323
0.02,1458
0.02,792
0.02,14
0.02,1212
0.02,1351
0.02,1369
0.02,1298
0.02,1494
0.02,1332
0.02,9
0.02,568
0.02,912
0.02,1612
0.02,1613
0.02,33
0.02,1517
0.02,1558
0.02,1490
0.02,1458
0.02,980
0.02,89
0.02,1236
0.02,1425
0.02,1215
0.02,1663
0.02,389
0.02,1368
0.02,1354
0.02,1342
0.02,1040
0.02,1268
0.02,1338
0.02,1669
0.02,92
0.02,961
0.02,442
0.02,1582
0.02,1524
0.02,1493
0.02,16
0.02,1147
0.02,9
0.02,1351
0.02,601
0.02,1581
0.02,101
0.02,1550
0.02,753
0.02,1491
0.02,1597
0.02,1263
0.02,1444
0.02,1385
0.02,31
0.02,115
0.02,1280
0.02,1543
0.02,680
0.02,1558
0.02,164
0.02,1529
0.02,690
0.02,844
0.02,1637
0.02,1227
0.02,1620
0.02,602
0.02,1599
0.02,534
0.02,1340
0.02,482
0.02,271
0.02,445
0.02,1287
0.02,1579
0.02,1264
0.02,1114
0.02,909
0.02,1406
0.02,2
0.02,564
0.02,1274
0.02,450
0.02,1401
0.02,1563
0.02,397
0.02,601
0.02,298
0.02,18
0.02,1148
0.02,5
0.02,1575
0.02,115
0.02,906
0.02,25
0.02,1511
0.02,1571
0.02,1622
0.02,1079
0.02,1036
0.02,1516
0.02,356
0.02,1335
0.02,1312
0.02,840
0.02,611
0.02,1549
0.02,1366
0.02,1377
0.02,672
0.02,1237
0.02,704
0.02,1535
0.02,1232
0.02,1589
0.02,1408
0.02,7
0.02,1467
0.02,171
0.02,24
0.02,915
0.02,170
0.02,1575
0.02,1156
0.02,1545
0.02,1394
0.02,1551
0.02,1628
0.02,1347
0.02,1531
0.02,1216
0.02,1496
0.02,40
0.02,1242
0.02,1505
0.02,9
0.02,1313
0.02,1571
0.02,1500
0.02,762
0.02,1514
0.02,1064
0.02,1376
0.02,50
0.02,1002
0.02,713
0.02,234
0.02,1536
0.02,1335
0.02,1472
0.02,1550
0.02,1281
0.02,109
0.02,1015
0.02,1444
0.02,1381
0.02,543
0.02,3
0.02,630
0.02,1494
0.02,950
0.02,1579
0.02,1
0.02,1365
0.02,1096
0.02,353
0.02,69
0.02,330
0.02,552
0.02,1563
0.02,1569
0.02,34
0.02,1331
0.02,1635
0.02,1579
0.02,1580
0.02,155
0.02,1563
0.02,1412
0.02,322
0.02,1471
0.02,1495
0.02,2
0.02,20
0.02,717
0.02,74
0.02,1575
0.02,43
0.02,1500
0.02,150
0.02,69
0.02,1527
0.02,1560
0.02,134
0.02,1290
0.02,418
0.02,828
0.02,1609
0.02,1
0.02,1527
0.02,7
0.02,1274
0.02,1050
0.02,1246
0.02,1610
0.02,1447
0.02,5
0.02,1490
0.02,784
0.02,1370
0.02,152
0.02,1427
0.02,1509
0.02,1601
0.02,468
0.02,1637
0.02,1150
0.02,1591
0.02,650
0.02,1067
0.02,240
0.02,268
0.02,1455
0.02,1651
0.02,103
0.02,1486
0.02,12
0.02,1422
0.02,1481
0.02,752
0.02,687
0.02,1580
0.02,15
0.02,723
0.02,239
0.02,1095
0.02,672
0.02,1540
0.02,1326
0.02,629
0.02,168
0.02,1313
0.02,339
0.02,1604
0.02,1477
0.02,4
0.02,1502
0.02,25
0.02,751
0.02,1466
0.02,1514
0.02,1100
0.02,1064
0.02,1525
0.02,1519
0.02,832
0.02,136
0.02,1568
0.02,1520
0.02,268
0.02,1242
0.02,1469
0.02,1410
0.02,53
0.02,1458
0.02,1150
0.02,1534
0.02,675
0.02,1560
0.02,109
0.02,1506
0.02,574
0.02,1267
0.02,1499
0.02,10
0.02,1517
0.02,1446
0.02,1328
0.02,78
0.02,405
0.02,1611
0.02,1401
0.02,592
0.02,143
0.02,1381
0.02,753
0.02,1638
0.02,1580
0.02,1374
0.02,1618
0.02,1630
0.02,5
0.02,1569
0.02,98
0.02,202
0.02,1378
0.02,1325
0.02,1556
0.02,1617
0.02,1332
0.02,1428
0.02,240
0.02,438
0.02,520
0.02,1325
0.02,1484
0.02,1459
0.02,755
0.02,1594
0.02,279
0.02,1338
0.02,1564
0.02,1610
0.02,181
0.02,1003
0.02,1036
0.02,1502
0.02,1453
0.02,1513
0.02,522
0.02,1597
0.02,1540
0.02,1412
0.02,1635
0.02,1407
0.02,1545
0.02,1547
0.02,1538
0.02,1615
0.02,44
0.02,1439
0.02,1444
0.02,1438
0.02,541
0.02,1585
0.02,1356
0.02,845
0.02,1344
0.02,1406
0.02,754
0.02,610
0.02,1308
0.02,1505
0.02,940
0.02,4
0.02,1509
0.02,1515
0.02,1081
0.02,1620
0.02,4
0.02,1532
0.02,1440
0.02,1569
0.02,1535
0.02,1458
0.02,1513
0.02,1179
0.02,866
0.02,619
0.02,1618
0.02,1560
0.02,1599
0.02,1333
0.02,1414
0.02,1568
0.02,66
0.02,40
0.02,134
0.02,1
0.02,1542
0.02,1569
0.02,73
0.02,784
0.02,104
0.02,1012
0.02,1616
0.02,1386
0.02,1188
0.02,326
0.02,1560
0.02,720
0.02,1046
0.02,1332
0.02,74
0.02,279
0.02,9
0.02,441
0.02,998
0.02,1602
0.02,1213
0.02,1444
0.02,1181
0.02,1451
0.02,8
0.02,598
0.02,122
0.02,991
0.02,1622
0.02,128
0.02,378
0.02,4
0.02,518
0.02,1584
0.02,1133
0.02,5
0.02,253
0.02,1430
0.02,1519
0.02,1431
0.02,1400
0.02,1425
0.02,1374
0.02,665
0.02,1522
0.02,1482
0.02,1537
0.02,395
0.02,117
0.02,1446
0.02,521
0.02,25
0.02,830
0.02,1575
0.02,35
0.02,1579
0.02,986
0.02,130
0.02,1528
0.02,1213
0.02,3
0.02,126
0.02,736
0.02,1500
0.02,783
0.02,823
0.02,1581
0.02,780
0.02,512
0.02,134
0.02,872
0.02,797
0.02,90
0.02,120
0.02,1378
0.02,1377
0.02,1117
0.02,975
0.02,1595
0.02,1647
0.02,22
0.02,1473
0.02,18
0.02,1427
0.02,347
0.02,1592
0.02,1551
0.02,525
0.02,1464
0.02,1628
0.02,1325
0.02,34
0.02,1541
0.02,1485
0.02,1501
0.02,9
0.02,1379
0.02,3
0.02,686
0.02,3
0.02,701
0.02,1497
0.02,1358
0.02,1440
0.02,109
0.02,4
0.02,1519
0.02,1535
0.02,1270
0.02,736
0.02,1008
0.02,9
0.02,1639
0.02,1474
0.02,3
0.02,1
0.02,1515
0.02,1149
0.02,19
0.02,983
0.02,1177
0.02,1431
0.02,876
0.02,1095
0.02,161
0.02,1
0.02,1096
0.02,1340
0.02,1224
0.02,524
0.02,536
0.02,475
0.02,1474
0.02,1644
0.02,1166
0.02,1312
0.02,1329
0.02,7
0.02,184
0.02,1583
0.02,1518
0.02,616
0.02,79
0.02,1624
0.02,1423
0.02,524
0.02,1286
0.02,1040
0.02,45
0.02,24
0.02,427
0.02,1185
0.02,299
0.02,1263
0.02,28
0.02,1310
0.02,887
0.02,1327
0.02,1521
0.02,1419
0.02,1366
0.02,1421
0.02,39
0.02,1445
0.02,193
0.02,287
0.02,1495
0.02,1489
0.02,651
0.02,1451
0.02,131
0.02,1555
0.02,175
0.02,635
0.02,1003
0.02,1507
0.02,1459
0.02,1386
0.02,1058
0.02,1465
0.02,1300
0.02,1511
0.02,1521
0.02,510
0.02,1562
0.02,1151
0.02,1106
0.02,779
0.02,1583
0.02,30
0.02,799
0.02,1357
0.02,368
0.02,1004
0.02,1168
0.02,1513
0.02,937
0.02,1611
0.02,1621
0.02,1571
0.02,1640
0.02,852
0.02,1417
0.02,1642
0.02,178
0.02,188
0.02,1451
0.02,46
0.02,724
0.02,888
0.02,1516
0.02,1320
0.02,788
0.02,1160
0.02,990
0.02,15
0.02,1443
0.02,36
0.02,1296
0.02,1503
0.02,1452
0.02,339
0.02,605
0.02,1466
0.02,328
0.02,1152
0.02,644
0.02,1475
0.02,1094
0.02,1655
0.02,944
0.02,757
0.02,1607
0.02,114
0.02,1511
0.02,593
0.02,867
0.02,1012
0.02,1589
0.02,1369
0.02,1639
0.02,1254
0.02,1441
0.02,1544
0.02,384
0.02,1435
0.02,21
0.02,710
0.02,1592
0.02,1233
0.02,1
0.02,1511
0.02,1451
0.02,1341
0.02,1230
0.02,7
0.02,1610
0.02,1638
0.02,1480
0.02,1
0.02,88
0.02,347
0.02,3
0.02,1396
0.02,144
0.02,542
0.02,1416
0.02,550
0.02,273
0.02,1480
0.02,1428
0.02,1571
0.02,1530
0.02,1571
0.02,1125
0.02,64
0.02,1234
0.02,1532
0.02,1060
0.02,1581
0.02,17
0.02,238
0.02,1320
0.02,1621
0.02,822
0.02,1446
0.02,1573
0.02,150
0.02,1644
0.02,275
0.02,1415
0.02,984
0.02,1399
0.02,1369
0.02,1267
0.02,1547
0.02,1557
0.02,1356
0.02,1194
0.02,1556
0.02,1468
0.02,857
0.02,1078
0.02,1132
0.02,1167
0.02,335
0.02,1192
0.02,75
0.02,510
0.02,137
0.02,1591
0.02,202
0.02,1493
0.02,3
0.02,994
0.02,1200
0.02,1644
0.02,1611
0.02,7
0.02,190
0.02,1550
0.02,1234
0.02,1550
0.02,1595
0.02,1265
0.02,58
0.02,1310
0.02,1262
0.02,510
0.02,1311
0.02,461
0.02,1482
0.02,338
0.02,612
0.02,70
0.02,1288
0.02,1005
0.02,1367
0.02,1265
0.02,1059
0.02,112
0.02,1602
0.02,438
0.02,1
0.02,1474
0.02,1469
0.02,42
0.02,1552
0.02,1602
0.02,1621
0.02,1298
0.02,500
0.02,480
0.02,1290
0.02,76
0.02,1056
0.02,1611
0.02,1509
0.02,1411
0.02,1060
0.02,1179
0.02,274
0.02,1335
0.02,146
0.02,867
0.02,245
0.02,1527
0.02,976
0.02,1129
0.02,640
0.02,1518
0.02,553
0.02,1608
0.02,1556
0.02,361
0.02,1290
0.02,1240
0.02,489
0.02,671
0.02,1113
0.02,935
0.02,1260
0.02,1612
0.02,108
0.02,965
0.02,1429
0.02,1519
0.02,1451
0.02,838
0.02,1602
0.02,37
0.02,36
0.02,665
0.02,1271
0.02,107
0.02,1601
0.02,1572
0.02,1441
0.02,85
0.02,1433
0.02,1410
0.02,812
0.02,389
0.02,1585
0.02,1220
0.02,1216
0.02,1463
0.02,1463
0.02,56
0.02,180
0.02,1546
0.02,1501
0.02,1421
0.02,1424
0.02,1490
0.02,891
0.02,1586
0.02,1109
0.02,1194
0.02,1352
0.02,1437
0.02,582
0.02,1422
0.02,1068
0.02,24
0.02,1653
0.02,1577
0.02,172
0.02,1480
0.02,1352
0.02,1269
0.02,1369
0.02,299
0.02,1479
0.02,1074
0.02,734
0.02,1556
0.02,10
0.02,1448
0.02,1656
0.02,571
0.02,1605
0.02,1344
0.02,147
0.02,1658
0.02,1078
0.02,406
0.02,778
0.02,9
0.02,1215
0.02,53
0.02,1256
0.02,1545
0.02,882
0.02,1631
0.02,1263
0.02,7
0.02,1491
0.02,948
0.02,1538
0.02,1445
0.02,1408
0.02,855
0.02,1470
0.02,1348
0.02,8
0.02,1442
0.02,1000
0.02,1002
0.02,1400
0.02,1
0.02,1618
0.02,160
0.02,1211
0.02,15
0.02,590
0.02,1144
0.02,1449
0.02,420
0.02,1091
0.02,1202
0.02,751
0.02,15
0.02,1313
0.02,1600
0.02,1336
0.02,1171
0.02,141
0.02,1626
0.02,662
0.02,1647
0.02,1301
0.02,157
0.02,1106
0.02,282
0.02,1084
0.02,935
0.02,1601
0.02,1509
0.02,1578
0.02,1197
0.02,1570
0.02,1613
0.02,1026
0.02,874
0.02,1197
0.02,1603
0.02,1169
0.02,1492
0.02,1299
0.02,1050
0.02,1491
0.02,1343
0.02,1637
0.02,1266
0.02,1626
0.02,1333
0.02,1519
0.02,1632
0.02,1484
0.02,1477
0.02,17
0.02,1444
0.02,1207
0.02,1393
0.02,1327
0.02,1503
0.02,3
0.02,454
0.02,1527
0.02,574
0.02,1265
0.02,23
0.02,1602
0.02,1582
0.02,1346
0.02,1155
0.02,989
0.02,1189
0.02,27
0.02,38
0.02,1197
0.02,1612
0.02,1398
0.02,843
0.02,672
0.02,1315
0.02,1057
0.02,930
0.02,1460
0.02,1477
0.02,1
0.02,1339
0.02,1052
0.02,1599
0.02,1075
0.02,1568
0.02,1464
0.02,1068
0.02,1535
0.02,10
0.02,1405
0.02,1518
0.02,33
0.02,745
0.02,1139
0.02,530
0.02,1503
0.02,1482
0.02,1639
0.02,1
0.02,1
0.02,730
0.02,1051
0.02,1275
0.02,423
0.02,1231
0.02,1552
0.02,310
0.02,1509
0.02,1253
0.02,946
0.02,955
0.02,1583
0.02,1515
0.02,1434
0.02,1594
0.02,1381
0.02,1315
0.02,1314
0.02,1426
0.02,125
0.02,10
0.02,235
0.02,717
0.02,1569
0.02,1550
0.02,1523
0.02,1272
0.02,665
0.02,1051
0.02,52
0.02,1424
0.02,1272
0.02,1524
0.02,6
0.02,1036
0.02,665
0.02,932
0.02,1592
0.02,1429
0.02,920
0.02,21
0.02,836
0.02,207
0.02,1174
0.02,1120
0.02,1572
