0.006,33
0.006,1
0.006,17
0.006,11
0.006,25
0.006,24
0.006,18
0.006,45
0.006,47
0.006,18
0.006,26
0.006,4
0.006,8
0.006,43
0.006,19
0.006,30
0.006,15
0.006,21
0.006,28
0.006,16
0.006,11
0.006,71
0.006,8
0.006,48
0.006,6
0.006,21
0.006,23
0.006,7
0.006,25
0.006,139
0.006,65
0.006,12
0.006,22
0.006,29
0.006,9
0.006,6
0.006,7
0.006,62
0.006,49
0.006,34
0.006,20
0.006,18
0.006,58
0.006,3
0.006,17
0.006,22
0.006,7
0.006,15
0.006,28
0.006,13
0.006,14
0.006,29
0.006,14
0.006,6
0.006,65
0.006,12
0.006,25
0.006,8
0.006,8
0.006,15
0.006,2
0.006,49
0.006,11
0.006,36
0.006,38
0.006,19
0.006,21
0.006,23
0.006,6
0.006,15
0.006,8
0.006,36
0.006,16
0.006,12
0.006,40
0.006,18
0.006,6
0.006,22
0.006,5
0.006,28
0.006,41
0.006,3
0.006,14
0.006,46
0.006,27
0.006,4
0.006,13
0.006,36
0.006,13
0.006,34
0.006,8
0.006,32
0.006,22
0.006,15
0.006,5
0.006,27
0.006,4
0.006,18
0.006,2
0.006,1
0.006,54
0.006,14
0.006,34
0.006,33
0.006,15
0.006,11
0.006,19
0.006,7
0.006,1
0.006,19
0.006,4
0.006,1
0.006,60
0.006,29
0.006,20
0.006,39
0.006,24
0.006,10
0.006,40
0.006,4
0.006,30
0.006,11
0.006,48
0.006,35
0.006,17
0.006,19
0.006,47
0.006,59
0.006,4
0.006,70
0.006,5
0.006,43
0.006,8
0.006,2
0.006,37
0.006,30
0.006,7
0.006,19
0.006,19
0.006,12
0.006,46
0.006,45
0.006,6
0.006,7
0.006,8
0.006,21
0.006,26
0.006,36
0.006,20
0.006,2
0.006,12
0.006,42
0.006,46
0.006,40
0.006,20
0.006,21
0.006,9
0.006,21
0.006,34
0.006,23
0.006,12
0.006,21
0.006,5
0.006,22
0.006,18
0.006,2
0.006,39
0.006,55
0.006,5
0.006,4
0.006,21
0.006,81
0.006,86
0.006,4
0.006,45
0.006,10
0.006,29
0.006,42
0.006,2
0.006,36
0.006,47
0.006,43
0.006,33
0.006,3
0.006,17
0.006,54
0.006,18
0.006,5
0.006,42
0.006,29
0.006,75
0.006,33
0.006,5
0.006,11
0.006,4
0.006,10
0.006,6
0.006,26
0.006,23
0.006,7
0.006,4
0.006,2
0.006,53
0.006,9
0.006,4
0.006,40
0.006,6
0.006,141
0.006,1
0.006,50
0.006,5
0.006,22
0.006,6
0.006,16
0.006,8
0.006,1
0.006,16
0.006,4
0.006,22
0.006,14
0.006,31
0.006,18
0.006,28
0.006,32
0.006,18
0.006,9
0.006,36
0.006,21
0.006,19
0.006,4
0.006,34
0.006,9
0.006,35
0.006,8
0.006,50
0.006,4
0.006,30
0.006,4
0.006,18
0.006,47
0.006,78
0.006,42
0.006,28
0.006,83
0.006,77
0.006,23
0.006,18
0.006,11
0.006,73
0.006,10
0.006,4
0.006,85
0.006,39
0.006,3
0.006,9
0.006,11
0.006,9
0.006,34
0.006,34
0.006,36
0.006,73
0.006,1
0.006,3
0.006,10
0.006,6
0.006,109
0.006,32
0.006,35
0.006,14
0.006,1
0.006,27
0.006,4
0.006,4
0.006,11
0.006,17
0.006,18
0.006,17
0.006,9
0.006,26
0.006,15
0.006,12
0.006,29
0.006,3
0.006,51
0.006,97
0.006,1
0.006,14
0.006,94
0.006,3
0.006,3
0.006,57
0.006,21
0.006,51
0.006,44
0.006,22
0.006,8
0.006,6
0.006,17
0.006,12
0.006,5
0.006,21
0.006,1
0.006,17
0.006,56
0.006,15
0.006,14
0.006,13
0.006,35
0.006,9
0.006,68
0.006,93
0.006,4
0.006,5
0.006,14
0.006,3
0.006,27
0.006,22
0.006,16
0.006,21
0.006,52
0.006,7
0.006,32
0.006,19
0.006,30
0.006,30
0.006,18
0.006,29
0.006,1
0.006,2
0.006,97
0.006,29
0.006,6
0.006,27
0.006,93
0.006,39
0.006,38
0.006,16
0.006,35
0.006,24
0.006,20
0.006,13
0.006,49
0.006,25
0.006,18
0.006,9
0.006,17
0.006,23
0.006,19
0.006,1
0.006,13
0.006,14
0.006,49
0.006,76
0.006,36
0.006,24
0.006,81
0.006,6
0.006,8
0.006,26
0.006,8
0.006,35
0.006,25
0.006,75
0.006,32
0.006,38
0.006,11
0.006,93
0.006,17
0.006,7
0.006,27
0.006,4
0.006,42
0.006,7
0.006,21
0.006,49
0.006,45
0.006,15
0.006,17
0.006,7
0.006,13
0.006,10
0.006,2
0.006,36
0.006,19
0.006,23
0.006,16
0.006,6
0.006,5
0.006,39
0.006,11
0.006,11
0.006,16
0.006,68
0.006,36
0.006,8
0.006,9
0.006,20
0.006,12
0.006,19
0.006,29
0.006,38
0.006,27
0.006,145
0.006,13
0.006,3
0.006,13
0.006,35
0.006,142
0.006,1
0.006,3
0.006,8
0.006,5
0.006,38
0.006,11
0.006,34
0.006,9
0.006,17
0.006,8
0.006,6
0.006,10
0.006,22
0.006,92
0.006,83
0.006,2
0.006,13
0.006,1
0.006,21
0.006,14
0.006,6
0.006,66
0.006,52
0.006,6
0.006,19
0.006,24
0.006,49
0.006,35
0.006,22
0.006,47
0.006,12
0.006,21
0.006,25
0.006,97
0.006,22
0.006,61
0.006,55
0.006,28
0.006,58
0.006,27
0.006,29
0.006,3
0.006,44
0.006,30
0.006,57
0.006,33
0.006,14
0.006,13
0.006,3
0.006,42
0.006,58
0.006,54
0.006,12
0.006,58
0.006,40
0.006,35
0.006,21
0.006,21
0.006,37
0.006,2
0.006,46
0.006,27
0.006,20
0.006,18
0.006,36
0.006,13
0.006,38
0.006,38
0.006,93
0.006,25
0.006,3
0.006,2
0.006,40
0.006,19
0.006,11
0.006,9
0.006,11
0.006,60
0.006,74
0.006,17
0.006,5
0.006,12
0.006,23
0.006,53
0.006,9
0.006,13
0.006,7
0.006,94
0.006,33
0.006,5
0.006,5
0.006,90
0.006,82
0.006,48
0.006,4
0.006,13
0.006,23
0.006,3
0.006,45
0.006,17
0.006,56
0.006,29
0.006,82
0.006,21
0.006,2
0.006,29
0.006,3
0.006,7
0.006,8
0.006,5
0.006,1
0.006,4
0.006,17
0.006,5
0.006,41
0.006,29
0.006,24
0.006,17
0.006,37
0.006,85
0.006,57
0.006,37
0.006,4
0.006,31
0.006,11
0.006,32
0.006,19
0.006,14
0.006,57
0.006,13
0.006,19
0.006,28
0.006,7
0.006,11
0.006,12
0.006,37
0.006,16
0.006,1
0.006,14
0.006,27
0.006,4
0.006,15
0.006,26
0.006,15
0.006,1
0.006,18
0.006,20
0.006,66
0.006,5
0.006,3
0.006,1
0.006,13
0.006,25
0.006,19
0.006,14
0.006,28
0.006,10
0.006,39
0.006,19
0.006,32
0.006,23
0.006,19
0.006,20
0.006,54
0.006,62
0.006,16
0.006,6
0.006,19
0.006,8
0.006,18
0.006,17
0.006,28
0.006,12
0.006,2
0.006,6
0.006,3
0.006,1
0.006,14
0.006,1
0.006,34
0.006,9
0.006,6
0.006,11
0.006,52
0.006,3
0.006,41
0.006,2
0.006,4
0.006,1
0.006,1
0.006,30
0.006,12
0.006,24
0.006,30
0.006,34
0.006,59
0.006,5
0.006,17
0.006,91
0.006,48
0.006,1
0.006,16
0.006,25
0.006,14
0.006,41
0.006,17
0.006,14
0.006,18
0.006,42
0.006,8
0.006,12
0.006,15
0.006,15
0.006,15
0.006,90
0.006,36
0.006,2
0.006,5
0.006,53
0.006,100
0.006,24
0.006,73
0.006,13
0.006,22
0.006,9
0.006,2
0.006,61
0.006,17
0.006,56
0.006,43
0.006,9
0.006,15
0.006,70
0.006,44
0.006,62
0.006,22
0.006,19
0.006,25
0.006,14
0.006,3
0.006,37
0.006,25
0.006,46
0.006,15
0.006,9
0.006,43
0.006,28
0.006,25
0.006,59
0.006,12
0.006,4
0.006,1
0.006,16
0.006,6
0.006,7
0.006,69
0.006,5
0.006,28
0.006,68
0.006,19
0.006,68
0.006,85
0.006,17
0.006,4
0.006,101
0.006,13
0.006,26
0.006,94
0.006,49
0.006,32
0.006,2
0.006,32
0.006,48
0.006,35
0.006,2
0.006,34
0.006,27
0.006,9
0.006,79
0.006,24
0.006,2
0.006,52
0.006,22
0.006,69
0.006,55
0.006,17
0.006,6
0.006,7
0.006,72
0.006,17
0.006,45
0.006,9
0.006,12
0.006,64
0.006,17
0.006,56
0.006,12
0.006,18
0.006,1
0.006,32
0.006,36
0.006,39
0.006,32
0.006,35
0.006,20
0.006,6
0.006,2
0.006,12
0.006,20
0.006,53
0.006,16
0.006,9
0.006,7
0.006,4
0.006,16
0.006,22
0.006,70
0.006,46
0.006,34
0.006,20
0.006,16
0.006,19
0.006,29
0.006,23
0.006,3
0.006,47
0.006,20
0.006,6
0.006,6
0.006,7
0.006,17
0.006,44
0.006,33
0.006,46
0.006,20
0.006,8
0.006,40
0.006,113
0.006,18
0.006,32
0.006,65
0.006,18
0.006,4
0.006,15
0.006,5
0.006,12
0.006,55
0.006,10
0.006,5
0.006,65
0.006,20
0.006,9
0.006,47
0.006,18
0.006,11
0.006,46
0.006,8
0.006,9
0.006,25
0.006,1
0.006,38
0.006,10
0.006,5
0.006,10
0.006,47
0.006,13
0.006,7
0.006,11
0.006,24
0.006,25
0.006,14
0.006,8
0.006,38
0.006,52
0.006,60
0.006,7
0.006,2
0.006,15
0.006,7
0.006,8
0.006,30
0.006,36
0.006,5
0.006,1
0.006,26
0.006,25
0.006,91
0.006,8
0.006,24
0.006,51
0.006,13
0.006,18
0.006,4
0.006,20
0.006,44
0.006,26
0.006,2
0.006,30
0.006,18
0.006,48
0.006,33
0.006,6
0.006,17
0.006,1
0.006,2
0.006,26
0.006,6
0.006,17
0.006,17
0.006,10
0.006,30
0.006,30
0.006,20
0.006,35
0.006,2
0.006,45
0.006,31
0.006,35
0.006,2
0.006,47
0.006,26
0.006,1
0.006,11
0.006,2
0.006,7
0.006,6
0.006,11
0.006,15
0.006,19
0.006,33
0.006,22
0.006,59
0.006,27
0.006,9
0.006,8
0.006,40
0.006,32
0.006,34
0.006,13
0.006,81
0.006,7
0.006,36
0.006,12
0.006,10
0.006,32
0.006,4
0.006,21
0.006,59
0.006,89
0.006,29
0.006,2
0.006,44
0.006,22
0.006,14
0.006,76
0.006,43
0.006,37
0.006,42
0.006,4
0.006,35
0.006,16
0.006,53
0.006,32
0.006,31
0.006,24
0.006,30
0.006,7
0.006,13
0.006,50
0.006,6
0.006,13
0.006,17
0.006,18
0.006,40
0.006,18
0.006,53
0.006,27
0.006,15
0.006,66
0.006,13
0.006,7
0.006,21
0.006,7
0.006,23
0.006,21
0.006,33
0.006,29
0.006,14
0.006,27
0.006,30
0.006,45
0.006,10
0.006,35
0.006,12
0.006,24
0.006,31
0.006,29
0.006,34
0.006,38
0.006,10
0.006,22
0.006,2
0.006,25
0.006,31
0.006,46
0.006,36
0.006,18
0.006,92
0.006,1
0.006,11
0.006,20
0.006,5
0.006,12
0.006,5
0.006,7
0.006,19
0.006,25
0.006,3
0.006,42
0.006,4
0.006,27
0.006,52
0.006,7
0.006,33
0.006,38
0.006,5
0.006,102
0.006,15
0.006,9
0.006,46
0.006,8
0.006,17
0.006,139
0.006,6
0.006,11
0.006,6
0.006,32
0.006,16
0.006,26
0.006,19
0.006,17
0.006,6
0.006,15
0.006,49
0.006,42
0.006,34
0.006,22
0.006,68
0.006,7
0.006,46
0.006,20
0.006,13
0.006,21
0.006,8
0.006,6
0.006,13
0.006,36
0.006,35
0.006,5
0.006,31
0.006,5
0.006,2
0.006,18
0.006,42
0.006,29
0.006,1
0.006,21
0.006,36
0.006,19
0.006,12
0.006,65
0.006,10
0.006,24
0.006,23
0.006,18
0.006,10
0.006,4
0.006,11
0.006,9
0.006,4
0.006,26
0.006,21
0.006,5
0.006,43
0.006,17
0.006,14
0.006,3
0.006,12
0.006,47
0.006,8
0.006,14
0.006,8
