0.02,1050
0.02,419
0.02,509
0.02,644
0.02,857
0.02,5
0.02,167
0.02,109
0.02,11
0.02,1106
0.02,39
0.02,156
0.02,12
0.02,846
0.02,965
0.02,789
0.02,150
0.02,902
0.02,12
0.02,45
0.02,466
0.02,1170
0.02,1152
0.02,18
0.02,939
0.02,1221
0.02,128
0.02,581
0.02,19
0.02,481
0.02,119
0.02,22
0.02,1096
0.02,1181
0.02,844
0.02,698
0.02,677
0.02,1386
0.02,75
0.02,1046
0.02,270
0.02,1161
0.02,1153
0.02,1183
0.02,1144
0.02,3
0.02,134
0.02,959
0.02,1297
0.02,8
0.02,837
0.02,969
0.02,749
0.02,694
0.02,25
0.02,81
0.02,357
0.02,1149
0.02,302
0.02,1280
0.02,1055
0.02,817
0.02,528
0.02,256
0.02,725
0.02,1244
0.02,322
0.02,1142
0.02,511
0.02,829
0.02,177
0.02,223
0.02,160
0.02,130
0.02,969
0.02,249
0.02,1090
0.02,2
0.02,341
0.02,827
0.02,1109
0.02,589
0.02,128
0.02,8
0.02,760
0.02,1169
0.02,58
0.02,198
0.02,7
0.02,894
0.02,1278
0.02,1283
0.02,395
0.02,990
0.02,133
0.02,752
0.02,420
0.02,344
0.02,29
0.02,310
0.02,1160
0.02,1246
0.02,1028
0.02,688
0.02,1153
0.02,1189
0.02,973
0.02,146
0.02,995
0.02,5
0.02,686
0.02,467
0.02,938
0.02,584
0.02,406
0.02,905
0.02,83
0.02,1129
0.02,784
0.02,1297
0.02,727
0.02,4
0.02,849
0.02,1052
0.02,1131
0.02,7
0.02,900
0.02,53
0.02,945
0.02,394
0.02,1070
0.02,1187
0.02,735
0.02,479
0.02,278
0.02,1184
0.02,382
0.02,1081
0.02,75
0.02,559
0.02,898
0.02,961
0.02,1
0.02,584
0.02,1056
0.02,164
0.02,1136
0.02,1
0.02,712
0.02,460
0.02,981
0.02,17
0.02,26
0.02,302
0.02,1162
0.02,19
0.02,750
0.02,693
0.02,653
0.02,15
0.02,700
0.02,656
0.02,771
0.02,2
0.02,364
0.02,62
0.02,1205
0.02,5
0.02,1001
0.02,42
0.02,1
0.02,399
0.02,65
0.02,640
0.02,102
0.02,123
0.02,1006
0.02,1156
0.02,1
0.02,996
0.02,4
0.02,803
0.02,507
0.02,161
0.02,1250
0.02,1124
0.02,4
0.02,1332
0.02,459
0.02,1171
0.02,94
0.02,391
0.02,1098
0.02,1272
0.02,291
0.02,1268
0.02,549
0.02,111
0.02,107
0.02,107
0.02,858
0.02,813
0.02,105
0.02,842
0.02,13
0.02,1208
0.02,563
0.02,881
0.02,1241
0.02,25
0.02,564
0.02,479
0.02,1051
0.02,1049
0.02,347
0.02,30
0.02,602
0.02,129
0.02,463
0.02,1165
0.02,6
0.02,849
0.02,19
0.02,211
0.02,1025
0.02,553
0.02,40
0.02,923
0.02,842
0.02,12
0.02,771
0.02,918
0.02,927
0.02,989
0.02,825
0.02,471
0.02,287
0.02,994
0.02,117
0.02,1120
0.02,148
0.02,1167
0.02,11
0.02,259
0.02,978
0.02,1
0.02,31
0.02,257
0.02,1106
0.02,1033
0.02,260
0.02,86
0.02,364
0.02,1230
0.02,30
0.02,974
0.02,1255
0.02,3
0.02,116
0.02,2
0.02,117
0.02,905
0.02,257
0.02,1085
0.02,802
0.02,1135
0.02,939
0.02,999
0.02,564
0.02,463
0.02,1252
0.02,312
0.02,473
0.02,1150
0.02,1242
0.02,41
0.02,354
0.02,1043
0.02,847
0.02,912
0.02,127
0.02,970
0.02,944
0.02,880
0.02,1071
0.02,1040
0.02,1003
0.02,576
0.02,1197
0.02,32
0.02,835
0.02,1028
0.02,804
0.02,337
0.02,387
0.02,994
0.02,559
0.02,690
0.02,4
0.02,1030
0.02,1102
0.02,625
0.02,1314
0.02,4
0.02,1018
0.02,1123
0.02,1101
0.02,462
0.02,1132
0.02,1077
0.02,1176
0.02,1006
0.02,844
0.02,683
0.02,240
0.02,1169
0.02,1263
0.02,232
0.02,1099
0.02,587
0.02,11
0.02,8
0.02,1
0.02,53
0.02,350
0.02,776
0.02,1258
0.02,464
0.02,236
0.02,715
0.02,262
0.02,123
0.02,390
0.02,7
0.02,468
0.02,1267
0.02,632
0.02,269
0.02,622
0.02,617
0.02,3
0.02,196
0.02,23
0.02,462
0.02,1281
0.02,139
0.02,154
0.02,4
0.02,124
0.02,1182
0.02,801
0.02,1
0.02,955
0.02,1027
0.02,521
0.02,52
0.02,963
0.02,1127
0.02,184
0.02,116
0.02,283
0.02,612
0.02,1279
0.02,30
0.02,1287
0.02,67
0.02,1169
0.02,661
0.02,3
0.02,104
0.02,494
0.02,1084
0.02,19
0.02,949
0.02,390
0.02,57
0.02,70
0.02,869
0.02,408
0.02,311
0.02,1258
0.02,86
0.02,143
0.02,1094
0.02,607
0.02,36
0.02,1106
0.02,1101
0.02,5
0.02,1282
0.02,3
0.02,276
0.02,894
0.02,894
0.02,843
0.02,741
0.02,4
0.02,1166
0.02,850
0.02,118
0.02,2
0.02,1249
0.02,224
0.02,3
0.02,1
0.02,1221
0.02,717
0.02,9
0.02,442
0.02,570
0.02,986
0.02,838
0.02,849
0.02,48
0.02,1
0.02,737
0.02,847
0.02,1050
0.02,279
0.02,372
0.02,201
0.02,1010
0.02,741
0.02,953
0.02,1161
0.02,6
0.02,119
0.02,1187
0.02,252
0.02,42
0.02,1216
0.02,92
0.02,837
0.02,881
0.02,13
0.02,20
0.02,285
0.02,92
0.02,458
0.02,6
0.02,676
0.02,411
0.02,641
0.02,872
0.02,954
0.02,210
0.02,712
0.02,83
0.02,67
0.02,452
0.02,711
0.02,1305
0.02,656
0.02,49
0.02,1113
0.02,887
0.02,953
0.02,490
0.02,1032
0.02,1018
0.02,718
0.02,1213
0.02,145
0.02,122
0.02,992
0.02,88
0.02,738
0.02,436
0.02,848
0.02,8
0.02,1220
0.02,1198
0.02,906
0.02,1104
0.02,956
0.02,1256
0.02,1209
0.02,1129
0.02,1204
0.02,1094
0.02,112
0.02,911
0.02,1126
0.02,317
0.02,1042
0.02,978
0.02,961
0.02,409
0.02,457
0.02,15
0.02,1009
0.02,8
0.02,829
0.02,864
0.02,746
0.02,187
0.02,373
0.02,874
0.02,1220
0.02,1221
0.02,175
0.02,848
0.02,568
0.02,1175
0.02,579
0.02,83
0.02,864
0.02,455
0.02,27
0.02,594
0.02,524
0.02,1230
0.02,5
0.02,915
0.02,1259
0.02,99
0.02,2
0.02,1122
0.02,656
0.02,1
0.02,1100
0.02,855
0.02,679
0.02,666
0.02,1
0.02,927
0.02,1144
0.02,3
0.02,58
0.02,4
0.02,743
0.02,950
0.02,108
0.02,94
0.02,91
0.02,939
0.02,742
0.02,1031
0.02,911
0.02,200
0.02,402
0.02,51
0.02,1094
0.02,355
0.02,1010
0.02,610
0.02,736
0.02,939
0.02,1148
0.02,34
0.02,797
0.02,109
0.02,236
0.02,311
0.02,1009
0.02,779
0.02,1233
0.02,1191
0.02,326
0.02,598
0.02,752
0.02,1004
0.02,279
0.02,574
0.02,390
0.02,56
0.02,192
0.02,641
0.02,742
0.02,108
0.02,3
0.02,809
0.02,387
0.02,1256
0.02,9
0.02,74
0.02,1115
0.02,480
0.02,1233
0.02,875
0.02,3
0.02,969
0.02,786
0.02,690
0.02,160
0.02,937
0.02,474
0.02,128
0.02,98
0.02,818
0.02,911
0.02,555
0.02,8
0.02,577
0.02,63
0.02,5
0.02,1018
0.02,701
0.02,34
0.02,1173
0.02,951
0.02,86
0.02,597
0.02,448
0.02,1218
0.02,928
0.02,702
0.02,1194
0.02,792
0.02,153
0.02,928
0.02,217
0.02,33
0.02,712
0.02,762
0.02,695
0.02,197
0.02,201
0.02,253
0.02,11
0.02,665
0.02,286
0.02,508
0.02,942
0.02,441
0.02,460
0.02,56
0.02,147
0.02,993
0.02,536
0.02,1233
0.02,1
0.02,5
0.02,737
0.02,1322
0.02,497
0.02,656
0.02,31
0.02,556
0.02,1036
0.02,423
0.02,171
0.02,663
0.02,1188
0.02,736
0.02,89
0.02,52
0.02,1135
0.02,1171
0.02,1006
0.02,1215
0.02,1230
0.02,1188
0.02,568
0.02,670
0.02,309
0.02,819
0.02,10
0.02,665
0.02,1179
0.02,57
0.02,1145
0.02,1016
0.02,504
0.02,221
0.02,726
0.02,513
0.02,241
0.02,929
0.02,1
0.02,1003
0.02,1067
0.02,195
0.02,1276
0.02,887
0.02,36
0.02,430
0.02,644
0.02,262
0.02,302
0.02,657
0.02,10
0.02,469
0.02,192
0.02,1178
0.02,20
0.02,1153
0.02,1100
0.02,227
0.02,811
0.02,84
0.02,947
0.02,562
0.02,1049
0.02,1
0.02,1247
0.02,70
0.02,28
0.02,16
0.02,429
0.02,784
0.02,518
0.02,420
0.02,1082
0.02,18
0.02,1196
0.02,737
0.02,67
0.02,1147
0.02,1174
0.02,1284
0.02,895
0.02,118
0.02,11
0.02,590
0.02,676
0.02,1202
0.02,440
0.02,337
0.02,621
0.02,358
0.02,487
0.02,1239
0.02,836
0.02,724
0.02,931
0.02,924
0.02,1282
0.02,875
0.02,1248
0.02,1136
0.02,1282
0.02,1261
0.02,1095
0.02,9
0.02,881
0.02,1274
0.02,984
0.02,1052
0.02,1172
0.02,467
0.02,4
0.02,722
0.02,1085
0.02,256
0.02,811
0.02,11
0.02,1217
0.02,272
0.02,1213
0.02,808
0.02,624
0.02,561
0.02,103
0.02,85
0.02,691
0.02,598
0.02,397
0.02,1171
0.02,396
0.02,970
0.02,883
0.02,2
0.02,809
0.02,596
0.02,459
0.02,802
0.02,9
0.02,988
0.02,761
0.02,57
0.02,338
0.02,157
0.02,999
0.02,1275
0.02,1
0.02,376
0.02,172
0.02,896
0.02,407
0.02,1200
0.02,118
0.02,16
0.02,1158
0.02,1383
0.02,939
0.02,1104
0.02,1138
0.02,979
0.02,1165
0.02,620
0.02,759
0.02,938
0.02,33
0.02,27
0.02,661
0.02,913
0.02,440
0.02,653
0.02,605
0.02,797
0.02,32
0.02,409
0.02,663
0.02,1131
0.02,787
0.02,5
0.02,188
0.02,444
0.02,1208
0.02,17
0.02,484
0.02,259
0.02,986
0.02,886
0.02,1121
0.02,1137
0.02,935
0.02,776
0.02,948
0.02,1142
0.02,361
0.02,4
0.02,264
0.02,1034
0.02,583
0.02,379
0.02,183
0.02,1
0.02,315
0.02,1088
0.02,7
0.02,1195
0.02,832
0.02,983
0.02,665
0.02,282
0.02,1097
0.02,1096
0.02,1069
0.02,396
0.02,1167
0.02,690
0.02,474
0.02,446
0.02,1009
0.02,945
0.02,402
0.02,276
0.02,316
0.02,961
0.02,1114
0.02,630
0.02,1164
0.02,249
0.02,1183
0.02,1078
0.02,315
0.02,29
0.02,28
0.02,1025
0.02,652
0.02,691
0.02,122
0.02,838
0.02,971
0.02,87
0.02,1136
0.02,1190
0.02,840
0.02,858
0.02,544
0.02,78
0.02,133
0.02,915
0.02,1172
0.02,142
0.02,564
0.02,453
0.02,704
0.02,2
0.02,1030
0.02,395
0.02,47
0.02,149
0.02,2
0.02,1279
0.02,123
0.02,232
0.02,431
0.02,1188
0.02,705
0.02,359
0.02,503
0.02,1342
0.02,424
0.02,247
0.02,786
0.02,35
0.02,1144
0.02,936
0.02,457
0.02,1
0.02,4
0.02,1233
0.02,256
0.02,20
0.02,70
0.02,915
0.02,1059
0.02,1
0.02,540
0.02,206
0.02,979
0.02,509
0.02,1148
0.02,1327
0.02,794
0.02,812
0.02,1189
0.02,1297
0.02,1181
0.02,506
0.02,787
0.02,59
0.02,1186
0.02,754
0.02,1084
0.02,1236
0.02,524
0.02,131
0.02,380
0.02,545
0.02,1147
0.02,3
0.02,9
0.02,292
0.02,1204
0.02,801
0.02,500
0.02,806
0.02,473
0.02,880
0.02,343
0.02,214
0.02,2
0.02,593
0.02,924
0.02,136
0.02,92
0.02,299
0.02,1235
0.02,117
0.02,56
0.02,748
0.02,626
0.02,1045
0.02,1196
0.02,1076
0.02,325
0.02,820
0.02,913
0.02,70
0.02,260
0.02,934
0.02,759
0.02,870
0.02,434
0.02,2
0.02,372
0.02,997
0.02,905
0.02,279
0.02,106
0.02,7
0.02,1168
0.02,1016
0.02,974
0.02,542
0.02,660
0.02,405
0.02,29
0.02,379
0.02,976
0.02,1159
0.02,1221
0.02,78
0.02,745
0.02,51
0.02,190
0.02,1011
0.02,293
0.02,1028
0.02,931
0.02,3
0.02,54
0.02,946
0.02,151
0.02,936
0.02,795
