0.02,1313
0.02,729
0.02,863
0.02,1143
0.02,1325
0.02,1195
0.02,5
0.02,64
0.02,1377
0.02,373
0.02,13
0.02,1168
0.02,1490
0.02,503
0.02,18
0.02,1092
0.02,45
0.02,1247
0.02,1156
0.02,1431
0.02,1099
0.02,9
0.02,71
0.02,721
0.02,1096
0.02,1540
0.02,25
0.02,1414
0.02,1416
0.02,1371
0.02,1276
0.02,780
0.02,35
0.02,1121
0.02,1158
0.02,988
0.02,1553
0.02,240
0.02,16
0.02,1089
0.02,1235
0.02,1238
0.02,914
0.02,1008
0.02,1026
0.02,1573
0.02,75
0.02,417
0.02,428
0.02,1438
0.02,1400
0.02,1252
0.02,1185
0.02,9
0.02,1239
0.02,555
0.02,1473
0.02,89
0.02,1462
0.02,1031
0.02,735
0.02,1256
0.02,1450
0.02,1127
0.02,1310
0.02,36
0.02,77
0.02,1187
0.02,1376
0.02,603
0.02,1436
0.02,197
0.02,1417
0.02,722
0.02,922
0.02,1446
0.02,1072
0.02,1511
0.02,503
0.02,1461
0.02,543
0.02,1065
0.02,446
0.02,247
0.02,310
0.02,1185
0.02,1365
0.02,1154
0.02,69
0.02,794
0.02,1296
0.02,2
0.02,938
0.02,774
0.02,1223
0.02,590
0.02,191
0.02,9
0.02,1014
0.02,6
0.02,1442
0.02,78
0.02,786
0.02,29
0.02,1420
0.02,1501
0.02,1528
0.02,791
0.02,792
0.02,1400
0.02,238
0.02,900
0.02,842
0.02,591
0.02,841
0.02,369
0.02,1491
0.02,1448
0.02,1255
0.02,1222
0.02,1110
0.02,1421
0.02,1018
0.02,1477
0.02,1314
0.02,5
0.02,1378
0.02,188
0.02,3
0.02,755
0.02,132
0.02,1447
0.02,937
0.02,1507
0.02,1245
0.02,1471
0.02,1494
0.02,1173
0.02,1524
0.02,1067
0.02,13
0.02,1144
0.02,1284
0.02,1382
0.02,3
0.02,1181
0.02,1120
0.02,1314
0.02,699
0.02,1365
0.02,969
0.02,57
0.02,1120
0.02,705
0.02,613
0.02,424
0.02,1414
0.02,1251
0.02,1379
0.02,1410
0.02,1108
0.02,95
0.02,859
0.02,1321
0.02,1248
0.02,502
0.02,3
0.02,947
0.02,1377
0.02,685
0.02,1397
0.02,1
0.02,1319
0.02,1004
0.02,687
0.02,68
0.02,58
0.02,564
0.02,1444
0.02,1483
0.02,32
0.02,1124
0.02,1529
0.02,1377
0.02,136
0.02,1281
0.02,320
0.02,460
0.02,1091
0.02,2
0.02,533
0.02,243
0.02,1502
0.02,4
0.02,1380
0.02,1
0.02,65
0.02,69
0.02,1268
0.02,1435
0.02,124
0.02,1231
0.02,742
0.02,1438
0.02,1
0.02,1452
0.02,10
0.02,1118
0.02,1012
0.02,238
0.02,1495
0.02,1309
0.02,5
0.02,1556
0.02,588
0.02,97
0.02,1086
0.02,1412
0.02,1494
0.02,435
0.02,1329
0.02,582
0.02,915
0.02,251
0.02,126
0.02,1299
0.02,1517
0.02,124
0.02,1345
0.02,12
0.02,1323
0.02,1511
0.02,621
0.02,1270
0.02,1480
0.02,15
0.02,489
0.02,159
0.02,851
0.02,631
0.02,1427
0.02,1315
0.02,484
0.02,125
0.02,866
0.02,251
0.02,1450
0.02,4
0.02,1098
0.02,35
0.02,445
0.02,1315
0.02,1408
0.02,972
0.02,920
0.02,1376
0.02,1351
0.02,114
0.02,109
0.02,1452
0.02,1314
0.02,315
0.02,1137
0.02,1337
0.02,1219
0.02,35
0.02,1332
0.02,920
0.02,1415
0.02,454
0.02,1441
0.02,121
0.02,880
0.02,1264
0.02,11
0.02,1352
0.02,1361
0.02,1113
0.02,101
0.02,362
0.02,1476
0.02,1256
0.02,580
0.02,129
0.02,1196
0.02,995
0.02,1532
0.02,1451
0.02,1169
0.02,1503
0.02,3
0.02,1460
0.02,1
0.02,18
0.02,1230
0.02,827
0.02,1479
0.02,1069
0.02,1562
0.02,1296
0.02,185
0.02,542
0.02,425
0.02,1396
0.02,1249
0.02,906
0.02,703
0.02,1486
0.02,409
0.02,1088
0.02,1433
0.02,1480
0.02,171
0.02,169
0.02,995
0.02,1358
0.02,611
0.02,1424
0.02,1471
0.02,1296
0.02,1263
0.02,1461
0.02,1392
0.02,1306
0.02,1466
0.02,1480
0.02,58
0.02,1263
0.02,1371
0.02,196
0.02,156
0.02,1209
0.02,677
0.02,1250
0.02,455
0.02,470
0.02,526
0.02,1188
0.02,711
0.02,862
0.02,4
0.02,1361
0.02,1382
0.02,1226
0.02,1503
0.02,4
0.02,1401
0.02,1431
0.02,1344
0.02,1278
0.02,1424
0.02,1431
0.02,1390
0.02,811
0.02,756
0.02,462
0.02,1497
0.02,1497
0.02,256
0.02,1426
0.02,99
0.02,38
0.02,108
0.02,1
0.02,1321
0.02,74
0.02,507
0.02,71
0.02,901
0.02,1468
0.02,516
0.02,355
0.02,257
0.02,1416
0.02,454
0.02,850
0.02,71
0.02,617
0.02,28
0.02,356
0.02,871
0.02,1484
0.02,1033
0.02,1039
0.02,1090
0.02,1159
0.02,8
0.02,785
0.02,174
0.02,745
0.02,1511
0.02,166
0.02,281
0.02,4
0.02,268
0.02,1125
0.02,952
0.02,1
0.02,134
0.02,1090
0.02,1392
0.02,1219
0.02,928
0.02,92
0.02,590
0.02,1381
0.02,1354
0.02,1361
0.02,450
0.02,57
0.02,1324
0.02,217
0.02,20
0.02,887
0.02,1455
0.02,32
0.02,1454
0.02,97
0.02,1411
0.02,1096
0.02,3
0.02,100
0.02,107
0.02,785
0.02,1178
0.02,786
0.02,155
0.02,1355
0.02,783
0.02,70
0.02,1219
0.02,1200
0.02,999
0.02,1085
0.02,1467
0.02,1494
0.02,1350
0.02,130
0.02,1228
0.02,268
0.02,1422
0.02,452
0.02,1376
0.02,1502
0.02,1175
0.02,12
0.02,1381
0.02,1489
0.02,1034
0.02,1471
0.02,3
0.02,660
0.02,907
0.02,1238
0.02,1278
0.02,1260
0.02,101
0.02,4
0.02,1491
0.02,1191
0.02,154
0.02,812
0.02,15
0.02,1479
0.02,1366
0.02,3
0.02,1
0.02,1395
0.02,1012
0.02,14
0.02,829
0.02,1064
0.02,1400
0.02,839
0.02,977
0.02,76
0.02,1
0.02,914
0.02,1089
0.02,1406
0.02,604
0.02,519
0.02,332
0.02,1357
0.02,1529
0.02,1033
0.02,842
0.02,1311
0.02,6
0.02,202
0.02,1511
0.02,297
0.02,43
0.02,1500
0.02,1174
0.02,1122
0.02,833
0.02,22
0.02,24
0.02,536
0.02,1235
0.02,191
0.02,901
0.02,9
0.02,1210
0.02,648
0.02,1255
0.02,1411
0.02,1135
0.02,1186
0.02,1488
0.02,34
0.02,1284
0.02,253
0.02,110
0.02,1348
0.02,1180
0.02,166
0.02,1282
0.02,67
0.02,1391
0.02,259
0.02,382
0.02,921
0.02,1304
0.02,1343
0.02,932
0.02,1312
0.02,1081
0.02,1335
0.02,892
0.02,416
0.02,1451
0.02,1049
0.02,1130
0.02,523
0.02,1449
0.02,24
0.02,1453
0.02,1139
0.02,1498
0.02,1020
0.02,1376
0.02,832
0.02,1504
0.02,1478
0.02,1333
0.02,1363
0.02,367
0.02,1321
0.02,1475
0.02,239
0.02,129
0.02,1336
0.02,1314
0.02,815
0.02,1439
0.02,1203
0.02,1184
0.02,667
0.02,634
0.02,12
0.02,1292
0.02,41
0.02,1000
0.02,1293
0.02,1309
0.02,274
0.02,503
0.02,1365
0.02,1272
0.02,1535
0.02,281
0.02,1330
0.02,920
0.02,1527
0.02,866
0.02,228
0.02,1472
0.02,72
0.02,1473
0.02,506
0.02,604
0.02,703
0.02,1517
0.02,1120
0.02,1330
0.02,1551
0.02,1303
0.02,1497
0.02,201
0.02,1326
0.02,14
0.02,546
0.02,1421
0.02,1023
0.02,1
0.02,1083
0.02,1414
0.02,1151
0.02,1030
0.02,1
0.02,1325
0.02,1531
0.02,1340
0.02,1
0.02,5
0.02,178
0.02,3
0.02,1522
0.02,133
0.02,453
0.02,1239
0.02,493
0.02,230
0.02,1136
0.02,1017
0.02,1422
0.02,1393
0.02,1408
0.02,1488
0.02,785
0.02,52
0.02,572
0.02,1410
0.02,728
0.02,1349
0.02,14
0.02,1204
0.02,1506
0.02,436
0.02,1209
0.02,1252
0.02,124
0.02,1526
0.02,213
0.02,637
0.02,1225
0.02,1238
0.02,1089
0.02,1467
0.02,1449
0.02,1169
0.02,1007
0.02,1109
0.02,1297
0.02,770
0.02,941
0.02,868
0.02,927
0.02,267
0.02,65
0.02,580
0.02,244
0.02,1353
0.02,156
0.02,1366
0.02,3
0.02,926
0.02,1055
0.02,1512
0.02,5
0.02,138
0.02,1415
0.02,1045
0.02,1482
0.02,1174
0.02,60
0.02,1271
0.02,1085
0.02,345
0.02,244
0.02,1366
0.02,335
0.02,544
0.02,57
0.02,1157
0.02,794
0.02,1236
0.02,1119
0.02,6
0.02,93
0.02,1493
0.02,89
0.02,5
0.02,1269
0.02,1298
0.02,23
0.02,1413
0.02,1516
0.02,1313
0.02,666
0.02,426
0.02,1219
0.02,78
0.02,905
0.02,1474
0.02,1410
0.02,1217
0.02,749
0.02,1018
0.02,1012
0.02,1222
0.02,687
0.02,70
0.02,1382
0.02,823
0.02,985
0.02,491
0.02,223
0.02,349
0.02,1497
0.02,931
0.02,497
0.02,1073
0.02,433
0.02,642
0.02,1003
0.02,734
0.02,1071
0.02,92
0.02,746
0.02,1357
0.02,1375
0.02,593
0.02,1478
0.02,10
0.02,98
0.02,1085
0.02,112
0.02,1540
0.02,1449
0.02,1248
0.02,67
0.02,1239
0.02,1323
0.02,720
0.02,271
0.02,983
0.02,1464
0.02,1067
0.02,984
0.02,1336
0.02,606
0.02,56
0.02,122
0.02,1200
0.02,983
0.02,1289
0.02,1464
0.02,1339
0.02,882
0.02,1454
0.02,984
0.02,739
0.02,955
0.02,354
0.02,1266
0.02,901
0.02,20
0.02,1524
0.02,1475
0.02,141
0.02,1375
0.02,1218
0.02,888
0.02,1254
0.02,293
0.02,1345
0.02,862
0.02,124
0.02,610
0.02,1157
0.02,7
0.02,749
0.02,1519
0.02,649
0.02,1487
0.02,1294
0.02,5
0.02,1544
0.02,911
0.02,359
0.02,646
0.02,6
0.02,1049
0.02,59
0.02,1076
0.02,1404
0.02,460
0.02,1543
0.02,1108
0.02,7
0.02,1470
0.02,1432
0.02,1254
0.02,1281
0.02,707
0.02,1265
0.02,1114
0.02,3
0.02,1311
0.02,1191
0.02,808
0.02,1319
0.02,1
0.02,1487
0.02,102
0.02,16
0.02,572
0.02,1011
0.02,1388
0.02,156
0.02,1190
0.02,1034
0.02,1296
0.02,15
0.02,1116
0.02,1486
0.02,1150
0.02,1049
0.02,127
0.02,396
0.02,783
0.02,1239
0.02,1197
0.02,136
0.02,859
0.02,5
0.02,908
0.02,889
0.02,1506
0.02,1367
0.02,1110
0.02,1484
0.02,1490
0.02,890
0.02,739
0.02,898
0.02,1517
0.02,940
0.02,1070
0.02,1182
0.02,1256
0.02,1361
0.02,1150
0.02,1497
0.02,1079
0.02,1432
0.02,1529
0.02,1354
0.02,1367
0.02,26
0.02,1308
0.02,1103
0.02,1252
0.02,1219
0.02,1501
0.02,4
0.02,1421
0.02,353
0.02,1185
0.02,13
0.02,645
0.02,1439
0.02,1144
0.02,1063
0.02,855
0.02,1076
0.02,23
0.02,30
0.02,1064
0.02,1503
0.02,1271
0.02,623
0.02,523
0.02,999
0.02,715
0.02,1356
0.02,1307
0.02,1
0.02,1213
0.02,637
0.02,1491
0.02,1201
0.02,1216
0.02,1391
0.02,1039
0.02,1413
0.02,10
0.02,1299
0.02,1264
0.02,18
0.02,455
0.02,1032
0.02,411
0.02,1336
0.02,1528
0.02,1
0.02,1
0.02,687
0.02,966
0.02,1213
0.02,699
0.02,1440
0.02,75
0.02,184
0.02,1401
0.02,1240
0.02,798
0.02,1373
0.02,1464
0.02,1400
0.02,1293
0.02,1482
0.02,1002
0.02,1053
0.02,1224
0.02,80
0.02,6
0.02,59
0.02,521
0.02,1445
0.02,1017
0.02,1400
0.02,1110
0.02,970
0.02,1003
0.02,44
0.02,575
0.02,956
0.02,1254
0.02,1242
0.02,6
0.02,755
0.02,474
0.02,697
0.02,1480
0.02,1029
0.02,23
0.02,804
0.02,128
0.02,1014
0.02,1398
0.02,1282
0.02,1360
0.02,1140
0.02,1324
0.02,1249
0.02,1268
0.02,1364
0.02,587
0.02,4
0.02,1452
0.02,891
0.02,1152
0.02,1454
0.02,748
0.02,210
0.02,1193
0.02,1329
0.02,299
0.02,1
0.02,73
0.02,1384
0.02,7
0.02,1389
0.02,1296
0.02,1356
0.02,1332
0.02,240
0.02,1398
0.02,65
0.02,1258
0.02,1152
0.02,945
0.02,1447
0.02,1326
0.02,679
0.02,996
0.02,827
0.02,1403
0.02,1475
0.02,442
0.02,1201
0.02,1513
0.02,1515
0.02,586
0.02,708
0.02,1442
0.02,1289
0.02,1294
0.02,1433
0.02,1412
0.02,622
0.02,77
0.02,567
0.02,138
0.02,467
0.02,1326
