0.06,1515
0.06,1423
0.06,1328
0.06,1461
0.06,1407
0.06,704
0.06,1382
0.06,1450
0.06,1422
0.06,1481
0.06,1414
0.06,1269
0.06,1471
0.06,1197
0.06,1331
0.06,1424
0.06,1335
0.06,1469
0.06,1415
0.06,1187
0.06,1498
0.06,1298
0.06,1439
0.06,1049
0.06,1379
0.06,1452
0.06,1501
0.06,1426
0.06,1274
0.06,1435
0.06,1419
0.06,1451
0.06,1459
0.06,1395
0.06,1419
0.06,1438
0.06,1499
0.06,504
0.06,1354
0.06,1438
0.06,1246
0.06,1354
0.06,1455
0.06,1466
0.06,1430
0.06,1175
0.06,1461
0.06,1474
0.06,1363
0.06,1460
0.06,1319
0.06,1453
0.06,1175
0.06,1396
0.06,1455
0.06,1458
0.06,1207
0.06,1326
0.06,1500
0.06,1420
0.06,1347
0.06,1472
0.06,1460
0.06,1502
0.06,1469
0.06,1391
0.06,1405
0.06,1402
0.06,1460
0.06,1435
0.06,843
0.06,173
0.06,1359
0.06,926
0.06,1441
0.06,1355
0.06,1395
0.06,1473
0.06,1385
0.06,1419
0.06,1462
0.06,1461
0.06,1496
0.06,1389
0.06,1350
0.06,1417
0.06,1401
0.06,1240
0.06,1395
0.06,1439
0.06,1514
0.06,1282
0.06,1451
0.06,1442
0.06,1316
0.06,1464
0.06,1428
0.06,1370
0.06,1118
0.06,1432
0.06,1376
0.06,1473
0.06,1403
0.06,1334
0.06,1460
0.06,881
0.06,1381
0.06,864
0.06,1447
0.06,1413
0.06,1008
0.06,1453
0.06,1395
0.06,1453
0.06,1437
0.06,1482
0.06,1441
0.06,680
0.06,1428
0.06,1479
0.06,1125
0.06,1345
0.06,1481
0.06,1456
0.06,1454
0.06,1437
0.06,1458
0.06,1422
0.06,1460
0.06,1396
0.06,1409
0.06,268
0.06,345
0.06,1489
0.06,1418
0.06,924
0.06,938
0.06,1324
0.06,1487
0.06,1379
0.06,1091
0.06,1314
0.06,1456
0.06,1427
0.06,1429
0.06,1440
0.06,1464
0.06,1374
0.06,1469
0.06,1464
0.06,1470
0.06,1407
0.06,1396
0.06,1389
0.06,1478
0.06,1310
0.06,1334
0.06,1396
0.06,1396
0.06,1419
0.06,1469
0.06,373
0.06,1408
0.06,1422
0.06,1418
0.06,1323
0.06,1468
0.06,1408
0.06,1419
0.06,1412
0.06,984
0.06,1380
0.06,1422
0.06,1299
0.06,1259
0.06,1310
0.06,1462
0.06,958
0.06,1280
0.06,1439
0.06,1462
0.06,1437
0.06,1481
0.06,1350
0.06,1254
0.06,1346
0.06,1457
0.06,851
0.06,1421
0.06,1466
0.06,1370
0.06,1471
0.06,1466
0.06,1028
0.06,1420
0.06,1265
0.06,1419
0.06,1474
0.06,1516
0.06,1141
0.06,1389
0.06,1439
0.06,1404
0.06,1295
0.06,1296
0.06,1132
0.06,1422
0.06,1439
0.06,1488
0.06,1345
0.06,1468
0.06,1405
0.06,1500
0.06,1353
0.06,1370
0.06,1464
0.06,1468
0.06,1389
0.06,1488
0.06,1456
0.06,1424
0.06,1171
0.06,1380
0.06,1444
0.06,1454
0.06,1440
0.06,1463
0.06,1393
0.06,1271
0.06,1223
0.06,1434
0.06,1482
0.06,1104
0.06,1341
0.06,1461
0.06,1290
0.06,1401
0.06,1543
0.06,1505
0.06,1366
0.06,1385
0.06,1450
0.06,772
0.06,1409
0.06,1139
0.06,1494
0.06,1338
0.06,1501
0.06,1464
0.06,1389
0.06,1304
0.06,1177
0.06,1417
0.06,1477
0.06,1470
0.06,1187
0.06,1452
0.06,1018
0.06,722
0.06,1364
0.06,249
0.06,1333
0.06,601
0.06,1424
0.06,1489
0.06,1201
0.06,1434
0.06,1478
0.06,1468
0.06,1393
0.06,1457
0.06,1363
0.06,1454
0.06,1466
0.06,1259
0.06,1103
0.06,1047
0.06,1438
0.06,1338
0.06,1412
0.06,1446
0.06,718
0.06,1479
0.06,1383
0.06,1430
0.06,1369
0.06,1445
0.06,1487
0.06,1427
0.06,1362
0.06,1365
0.06,417
0.06,1491
0.06,1372
0.06,1457
0.06,1434
0.06,1480
0.06,683
0.06,1486
0.06,1489
0.06,1338
0.06,1471
0.06,1380
0.06,725
0.06,1510
0.06,1442
0.06,1462
0.06,1456
0.06,1455
0.06,1458
0.06,1430
0.06,1470
0.06,1516
0.06,1463
0.06,1433
0.06,954
0.06,1410
0.06,1429
0.06,1368
0.06,1413
0.06,1412
0.06,964
0.06,1207
0.06,1486
0.06,1341
0.06,1448
0.06,1457
0.06,1381
0.06,1417
0.06,1266
0.06,1468
0.06,19
0.06,1032
0.06,1380
0.06,1498
0.06,1010
0.06,1443
0.06,1440
0.06,1429
0.06,1419
0.06,1456
0.06,1470
0.06,1466
0.06,1341
0.06,1439
0.06,1461
0.06,246
0.06,1430
0.06,1409
0.06,1313
0.06,1408
0.06,1498
0.06,1442
0.06,1468
0.06,1426
0.06,1528
0.06,1457
0.06,1266
0.06,1459
0.06,1213
0.06,1480
0.06,629
0.06,1216
0.06,707
0.06,1313
0.06,1444
0.06,1327
0.06,1395
0.06,1484
0.06,1413
0.06,1522
0.06,1074
0.06,1437
0.06,1392
0.06,1445
0.06,1433
0.06,1233
0.06,1410
0.06,1371
0.06,1258
0.06,1437
0.06,1216
0.06,1507
0.06,1500
0.06,1477
0.06,1475
0.06,1349
0.06,1481
0.06,1219
0.06,1423
0.06,1442
0.06,1306
0.06,1411
0.06,1493
0.06,1315
0.06,1051
0.06,1433
0.06,1486
0.06,1339
0.06,1429
0.06,1443
0.06,1232
0.06,1415
0.06,1399
0.06,1088
0.06,807
0.06,1378
0.06,1298
0.06,1440
0.06,1400
0.06,1433
0.06,1318
0.06,1445
0.06,1435
0.06,1372
0.06,1449
0.06,1338
0.06,1335
0.06,1397
0.06,1460
0.06,1395
0.06,1358
0.06,1322
0.06,1477
0.06,1444
0.06,1436
0.06,1409
0.06,1477
0.06,1468
0.06,1428
0.06,1210
0.06,1256
0.06,1443
0.06,1472
0.06,1429
0.06,1335
0.06,1215
0.06,1406
0.06,1430
0.06,1454
0.06,372
0.06,1452
0.06,1335
0.06,1357
0.06,1417
0.06,925
0.06,1479
0.06,1420
0.06,1435
0.06,1469
0.06,1457
0.06,1356
0.06,1283
0.06,811
0.06,1426
0.06,1425
0.06,1378
0.06,1383
0.06,1463
0.06,630
0.06,1394
0.06,1493
0.06,1271
0.06,1451
0.06,1418
0.06,1410
0.06,1413
0.06,1392
0.06,1434
0.06,336
0.06,1405
0.06,1177
0.06,1458
0.06,1441
0.06,1397
0.06,1465
0.06,1296
0.06,1461
0.06,1451
0.06,1501
0.06,1304
0.06,1445
0.06,1467
0.06,1440
0.06,1399
0.06,917
0.06,1206
0.06,1306
0.06,1330
0.06,1416
0.06,1371
0.06,1444
0.06,1274
0.06,1435
0.06,1205
0.06,1425
0.06,1339
0.06,1421
0.06,1413
0.06,1482
0.06,1395
0.06,1429
0.06,1476
0.06,1447
0.06,1418
0.06,1410
0.06,1427
0.06,1444
0.06,1263
0.06,1263
0.06,1317
0.06,1466
0.06,1068
0.06,1228
0.06,1260
0.06,1458
0.06,1446
0.06,1398
0.06,1337
0.06,1320
0.06,1446
0.06,1363
0.06,1370
0.06,1527
0.06,1366
0.06,1428
0.06,1161
0.06,1440
0.06,1477
0.06,1410
0.06,1307
0.06,1222
0.06,1247
0.06,1351
0.06,1385
0.06,1239
0.06,224
0.06,1405
0.06,1172
0.06,1098
0.06,1435
0.06,1493
0.06,1374
0.06,1331
0.06,1119
0.06,1128
0.06,1437
0.06,699
0.06,1388
0.06,1413
0.06,539
0.06,259
0.06,1413
0.06,1378
0.06,1476
0.06,1455
0.06,1422
0.06,1248
0.06,1369
0.06,1466
0.06,1412
0.06,1149
0.06,1448
0.06,1490
0.06,1422
0.06,1346
0.06,1441
0.06,1472
0.06,1422
0.06,1483
0.06,1436
0.06,1511
0.06,1383
0.06,1450
0.06,1428
0.06,1523
0.06,1457
0.06,1310
0.06,1454
0.06,729
0.06,1090
0.06,1416
0.06,1404
0.06,1454
0.06,1425
0.06,1398
0.06,1469
0.06,1378
0.06,1421
0.06,462
0.06,1422
0.06,1467
0.06,1388
0.06,1482
0.06,1446
0.06,890
0.06,1419
0.06,1380
0.06,1386
0.06,1502
0.06,1342
0.06,1457
0.06,1424
0.06,1463
0.06,1477
0.06,1394
0.06,1406
0.06,1344
0.06,1445
0.06,1302
0.06,1423
0.06,1387
0.06,597
0.06,1398
0.06,1418
0.06,1484
0.06,1505
0.06,1394
0.06,1155
0.06,1353
0.06,1459
0.06,1477
0.06,1417
0.06,1426
0.06,1489
0.06,1455
0.06,1449
0.06,1452
0.06,1404
0.06,1451
0.06,1469
0.06,1452
0.06,1353
0.06,1410
0.06,1436
0.06,1172
0.06,1165
0.06,1023
0.06,1471
0.06,1275
0.06,1359
0.06,1394
0.06,1289
0.06,1452
0.06,1440
0.06,1201
0.06,1467
0.06,1491
0.06,1457
0.06,1351
0.06,1495
0.06,1333
0.06,690
0.06,665
0.06,1542
0.06,1299
0.06,622
0.06,1469
0.06,817
0.06,1398
0.06,1478
0.06,1491
0.06,1356
0.06,1264
0.06,1481
0.06,1336
0.06,1385
0.06,1319
0.06,1444
0.06,1364
0.06,1403
0.06,1433
0.06,1415
0.06,1156
0.06,1435
0.06,1106
0.06,1457
0.06,1379
0.06,1465
0.06,1376
0.06,1496
0.06,1098
0.06,1423
0.06,1208
0.06,1474
0.06,1435
0.06,1365
0.06,1434
0.06,1488
0.06,1454
0.06,612
0.06,1402
0.06,891
0.06,1476
0.06,1093
0.06,1224
0.06,1453
0.06,1388
0.06,1452
0.06,1394
0.06,1318
0.06,1123
0.06,274
0.06,1421
0.06,1369
0.06,761
0.06,1463
0.06,1378
0.06,1107
0.06,1133
0.06,1395
0.06,1254
0.06,1337
0.06,1470
0.06,1212
0.06,1359
0.06,1474
0.06,1373
0.06,1404
0.06,490
0.06,1425
0.06,1461
0.06,1411
0.06,1348
0.06,1393
0.06,873
0.06,1387
0.06,1329
0.06,1418
0.06,1439
0.06,1306
0.06,1301
0.06,203
0.06,1348
0.06,1318
0.06,1433
0.06,1458
0.06,1147
0.06,1452
0.06,828
0.06,1450
0.06,1413
0.06,1466
0.06,1425
0.06,1421
0.06,1422
0.06,1375
0.06,1431
0.06,1448
0.06,1452
0.06,1026
0.06,1433
0.06,1454
0.06,1393
0.06,768
0.06,1469
0.06,1475
0.06,1448
0.06,1464
0.06,878
0.06,1519
0.06,1462
0.06,1452
0.06,1495
0.06,1452
0.06,1006
0.06,1281
0.06,1347
0.06,1471
0.06,1398
0.06,1399
0.06,1435
0.06,1316
0.06,650
0.06,1324
0.06,1179
0.06,1222
0.06,975
0.06,1365
0.06,1377
0.06,1492
0.06,1426
0.06,1452
0.06,1301
0.06,1445
0.06,1116
0.06,1504
0.06,1343
0.06,1421
0.06,1369
0.06,1436
0.06,1469
0.06,1419
0.06,1451
0.06,1408
0.06,577
0.06,1082
0.06,702
0.06,1482
0.06,1480
0.06,1314
0.06,1365
0.06,865
0.06,1424
0.06,1475
0.06,1434
0.06,1392
0.06,747
0.06,1208
0.06,1402
0.06,1510
0.06,1461
0.06,1384
0.06,1207
0.06,1198
0.06,951
0.06,1265
0.06,1371
0.06,1506
0.06,1321
0.06,1379
0.06,1427
0.06,1424
0.06,1422
0.06,1300
0.06,1500
0.06,1234
0.06,1349
0.06,1284
0.06,1339
0.06,1035
0.06,1408
0.06,1106
0.06,1466
0.06,1424
0.06,1418
0.06,1444
0.06,1252
0.06,1340
0.06,1522
0.06,1442
0.06,1429
0.06,1412
0.06,1215
0.06,1295
0.06,1470
0.06,1495
0.06,831
0.06,1350
0.06,542
0.06,1425
0.06,1386
0.06,1354
0.06,1434
0.06,1466
0.06,1483
0.06,1483
0.06,1344
0.06,1184
0.06,1422
0.06,1394
0.06,1455
0.06,1457
0.06,1206
0.06,1492
0.06,1438
0.06,1370
0.06,1455
0.06,1169
0.06,1451
0.06,1379
0.06,1490
0.06,1381
0.06,1186
0.06,1373
0.06,1387
0.06,1461
0.06,1400
0.06,1411
0.06,82
0.06,1466
0.06,1422
0.06,1487
0.06,1059
0.06,1437
0.06,1452
0.06,1403
0.06,1339
0.06,1399
0.06,682
0.06,1496
0.06,1395
0.06,1090
0.06,1409
0.06,1495
0.06,1346
0.06,1408
0.06,912
0.06,1275
0.06,1410
0.06,1457
0.06,1470
0.06,1425
0.06,1415
0.06,1426
0.06,1393
0.06,1430
0.06,1449
0.06,1449
0.06,1476
0.06,1441
0.06,1425
0.06,29
0.06,1477
0.06,1417
0.06,1489
0.06,1435
0.06,1469
0.06,1456
0.06,1467
0.06,1310
0.06,1138
0.06,1142
0.06,1344
0.06,1284
0.06,1380
0.06,1457
0.06,1436
0.06,997
0.06,1491
0.06,1479
0.06,1304
0.06,1235
0.06,1339
0.06,1340
0.06,1357
0.06,1397
0.06,1022
0.06,1403
0.06,1421
0.06,1469
0.06,1440
0.06,1433
0.06,1139
0.06,1484
0.06,1317
0.06,1490
0.06,1402
0.06,1449
0.06,1390
0.06,1389
0.06,1231
0.06,1456
0.06,1415
0.06,1439
0.06,1349
0.06,1319
0.06,1401
0.06,1443
0.06,1519
0.06,1452
0.06,1380
0.06,1438
0.06,1373
0.06,1415
0.06,1075
0.06,1196
0.06,1448
0.06,1450
0.06,1384
0.06,1395
0.06,1416
0.06,1401
0.06,1494
0.06,1435
0.06,1042
0.06,1415
0.06,1476
0.06,1422
0.06,1378
0.06,1423
0.06,1508
0.06,1470
0.06,1343
0.06,1411
0.06,1373
0.06,1440
0.06,1220
0.06,49
0.06,1527
0.06,1449
0.06,1419
0.06,1380
0.06,1323
0.06,1479
0.06,1309
0.06,1470
0.06,1423
0.06,1299
0.06,1445
