0.06,775
0.06,1093
0.06,554
0.06,547
0.06,1053
0.06,972
0.06,1033
0.06,1027
0.06,894
0.06,551
0.06,491
0.06,814
0.06,946
0.06,960
0.06,858
0.06,401
0.06,959
0.06,333
0.06,737
0.06,1127
0.06,969
0.06,984
0.06,738
0.06,1055
0.06,882
0.06,1141
0.06,132
0.06,909
0.06,1001
0.06,790
0.06,1039
0.06,1126
0.06,495
0.06,1061
0.06,862
0.06,936
0.06,884
0.06,929
0.06,869
0.06,315
0.06,124
0.06,1002
0.06,1014
0.06,1099
0.06,1125
0.06,1140
0.06,1104
0.06,607
0.06,804
0.06,314
0.06,363
0.06,391
0.06,833
0.06,937
0.06,463
0.06,1086
0.06,1165
0.06,1024
0.06,939
0.06,955
0.06,906
0.06,1118
0.06,1100
0.06,1015
0.06,573
0.06,1097
0.06,846
0.06,437
0.06,965
0.06,1049
0.06,645
0.06,831
0.06,1099
0.06,543
0.06,612
0.06,1076
0.06,93
0.06,620
0.06,923
0.06,966
0.06,1064
0.06,1122
0.06,973
0.06,1017
0.06,974
0.06,692
0.06,332
0.06,1146
0.06,791
0.06,810
0.06,1216
0.06,929
0.06,1051
0.06,1077
0.06,665
0.06,720
0.06,1115
0.06,302
0.06,462
0.06,892
0.06,51
0.06,1068
0.06,1087
0.06,1001
0.06,1074
0.06,1163
0.06,962
0.06,1112
0.06,987
0.06,924
0.06,602
0.06,1137
0.06,833
0.06,863
0.06,964
0.06,568
0.06,1106
0.06,183
0.06,1079
0.06,865
0.06,842
0.06,1140
0.06,1037
0.06,575
0.06,1035
0.06,430
0.06,852
0.06,819
0.06,1132
0.06,582
0.06,960
0.06,1155
0.06,1153
0.06,203
0.06,977
0.06,561
0.06,1089
0.06,938
0.06,955
0.06,457
0.06,1042
0.06,844
0.06,1120
0.06,1047
0.06,933
0.06,616
0.06,1140
0.06,711
0.06,957
0.06,994
0.06,905
0.06,867
0.06,1004
0.06,1081
0.06,658
0.06,977
0.06,1032
0.06,1108
0.06,864
0.06,1000
0.06,447
0.06,855
0.06,1091
0.06,1047
0.06,856
0.06,1060
0.06,911
0.06,1004
0.06,995
0.06,250
0.06,936
0.06,1056
0.06,1053
0.06,1182
0.06,1081
0.06,676
0.06,32
0.06,695
0.06,1180
0.06,68
0.06,1192
0.06,1035
0.06,1011
0.06,1116
0.06,704
0.06,888
0.06,1136
0.06,922
0.06,1061
0.06,928
0.06,987
0.06,1037
0.06,1130
0.06,974
0.06,1072
0.06,532
0.06,988
0.06,1000
0.06,695
0.06,261
0.06,833
0.06,569
0.06,301
0.06,784
0.06,955
0.06,980
0.06,1009
0.06,1087
0.06,1112
0.06,709
0.06,1106
0.06,987
0.06,92
0.06,733
0.06,1022
0.06,1045
0.06,1090
0.06,1025
0.06,330
0.06,1089
0.06,1124
0.06,651
0.06,1114
0.06,1038
0.06,462
0.06,1229
0.06,1029
0.06,1066
0.06,512
0.06,1022
0.06,687
0.06,1120
0.06,898
0.06,1118
0.06,1054
0.06,946
0.06,238
0.06,936
0.06,1188
0.06,1017
0.06,738
0.06,825
0.06,989
0.06,1015
0.06,996
0.06,1048
0.06,17
0.06,1103
0.06,887
0.06,448
0.06,1027
0.06,1076
0.06,961
0.06,1071
0.06,616
0.06,836
0.06,892
0.06,949
0.06,951
0.06,1111
0.06,1120
0.06,965
0.06,1090
0.06,1044
0.06,830
0.06,1040
0.06,323
0.06,568
0.06,252
0.06,160
0.06,839
0.06,896
0.06,908
0.06,1060
0.06,1019
0.06,66
0.06,1127
0.06,440
0.06,1029
0.06,967
0.06,362
0.06,914
0.06,679
0.06,722
0.06,1137
0.06,1111
0.06,486
0.06,985
0.06,1150
0.06,1032
0.06,1111
0.06,866
0.06,954
0.06,1092
0.06,719
0.06,1083
0.06,874
0.06,1022
0.06,1035
0.06,580
0.06,966
0.06,305
0.06,975
0.06,335
0.06,355
0.06,1048
0.06,12
0.06,1155
0.06,640
0.06,357
0.06,769
0.06,1149
0.06,851
0.06,445
0.06,935
0.06,494
0.06,591
0.06,1147
0.06,1116
0.06,1064
0.06,926
0.06,991
0.06,1033
0.06,963
0.06,1025
0.06,1019
0.06,1008
0.06,539
0.06,624
0.06,576
0.06,1160
0.06,1014
0.06,1085
0.06,721
0.06,1010
0.06,1090
0.06,597
0.06,1075
0.06,1055
0.06,488
0.06,887
0.06,691
0.06,969
0.06,395
0.06,1164
0.06,595
0.06,1161
0.06,1046
0.06,1191
0.06,652
0.06,883
0.06,381
0.06,902
0.06,928
0.06,64
0.06,1079
0.06,912
0.06,695
0.06,1058
0.06,1125
0.06,1019
0.06,1001
0.06,1097
0.06,1116
0.06,1121
0.06,689
0.06,925
0.06,962
0.06,1017
0.06,1087
0.06,999
0.06,473
0.06,935
0.06,790
0.06,956
0.06,956
0.06,941
0.06,1008
0.06,944
0.06,815
0.06,515
0.06,493
0.06,842
0.06,381
0.06,762
0.06,1128
0.06,743
0.06,1129
0.06,1060
0.06,822
0.06,381
0.06,1007
0.06,43
0.06,459
0.06,1171
0.06,936
0.06,1163
0.06,870
0.06,673
0.06,997
0.06,841
0.06,876
0.06,106
0.06,895
0.06,691
0.06,1105
0.06,785
0.06,501
0.06,26
0.06,1034
0.06,454
0.06,1044
0.06,203
0.06,1038
0.06,782
0.06,884
0.06,1036
0.06,308
0.06,932
0.06,843
0.06,236
0.06,962
0.06,1123
0.06,725
0.06,882
0.06,1010
0.06,1027
0.06,1085
0.06,1067
0.06,1053
0.06,1158
0.06,741
0.06,1026
0.06,1174
0.06,697
0.06,1094
0.06,911
0.06,707
0.06,1088
0.06,835
0.06,881
0.06,1022
0.06,1098
0.06,947
0.06,910
0.06,1049
0.06,481
0.06,1076
0.06,1143
0.06,965
0.06,1100
0.06,45
0.06,351
0.06,1002
0.06,656
0.06,853
0.06,1103
0.06,985
0.06,1126
0.06,1119
0.06,797
0.06,935
0.06,1086
0.06,769
0.06,791
0.06,635
0.06,1052
0.06,1059
0.06,906
0.06,640
0.06,1018
0.06,934
0.06,1072
0.06,595
0.06,948
0.06,1108
0.06,1001
0.06,1078
0.06,551
0.06,1092
0.06,1104
0.06,550
0.06,482
0.06,1085
0.06,577
0.06,142
0.06,1065
0.06,1047
0.06,756
0.06,889
0.06,1031
0.06,652
0.06,1088
0.06,1070
0.06,670
0.06,1121
0.06,1046
0.06,1070
0.06,292
0.06,924
0.06,23
0.06,1083
0.06,974
0.06,1176
0.06,885
0.06,906
0.06,667
0.06,489
0.06,853
0.06,865
0.06,975
0.06,1014
0.06,740
0.06,964
0.06,1051
0.06,627
0.06,770
0.06,1116
0.06,620
0.06,1103
0.06,741
0.06,992
0.06,787
0.06,943
0.06,933
0.06,996
0.06,1018
0.06,43
0.06,1149
0.06,698
0.06,888
0.06,1027
0.06,959
0.06,827
0.06,1027
0.06,852
0.06,815
0.06,786
0.06,979
0.06,1069
0.06,961
0.06,514
0.06,863
0.06,657
0.06,646
0.06,953
0.06,877
0.06,967
0.06,1118
0.06,885
0.06,1026
0.06,985
0.06,994
0.06,1124
0.06,1024
0.06,942
0.06,396
0.06,1129
0.06,1073
0.06,868
0.06,1070
0.06,941
0.06,991
0.06,1020
0.06,953
0.06,748
0.06,89
0.06,848
0.06,1110
0.06,912
0.06,791
0.06,938
0.06,1066
0.06,342
0.06,1066
0.06,1100
0.06,1030
0.06,925
0.06,1193
0.06,1072
0.06,1026
0.06,1032
0.06,1116
0.06,1140
0.06,913
0.06,1150
0.06,1099
0.06,1033
0.06,988
0.06,951
0.06,944
0.06,187
0.06,765
0.06,816
0.06,731
0.06,757
0.06,1068
0.06,27
0.06,1153
0.06,730
0.06,1039
0.06,1016
0.06,879
0.06,1030
0.06,1090
0.06,958
0.06,1083
0.06,295
0.06,866
0.06,989
0.06,695
0.06,65
0.06,1129
0.06,1040
0.06,988
0.06,1014
0.06,1044
0.06,967
0.06,1003
0.06,1137
0.06,161
0.06,205
0.06,322
0.06,876
0.06,486
0.06,1136
0.06,1102
0.06,944
0.06,845
0.06,1070
0.06,508
0.06,729
0.06,260
0.06,908
0.06,984
0.06,601
0.06,1083
0.06,933
0.06,1034
0.06,1112
0.06,1071
0.06,1097
0.06,905
0.06,866
0.06,684
0.06,125
0.06,121
0.06,888
0.06,925
0.06,28
0.06,1103
0.06,941
0.06,930
0.06,1061
0.06,1034
0.06,1115
0.06,766
0.06,1043
0.06,794
0.06,1066
0.06,1042
0.06,368
0.06,878
0.06,211
0.06,1078
0.06,112
0.06,830
0.06,857
0.06,974
0.06,1079
0.06,982
0.06,33
0.06,1127
0.06,778
0.06,1033
0.06,311
0.06,996
0.06,1012
0.06,906
0.06,834
0.06,919
0.06,439
0.06,1074
0.06,893
0.06,1110
0.06,968
0.06,1092
0.06,1024
0.06,743
0.06,1065
0.06,958
0.06,1118
0.06,1162
0.06,1148
0.06,866
0.06,1085
0.06,1108
0.06,795
0.06,990
0.06,999
0.06,701
0.06,1108
0.06,729
0.06,1077
0.06,1148
0.06,831
0.06,1049
0.06,1043
0.06,1095
0.06,417
0.06,833
0.06,1022
0.06,843
0.06,1069
0.06,430
0.06,926
0.06,16
0.06,465
0.06,485
0.06,1125
0.06,931
0.06,1072
0.06,724
0.06,971
0.06,1107
0.06,1089
0.06,867
0.06,637
0.06,591
0.06,996
0.06,715
0.06,1169
0.06,726
0.06,926
0.06,1096
0.06,1115
0.06,963
0.06,562
0.06,1030
0.06,913
0.06,953
0.06,1063
0.06,1141
0.06,595
0.06,1080
0.06,736
0.06,1007
0.06,1040
0.06,1023
0.06,911
0.06,904
0.06,758
0.06,30
0.06,1008
0.06,945
0.06,1060
0.06,798
0.06,1039
0.06,922
0.06,1096
0.06,1072
0.06,1047
0.06,1064
0.06,954
0.06,417
0.06,1041
0.06,707
0.06,880
0.06,1089
0.06,1065
0.06,338
0.06,949
0.06,892
0.06,723
0.06,1020
0.06,1115
0.06,1071
0.06,326
0.06,1101
0.06,951
0.06,1062
0.06,1099
0.06,854
0.06,1118
0.06,475
0.06,855
0.06,968
0.06,994
0.06,1098
0.06,158
0.06,157
0.06,1064
0.06,868
0.06,517
0.06,502
0.06,812
0.06,1088
0.06,650
0.06,99
0.06,1122
0.06,962
0.06,786
0.06,613
0.06,617
0.06,885
0.06,273
0.06,662
0.06,155
0.06,556
0.06,725
0.06,1105
0.06,982
0.06,848
0.06,618
0.06,918
0.06,970
0.06,712
0.06,481
0.06,1103
0.06,582
0.06,738
0.06,911
0.06,462
0.06,274
0.06,627
0.06,972
0.06,90
0.06,6
0.06,917
0.06,1005
0.06,1108
0.06,850
0.06,1027
0.06,839
0.06,904
0.06,854
0.06,868
0.06,730
0.06,856
0.06,1077
0.06,1069
0.06,1007
0.06,991
0.06,371
0.06,1135
0.06,663
0.06,346
0.06,673
0.06,892
0.06,942
0.06,466
0.06,905
0.06,1025
0.06,224
0.06,1125
0.06,865
0.06,839
0.06,966
0.06,858
0.06,983
0.06,826
0.06,714
0.06,777
0.06,788
0.06,913
0.06,880
0.06,529
0.06,896
0.06,26
0.06,850
0.06,592
0.06,1138
0.06,518
0.06,1089
0.06,236
0.06,541
0.06,862
0.06,859
0.06,953
0.06,818
0.06,1040
0.06,225
0.06,484
0.06,291
0.06,796
0.06,950
0.06,1013
0.06,18
0.06,1131
0.06,760
0.06,1026
0.06,756
0.06,748
0.06,1007
0.06,392
0.06,953
0.06,808
0.06,1023
0.06,778
0.06,1059
0.06,1181
0.06,632
0.06,473
0.06,846
0.06,1058
0.06,602
0.06,740
0.06,213
0.06,868
0.06,1132
0.06,594
0.06,564
0.06,807
0.06,1170
0.06,475
0.06,1143
0.06,696
0.06,1131
0.06,940
0.06,850
0.06,1070
0.06,826
0.06,868
0.06,888
0.06,883
0.06,941
0.06,1034
0.06,900
0.06,686
0.06,906
0.06,161
0.06,1054
0.06,779
0.06,1063
0.06,1096
0.06,944
0.06,1146
0.06,729
0.06,983
0.06,745
0.06,1002
0.06,953
0.06,34
0.06,958
0.06,685
0.06,947
0.06,1033
0.06,896
0.06,857
0.06,916
0.06,818
0.06,1097
0.06,1077
0.06,696
0.06,1096
0.06,570
0.06,956
0.06,1097
0.06,218
0.06,902
0.06,1081
0.06,823
0.06,1019
0.06,755
0.06,1047
0.06,839
0.06,1098
0.06,935
0.06,1092
0.06,1026
0.06,1065
0.06,724
0.06,996
0.06,933
0.06,648
0.06,628
0.06,258
0.06,464
0.06,1088
0.06,1081
0.06,1089
0.06,1006
0.06,736
0.06,1136
0.06,1107
0.06,996
0.06,831
0.06,1184
0.06,517
0.06,1049
0.06,913
0.06,798
0.06,386
0.06,1001
0.06,1018
0.06,358
0.06,534
0.06,1053
0.06,1041
0.06,940
